1.027573529411764282e-02 2.138989169675090812e-03
-4.187074829931969333e-03 3.738410596026492221e-03
9.058282208588961174e-03 2.153333333333330886e-03
7.108208955223877835e-03 -1.332236842105262572e-03
1.361347517730496746e-02 6.107142857142857859e-03
2.404761904761908240e-03 -3.151624548736462091e-03
2.825806451612902434e-02 -8.867187500000001804e-03
2.607843137254897865e-03 5.083892617449668879e-04
-2.199115044247785308e-03 2.048076923076922427e-03
1.708823529411763326e-02 -2.520912547528514434e-03
1.597580645161290197e-02 -6.281588447653457547e-04
-5.336666666666664040e-03 -2.091362126245844763e-03
1.781746031746031869e-02 5.718654434250785169e-04
7.609589041095896587e-03 7.628301886792459435e-03
-6.911016949152537676e-03 3.254826254826255743e-03
-5.727941176470583221e-03 -6.399999999999997271e-04
1.828965517241379693e-02 -1.891566265060236904e-03
1.580827067669172623e-02 -2.300458715596329171e-03
1.515526315789473936e-02 -1.996363636363636396e-03
1.133252427184465970e-02 2.575949367088607896e-03
6.512295081967218145e-03 -4.325163398692809594e-03
-2.151999999999998532e-03 2.180555555555557540e-03
1.417721518987340862e-02 2.443037974683548181e-03
2.096296296296296102e-02 2.925159235668790565e-03
7.239726027397262557e-03 1.737288135593223091e-03
1.274827586206895950e-02 5.417508417508419896e-03
-4.299180327868855865e-03 -1.854901960784316201e-03
5.297619047619045798e-03 2.021235521235519722e-03
4.248554913294810853e-04 -6.513698630136984316e-03
2.107352941176470276e-02 4.769366197183102021e-03
1.107196969696969298e-02 3.383720930232558301e-03
1.749645390070922804e-02 3.157706093189965434e-03
-1.536809815950917601e-03 -1.439739413680782114e-03
-1.217261904761905190e-02 -4.341637010676144401e-04
2.326530612244892202e-03 2.234154929577466999e-03
-3.503676470588230549e-03 6.157094594594596758e-03
1.804597701149427812e-03 4.470588235294115087e-03
1.010571428571428558e-02 1.453674121405749238e-03
1.536805555555555668e-02 -3.962046204620457181e-03
-2.350340136054417540e-03 -8.608923884514442255e-04
8.756756756756762378e-03 3.605633802816903682e-03
1.357539682539681686e-02 -8.276450511945368993e-04
1.343235294117646819e-02 8.286585365853660692e-03
1.635984848484848750e-02 -5.924382716049387057e-03
5.367231638418077169e-03 -1.249999999999999592e-03
-3.675496688741666123e-04 -3.803797468354429712e-03
8.000000000000155153e-05 -1.266544117647058851e-03
2.246376811594195076e-03 4.426829268292685991e-03
-3.461538461538434756e-04 6.767605633802817842e-03
9.892561983471071310e-03 -1.179078014184394832e-03
1.635416666666669348e-03 3.038167938931299935e-03
1.174829931972789544e-02 -1.024115755627006633e-03
1.407801418439716575e-02 -1.371473354231974705e-03
9.759740259740263407e-03 4.741433021806854692e-03
1.825460122699386345e-02 -3.829022988505747377e-03
6.240601503759378964e-04 -2.422468354430378813e-03
1.439527027027027312e-02 4.314024390243932291e-04
1.254491017964066372e-03 2.240384615384616307e-03
1.199056603773584334e-02 4.019292604501614177e-04
1.145634920634920444e-02 2.756622516556292337e-03
1.595890410958905560e-03 -2.649006622516542194e-04
5.600000000000001678e-03 5.487544483985769446e-03
8.552845528455281163e-03 -4.212218649517671630e-04
2.001912568306011067e-02 -4.671052631578945583e-03
1.061718749999999642e-02 4.268253968253967953e-03
1.403053435114503394e-02 -1.759581881533103321e-03
1.453594771241830189e-02 -4.631944444444445474e-03
9.363945578231294697e-03 1.201030927835054947e-03
9.742647058823531228e-03 -6.247126436781607825e-03
-5.308593750000003414e-03 -2.786118980169972718e-03
-2.346456692913386193e-03 -6.332792207792205599e-03
7.153614457831324915e-03 -1.424855491329477582e-03
1.106764705882352408e-02 4.464615384615388052e-03
1.623214285714285818e-02 1.286764705882448543e-05
1.754237288135595749e-03 -2.219101123595507759e-03
-7.530120481927684130e-04 3.488888888888891631e-03
1.288513513513514161e-02 7.006472491909388140e-04
8.101449275362307759e-03 5.032258064516128074e-03
-7.009868421052624886e-03 5.696666666666669321e-03
1.881210191082801839e-02 -2.747491638795986936e-03
2.069915254237289157e-02 1.803797468354431839e-03
1.079279279279279566e-02 -2.889380530973449657e-03
1.052941176470588956e-02 1.433823529411772373e-04
-1.376751592356686808e-02 -6.568592057761730996e-03
2.054597701149425346e-02 2.715873015873018336e-03
1.255594405594405091e-02 -2.530465949820786663e-03
3.580645161290322166e-03 1.858108108108072324e-05
1.058333333333333522e-02 3.001742160278746390e-03
5.213768115942030851e-03 4.013245033112585944e-03
1.190671641791044531e-02 -2.924999999999997480e-03
-5.229032258064515715e-03 2.661048689138578727e-03
1.990625000000000727e-02 -8.544303797468265848e-05
8.370860927152315792e-03 4.245253164556964456e-03
4.900000000000003311e-03 4.751851851851852590e-03
6.951127819548872863e-03 -5.005859375000001193e-03
2.100000000000000824e-02 1.886120996441275602e-04
3.677685950413216425e-03 5.472881355932203602e-03
-9.095454545454543724e-03 -3.713541666666665339e-03
8.091911764705880458e-03 -7.859374999999990934e-04
1.923913043478263276e-03 4.290697674418607332e-03
-3.695652173913090859e-04 1.984304932735425457e-03
4.339285714285710457e-03 -1.493730407523512736e-03
9.963636363636363749e-03 2.712543554006969192e-03
7.926573426573430350e-03 7.352941176470681104e-05
8.048192771084339628e-03 -7.590163934426217424e-04
-2.233552631578942117e-03 1.283333333333333028e-02
1.075769230769230318e-02 3.509652509652511857e-03
3.216911764705887404e-03 -2.370242214532845154e-04
7.154109589041091587e-03 5.377358490566023835e-04
1.226515151515151190e-02 -8.205128205128178667e-04
-5.331896551724134292e-03 -3.545454545454546080e-03
1.248417721518986327e-02 5.806451612903226587e-05
1.612666666666666415e-02 8.317460317460340395e-04
1.495070422535211413e-02 -5.418965517241376879e-03
2.000000000000002210e-03 -7.326023391812866957e-03
8.093750000000000250e-03 -6.540133779264209642e-03
-2.321428571428549715e-04 -3.743986254295534645e-03
8.096273291925469226e-03 5.143617021276598172e-03
4.528124999999996562e-03 5.923913043478267262e-03
6.397321428571424093e-03 -3.357812500000001421e-03
1.415555555555555491e-02 1.478021978021980395e-03
1.219999999999999904e-02 1.555369127516780360e-03
1.046014492753623640e-02 4.702602230483271528e-03
-1.119548872180450849e-02 -3.219696969696969613e-03
2.079532163742689455e-02 8.265306122448998682e-04
-3.090909090909087090e-04 -7.621527777777741420e-04
8.472440944881890965e-03 -1.113013698630136751e-03
2.658333333333338933e-03 2.195965417867437944e-03
2.131034482758619071e-03 1.895270270270273507e-03
5.141592920353974840e-03 5.665517241379310759e-03
5.544520547945210737e-03 2.567010309278352272e-03
3.145348837209304554e-03 -4.961783439490444897e-03
7.727272727273289642e-05 3.506802721088434459e-03
3.722602739726031066e-03 2.232686980609421140e-03
1.852201257861641479e-03 1.288273615635182091e-03
-5.087837837837836871e-03 -3.933641975308640147e-03
2.890243902439023488e-02 6.805460750853243451e-03
1.593827160493826653e-02 -3.703971119133574880e-03
-4.448905109489053634e-03 -4.522292993630554051e-04
7.128099173553723196e-03 1.082792207792210694e-03
5.241496598639459187e-03 2.841614906832299475e-03
4.565693430656938070e-03 -1.289592760180993452e-03
1.658035714285713974e-02 2.011029411764710551e-03
6.257961783439490618e-03 -4.713592233009706971e-03
1.131159420289854986e-02 4.642348754448400588e-03
1.277430555555555958e-02 -3.818014705882356256e-03
-6.687074829931970686e-03 4.805280528052808392e-03
4.768987341772149349e-03 3.617132867132868013e-03
1.576595744680851785e-02 -1.099369085173498243e-03
1.451666666666665689e-02 8.156250000000024375e-04
1.305158730158729151e-02 2.328124999999999032e-03
9.057926829268297259e-03 -3.859060402684564173e-04
4.251572327044025879e-03 -5.940433212996387193e-03
4.519354838709677830e-03 2.358885017421600856e-03
3.650000000000004369e-03 2.699675324675326893e-03
6.480645161290329338e-03 -1.436026936026934533e-03
5.427325581395351338e-03 -1.573578595317724543e-03
1.052919708029197328e-02 1.724137931034503497e-04
-1.167701863354036204e-03 -1.624999999999999058e-03
-2.232919254658384967e-03 1.062300319488818177e-03
1.195454545454545207e-02 6.780597014925377093e-03
2.024074074074073970e-02 -1.387608069164264837e-03
2.171779141104292297e-03 9.217252396166186225e-04
1.219064748201438564e-02 2.670689655172414113e-03
1.381690140845070157e-02 2.878881987577644897e-03
9.110795454545456487e-03 6.818181818181612449e-05
-3.785714285714282448e-03 5.281250000000002089e-03
5.597014925373143329e-04 -1.616412213740455470e-03
2.637804878048782137e-02 -6.599999999999998229e-03
8.698412698412698318e-03 -5.718749999999998140e-03
1.508558558558558728e-02 -3.126865671641789433e-03
-4.707207207207211169e-03 -6.270318021201410838e-03
-7.052238805970144526e-03 4.035369774919618513e-03
1.344630872483221044e-02 -2.976351351351351569e-03
1.370061728395061823e-02 3.385057471264369885e-03
1.374609374999999703e-02 -7.773584905660375736e-03
7.933593749999997072e-03 5.051724137931052705e-04
5.765517241379311021e-03 1.717472118959106724e-03
5.089743589743594976e-03 2.682572614107887627e-03
-1.702127659574419389e-04 5.839215686274509473e-03
1.493277310924369904e-02 -2.513986013986013041e-03
7.696969696969693450e-03 -1.539308176100629170e-03
8.584269662921350033e-03 7.236462093862818488e-03
-5.815602836879433385e-03 4.806451612903248224e-04
1.693989071038255268e-03 2.003086419753090635e-03
5.666666666666668158e-04 -3.699324324324302043e-04
1.289156626506023605e-02 3.256756756756756192e-03
9.091216216216217727e-03 5.459677419354841237e-03
1.038970588235293632e-02 3.594545454545456167e-03
9.806896551724142777e-03 2.816053511705685856e-03
1.623529411764704569e-02 8.397626112759625470e-04
5.372832369942202868e-03 -3.871186440677966325e-03
-7.664335664335671094e-03 1.775244299674284994e-04
4.150684931506845587e-03 -9.428571428571411173e-04
6.676300578034694792e-04 -2.982093663911841632e-03
1.126818181818181087e-02 -1.905263157894740173e-03
1.894444444444444431e-02 -9.241245136186759281e-04
8.732394366197177710e-03 4.691935483870972312e-03
2.072916666666666657e-02 -6.025179856115090793e-04
2.116666666666666870e-03 -3.327137546468403057e-03
4.558139534883723365e-03 -3.033450704225351680e-03
1.032661290322580382e-02 8.079365079365053402e-04
9.200581395348838079e-03 -6.888554216867466551e-03
1.036928104575163267e-02 7.330935251798560530e-03
4.590225563909776374e-03 6.006968641114983701e-03
1.311061946902654547e-02 6.273092369477915355e-03
1.625539568345323732e-02 -3.732203389830506760e-03
-2.443548387096769817e-03 -1.223342939481265228e-03
1.765723270440252082e-02 2.021035598705503162e-03
-1.859154929577464064e-03 5.103092783505184388e-04
1.504135338345864194e-02 2.309608540925270175e-03
6.918604651162782622e-03 2.539711191335741573e-03
3.393103448275859319e-03 -4.988847583643119324e-03
7.677852348993281957e-03 5.378892733564017391e-03
6.857142857142863512e-04 -3.534426229508193934e-03
1.001145038167939108e-02 -1.898113207547168137e-03
1.426041666666666603e-02 2.304687500000001180e-03
7.555921052631580682e-03 5.802675585284280436e-03
1.903448275862066339e-03 -2.782786885245901523e-03
-1.090225563909774653e-02 2.278156996587035049e-03
1.327011494252873687e-02 9.035087719298262902e-04
1.621656050955413986e-02 1.498257839721258691e-03
3.894957983193276900e-03 -4.425925925925924299e-03
1.377622377622381503e-03 2.355555555555558216e-03
-2.322147651006704807e-03 -1.268333333333334203e-03
1.712650602409639122e-02 -2.166144200626962148e-03
4.666666666666673992e-03 3.715953307393000515e-03
2.629032258064515487e-02 7.547244094488197476e-03
1.332113821138211987e-02 -7.103942652329757294e-03
1.734876543209876165e-02 -1.542755344418050324e-03
2.388970588235292403e-02 -8.823275862068968509e-03
1.200571428571428102e-02 2.981605351170571374e-03
3.725903614457830131e-03 5.139860139860161431e-04
1.859740259740259166e-02 1.114516129032258043e-03
1.268322981366459476e-02 -5.457627118644061640e-04
3.054676258992805593e-02 -1.228947368421052372e-02
2.210763888888889542e-02 -2.114093959731542550e-03
7.365384615384619124e-03 3.335664335664338676e-03
7.401162790697671592e-03 7.225913621262449729e-04
2.690441176470587115e-02 -6.444776119402981576e-03
5.679054054054049651e-03 2.088768115942028943e-03
7.514705882352943310e-03 -5.864516129032257274e-03
3.238993710691781482e-04 -7.107142857142842484e-04
1.752482269503545867e-02 5.386904761904762889e-03
-2.352941176470582391e-03 -6.956603773584905774e-03
1.048447204968943995e-02 5.382352941176471797e-03
4.032738095238090972e-03 -6.032934131736552002e-04
2.473270440251571986e-02 5.478964401294503066e-03
1.046830985915492111e-02 3.782918149466194327e-03
-5.082758620689649572e-03 -2.610139860139857812e-03
2.166549295774648776e-02 -5.104838709677415355e-03
1.426100628930817432e-02 2.807453416149069316e-03
-3.905511811023619322e-03 4.952302631578954506e-03
4.871069182389935193e-03 -5.555107526881724982e-03
-1.654494382022467756e-03 7.417253521126765392e-03
4.090909090909092098e-03 -5.224719101123581361e-04
4.032051282051282541e-03 4.286423841059602315e-03
2.466249999999999692e-02 2.361111111111108480e-04
7.731617647058826315e-03 -5.586477987421382789e-03
1.169696969696967705e-03 -4.489855072463767686e-03
8.989208633093522319e-03 -1.447916666666666796e-03
-2.921052631578946197e-03 3.906360424028271043e-03
4.180645161290325040e-03 -3.142642642642639369e-03
2.027272727272728600e-02 -5.978021978021976802e-03
9.905913978494619229e-03 1.814332247557005591e-03
1.182142857142859035e-03 4.102040816326532786e-03
2.350318471337581056e-03 4.058219178082183177e-04
-1.762773722627740446e-03 8.628472222222222055e-04
9.109756097560975027e-03 4.523648648648651190e-03
3.746527777777769203e-03 -8.982428115015976544e-03
-5.043103448275876007e-04 2.400000000000000657e-03
1.650775193798450710e-02 3.402777777777778439e-03
1.242920353982299858e-02 2.794701986754969097e-03
1.237421383647798606e-02 -4.795620437956209063e-03
5.446428571428564742e-03 -1.532534246575342936e-03
7.374015748031492040e-03 -5.822709163346612843e-03
1.634121621621622070e-02 -5.228873239436644107e-04
-4.704861111111104111e-03 4.354166666666668510e-03
-3.978632478632482782e-03 1.899999999999999346e-03
1.895222929936306658e-02 -4.134551495016611233e-03
1.526595744680851220e-02 6.469424460431662943e-03
-2.871621621621626985e-03 9.397394136807826455e-04
-7.048951048951043220e-03 -2.814984709480120896e-03
-2.717687074829928592e-03 4.455223880597014054e-03
1.030701754385964300e-02 -2.537037037037034697e-03
-9.126666666666661404e-03 -4.452054794520551341e-03
2.992901234567901456e-02 4.220338983050850919e-04
9.576923076923076622e-03 3.627760252365962710e-04
4.059440559440559947e-03 1.637380191693292445e-03
-8.933823529411766620e-03 1.332103321033213314e-03
1.805063291139240994e-02 2.472049689440995214e-03
-4.677419354838688965e-04 -3.361486486486453019e-04
1.221481481481480856e-02 2.730215827338132277e-03
8.929447852760737103e-03 4.914429530201344307e-03
-7.090277777777774341e-03 -2.537764350453171770e-03
1.143749999999999281e-02 6.802405498281790044e-03
8.926724137931033379e-03 -9.255663430420707233e-04
-3.625850340136048573e-03 3.127868852459016365e-03
4.161764705882343117e-03 2.193251533742358698e-04
1.541984732824427419e-02 2.513975155279501387e-03
1.942446043165474250e-03 2.097682119205300164e-03
1.295302013422817240e-03 -1.375739644970412753e-03
7.674342105263158229e-03 -6.760655737704918816e-03
8.849999999999998493e-03 1.936335403726711099e-03
3.950331125827821754e-03 1.043157894736842194e-02
-3.649425287356353968e-04 3.103873239436620319e-03
2.984732824427480634e-03 3.334470989761093799e-03
6.003030303030299115e-03 2.220720720720723365e-03
1.737410071942444836e-03 8.019480519480527009e-03
9.744755244755242893e-03 -8.960396039603979196e-04
-1.639455782312925977e-03 -1.284900284900283114e-03
-3.693661971830977664e-03 2.197784810126585976e-03
4.187499999999998515e-03 -1.094890510948916249e-05
3.536764705882356440e-03 -4.894389438943890641e-03
4.873134328358207264e-03 -2.927018633540373789e-03
-6.422818791946310890e-03 -2.480427046263338972e-03
1.180769230769231071e-02 3.417832167832166989e-03
6.533557046979864176e-03 -1.924632352941175973e-03
-1.107594936708809091e-04 -5.609375000000002380e-04
4.606164383561641047e-03 3.193140794223827024e-03
1.934090909090908569e-02 -1.999999999999997873e-03
1.433628318584075946e-03 7.460784313725492452e-03
-2.678294573643416523e-03 -1.166058394160581109e-03
7.415662650602408701e-03 7.712418300653602890e-04
1.218750000000001950e-03 2.241818181818179892e-03
9.844086021505382700e-03 5.683274021352317795e-03
1.677519379844960926e-02 -9.328621908127201308e-04
4.758169934640519953e-03 3.105468750000023900e-04
2.191958041958042350e-02 4.522653721682852110e-03
1.815789473684211808e-03 4.518644067796613421e-03
1.208800000000000846e-02 -1.637755102040815321e-03
-4.469798657718117470e-03 -3.122605363984671156e-04
1.457530120481926976e-02 5.409090909090913737e-03
-5.146666666666667445e-03 2.478333333333335425e-03
1.599999999999930471e-04 3.750000000000029352e-04
1.036826347305389029e-02 4.938380281690139990e-03
3.248091603053439042e-03 -5.560975609756092959e-03
1.594620253164557439e-02 -1.959595959595958423e-03
-5.420886075949362011e-03 2.039179104477616567e-03
1.301181102362203128e-02 4.447470817120625745e-03
9.347826086956542062e-04 5.599071207430343471e-03
4.128472222222219143e-03 1.014184397163123358e-03
1.875373134328357436e-02 -5.373786407766991367e-03
2.392465753424657948e-02 -7.144097222222216617e-03
1.116768292682927127e-02 -5.050675675675680249e-04
5.040268456375838688e-03 -4.437699680511181070e-03
9.871428571428562254e-03 -2.365942028985504320e-03
1.056206896551724859e-02 -1.605555555555557984e-03
2.419480519480520300e-02 -4.669014084507040231e-03
-1.220588235294118272e-02 6.259615384615386038e-03
-3.886029411764703109e-03 8.483333333333374377e-04
3.724489795918366469e-03 -1.060070671378090038e-03
1.310402684563759072e-02 -4.822530864197528862e-03
2.335862068965518026e-02 3.454385964912281073e-03
-1.644927536231884004e-03 1.724066390041498241e-03
1.278682170542635652e-02 9.431034482758617835e-04
1.825675675675675347e-02 -8.749999999999999098e-04
1.559574468085107163e-02 1.510101010101009243e-03
6.384615384615381813e-03 -1.923487544483988478e-03
6.876404494382027527e-03 4.444444444444447043e-03
1.313999999999999717e-02 1.540000000000000570e-03
1.408223684210526197e-02 5.734042553191489970e-03
2.454710144927536863e-02 -9.917562724014328951e-03
1.093947368421052668e-02 5.611475409836067310e-03
2.521604938271610353e-03 -4.059523809523809743e-03
5.378571428571431341e-03 -2.621527777777744026e-04
4.628571428571428073e-03 -3.042721518987343519e-03
7.657894736842100515e-03 5.640000000000001783e-03
-5.488888888888889504e-03 3.224422442244225841e-03
-7.802721088435379121e-03 5.071917808219182124e-03
2.416874999999999926e-02 -7.807462686567162753e-03
1.015185185185184594e-02 5.437062937062953159e-04
1.307936507936508300e-02 2.448275862068968051e-03
1.718269230769230507e-02 1.033762057877814439e-03
1.761971830985915172e-02 -2.780141843971630292e-03
4.730769230769231101e-03 4.372274143302179797e-03
1.955732484076433408e-02 -1.883223684210523366e-03
1.301775147929000887e-03 -1.654654654654653164e-03
6.337423312883436188e-03 4.180134680134684963e-03
-1.139880952380947126e-03 -1.352189781021896197e-03
2.166666666666664832e-03 -1.296762589928054238e-03
1.437414965986394226e-02 2.470260223048329103e-03
-9.970930232558118840e-04 1.495468277945607299e-04
-1.086956521739083177e-04 2.394736842105265901e-03
1.342415730337079109e-02 -2.260726072607261578e-03
2.421518987341772164e-02 -7.918149466192179672e-04
1.008895705521472598e-02 -5.078869047619051676e-03
2.373952095808383456e-02 -1.258785942492012498e-03
1.331294964028776825e-02 7.942307692307694691e-03
2.366438356164386834e-03 1.243859649122812296e-03
1.259398496240600462e-02 -7.060606060606063224e-04
1.476845637583893735e-02 -2.619528619528617517e-03
1.056684491978609683e-02 1.313648293963257975e-03
2.127118644067800286e-03 4.700331125827816349e-03
6.017647058823528614e-03 2.364379084967323328e-03
-9.728813559322027280e-03 -5.020900321543409102e-03
1.141443850267379219e-02 2.123333333333336879e-03
2.087861271676301825e-02 -5.277960526315786036e-03
-5.665584415584411920e-03 4.481321839080459543e-03
2.796464646464647680e-02 -2.967320261437911104e-03
3.177631578947375055e-03 9.656862745098049663e-04
1.928571428571420774e-03 1.013840830449828489e-03
2.243589743589724343e-04 8.051470588235291881e-03
6.349999999999998007e-03 1.611801242236027406e-03
4.473988439306356840e-03 -2.270029673590529885e-04
-7.397590361445778584e-03 2.416129032258065076e-03
1.007643312101910368e-02 -5.897810218978101135e-03
-1.088652482269507598e-03 -1.041666666666664701e-03
9.911764705882347357e-03 2.703832752613243191e-03
1.927272727272726430e-02 2.234767025089605223e-03
5.543209876543208139e-03 6.225177304964539873e-03
7.117424242424247142e-03 5.342105263157897153e-03
2.396774193548385605e-03 -1.107028753993611822e-03
9.939999999999990510e-03 -5.372340425531914147e-03
1.416666666666667853e-03 -3.191666666666665136e-03
1.449999999999999380e-02 1.274919614147912656e-03
8.493630573248412557e-03 -2.908560311284044252e-03
1.080555555555555262e-02 2.207746478873240555e-03
8.242603550295855147e-03 7.816720257234732738e-03
2.184265734265734143e-02 -7.990506329113901147e-04
1.360176991150442195e-02 1.701639344262299239e-03
1.202243589743589962e-02 2.121153846153845963e-03
-4.448818897637816941e-04 5.858000000000002962e-03
1.276785714285718363e-03 8.197278911564646149e-04
1.145302013422819405e-02 1.161290322580648326e-03
1.252517985611510329e-02 3.331632653061223758e-03
1.338983050847462062e-03 6.192675159235668837e-03
1.109271523178807610e-02 2.082582582582583226e-03
3.691304347826082459e-03 -4.283625730994165587e-04
-3.054621848739494036e-03 6.698863636363638213e-03
1.828787878787879392e-02 3.021505376344087689e-03
4.215517241379304787e-03 -2.652733118971054255e-04
-1.316423357664233719e-02 4.360269360269383070e-04
2.295355191256829436e-02 -1.212624584717575800e-04
1.521126760563384656e-03 2.514462809917359168e-03
1.316296296296296138e-02 6.861904761904764373e-03
1.468711656441718666e-02 -2.586319218241041242e-03
1.241891891891891940e-02 -1.282334384858046248e-03
1.058561643835616121e-02 2.089527027027029797e-03
1.431065088757396860e-02 2.920180722891567871e-03
1.617905405405405464e-02 -2.877697841726351607e-05
2.757723577235772841e-02 -5.005338078291816407e-03
1.038059701492536312e-02 6.000000000000103829e-05
1.038194444444445058e-02 8.465045592705193120e-04
2.163286713286713403e-02 1.375899280575541405e-03
4.266666666666662534e-03 2.121753246753249004e-03
5.361445783132572085e-04 1.714743589743619734e-04
2.699687499999999310e-02 -5.265217391304346552e-03
7.049689440993790572e-03 3.605172413793104619e-03
1.141987179487179670e-02 -7.510344827586203954e-03
2.216768292682927757e-02 2.789556962025318242e-03
5.243362831858405619e-03 4.009578544061306177e-03
2.054583333333333955e-02 -1.237931034482756334e-03
7.874149659863945161e-03 -6.869047619047620110e-03
-3.897260273972605500e-03 2.889250814332250828e-03
1.483240223463686393e-03 2.654385964912283746e-03
1.346938775510201410e-03 -5.129508196721315090e-03
-1.482758620689650321e-03 4.258842443729904045e-03
1.243043478260869028e-02 -3.970588235294115510e-03
6.945312499999991424e-03 -4.978040540540538961e-03
1.430291970802920025e-02 1.750000000000003723e-03
2.967320261437906333e-03 4.969788519637466460e-04
8.344827586206892897e-03 -1.325396825396827662e-03
3.319672131147452672e-04 -4.606606606606609630e-03
-7.781690140845124153e-04 4.240740740740750860e-04
1.138211382113817234e-03 5.708196721311478879e-03
1.140939597315434196e-03 6.060606060606089874e-04
9.892307692307700240e-03 -3.077253218884119009e-03
4.603846153846157148e-03 -2.984507042253520953e-03
-4.492805755395679057e-03 -8.573667711598741614e-04
1.468992248062012031e-03 -3.907692307692307767e-04
7.412568306010927990e-03 1.289752650176714409e-04
-1.183471074380165050e-02 2.606870229007634751e-03
4.957446808510635947e-03 -7.496655518394649761e-03
7.629139072847680204e-03 1.206153846153846165e-03
-5.164179104477605031e-03 7.211538461538414776e-05
-9.966165413533834699e-03 7.332155477031804605e-03
1.179333333333333449e-02 2.410780669144983734e-03
2.612781954887217258e-03 4.845018450184500336e-03
1.228169014084507134e-02 -7.136942675159234362e-03
9.999999999999985029e-04 -4.092651757188496033e-03
9.365853658536588480e-03 9.200000000000001579e-03
1.476451612903225546e-02 4.485148514851484795e-03
-2.516778523489932723e-03 -3.692307692307695687e-03
9.730496453900710357e-03 -4.162207357859530436e-03
8.886666666666664244e-03 -7.692307692307529942e-05
1.971290322580646071e-02 -2.078853046594989016e-04
1.050295857988165285e-02 -3.936860068259385483e-03
1.176296296296296291e-02 8.160142348754451103e-03
3.060839160839161355e-02 5.186567164179106508e-03
5.648854961832064543e-03 6.545454545454547010e-03
2.663333333333328320e-03 -4.869281045751599167e-04
-4.655172413793102169e-03 3.972222222222221606e-03
9.903030303030300671e-03 8.205521472392636418e-04
1.062828947368421074e-02 -9.044368600682590152e-04
1.505118110236220753e-02 3.432989690721651756e-03
6.033333333333334991e-03 6.114197530864197254e-03
-7.147058823529398941e-04 2.854838709677424199e-03
1.142993630573247398e-02 -2.393203883495143795e-03
2.642499999999999363e-02 -2.772171253822627336e-03
-1.038888888888889542e-02 5.644781144781147765e-03
2.437724550898203585e-02 -5.794964028776982204e-03
1.424698795180722767e-02 -5.400000000000001153e-03
3.751968503937001993e-03 -7.154340836012846759e-04
6.662499999999999152e-03 -2.106907894736841352e-03
2.930817610062891754e-03 3.467637540453078968e-03
1.539383561643834809e-02 4.712962962962961334e-03
8.412499999999999839e-03 3.563636363636395752e-04
6.671428571428566004e-03 4.075079872204478461e-03
9.992063492063487859e-03 4.402097902097901368e-03
5.485029940119753519e-03 4.857784431137720550e-03
-3.093749999999996676e-03 2.350819672131145531e-03
2.493333333333330477e-03 -1.787390029325514268e-03
1.090764331210191534e-02 7.451550387596903718e-03
1.355597014925373142e-02 8.496453900709225251e-03
1.277666666666667054e-02 -5.780254777070063538e-04
7.141447368421050164e-03 -5.933333333333347089e-04
1.724675324675324292e-02 -1.821543408360126433e-03
3.032544378698232360e-03 7.812709030100336433e-03
1.122832369942196665e-02 -1.259328358208951747e-03
-4.061224489795917797e-03 -1.252525252525251353e-03
1.307770270270270339e-02 -1.511363636363632305e-03
1.107342657342657265e-02 -5.219999999999999814e-03
1.600000000000000033e-02 6.688372093023265026e-03
1.066269841269841014e-02 -8.099999999999983298e-04
-1.851724137931038891e-03 8.900602409638543652e-04
1.231249999999999532e-02 -4.726708074534160565e-03
1.591153846153844920e-02 1.913961038961040171e-03
1.265100671140941121e-03 2.486754966887420263e-03
9.663398692810461904e-03 7.770588235294122008e-03
5.683453237410070538e-03 -4.632867132867103861e-04
7.007462686567167594e-03 4.176948051948050668e-03
7.595394736842107399e-03 3.471760797342193089e-03
5.308988764044951167e-04 2.847682119205295192e-03
-1.830601092896134096e-04 -2.901785714285710915e-03
1.642391304347827138e-02 1.124100719424464502e-03
5.967625899280574325e-03 5.794117647058848230e-04
9.571969696969700320e-03 5.776562500000001314e-03
-2.934959349593497385e-03 1.887372013651878464e-03
-1.212121212121250989e-04 2.828333333333335909e-03
6.551181102362206923e-03 3.826923076923106101e-04
-2.574074074074076280e-03 3.458801498127345424e-03
2.012406015037592963e-02 3.447194719471949245e-03
6.847953216374275641e-03 6.620629370629372949e-03
1.554545454545454633e-02 -8.172757475083055473e-03
5.396341463414637205e-03 7.577205882352944233e-03
3.357558139534886320e-03 -4.653284671532840881e-04
9.423728813559316408e-03 1.163157894736843809e-03
-7.437956204379558324e-03 1.705882352941175129e-03
7.273972602739723660e-03 3.920494699646643634e-03
1.044217687074829384e-03 2.233766233766234111e-03
1.314074074074074103e-02 6.667235494880547654e-03
-5.503355704697995409e-04 -4.313559322033901945e-03
-5.261538461538457258e-03 1.419407894736841825e-03
6.539007092198585898e-03 -2.129337539432126327e-04
6.524822695035478607e-04 -1.517515923566877369e-03
6.330357142857139310e-03 1.561561561561591166e-04
1.890151515151510496e-03 2.145454545454546745e-03
9.009999999999997178e-03 6.031722054380668149e-03
1.321153846153846033e-02 -4.414062499999998716e-03
2.626100628930818845e-02 -2.051495016611295207e-03
3.345911949685532061e-03 -6.961290322580643807e-03
1.151875000000000294e-02 3.562992125984285790e-04
2.727906976744185266e-02 1.499999999999998730e-03
3.714743589743593321e-03 -2.798586572438162886e-03
8.387195121951220023e-03 3.010238907849831051e-03
1.990196078431372573e-03 5.483208955223884198e-03
2.686507936507940945e-03 -2.971326164874554809e-03
1.096969696969696435e-02 -6.327715355805244024e-03
1.261904761904761828e-02 -4.619426751592357189e-03
4.626811594202899329e-03 7.094155844155846345e-04
1.507857142857143076e-02 4.497032640949553614e-03
1.699999999999999428e-02 -2.702941176470585478e-03
6.648148148148153025e-03 2.667796610169493113e-03
8.380952380952379557e-03 2.577738515901060144e-03
-3.417266187050355640e-03 1.043604651162791282e-02
-2.076388888888884999e-03 -8.358433734939762008e-03
9.528301886792456613e-03 -2.296491228070175056e-03
1.185971223021583046e-02 1.732142857142888830e-04
8.033112582781458746e-03 3.843283582089582337e-04
5.660447761194037364e-03 -2.114886731391585600e-03
2.343971631205682155e-03 6.152684563758392677e-03
6.686131386861308284e-03 -4.324561403508772606e-03
1.214179104477612278e-02 1.306451612903227930e-04
-2.845528455284591332e-04 3.436454849498330431e-03
2.262797619047618794e-02 -7.169184290030211973e-03
-2.284172661870496890e-03 4.981848184818483093e-03
1.990079365079364115e-02 -1.862244897959180632e-03
1.797333333333333075e-02 2.973977695167289662e-03
8.392857142857137673e-03 3.828282828282831337e-03
-1.622222222222219996e-03 -1.177474402730377878e-03
9.202453987729320567e-05 1.091379310344829656e-03
3.914728682170551949e-03 5.919732441471571571e-03
9.090909090909092202e-03 2.121478873239438217e-03
2.564393939393934917e-03 -4.964516129032260985e-03
-4.217948717948718715e-03 -3.489208633093485016e-04
8.317857142857144198e-03 5.984848484848507774e-04
3.064102564102565845e-03 2.415611814345992349e-03
1.856285714285714483e-02 3.108620689655174421e-03
2.047604790419162504e-02 -2.724662162162163562e-03
1.666666666666628664e-04 7.755102040816593749e-05
3.337837837837839220e-03 -8.687943262411512713e-05
4.380165289256206978e-04 3.505535055350550368e-04
7.664062499999992062e-03 6.712598425196881352e-04
7.427215189873414766e-03 -3.657894736842105636e-03
-2.811538461538463408e-03 1.075186567164179881e-02
1.899693251533742661e-02 2.509708737864080851e-03
1.514596273291925199e-02 -9.343065693430641040e-04
1.443827160493826867e-02 -3.203812316715543441e-03
1.683214285714286149e-02 -7.142857142857188116e-05
2.269607843137255027e-02 8.307692307692305213e-04
1.981034482758621540e-02 1.102893890675242300e-03
7.714743589743584297e-03 -2.735955056179774792e-03
1.401773049645390137e-02 -4.379870129870127790e-03
5.414383561643835649e-03 2.471061093247587694e-03
1.531060606060605234e-02 -9.231595092024541191e-03
5.320512820512823815e-03 6.755172413793106810e-03
9.780000000000005703e-03 -2.525078369905953135e-03
-4.602564102564096933e-03 1.212765957446808882e-03
-8.984848484848484418e-03 3.859677419354842678e-03
1.306748466257668696e-02 -2.621165644171777071e-03
2.079940119760479919e-02 1.106570512820512393e-02
1.188275862068965787e-02 -1.748376623376621209e-03
9.787096774193549883e-03 4.702247191011238621e-03
6.842541436464085955e-03 4.433139534883728133e-04
1.169230769230768588e-02 -8.603174603174600435e-03
2.143999999999999032e-02 -3.411666666666667447e-03
1.438505747126437272e-02 2.984848484848486461e-03
9.021739130434810279e-04 -4.351535836177473741e-03
7.867924528301888445e-03 2.167235494880539537e-04
8.521472392638026680e-03 4.683962264150943154e-03
4.688524590163937154e-03 -8.986254295532621105e-04
1.727564102564102533e-02 1.494082840236685605e-04
-3.000000000000002665e-03 -6.886120996441258630e-04
1.250000000000000243e-02 4.560606060606062738e-03
2.857142857142859742e-03 1.634551495016611398e-03
1.004697986577181464e-02 8.032490974729277530e-04
7.696296296296299168e-03 -1.310861423220973862e-03
1.293195266272189475e-02 1.189041095890410469e-03
9.690322580645159903e-03 3.735185185185187304e-03
1.421653543307086105e-02 6.110714285714287028e-03
3.676136363636366231e-03 4.638436482084689998e-03
-1.532846715328427928e-04 -1.895985401459849727e-03
1.120333333333333424e-02 4.672413793103450362e-03
8.573248407643315264e-03 7.336309523809520774e-04
7.325000000000003383e-03 -3.421652421652422900e-03
1.270807453416148911e-02 2.275000000000000112e-03
9.049295774647891574e-03 -3.426153846153846133e-03
5.876923076923073856e-03 -1.545150501672239683e-03
1.597183098591550138e-02 1.065217391304346378e-03
1.500359712230215671e-02 -5.020920502092136211e-05
-9.044303797468355305e-03 1.344709897610920192e-03
1.541823899371069263e-02 -2.500000000000002654e-03
9.415625000000003852e-03 -5.601694915254237794e-03
1.953900709219857923e-02 -5.553797468354432568e-03
1.753548387096774339e-02 3.313559322033898021e-03
1.839495798319328371e-02 -4.638111888111889035e-03
2.759615384615380761e-03 1.726190476190478601e-03
1.575539568345329499e-03 -1.645098039215687992e-03
6.168224299065424264e-03 -3.310160427807486410e-03
9.839743589743592256e-03 4.634686346863472681e-03
1.119306930693068913e-02 6.467320261437909876e-03
1.609627329192547807e-02 -3.060070671378090513e-03
5.974074074074076091e-03 1.931734317343175448e-03
-1.030075187969929857e-03 -2.899681528662420137e-03
7.496062992125989387e-03 6.627906976744184914e-03
1.370093457943925667e-02 3.008591065292095645e-03
1.647222222222222837e-02 -2.129679144385027145e-03
3.311594202898557500e-03 -3.254612546125461737e-03
-6.382681564245805753e-03 9.628113879003565023e-03
1.278409090909090468e-02 -4.520000000000000580e-03
9.043624161073831463e-03 3.732441471571906061e-03
1.888518518518518541e-02 1.682593856655292298e-03
1.384615384615384137e-02 -2.331147540983605562e-03
4.165562913907281707e-03 2.113496932515339117e-03
-3.685483870967736549e-03 7.842560553633221021e-03
-1.040322580645159549e-03 1.279929577464791659e-03
1.120567375886528114e-03 2.394160583941605785e-03
1.244230769230769869e-02 2.356598984771574295e-03
3.171779141104294486e-03 2.685185185185185851e-03
8.137499999999995431e-03 5.107913669064739759e-04
-8.277310924369748676e-03 -4.322475570032574196e-03
7.459876543209874485e-03 -2.963636363636361110e-04
7.781249999999991299e-03 -4.784386617100372385e-03
1.694551282051282026e-02 -1.887096774193552581e-03
8.301724137931029354e-03 6.512367491166080706e-03
1.644405594405594362e-02 5.054744525547436853e-04
-2.205673758865251896e-03 2.356902356902368465e-04
1.415492957746479312e-02 -2.476973684210521075e-03
1.692944785276074074e-02 3.658928571428573823e-03
1.894578313253011698e-03 6.004901960784316678e-03
5.639097744359947547e-05 2.443579766536969726e-03
-1.572327044025120292e-04 1.555921052631579690e-03
1.953278688524590079e-02 2.963636363636364471e-03
3.510416666666668628e-03 6.214285714285731205e-04
1.769503546099290489e-02 2.445364238410597038e-03
3.386503067484660130e-03 2.905084745762714221e-03
2.173611111111110536e-03 -3.790697674418602985e-03
7.107954545454543173e-03 1.309230769230772598e-03
1.370408163265305831e-02 -1.476510067114074711e-04
2.306034482758617145e-03 -1.971530249110320029e-03
1.595714285714286418e-02 3.305653710247353529e-03
1.172169811320754491e-02 -2.501818181818183610e-03
1.416791044776119675e-02 1.262626262626250157e-04
-6.034482758620687837e-04 5.249169435215950662e-03
6.588607594936714273e-03 -2.498322147651006742e-03
3.957575757575758704e-03 2.492647058823533462e-03
5.003225806451609518e-03 -3.081395348837201865e-04
1.406666666666668260e-03 2.613013698630136782e-03
-7.332167832167846462e-03 -1.251677852348990734e-03
4.857142857142861085e-03 -5.576470588235293846e-03
2.201388888888885977e-03 1.933219178082194083e-03
4.635057471264367526e-03 1.218750000000004986e-03
5.876865671641791876e-03 2.583333333333335917e-03
9.680000000000002838e-03 1.145569620253163862e-03
4.992366412213736053e-03 4.033898305084747567e-03
8.971074380165292364e-03 -2.795454545454539343e-03
-4.667741935483872215e-03 -4.186885245901638894e-03
-4.632352941176471998e-03 -1.072122302158274101e-02
-1.065887850467289212e-02 -2.126459143968872229e-03
6.349206349206839531e-05 4.636363636363637249e-03
1.204268292682926685e-02 1.596296296296298347e-03
1.643333333333336921e-03 2.290268456375838414e-03
-1.503333333333330265e-03 -8.020833333333344433e-04
1.612237762237761843e-02 3.936335403726706587e-03
8.515723270440252873e-03 -5.480988593155892465e-03
9.311188811188808589e-03 -7.879661016949151761e-03
-3.854014598540142153e-03 2.112994350282487895e-03
1.823291925465838487e-02 4.679054054054054834e-03
1.471472392638037072e-02 5.097602739726030119e-03
9.130000000000000962e-03 3.349090909090909202e-03
-5.071969696969693721e-03 -4.833333333333332711e-03
9.221374045801524963e-03 4.131034482758621715e-03
2.806395348837209883e-02 -2.340604026845637727e-03
1.161328124999999774e-02 -4.180970149253729166e-03
-9.794117647058826412e-03 3.001893939393942678e-03
1.361313868613135041e-03 2.149659863945578217e-03
1.204062499999999925e-02 -1.136363636363456046e-05
9.765306122448981149e-03 5.373665480427044843e-04
1.187969924812029739e-02 -4.946043165467616182e-04
-2.503623188405794397e-03 -1.553156146179401247e-03
2.694805194805204506e-04 2.673770491803281919e-03
1.549999999999999815e-02 3.494423791821550142e-04
-5.731707317073207264e-04 7.391304347826089562e-03
1.934571428571428553e-02 -3.216253443526171166e-03
-2.674418604651159024e-03 -1.291071428571427234e-03
-6.903225806451615369e-03 2.464169381107492781e-03
2.223410404624277456e-02 8.292682926829263732e-04
1.094202898550724473e-02 -1.328358208955211935e-04
6.109848484848476660e-03 1.530254777070061281e-03
1.285039370078739501e-02 -2.671717171717171400e-03
1.212323943661971701e-02 2.173267326732677366e-03
8.065476190476192353e-03 -3.959615384615380873e-03
6.850649350649352758e-03 -1.646067415730335763e-03
6.176470588235283277e-04 1.024390243902441886e-03
4.310344827586199247e-04 -6.537102473498183084e-04
5.375776397515527952e-03 -6.181102362204704331e-04
1.617628205128205168e-02 -7.613636363636359754e-04
1.503550295857988828e-02 -3.963414634146348236e-04
1.432608695652174378e-02 4.626297577854674402e-03
8.888059701492544845e-03 -3.375984251968501895e-03
1.521523178807947761e-02 1.569327731092440194e-03
4.499999999999996082e-04 -8.421370967741930932e-03
3.743421052631581633e-03 6.681647940074906568e-03
1.423611111111110520e-03 -4.847181008902074276e-03
1.008823529411765479e-02 9.364754098360656732e-04
9.925196850393695411e-03 3.054982817869416646e-03
1.100299401197604721e-02 3.486440677966101600e-03
1.117878787878787833e-02 -2.881249999999998396e-03
1.324999999999999095e-02 -6.185314685314681656e-03
-3.388157894736863632e-04 -3.334983498349836355e-03
-4.370370370370415484e-04 -4.789325842696620043e-04
1.127450980392156327e-02 -4.763698630136989701e-03
1.195104895104895371e-02 -1.234668508287292861e-02
4.178571428571423857e-03 -1.383512544802864650e-03
-2.490740740740733476e-03 4.494545454545458528e-03
1.114136125654450332e-02 -4.664179104477583120e-04
1.357142857142863398e-03 -2.150621118012421146e-03
1.712418300653594655e-02 3.464527027027026682e-03
1.359649122807017607e-02 3.088028169014087054e-03
1.280538922155688951e-02 4.748239436619720866e-03
1.066319444444444736e-02 2.087786259541984588e-03
1.536785714285713970e-02 -7.991017964071854898e-03
1.037987012987012098e-02 4.988505747126440425e-03
1.538114754098360293e-02 -6.287197231833911021e-03
1.152317880794701162e-02 8.750000000000006037e-03
7.641304347826080243e-03 1.000790513833993076e-02
4.767441860465118295e-03 2.053571428571430210e-03
4.837662337662344651e-03 5.210000000000001089e-03
1.003496503496499256e-03 -4.765175718849837261e-03
1.150666666666666678e-02 -2.827974276527332308e-03
1.803355704697986311e-02 -2.440909090909092107e-03
6.512903225806450369e-03 5.555984555984557795e-03
1.600337837837838631e-02 -3.056537102473496498e-03
2.798795180722891962e-02 -3.053797468354432082e-03
2.229139072847681827e-02 -1.597744360902250259e-04
4.819209039548019886e-03 4.990476190476194479e-03
1.965116279069768074e-02 -2.648199445983385591e-03
2.115808823529411603e-02 5.823970037453183278e-03
5.017123287671234125e-03 3.258116883116882710e-03
1.998854961832061475e-02 -8.206751054852291522e-04
8.796052631578947512e-03 -2.083916083916081876e-03
1.138410596026489911e-02 -3.340983606557376001e-03
-3.866141732283460888e-03 -1.022821576763483257e-03
6.951923076923076025e-03 2.493288590604027678e-03
9.573825503355705424e-03 -1.351485148514852469e-03
5.732283464566926938e-03 1.228373702422148059e-03
2.966388888888887507e-02 2.350847457627121186e-03
7.891719745222928670e-03 3.758064516129083787e-04
2.812202380952381550e-02 4.637658227848101729e-03
7.983425414364666867e-04 8.623693379790943470e-03
2.529220779220784244e-03 4.191780821917813309e-03
7.982142857142857789e-03 6.064846416382255537e-03
1.814772727272725983e-02 -3.773437500000005086e-03
2.773809523809528214e-03 -3.305722891566262311e-03
1.244000000000000140e-02 2.179738562091504926e-03
5.611940298507468901e-03 1.126229508196724578e-03
9.426056338028163117e-03 -2.376325088339225136e-03
7.596153846153840157e-03 -5.001677852348990379e-03
1.327952755905511574e-02 -3.757234726688103710e-03
1.379666666666665847e-02 -2.230314960629918228e-03
-2.627516778523495116e-03 2.746527777777780892e-03
5.520833333333340261e-03 1.081939799331103989e-03
1.556194690265486416e-02 1.123161764705883159e-03
7.887417218543048975e-03 -1.070312499999997264e-03
1.030592105263157532e-02 -4.435045317220542675e-03
1.110273972602740002e-02 2.402597402597404438e-03
3.169172932330828040e-03 5.688405797101479767e-04
7.473372781065090904e-03 1.253443526170788986e-04
1.063025210084045206e-03 2.934782608695698809e-04
1.651724137931035244e-02 4.167259786476871022e-03
2.163533834586467072e-02 1.115529010238907985e-02
7.635135135135142151e-03 -6.860465116279083854e-04
1.339808917197452508e-02 -3.248188405797096823e-03
1.328409090909091379e-02 -1.611721611721609552e-03
8.696850393700791479e-03 -2.148788927335639701e-03
9.496124031007750071e-03 1.158536585365855230e-04
6.156462585034014855e-04 -3.104026845637583576e-03
3.424157303370782210e-03 4.593548387096775022e-03
1.324285714285713955e-02 1.040069686411148860e-03
-1.571969696969698852e-03 -8.492647058823539442e-04
1.477586206896550937e-02 5.458167330677292720e-03
3.090551181102360080e-03 -7.985099337748342158e-03
1.301999999999999338e-02 7.170608108108106858e-03
1.200370370370370393e-02 -3.833962264150946996e-03
2.185064935064940424e-03 -8.488372093023291215e-04
1.729230769230769363e-02 -4.762323943661967741e-03
2.375155279503104663e-02 2.710526315789475293e-03
-8.286764705882351117e-03 3.954365079365084433e-03
7.080128205128206724e-03 1.750798722044728936e-03
-8.192028985507247493e-03 5.941275167785238162e-03
1.021739130434785826e-03 8.658940397350991906e-04
-8.107843137254903618e-03 4.814814814814942213e-05
4.034161490683227207e-03 8.737226277372264760e-03
1.979452054794517048e-03 2.300724637681159698e-03
3.843749999999998643e-03 3.700657894736854693e-04
5.163398692810436223e-04 -1.052816901408449657e-03
-2.251908396946524643e-04 1.133333333333359300e-04
6.967213114754560225e-05 2.388059701492696837e-05
5.711538461538461474e-03 2.219435736677117382e-03
1.550381679389313365e-02 6.679536679536706659e-04
3.891156462585026923e-03 1.197183098591551908e-03
7.000000000000001880e-03 -2.676056338028157556e-04
1.451724137931034893e-02 -8.493485342019551840e-03
2.020175438596491513e-02 3.779863481228671121e-03
1.314529914529913648e-02 7.100694444444441596e-04
-9.089403973509933496e-03 -6.355311355311340019e-04
-9.859259259259260319e-03 -3.717836257309938951e-03
6.411764705882346850e-03 -5.127090301003340254e-03
7.587078651685399792e-03 -3.597785977859776271e-03
1.135507246376811497e-02 5.862068965517399711e-05
9.111538461538464320e-03 1.534055727554183230e-03
1.303846153846153696e-02 2.701666666666667320e-03
1.249999999999999202e-02 4.939024390243925257e-04
8.273809523809523558e-03 -6.394648829431436032e-03
1.345000000000000015e-02 7.790697674418599165e-04
1.552112676056338798e-02 1.096774193548383849e-04
1.393518518518518066e-02 2.750000000000003310e-03
7.295999999999999534e-03 -3.894080996884654049e-05
7.387417218543037255e-03 2.784905660377357678e-03
8.258620689655176220e-03 3.200636942675161214e-03
2.424999999999999205e-03 1.852760736196319355e-03
3.649253731343279645e-03 -3.023255813953498218e-04
3.892405063291170956e-04 2.096938775510207714e-03
2.184713375796178136e-02 -6.007645259938836774e-03
1.745769230769230254e-02 -5.951923076923070800e-03
1.487711864406779903e-02 -1.560000000000002357e-03
1.478395061728399488e-03 -5.583601286173630468e-03
-3.403703703703710864e-03 1.030215827338129553e-02
7.649635036496353797e-03 -2.752396166134183936e-03
1.245129870129869747e-02 -1.210691823899371538e-03
2.435534591194967596e-02 -4.812286689419786271e-04
1.188518518518518786e-02 8.281250000000024702e-04
6.071875000000002617e-03 2.396084337349398564e-03
9.481595092024537944e-03 -1.819642857142855829e-03
1.318581081081081005e-02 1.141898148148148308e-02
5.029032258064516925e-03 7.040000000000005455e-03
4.511538461538460928e-03 -9.216027874564460681e-03
7.650306748466254199e-03 -5.171974522292991164e-03
-6.589147286822356453e-05 2.218309859154929398e-03
9.117886178861790356e-03 1.237610619469026348e-02
1.427272727272727200e-02 -3.474206349206347515e-03
2.681506849315069829e-03 -6.532028469750889715e-03
-4.490909090909089678e-03 -2.267801857585139032e-03
1.146896551724138451e-02 2.640522875816994196e-03
-2.215384615384614290e-03 2.661666666666669817e-03
1.947692307692307223e-02 -1.569023569023568401e-03
1.668518518518518137e-02 -3.822695035460991434e-03
1.695911949685534326e-02 -4.432291666666667712e-03
7.401459854014600347e-03 -2.103806228373701626e-03
6.342105263157890235e-03 -1.857142857142852566e-03
6.127976190476193234e-03 5.703592814371271757e-04
4.523622047244092899e-03 -2.390365448504984652e-03
1.750000000000000860e-02 1.324281150159744951e-03
1.047445255474452677e-02 3.372822299651569329e-03
1.184126984126983653e-02 1.178966789667899905e-03
8.736263736263768674e-04 -9.036363636363617781e-04
8.240624999999994482e-03 -5.463667820069199356e-03
4.096153846153843987e-03 -6.597087378640776462e-03
1.059009009009009329e-02 1.989010989010992717e-03
2.617692307692307679e-02 3.293103448275848649e-04
2.238805970149247520e-04 -4.363221884498478392e-03
9.719745222929943723e-03 -2.036789297658860888e-03
9.363636363636369114e-03 -2.169090909090906107e-03
3.640287769784164660e-03 9.767441860465118399e-04
-8.333333333333333868e-04 6.254180602006708181e-04
9.573825503355710628e-03 -2.069597069597022541e-04
1.458888888888888562e-02 1.285488958990538451e-03
7.787878787878791537e-03 8.163265306122473135e-04
1.100347222222222698e-02 -1.866883116883115987e-03
2.835273972602741013e-02 5.171140939597315168e-03
3.144230769230773725e-03 -4.024390243902446936e-04
1.173188405797101312e-02 5.078571428571428820e-03
1.634999999999999648e-02 -2.484374999999999604e-03
2.692307692307706292e-04 -2.226148409893993155e-03
-8.888888888888838357e-04 6.093851132686086032e-03
-4.188741721854310866e-03 1.603571428571430330e-03
7.023026315789476087e-03 -4.202572347266882689e-03
6.815384615384614646e-03 -2.948553054662380983e-03
3.394531250000003449e-03 7.522108843537420909e-03
8.000000000000052425e-04 -1.691379310344826893e-03
7.242236024844722619e-03 -4.816363636363635119e-03
1.065527950310559552e-02 -7.684905660377354050e-03
6.625899280575539563e-03 -2.145270270270267874e-03
4.500000000000003129e-03 3.543233082706766582e-03
2.793181818181820000e-02 -8.816872427983535668e-03
2.323841059602649653e-02 -3.770547945205476349e-03
2.241496598639458691e-03 -2.135416666666664371e-03
-1.903361344537817662e-03 -7.523510971786831578e-05
1.653546099290780988e-02 2.466887417218543641e-03
3.980620155038756824e-03 -2.166144200626959979e-03
9.724025974025969979e-03 4.128654970760234182e-03
-2.838709677419274779e-04 -2.835249042145549609e-04
1.602430555555554512e-02 2.325082508250825557e-03
1.609235668789808088e-02 -3.048986486486487003e-03
1.069696969696969091e-02 5.633802816901444530e-04
-3.739583333333333041e-03 3.641638225255975757e-03
9.447204968944101014e-03 2.178018575851394661e-03
1.094791666666666309e-02 6.854838709677525601e-05
5.180851063829794954e-03 -7.373417721518985999e-04
2.306287425149701129e-02 6.382978723404492160e-05
-8.527397260273938398e-04 -2.661971830985913716e-03
-3.641935483870961318e-03 -3.510101010101010152e-03
2.801644736842106090e-02 -2.518518518518495148e-04
1.250000000000000763e-02 2.498305084745762201e-03
3.733576642335763741e-03 8.166666666666671029e-03
2.513636363636364765e-02 -2.970802919708027436e-03
5.412213740458017737e-03 -2.259818731117822343e-03
9.691428571428578262e-03 5.405454545454549224e-03
1.349624060150375615e-02 -4.145547945205477550e-03
-9.834710743801652194e-03 3.824275362318844875e-03
3.904191616766468625e-03 -1.414373088685014429e-03
9.218309859154926941e-03 -8.609090909090909988e-03
9.099173553719013680e-03 -5.354838709677419047e-03
1.273684210526315752e-02 2.067164179104478451e-03
1.008759124087591288e-02 6.556291390728477900e-03
1.771686746987952144e-02 -1.373563218390802575e-03
-3.194444444444489626e-04 -2.516566265060240712e-03
1.222027972027972011e-02 -9.725609756097572866e-04
1.568103448275862122e-02 3.353146853146851767e-03
9.199999999999999845e-03 2.667192429022083137e-03
7.516778523489931960e-03 -8.895348837209323539e-04
-3.187074829931979721e-03 4.071884984025562863e-03
5.447552447552443493e-03 2.756134969325154793e-03
1.077697841726618644e-02 -8.124999999999994206e-04
6.179999999999996260e-03 5.134615384615384172e-03
2.623333333333332119e-03 -1.728187919463071551e-04
1.121103896103895284e-02 -2.956521739130435391e-03
-1.119565217391304233e-02 -4.425465838509273363e-04
6.645833333333338658e-03 -4.556195965417865305e-03
6.195364238410598634e-03 3.879194630872486067e-03
1.452848101265822797e-02 1.758561643835617914e-03
1.430215827338129735e-02 5.576208178438663184e-03
-8.996428571428566681e-03 5.494485294117655051e-03
1.379020979020978421e-02 3.008802816901409456e-03
1.964130434782609264e-02 1.709999999999998630e-03
9.575268817204300384e-03 2.615517241379312734e-03
1.021383647798742265e-02 -3.634920634920634983e-03
-1.253012048192765930e-03 6.740240240240238934e-03
5.225694444444451206e-03 2.977112676056339891e-03
