1.042413793103448560e-02 -4.689497716894975611e-03
-1.257861635220043053e-04 2.034722222222224656e-03
6.896694214876040660e-03 1.793650793650796490e-03
-2.846153846153841576e-03 -2.624497991967869766e-03
3.779411764705884868e-03 3.304635761589408069e-03
7.512048192771089358e-03 4.171370967741938433e-03
-8.825581395348832542e-03 1.661564625850343261e-03
5.909090909090914832e-04 3.039930555555558737e-03
3.658914728682178055e-03 4.120762711864408602e-03
1.577040816326530717e-02 3.151515151515154288e-03
-3.532934131736443530e-04 5.372340425531925640e-04
7.589655172413794885e-03 -4.729249011857707997e-03
-1.236000000000003806e-03 -2.037581699346402517e-03
-4.506493506493503692e-03 1.906143344709900931e-03
-2.612000000000003208e-03 -4.054195804195803721e-03
-1.547794117647056499e-03 -4.528301886792439270e-04
-2.306722689075630089e-03 1.853571428571431420e-03
3.628571428571428486e-03 1.538602941176474455e-03
2.365853658536593539e-03 6.935606060606065715e-03
-7.324218749999997398e-03 -3.733208955223878741e-03
-1.005303030303029282e-02 5.662408759124092431e-03
-6.999999999999990605e-03 1.640926640926640336e-03
-6.313868613138680710e-03 1.146718146718150345e-03
2.000000000000006547e-03 -4.428861788617885487e-03
-3.428571428571422323e-03 5.569892473118284899e-03
4.170289855072466592e-03 -4.420529801324472245e-04
1.027607361963190150e-02 1.514184397163123585e-03
3.523809523809527146e-03 4.885869565217392137e-03
-6.228476821192045938e-03 -3.100393700787399797e-03
-9.586466165413491799e-04 3.376953125000002782e-03
1.373758865248226463e-02 -1.422261484098937554e-03
-4.390624999999990022e-03 -3.374458874458874987e-03
3.808988764044945931e-03 -3.338235294117645330e-03
-4.308411214953266830e-03 7.865319865319872136e-03
-4.793103448275831983e-04 -6.285714285714285969e-03
2.200000000000002735e-03 -3.865454545454543450e-03
3.472972972972981215e-03 2.295801526717558116e-03
-2.914556962025315751e-03 1.940860215053764925e-03
1.050653594771242157e-02 1.124031007751941612e-03
5.573619631901835687e-03 -2.472312703583058515e-03
1.166883116883117577e-02 -1.800724637681153616e-03
4.461111111111117078e-03 -4.595744680851059256e-03
4.815950920245396644e-03 2.774390243902482146e-04
2.817073170731709385e-03 -5.840384615384615341e-03
8.565789473684210648e-03 -2.334693877551019363e-03
3.342281879194636696e-03 3.439597315436242631e-03
6.677536231884055769e-03 -4.816849816849783344e-04
-1.793233082706758956e-03 -1.621621621621603107e-04
1.632679738562091767e-02 3.407216494845365443e-03
-1.251242236024844613e-02 2.757936507936510455e-03
4.381756756756756757e-03 7.837837837837849722e-04
4.500000000000003129e-03 4.234082397003748575e-03
1.038580246913580786e-02 9.730769230769252456e-04
3.820833333333338837e-03 2.826283987915410682e-03
-8.049295774647882012e-03 2.076013513513516682e-03
1.364687500000000275e-02 -3.735593220338981162e-03
9.638157894736865388e-04 -2.258620689655171758e-03
-1.078145695364237863e-02 -2.655737704918030660e-03
-1.036697247706420966e-03 -9.823943661971803673e-04
-5.863999999999996819e-03 2.297297297297290855e-04
5.944767441860467592e-03 -9.095744680851061735e-04
-1.078431372548960650e-04 5.965151515151524003e-03
5.132716049382717374e-03 2.017985611510794176e-03
-1.291666666666665790e-02 -1.021912350597607407e-03
6.574468085106380255e-03 -2.475308641975310000e-03
1.133333333333333415e-02 2.385304659498210800e-03
-1.329225352112675847e-02 -1.757679180887370893e-03
1.154362416107387618e-03 6.342657342657346750e-03
-7.360544217687068139e-03 -3.685121107266394846e-04
1.227611940298513511e-03 2.903114186851214230e-03
4.526666666666669288e-03 -1.594262295081964442e-03
-7.468503937007869332e-03 -1.815789473684210507e-03
1.387295081967213940e-02 -4.092519685039368305e-03
1.104929577464788641e-02 -5.184426229508171590e-04
9.096491228070180748e-03 -5.360902255639097419e-03
1.287878787878772103e-04 3.428294573643411117e-03
-8.731404958677684014e-03 6.400000000000003776e-03
8.896103896103917889e-04 -4.507042253521117135e-04
4.125000000000003664e-03 5.283524904214565582e-03
1.128571428571428954e-02 -4.572727272727272578e-03
-3.584415584415577647e-03 5.620567375886526039e-04
-8.237179487179444428e-04 2.122093023255814618e-03
9.418539325842691448e-03 2.713559322033899483e-03
-9.645038167938926529e-03 -5.296610169491509142e-04
1.271844660194181714e-03 -2.807835820895520675e-03
1.427777777777784968e-03 -2.891986062717770900e-04
-1.796874999999995524e-03 8.082706766917441277e-05
4.195652173913049128e-03 1.226804123711346681e-03
8.986666666666674047e-03 5.468401486988848023e-03
6.290909090909102205e-03 5.340148698884761985e-03
1.492281879194631844e-02 5.182835820895521917e-03
-4.484848484848478686e-03 3.667364016736401975e-03
1.752822580645161873e-02 3.910652920962204640e-03
-1.367105263157893796e-02 -3.177364864864863549e-03
-7.362676056338023946e-03 5.382022471910113612e-03
7.210884353741536584e-04 3.173387096774196465e-03
1.728518518518519162e-02 2.361111111111113305e-03
5.816326530612276040e-04 1.526104417670685279e-03
1.178323699421965354e-02 -8.922764227642272783e-04
1.116906474820144116e-02 -5.309433962264148259e-03
4.683593750000002859e-03 -1.221830985915491529e-03
8.309523809523813517e-03 -1.732283464566927288e-03
-4.340707964601767457e-03 3.306930693069308567e-03
-2.874015748031486309e-03 2.278388278388279557e-03
-4.364077669902896237e-03 2.461832061068708528e-04
6.600775193798451811e-03 1.320819112627987651e-03
-1.615384615384614451e-03 5.749235474006156917e-04
-4.564655172413790638e-03 -3.089887640449435601e-03
1.159420289855072651e-02 -1.311538461538460775e-03
-2.558823529411753911e-04 1.759191176470591188e-03
-3.213043478260867170e-03 -3.450643776824034985e-03
9.555248618784529385e-03 -5.287878787878790184e-03
1.465384615384615966e-02 1.605577689243030664e-03
5.764492753623193765e-03 4.822834645669302439e-04
-7.033898305084745027e-03 5.445652173913046769e-03
9.701986754966886867e-03 -1.316993464052286207e-03
-6.242307692307687630e-03 -9.929328621908096054e-04
-2.760504201680673026e-03 -1.932270916334662754e-04
6.483999999999997578e-03 3.658018867924535487e-03
5.870253164556959828e-03 7.280701754385962001e-04
4.382165605095545216e-03 -5.127737226277353242e-04
-2.761194029850748519e-04 9.019607843137687341e-05
-8.492647058823504748e-04 4.843881856540083186e-03
1.264285714285713798e-02 -1.695422535211266396e-03
-1.504032258064518304e-03 9.908759124087633454e-04
-5.132716049382713905e-03 -2.734082397003720680e-04
1.568067226890755561e-02 4.382352941176476981e-03
7.007751937984492592e-03 4.549535603715178927e-03
5.925925925925932571e-03 2.800387596899227630e-03
-3.759803921568626028e-03 1.933579335793360506e-03
1.182080924855492300e-02 -2.296078431372548367e-03
-7.444852941176464955e-03 -3.104166666666664364e-03
-9.080357142857138283e-03 -4.146179401993351638e-03
-3.184210526315781574e-03 5.609243697478991531e-04
1.222222222222227404e-03 1.453488372093061725e-04
-9.150943396226409246e-03 1.520270270270499060e-05
-1.868589743589738538e-03 -2.265799256505575225e-03
6.710884353741499060e-03 -1.378486055776891950e-03
-1.891729323308270413e-02 5.451557093425605897e-03
2.772727272727270025e-03 -2.240677966101693817e-03
7.783707865168542663e-03 6.423758865248230601e-03
4.495999999999998262e-03 6.940559440559444836e-04
3.771875000000001789e-03 1.478902953586498864e-03
6.308641975308644859e-03 5.948275862068997831e-04
1.483739837398374492e-02 2.062962962962965226e-03
-6.547619047619052980e-03 -1.302681992337162507e-03
-1.046969696969696738e-02 2.273897058823529799e-03
1.479310344827585713e-03 -1.377966101694913558e-03
-7.763975155279420181e-04 1.421933085501860808e-03
1.164488636363636594e-02 3.611353711790395594e-03
-6.120253164556960050e-03 -1.989754098360654519e-03
7.481203007518799457e-03 3.840551181102367252e-03
7.780120481927715360e-03 1.754152823920267440e-03
1.842361111111111283e-02 8.918918918918958575e-04
8.200636942675162619e-03 6.393835616438358314e-03
3.545180722891574931e-03 3.173151750972765233e-03
1.513311688311688198e-02 -3.120567375886522735e-04
-8.688311688311682601e-03 -3.547131147540980543e-03
-9.973684210526313418e-03 4.282157676348545723e-03
5.388020833333335806e-03 4.944029850746269180e-04
-5.378571428571424402e-03 2.343959731543625215e-03
6.861538461538462322e-03 3.536624203821658267e-03
-1.257499999999999417e-02 7.762237762237764183e-03
-9.741379310344820686e-03 -2.637499999999999654e-03
1.002339181286550016e-02 -3.013986013986010883e-03
9.510000000000002826e-03 1.567610062893086452e-03
1.807291666666668503e-02 3.110507246376816286e-03
4.915441176470588570e-03 -1.872727272727272435e-03
8.396946564885500106e-03 4.975563909774438631e-03
-7.169491525423716746e-03 2.692913385826774947e-03
-6.398148148148139792e-03 -4.725490196078406383e-04
1.235430463576159092e-02 3.805369127516780407e-03
8.391666666666667065e-03 3.732876712328793705e-04
7.517964071856289392e-03 1.136029411764707389e-03
1.141891891891892935e-03 -4.786231884057969357e-03
1.424374999999999426e-02 2.403846153846152353e-04
-4.728070175438591621e-03 -2.191881918819187959e-03
4.696850393700791396e-03 3.731225296442691481e-03
5.844594594594611009e-04 -1.327272727272722351e-04
8.170068027210881934e-03 1.350719424460435775e-03
1.554385964912280947e-02 -2.091065292096218331e-03
2.571428571428567393e-03 5.620253164556967412e-03
8.112903225806449362e-03 -3.136363636363635483e-03
2.106918238993713433e-03 -2.036303630363033631e-03
5.281250000000002956e-03 -3.328571428571425964e-03
-4.366459627329187347e-03 6.092436974789937039e-04
-4.832089552238799310e-03 -2.961254612546123169e-03
1.160714285714279249e-03 4.700873362445420409e-03
1.088235294117683962e-04 -1.827188940092162742e-03
6.160621761658035059e-03 7.979797979798029881e-04
-5.374999999999996968e-03 -1.540983606557374966e-03
4.245762711864409580e-03 -1.438848920863110921e-05
-5.268456375838938451e-04 -2.555999999999992740e-03
8.653061224489798364e-03 -2.770676691729321087e-03
7.210526315789476254e-03 4.467353951890038442e-03
-1.680672268907560307e-03 4.415708812260538303e-03
-5.523809523809519381e-03 2.737113402061861454e-03
5.029411764705888147e-03 -1.099624060150372748e-03
4.127840909090912599e-03 4.898076923076925132e-03
1.388915094339622514e-02 6.465909090909092473e-03
3.344155844155926498e-04 4.353061224489797494e-03
1.182638888888889496e-02 2.475083056478407772e-03
8.769230769230779154e-03 -5.096899224806192546e-04
7.898026315789471660e-03 -7.283464566929035962e-05
3.786713286713284336e-03 -2.349999999999998358e-03
7.156250000000020667e-04 -3.723214285714284994e-03
-1.467857142857142104e-02 5.655172413793104792e-03
-1.176646706586825970e-02 5.925304878048785751e-03
-5.839999999999993634e-03 8.642533936651583537e-04
1.055603448275862360e-02 -3.503952569169957974e-03
-5.347402597402592037e-03 3.019927536231887394e-03
1.638732394366196679e-02 -3.349816849816846052e-03
1.056609195402298182e-02 -4.198275862068967003e-03
-1.258992805755349009e-04 -3.781818181818173306e-04
-3.699275362318836958e-03 -3.954703832752606840e-04
-4.877300613496931420e-03 1.595959595959598821e-03
-3.793103448275856465e-03 -3.898467432950186631e-03
-6.947154471544706583e-03 1.378839590443685240e-03
4.919871794871795261e-03 2.135036496350383958e-04
-4.961077844311369452e-03 -5.036842105263153804e-03
-4.590277777777770386e-03 -1.687272727272725627e-03
2.245341614906836911e-03 6.199029126213596863e-03
-1.926229508196704884e-04 4.259927797833938830e-03
7.613281250000002859e-03 -1.768421052631576236e-03
1.364230769230769490e-02 -7.062706270627035730e-04
3.595588235294119948e-03 7.857142857142881314e-04
-5.772727272727266185e-03 3.931159420289863718e-04
3.476027397260278949e-03 4.695121951219517233e-03
-3.433862433862435760e-03 -3.109195402298847808e-03
6.342105263157905848e-03 4.778846153846156956e-03
1.434146341463415561e-02 5.393129770992367150e-03
-9.268939393939397073e-03 5.903426791277262276e-03
1.431632653061225280e-02 1.086345381526104608e-03
1.380463576158940005e-02 5.106779661016950904e-03
-1.498026315789472915e-02 6.054901960784316375e-03
-1.630952380952377465e-03 1.759328358208955660e-03
5.758620689655265506e-04 8.399999999999996012e-04
-4.949404761904759031e-03 -7.016728624535314811e-03
1.510818713450292651e-02 4.383268482490274356e-03
-2.467532467532457773e-03 5.046428571428575836e-03
-1.057575757575752182e-03 -3.905622489959837546e-03
-3.074468085106378881e-03 6.149425287356352935e-04
-3.016528925619834777e-03 -6.003861003860970665e-04
1.108333333333336602e-03 2.524752475247566568e-04
-3.619999999999988245e-03 -2.774131274131274964e-03
-2.513793103448264121e-03 2.880597014925378573e-03
1.541558441558441885e-02 -4.662544169611304405e-03
-2.298780487804873152e-03 3.557432432432433740e-03
-1.020707070707070445e-02 -2.952586206896530606e-04
-9.111111111111097616e-03 1.700704225352117323e-03
3.984472049689444587e-03 1.425650557620820489e-03
-1.607382550335569732e-02 7.960288808664254308e-04
6.620300751879709504e-03 4.072580645161302001e-04
-5.203030303030293548e-03 5.532534246575345621e-03
1.487301587301587298e-02 1.651360544217689947e-03
6.849593495934963409e-03 6.442307692307698563e-03
-1.602649006622512478e-03 6.197879858657247623e-03
1.022368421052631711e-02 4.950495049505092450e-05
3.170940170940174038e-03 -3.744855967078187988e-03
3.672727272727274121e-03 5.035185185185186811e-03
7.771084337349415047e-04 3.168402777777778664e-03
-5.736301369863007482e-03 6.852059925093635130e-03
2.388392857142865831e-03 5.022123893805311746e-03
-6.557894736842098497e-03 -2.033333333333328403e-03
4.007425742574264454e-03 -2.787003610108302557e-03
-1.034713375796177462e-02 4.986742424242422179e-03
-2.477272727272732903e-03 4.535836177474404651e-03
3.187500000000001530e-03 -2.667896678966787637e-03
-5.711920529801319674e-03 -1.298245614035064015e-04
1.898601398601402514e-03 -2.347058823529408252e-03
-2.999999999999998328e-03 6.877819548872184975e-03
-6.219827586206894479e-03 4.698996655518430433e-04
-7.238805970149239221e-04 4.775000000000000598e-03
1.449013157894736906e-02 1.868421052631579968e-03
-5.934108527131776167e-03 1.937050359712231412e-03
-5.359605911330047809e-03 -1.223404255319124930e-04
-3.162162162162157879e-03 -1.900000000000000213e-03
1.157251908396947013e-02 -3.965827338129494783e-03
-1.353658536585357949e-03 1.527272727272729327e-03
-1.094999999999999273e-02 1.766000000000001293e-03
-3.687499999999999372e-03 6.736842105263166937e-03
4.297872340425539645e-03 -1.408783783783782058e-03
-8.397637795275587902e-03 1.265267175572520322e-03
4.073863636363640219e-03 -1.926621160409554886e-03
1.992366412213744230e-03 -3.035055350553504672e-03
-9.319875776397510553e-03 -1.965116279069766252e-03
-4.488764044943822223e-03 -2.603773584905661755e-04
3.363333333333327988e-03 2.082375478927202608e-03
9.206451612903225612e-03 4.136029411764718293e-04
1.360156250000000601e-02 1.246478873239440042e-03
2.900763358778742930e-04 3.861591695501731883e-03
4.367052023121384755e-03 -2.254065040650404458e-03
1.395833333333335513e-03 3.037634408602151673e-03
-7.601156069364146560e-04 3.140794223826714679e-04
-3.147058823529405580e-03 5.061728395061734992e-04
2.532142857142864311e-03 4.294444444444447950e-03
1.442944785276073505e-02 3.818897637795274410e-03
-6.372928176795581573e-03 9.241877256317693320e-04
4.859477124182996419e-03 4.025000000000000799e-03
-1.443548387096774306e-02 -7.128623188405795036e-03
-1.019172932330826217e-02 1.675170068027214418e-03
1.782758620689656312e-03 3.039179104477619190e-03
-4.555900621118008469e-03 4.294871794871821052e-04
1.672265625000000575e-02 2.896907216494850040e-03
4.830459770114950598e-03 2.529535864978901729e-03
1.112828947368422160e-02 -5.379061371841149970e-03
-1.879562043795614040e-03 -1.215034965034963652e-03
2.347826086956520449e-03 3.440119760479047085e-03
8.097633136094675374e-03 -4.220883534136546551e-03
-8.237113402061848125e-03 1.290909090909093644e-03
5.174342105263164682e-03 5.831439393939398357e-03
4.318181818181821702e-03 5.738007380073806458e-03
3.435606060606068244e-03 9.026217228464422301e-03
-1.462096774193547520e-02 1.059615384615387144e-03
-3.486928104575160847e-03 -8.938223938223927283e-04
1.309489051094890784e-02 6.643333333333337025e-03
1.016312056737588530e-02 3.498293515358372923e-04
-4.562499999999989307e-03 -1.671874999999997148e-03
-5.243421052631575159e-03 2.785714285714288932e-03
8.245562130177528162e-03 -1.512867647058822092e-03
3.874301675977655061e-03 5.793560606060606764e-03
-3.101398601398593687e-03 1.675097276264591890e-03
2.395454545454544365e-03 9.486159169550171730e-03
1.298161764705882924e-02 5.136842105263157536e-03
7.101769911504490123e-04 1.470472440944886085e-03
-1.367256637168131912e-03 1.512605042016808635e-03
-6.682795698924721105e-03 2.316602316602576014e-05
3.754237288135598826e-03 -3.610108303249098902e-03
5.933962264150942530e-03 5.085836909871261930e-04
1.120000000000007274e-03 1.126353790613721052e-03
2.513888888888892760e-03 2.903846153846152255e-03
-5.180473372781058301e-03 3.768041237113404617e-03
-1.626016260162597721e-03 1.173992673992678513e-03
3.165540540540537785e-03 2.846303501945524755e-03
2.439024390243958815e-04 9.057312252964426838e-03
1.709558823529414495e-03 -3.535849056603773081e-03
-8.971014492753609862e-03 9.237588652482295109e-04
4.936170212765969914e-03 -9.572953736654806530e-04
9.144736842105256501e-04 1.765306122448983151e-03
-4.383458646616533554e-03 1.343283582089576050e-04
-1.516044776119402845e-02 3.723247232472326820e-03
1.979452054794528324e-03 -6.820987654320989461e-03
1.578625954198472833e-02 4.585483870967744548e-03
-1.577181208053694264e-03 -7.878787878787886804e-04
-1.086725663716813298e-02 1.134923664122137674e-02
-8.487654320987655368e-04 2.443579766536968425e-03
-2.549999999999996714e-03 -2.301694915254234343e-03
-1.975524475524474601e-03 2.493617021276596426e-03
9.193548387096785787e-04 -2.071698113207547792e-03
-7.884615384615336741e-04 -3.057632398753889948e-03
4.755102040816323178e-03 1.568265682656859374e-04
1.071935483870968021e-02 5.414285714285716096e-03
2.649122807017546388e-03 4.117741935483875543e-03
1.022916666666666766e-02 6.381625441696119061e-03
1.105151515151515766e-02 -1.628846153846154115e-03
3.539877300613500973e-03 3.802973977695167738e-03
-5.102739726027326166e-04 -2.971982758620690321e-03
2.738461538461539873e-03 3.534364261168388040e-03
1.661165048543690459e-02 3.621478873239442151e-03
-3.738562091503264129e-03 3.360377358490570458e-03
-6.090116279069756472e-03 -4.036842105263157253e-03
1.369915254237288015e-02 1.612704918032785385e-03
2.141304347826095741e-03 3.884773662551439712e-03
-9.666666666666452593e-05 -2.711397058823526718e-03
-3.192307692307688304e-03 -2.201520912547527773e-03
5.421259842519684548e-03 1.267857142857169725e-04
-1.155487804878045470e-03 3.664965986394560712e-03
-1.278921568627450558e-02 -1.331417624521071463e-03
4.744680851063835976e-03 -2.291379310344821962e-03
-2.019230769230766220e-03 -1.430041152263371350e-03
-5.126050420168029760e-04 2.890365448504985963e-03
6.065989847715736079e-03 -4.823636363636365880e-03
2.877358490566043949e-03 -6.336336336336274291e-04
3.986394557823134781e-03 1.142857142857143810e-03
3.042553191489367689e-03 8.853383458646630266e-04
-2.227999999999995175e-03 -1.321576763485474799e-03
3.682170542635718278e-04 2.035598705501619806e-03
-3.474576271186442279e-03 5.446043165467632889e-03
-4.655172413793095230e-03 8.472222222222244685e-04
4.965648854961834426e-03 5.617100371747212745e-03
4.877142857142855933e-03 -1.501766784452303002e-04
1.316187050359713361e-02 1.627777777777777470e-03
-4.774011299435019953e-04 2.198275862068966094e-03
-2.275735294117641784e-03 2.812727272727275334e-03
6.395522388059701399e-03 5.734090909090907434e-03
1.985074626865671217e-03 6.939781021897810723e-03
-4.024390243902411157e-04 2.780075187969928592e-03
1.106153846153846987e-02 5.278745644599304107e-04
-1.282142857142853877e-03 2.441558441558446414e-03
-4.081196581196576585e-03 -9.130434782608665579e-04
1.845578231292516885e-02 -2.935314685314680937e-03
-3.818181818181791334e-04 3.543478260869568214e-03
-1.228925619834710797e-02 -5.593537414965985173e-03
-1.132634730538921268e-02 3.457446808510637650e-03
6.535897435897443722e-03 3.732638888888887771e-03
-2.938931297709841467e-04 3.934426229508201055e-03
-2.729729729729727349e-03 1.060784313725496265e-03
1.108169934640523477e-02 5.865612648221345607e-03
-5.197368421052519843e-04 -5.048859934853385401e-04
1.671296296296301796e-03 -1.181102362204716695e-04
2.379310344827590459e-03 -3.408239700374528745e-03
4.232283464566939483e-03 -2.558303886925793278e-03
2.294303797468361019e-03 6.100000000000006459e-03
8.883495145631073106e-03 2.529010238907856978e-03
5.332191780821915819e-03 -6.628664495113981755e-04
2.285542168674698990e-02 -3.091254752851708369e-03
-3.260330578512389121e-03 8.400735294117666957e-04
-2.762711864406779821e-03 -2.695167286245314501e-04
2.537414965986400667e-03 1.425650557620819188e-03
1.986249999999999127e-02 -4.853479853479862691e-04
3.178343949044588283e-03 -3.733333333333339692e-04
9.219576719576721285e-03 4.758928571428571938e-03
-1.621428571428570539e-02 -3.638783269961979022e-03
1.340502793296089422e-02 3.593220338983052833e-03
2.369918699186987325e-03 4.604166666666668732e-03
6.393203883495143444e-03 5.525581395348842101e-03
6.275590551181103524e-03 1.441979522184300708e-03
-2.932065217391299598e-03 -3.080078124999998182e-03
1.944444444444445039e-03 -4.887931034482751597e-03
5.685714285714289599e-03 -9.433962264149380321e-06
1.195222929936305342e-02 5.874125874125897540e-04
3.995726495726500439e-03 2.227739726027400374e-03
4.447761194029851810e-03 6.494464944649466645e-04
-5.761146496815283333e-03 9.380165289256217924e-04
1.626016260162604877e-03 2.383233532934140621e-03
2.968965517241384765e-03 -5.445783132530121473e-03
1.406284153005464728e-02 9.870550161812560166e-05
-3.465317919075142691e-03 9.355018587360599061e-03
-8.435606060606051435e-03 1.335570469798663196e-03
-3.099415204678362696e-03 3.803418803418803958e-03
-9.293650793650786238e-03 3.683928571428574106e-03
2.811728395061730175e-03 8.370535714285709484e-04
2.059440559440568579e-03 4.134751773049648478e-03
1.217877094972070594e-03 3.440766550522648352e-03
3.598360655737706856e-03 -3.056159420289850364e-03
-5.038759689922511125e-04 2.670781893004115209e-03
3.091304347826082186e-03 5.590579710144931609e-03
2.192213114754099079e-02 3.475083056478407793e-03
2.722602739726027142e-03 -2.962962962962962816e-03
4.461864406779664921e-03 2.731343283582089460e-03
3.743975903614456778e-03 -1.341176470588235827e-03
-3.127840909090904772e-03 -2.083333333333330269e-03
2.234449760765556351e-03 -1.629562043795617504e-03
1.555172413793103232e-02 3.410839160839159844e-03
1.862500000000008680e-03 1.301223241590217022e-03
6.161073825503357061e-03 3.774368231046934356e-03
1.021008403361345178e-02 1.972527472527476743e-03
4.782608695652175446e-03 4.758364312267680959e-04
1.882352941176470857e-03 2.702755905511814230e-03
1.158682634730543587e-03 2.026978417266190810e-03
1.353124999999998426e-03 -1.282846715328463810e-03
8.043956043956050281e-03 5.652416356877325819e-03
2.202884615384615233e-02 4.070469798657720857e-03
-1.644217687074829917e-02 5.591269841269841390e-03
6.521739130435202166e-05 1.371841155234658841e-03
6.241610738255034228e-03 4.590405904059040830e-03
5.871710526315793502e-03 2.680000000000002693e-03
-3.825203252032518229e-03 2.717105263157899159e-03
1.915845070422534518e-02 -2.488764044943820881e-03
3.052777777777780990e-03 -2.257246376811589822e-03
-4.385826771653541199e-03 3.398437499999999549e-03
8.796969696969688529e-03 6.756250000000000103e-03
2.645038167938935057e-03 3.927756653992396825e-03
3.257225433526016612e-03 -1.335341365461847505e-03
-4.524590163934422669e-03 2.980427046263348090e-03
1.264462809917355456e-02 -1.231448763250881121e-03
1.413600000000000620e-02 -2.444866920152092074e-03
7.965811965811963116e-03 -1.871244635193134191e-03
-1.279816513761467510e-02 -2.370722433460072543e-03
3.048000000000006000e-03 -2.166064981949415377e-04
3.908759124087596466e-03 -2.373188405797071381e-04
6.723999999999998207e-03 -1.866319444444442151e-03
-7.398026315789469481e-03 2.358156028368795301e-03
-9.840277777777772447e-03 -2.297665369649800737e-03
5.368098159509272294e-04 -9.115755627009616445e-04
1.517647058823530168e-02 1.955056179775285959e-03
-3.484939759036144533e-03 2.129343629343632017e-03
8.375886524822703447e-03 1.158730158730158968e-03
8.255395683453240624e-03 3.485130111524165249e-03
2.402027027027031376e-03 5.220538720538725301e-03
5.279005524861882064e-03 8.745874587458743162e-04
-6.365217391304349437e-03 2.320866141732284317e-03
-6.465909090909091606e-03 2.000000000000087577e-05
-1.537179487179486832e-02 -6.588983050847452196e-04
-5.351265822784803845e-03 -1.649805447470817626e-03
-9.074803149606286770e-03 2.935714285714287591e-03
1.357142857142861012e-03 2.056201550387599334e-03
8.416107382550348098e-03 3.026422764227641640e-03
9.156934306569350021e-03 5.892255892255896660e-03
7.711267605633821470e-04 2.234042553191492499e-04
-1.018749999999998997e-02 1.484444444444446435e-03
-2.442675159235668542e-03 5.641544117647060569e-03
4.576923076923200768e-04 1.784452296819799273e-04
4.616438356164391001e-03 -1.046099290780147181e-04
1.211956521739130863e-02 -5.909090909090899653e-04
6.541379310344834844e-03 -2.814285714285715348e-03
8.707386363636366797e-03 7.181208053691293938e-04
-5.672955974842758091e-03 1.802867383512552326e-03
1.465566037735848912e-02 1.529940119760485415e-03
-3.665517241379308549e-03 -1.665384615384615449e-03
-3.944078947368414786e-03 -2.086885245901639024e-03
-1.197115384615382409e-03 -1.838842975206609514e-03
8.322033898305091285e-03 1.800000000000004288e-03
2.500000000000003521e-03 2.559870550161814657e-03
1.511718750000002210e-03 2.377622377622418657e-04
1.750000000000004590e-03 2.669322709163339611e-04
7.525735294117652519e-03 -8.130081300812747915e-05
1.896428571428576682e-03 5.956834532374109467e-03
-5.711409395973158533e-03 -4.239208633093524171e-03
-4.900900900900897854e-03 -1.385281385281391948e-04
-9.293650793650791442e-03 -5.720883534136541812e-03
1.105714285714287301e-02 -2.232217573221756835e-03
1.254761904761904530e-02 4.380281690140847006e-03
4.624324324324326045e-03 2.299003322259138195e-03
8.739285714285718529e-03 1.237642585551332200e-03
-5.048128342245983974e-03 -3.106312292358790459e-04
-2.637254901960784173e-03 2.875939849624101316e-04
1.433112582781456527e-02 1.636194029850752399e-03
9.482035928143719636e-03 2.685512367491168281e-03
4.557894736842109731e-03 -1.334693877551020209e-03
-3.620300751879694263e-03 2.498355263157899832e-03
1.483636363636363885e-02 -6.666666666666635002e-04
6.184027777777788282e-03 -1.538869257950526608e-03
5.728000000000008259e-03 5.019455252918294088e-04
-2.065891472868221397e-03 5.205533596837945420e-03
-3.432098765432101996e-03 1.383275261324043133e-03
9.171641791044776032e-03 5.177655677655676990e-03
2.635185185185184159e-02 -1.107382550335547224e-04
3.207602339181287593e-03 4.906367041198517491e-04
6.515060240963858711e-03 1.774914089347082733e-03
-5.100502512562814922e-03 5.056179775280914392e-04
3.528455284552842880e-03 1.531456953642386680e-03
9.692592592592596396e-03 1.864919354838713789e-03
6.584375000000000817e-03 3.836917562724014973e-03
2.764462809917349849e-03 5.050347222222225166e-03
-1.651408450704225372e-02 -5.393728222996514894e-03
-3.126984126984122623e-03 2.058176100628934541e-03
2.188356164383569499e-03 -3.258771929824560813e-03
3.494285714285714096e-03 2.781733746130034268e-03
-9.837209302325568630e-03 5.919421487603304319e-03
-1.337083333333332832e-02 -2.013779527559051829e-03
1.088461538461537714e-03 1.471014492753623367e-03
1.730967741935484847e-02 -5.147540983606557242e-03
1.016037735849056531e-02 2.278409090909093090e-03
8.229166666666669350e-03 4.595070422535215728e-03
-5.299999999999993952e-03 2.842809364548576440e-05
-7.048872180451124826e-03 -2.399999999999998489e-03
9.285714285714291236e-03 -1.423076923076920571e-03
2.033557046979861480e-03 6.627450980392160258e-04
1.967320261437917155e-03 2.422310756972113031e-03
1.849371069182390720e-02 -5.650000000000001375e-03
6.156565656565657005e-03 -2.908163265306123058e-03
-1.986301369863011090e-03 -1.277586206896548547e-03
-2.991525423728808638e-03 1.877682403433479641e-03
-3.034883720930224311e-03 2.634099616858237222e-03
3.360576923076920557e-03 5.229007633587788280e-04
4.631756756756763051e-03 9.409961685823753363e-03
5.608000000000006209e-03 8.814814814814820026e-04
2.546255506607938198e-03 1.399103139013452507e-03
4.224000000000002926e-03 -7.211538461538461071e-03
-1.022900763358776128e-03 4.209507042253524817e-03
-9.361702127659571456e-04 3.011583011583011862e-03
2.318584070796462712e-03 -1.007462686567158145e-03
-1.711656441717785380e-03 9.963636363636376760e-04
2.002980132450330950e-02 -8.831615120274895637e-04
1.378807947019867683e-02 5.602766798418974507e-03
1.013445378151260449e-02 -3.291366906474803961e-04
-8.970588235294070512e-04 -5.787202380952378988e-03
6.541935483870964588e-03 -6.301652892561968164e-04
-4.515463917525761907e-03 5.912547528517138459e-04
1.234507042253520613e-02 -5.693215339233034843e-04
1.324125874125874243e-02 8.556485355648540524e-04
5.014084507042266062e-03 -2.148437499999584490e-05
4.078947368421056117e-03 1.648496240601505462e-03
3.053846153846147445e-03 -3.949090909090908173e-03
-2.363281249999998630e-03 3.650763358778628780e-03
1.750000000000002639e-03 -8.903225806451612809e-03
6.925675675675738293e-04 2.693548387096774809e-03
-9.658450704225345421e-03 4.913602941176470514e-03
-1.155555555555551383e-03 4.048951048951054434e-03
-9.062992125984249692e-03 3.225454545454546976e-03
-9.861111111111129507e-04 7.321428571428617582e-04
3.713235294117646097e-03 1.478260869565217912e-03
3.296551724137929736e-03 -3.210317460317459355e-03
1.033783783783788881e-03 -4.676258992805480138e-05
6.874193548387102018e-03 2.704545454545455568e-03
-5.605633802816901989e-03 3.260299625468166766e-03
-1.323529411764685167e-04 8.302919708029240890e-04
-8.873134328358196071e-03 2.008547008547034675e-04
1.145238095238095000e-02 3.926421404682276656e-03
-5.907051282051269461e-03 -6.181132075471695506e-03
9.504098360655742136e-03 -2.576612903225804305e-03
1.255033557046984294e-03 3.749221183800627993e-03
-4.614814814814812913e-03 -9.600760456273753872e-04
4.639097744360903657e-03 1.649805447470816108e-03
-8.532710280373822023e-03 -7.140151515151514725e-04
-2.354838709677410744e-03 5.952000000000005030e-03
3.958715596330274894e-03 -3.147686832740212090e-03
9.568181818181821160e-03 1.653985507246377891e-03
-6.172413793103454296e-04 -5.114785992217897419e-03
4.604895104895106832e-03 1.332699619771869149e-03
-9.356060606060619036e-04 2.017241379310347367e-03
3.887096774193553057e-03 4.627147766323028329e-03
-1.200892857142856970e-02 4.180161943319837120e-03
-8.749999999999993894e-03 1.581349206349207375e-03
2.068965517241357305e-04 -2.235849056603772273e-03
-2.591216216216214122e-03 -6.043165467625865196e-04
6.781065088757398315e-03 -4.578947368421050490e-03
-6.390977443609003206e-04 7.518115942029000073e-04
5.937500000000054063e-04 -2.724215246636769918e-03
1.010317460317460350e-02 -6.453124999999992721e-03
8.750000000000017529e-04 4.301498127340827073e-03
-8.564885496183193003e-03 4.967971530249114427e-03
-1.027374301675977077e-02 -9.144295302013401034e-04
4.075471698113208516e-03 1.585227272727274392e-03
2.018852459016393444e-02 6.082720588235294469e-03
-4.084795321637421997e-03 3.227554179566567445e-03
2.138036809815953287e-03 2.316326530612247345e-03
8.625000000000073580e-04 -1.132411067193675371e-03
-2.243421052631569892e-03 6.171617161716236007e-04
-1.088554216867468859e-02 5.115530303030303184e-03
3.310000000000008682e-03 3.408333333333332660e-03
5.614379084967318842e-03 1.598591549295779119e-03
-9.013986013986004936e-03 1.692708333333333608e-03
-1.111111111111131358e-04 -8.879003558718841053e-04
-4.264957264957259901e-03 7.894736842105833812e-05
8.416666666666667782e-03 6.897689768976943570e-04
3.832167832167826874e-03 -3.660883280757094415e-03
4.381443298969074814e-03 -6.711864406779615095e-04
2.550335570469800667e-03 2.512499999999995640e-03
6.656462585034017901e-03 -3.150826446280989394e-03
7.540322580645060372e-04 -3.605166051660514768e-03
-2.159722222222221731e-03 2.878099173553719421e-03
-5.117647058823527120e-03 2.878181818181820527e-03
1.216666666666667458e-02 -3.946280991735517528e-04
1.561068702290076878e-03 6.415770609319024816e-04
-5.099173553719008392e-03 3.724452554744529451e-03
1.028925619834714349e-03 5.907258064516154004e-04
3.257246376811592445e-03 1.790983606557379959e-03
-6.701438848920859490e-03 3.492000000000002480e-03
5.106936416184973057e-03 3.339622641509432804e-03
1.189716312056737779e-02 -5.138671875000001311e-03
8.103817697993842708e-18 1.881889763779527559e-03
-4.315068493150631687e-04 1.884476534296029458e-03
2.581871345029242929e-03 1.845637583892638519e-04
1.190259740259741808e-02 -6.265999999999994664e-03
2.377094972067041612e-03 1.041666666666666869e-03
-2.988165680473369584e-03 5.927364864864869895e-03
-6.719696969696963181e-03 -5.736156351791527400e-03
-1.007692307692300811e-03 -1.539840637450197230e-03
1.114400000000000807e-02 3.501984126984128160e-03
5.843511450381685957e-03 4.284132841328417048e-03
5.365546218487393659e-03 -1.865079365079352826e-04
6.227272727272735800e-03 -4.840996168582374810e-03
1.370312500000001044e-02 4.061371841155240331e-03
8.199218749999993838e-03 -7.817164179104457320e-04
-1.191874999999999532e-02 -3.250957854406129680e-03
8.919708029197077198e-03 -9.480519480519491136e-04
1.026158940397350720e-02 6.043956043956068887e-04
2.987179487179492023e-03 3.100340136054424277e-03
-2.434659090909086290e-03 2.677655677655678239e-03
1.951048951048959352e-03 -1.639004149377595691e-03
-5.996527777777766431e-03 -3.333333333333348401e-04
9.284246575342472788e-03 1.342629482071716011e-03
3.699218750000003286e-03 8.504823151125408959e-03
1.322033898305087236e-03 -3.072265624999999910e-03
-9.100917431192659737e-03 2.804964539007094668e-03
9.081481481481487247e-03 3.766666666666672065e-03
1.073355263157895617e-02 2.591796875000000784e-03
1.673228346456697877e-03 -1.181818181818178846e-03
9.973684210526316887e-03 -1.850553505535052195e-03
5.641791044776114407e-03 4.259259259259828444e-05
6.377622377622379005e-03 -3.405017921146957197e-04
1.903968253968254740e-02 3.361702127659572849e-03
1.355555555555555507e-02 -1.829861111111107629e-03
-6.973404255319141584e-03 -2.805343511450373445e-04
3.683098591549299229e-03 9.634551495016878278e-05
-6.135802469135792810e-03 -2.924914675767915830e-03
-8.637323943661966846e-03 -9.036885245901647495e-04
5.504424778761065132e-03 -1.661214953271028570e-03
7.177631578947372970e-03 7.000000000000011855e-04
2.112068965517252723e-04 5.635135135135136038e-03
1.266956521739131050e-02 3.664556962025317284e-03
-2.369047619047615679e-03 -3.746323529411759411e-03
5.230366492146600564e-03 5.261016949152542456e-03
5.572916666666661786e-03 2.236363636363640495e-03
3.860902255639103893e-03 3.944029850746271111e-03
9.701704545454553283e-03 -3.908620689655173050e-03
-1.829861111111108496e-03 -5.416974169741696141e-03
4.818452380952384199e-03 -3.327338129496402314e-03
1.007297297297297251e-02 2.927304964539009357e-03
6.901408450704228648e-03 7.445736434108531782e-03
5.334782608695654363e-03 1.696226415094343127e-03
1.009487179487180038e-02 -1.312949640287770607e-03
1.369642857142857467e-02 1.731939163498099222e-03
1.225935828877005099e-02 -2.559233449477351340e-03
1.949404761904766342e-03 -6.918604651162785875e-04
-1.493292682926827819e-02 2.765503875968993840e-03
7.021472392638034889e-03 1.986988847583644191e-03
-6.065217391304345181e-03 2.813380281690144608e-03
-3.337349397590362414e-03 -1.725999999999999453e-03
3.920689655172416958e-03 3.103524229074890433e-03
3.149006622516561504e-03 1.635826771653547430e-03
3.603305785123973436e-03 1.974832214765105155e-03
4.490625000000006764e-03 5.424901185770751415e-03
-7.240112994350275666e-03 3.695571955719557239e-03
-3.874999999999993901e-03 -3.526217228464416115e-03
3.333333333333339619e-03 -5.561594202898524804e-04
2.505988023952107017e-03 -1.109154929577457001e-04
-2.954545454545442779e-04 -4.358208955223881464e-03
-1.971337579617832552e-03 -4.494718309859149601e-03
-1.213961038961039116e-02 -5.041528239202654194e-03
3.743801652892566559e-03 -1.452282157676322897e-04
-4.827868852459010415e-03 4.985347985347990916e-03
5.286624203821661122e-03 3.026748971193416165e-03
7.917763157894740222e-03 1.672862453532069596e-05
-4.970370370370361113e-03 -2.069548872180452040e-03
1.076845637583893033e-02 -8.710247349823294202e-04
1.559375000000000344e-02 -1.835390946502057181e-03
1.242473118279570354e-02 -1.263986013986012581e-03
6.925806451612903820e-03 1.010638297872375836e-04
1.343939393939394718e-02 1.366920152091257975e-03
1.226397515527950267e-02 2.928571428571436950e-04
6.550000000000002869e-03 2.953900709219857944e-03
8.612804878048789872e-03 6.384210526315792569e-03
4.784172661870501712e-03 -3.643410852713177116e-03
-2.176991150442474966e-03 -1.697416974169648905e-04
1.126495726495726178e-02 1.265845070422539579e-03
1.421376811594203191e-02 5.161870503597143197e-04
-1.080152671755726587e-03 -4.252707581227436508e-03
5.717877094972071556e-03 3.949416342412464349e-04
2.223837209302333487e-03 3.462500000000000300e-03
1.187662337662338113e-02 2.182330827067670547e-03
7.413793103448281961e-04 -1.387966804979249734e-03
-1.042121212121211934e-02 2.722222222222231772e-04
3.437500000000002619e-03 7.890334572490708201e-03
8.833333333333335396e-03 3.194174757281556185e-03
-1.515873015873008467e-03 4.956363636363636353e-03
1.239597315436241631e-02 -1.520833333333326571e-04
9.611111111111113672e-03 2.575313807531380821e-03
-2.225308641975304140e-03 2.875862068965522392e-03
1.087323943661971590e-02 -1.610671936758891962e-03
3.154088050314465905e-03 6.267241379310347672e-03
-2.180272108843536207e-03 -3.008650519031141283e-03
-1.504471544715447161e-02 -1.162587412587407897e-03
4.371428571428572114e-03 4.196428571428575775e-03
1.347023809523809415e-02 -5.104895104895072581e-04
2.699074074074081162e-03 3.630363036304009444e-05
-8.723880597014921703e-03 5.972222222222255475e-04
2.200000000000000566e-03 -3.111320754716980202e-03
1.646788990825690533e-03 2.430000000000002471e-03
-7.532894736842060939e-04 -1.256802721088432677e-03
3.003030303030305558e-03 4.245247148288978922e-03
-4.778481012658218011e-04 -1.266528925619835391e-03
1.566878980891723595e-03 -9.863281249999997918e-04
-3.746376811594201613e-03 -7.842465753424642623e-04
3.699324324324329474e-03 2.077338129496408576e-03
-1.286956521739129888e-02 2.583038869257954853e-03
-7.364457831325296397e-03 -3.134920634920608518e-04
6.823741007194246422e-03 1.848184818481876841e-04
-5.949999999999996091e-03 -4.592741935483871801e-03
-1.138888888888884600e-03 3.102517985611515528e-03
-1.605844155844154617e-02 -1.045977011494253484e-03
2.892561983471076802e-03 3.626609442060116633e-04
-1.815789473684206821e-03 6.714007782101169552e-03
4.125714285714282906e-03 -2.038759689922478319e-03
5.104895104895105541e-03 3.636200716845878686e-03
-2.698170731707312531e-03 3.510373443983402352e-03
1.132075471698108489e-03 1.050185873605949437e-03
5.136986301369905880e-04 6.119433198380566825e-03
8.339130434782621518e-03 -2.469964664310949406e-03
-1.439285714285706537e-03 -1.449999999999999900e-03
2.208636363636364008e-02 -5.522648083623670715e-04
-2.003968253968250145e-03 -6.979166666666651543e-04
-3.598360655737700784e-03 3.276556776556777129e-03
8.442028985507273736e-04 -2.528735632183906623e-03
-3.048148148148147486e-03 -2.559670781893001734e-03
7.069518716577546762e-03 1.837370242214538636e-03
-9.823943661971836199e-04 -3.958333333333333669e-03
-7.629870129870093814e-04 2.115830115830119769e-03
-5.478723404255253634e-04 4.714285714285715127e-03
-4.999999999999845741e-05 3.955390334572491708e-03
7.136718750000005038e-03 2.901023890784986976e-03
-2.429999999999997700e-03 2.071713147410362329e-03
4.302238805970150758e-03 -2.633047210300428452e-03
2.323863636363636929e-03 1.498039215686274234e-03
1.467532467532472714e-03 6.409663865546217504e-03
-8.109154929577460508e-03 3.392193308550188382e-03
-1.469613259668508956e-03 -3.584070796460193118e-04
1.069291338582677164e-02 3.154981549815519455e-04
6.377952755905522304e-03 1.937716262975794162e-04
7.073825503355712745e-03 -1.777372262773720037e-03
2.029452054794520302e-02 -4.852750809061486502e-03
2.238582677165354765e-02 6.116776315789480487e-03
3.048951048951055714e-03 -1.359999999999947405e-04
-1.643333333333339957e-03 9.794776119402988628e-04
5.846666666666668413e-03 5.311111111111113670e-03
1.596212121212121915e-02 1.176829268292683105e-03
1.212500000000000556e-02 -6.650579150579149189e-03
-5.026845637583885265e-03 1.650579150579155373e-03
-1.330172413793102339e-02 9.960937499999943795e-05
-7.500000000000031598e-04 9.516129032258078494e-04
-7.098425196850377365e-03 -2.036144578313249867e-03
5.143333333333336560e-03 -1.378839590443683722e-03
-5.741610738255032917e-03 -1.672480620155040662e-03
-7.402173913043475634e-03 5.465838509316790772e-04
3.858156028368794465e-03 -1.669611307420492590e-03
-4.902234636871500954e-03 1.711743772242001410e-03
4.449152542372927766e-04 5.444852941176472720e-03
1.711744966442952862e-02 3.927884615384620408e-03
-1.246212121212116530e-03 -1.695723684210524067e-03
4.266871165644180001e-03 6.053811659192830834e-04
5.075949367088615320e-03 1.963768115942030133e-03
-4.353591160220983587e-03 2.256410256410258837e-03
7.127659574468083944e-03 -2.435684647302903579e-03
5.567226890756307028e-03 -1.397849462365562340e-04
-5.100671140939594395e-03 -3.804421768707477985e-03
6.400662251655630901e-03 -2.125939849624058475e-03
1.972656250000007824e-03 -2.612831858407079714e-03
-8.023936170212762897e-03 3.833910034602081886e-03
-3.181818181818181056e-03 9.470989761092181436e-04
1.776729559748426108e-03 3.292721518987343741e-03
-1.081168831168825579e-03 -6.065292096219875939e-04
7.083333333333336444e-03 2.836330935251802406e-03
-7.852112676056375879e-04 -2.617063492063492151e-03
-1.629921259842519177e-02 1.738955823293174231e-03
-2.555555555555536298e-04 2.050847457627118665e-03
1.743902439024403069e-03 4.402723735408563786e-03
-3.337719298245617281e-03 1.665427509293683104e-03
1.022368421052631711e-02 -3.124999999999971876e-04
1.781481481481480677e-03 3.536016949152542485e-03
-1.085365853658535815e-02 8.029197080291805609e-05
-1.359999999999994460e-03 -1.180555555555550798e-03
-1.153759398496239687e-02 2.226235741444870363e-03
-1.608264462809917000e-02 3.659574468085113712e-03
-7.928057553956830567e-03 -2.305243445692879960e-03
-1.025547445255474118e-03 8.339483394833973858e-04
3.068376068376069393e-03 1.277777777777780671e-03
4.098726114649689500e-03 4.058295964125560595e-03
6.522580645161288153e-03 -3.237132352941174320e-03
5.929530201342285423e-03 -1.658008658008654603e-03
-3.033112582781451703e-03 2.559322033898305763e-03
-6.345323741007186970e-03 -1.315789473684188270e-04
2.995689655172416484e-03 2.086330935251812040e-04
-1.191145833333332425e-02 3.808467741935485981e-03
2.878048780487807001e-03 5.291015625000001013e-03
-1.414516129032258006e-02 1.706730769230753420e-04
-4.094827586206857138e-04 1.068840579710143759e-03
-5.287878787878783245e-03 -1.316546762589926789e-03
6.358247422680414138e-03 -1.668439716312055971e-03
4.916243654822341144e-03 8.118971061093267381e-04
2.250000000000004167e-03 3.695219123505976300e-03
1.844262295081971603e-03 7.636704119850189904e-03
3.860169491525422027e-03 -1.680451127819549339e-03
-3.516666666666656664e-03 3.793103448275861669e-03
-1.126126126126119177e-03 -2.400375939849627976e-03
1.163953488372092976e-02 2.937293729372972067e-04
1.139473684210526479e-02 2.347014925373135889e-03
6.201550387597120208e-05 -1.239669421487420980e-05
2.424242424242466741e-04 1.870967741935485994e-03
-3.057377049180322586e-03 -2.913494809688579618e-03
-1.640624999999992350e-03 -1.257261410788380711e-03
7.226708074534164521e-03 6.536184210526320773e-03
-4.722222222222187686e-04 -3.034351145038162163e-04
-9.257812499999973528e-04 2.477186311787075903e-03
1.923076923077387317e-05 3.269896193771629385e-03
-5.123134328358201414e-03 -1.946502057613167837e-03
6.279329608938554255e-03 1.347985347985350066e-03
9.214285714285723461e-03 3.897058823529434869e-04
-1.769736842105259925e-03 -3.169811320754712530e-04
4.111111111111107920e-03 -1.761904761904762272e-03
-6.843971631205604620e-04 3.154237288135598553e-03
8.465277777777786838e-03 2.200819672131149041e-03
1.204968944099383144e-03 1.481273408239702207e-03
1.695652173913052762e-03 -1.511764705882353947e-03
-2.547169811320754238e-03 1.669230769230769205e-03
8.601694915254240459e-03 2.088679245283019126e-03
1.449999999999999900e-02 -1.237024221453286027e-03
7.930327868852459633e-03 7.471698113207553716e-04
2.919117647058828979e-03 1.253943217665617069e-03
6.744186046511631456e-03 -2.608695652173878120e-04
7.896551724137956980e-04 -3.127340823970054559e-04
9.861635220125786194e-03 -9.031620553359679011e-04
-3.612359550561792653e-03 1.576124567474050100e-03
-1.401984126984126035e-02 -6.822916666666656825e-04
5.549689440993794444e-03 2.160714285714288377e-03
2.352941176470591065e-03 7.978174603174606819e-03
6.091666666666678380e-03 1.938144329896911155e-03
1.160344827586207508e-02 -3.581132075471698661e-03
8.553719008264558084e-04 1.514925373134331024e-03
1.696099290780142196e-02 -1.363984674329503420e-03
-3.943089430894285521e-04 -3.164335664335630560e-04
-8.193430656934300171e-03 4.306620209059238390e-03
-4.844720496894331296e-04 4.351785714285716887e-03
-3.173184357541893562e-03 -2.453307392996108369e-03
1.435534591194968096e-02 -2.372549019607818625e-04
2.552173913043486331e-03 -7.836879432624115722e-04
1.314285714285713669e-02 3.466071428571432071e-03
1.537499999999999457e-02 -7.653846153846190518e-04
3.519999999999985272e-04 3.461382113821138539e-03
3.269503546099294250e-03 -2.855871886120997169e-03
2.630136986301373405e-03 1.334967320261441987e-03
-8.592592592592595896e-04 1.463414634146332734e-04
2.713017751479292281e-03 2.675438596491229275e-03
2.486486486486490406e-03 2.651574803149607442e-03
5.676470588235299312e-03 3.451388888888892725e-03
1.167295597484277123e-02 -7.427007299270068589e-04
-1.024603174603174079e-02 3.462365591397852799e-03
-1.586524822695034240e-02 6.324786324786332804e-04
6.602362204724413278e-03 -2.303082191780820957e-03
7.251724137931040912e-03 1.306273062730631826e-03
9.982352941176476924e-03 1.158671586715867303e-03
7.963114754098367387e-03 2.692156862745103026e-03
-1.969999999999999529e-02 -3.597122302158274002e-03
1.144444444444451181e-03 2.510683760683760438e-03
4.032679738562092511e-03 3.995145631067964671e-03
2.179389312977098991e-03 5.138339920948633991e-04
5.076666666666669429e-03 -1.308411214953264599e-03
8.775362318840579032e-03 2.406250000000002137e-03
-6.344262295081969094e-03 3.384751773049647378e-03
1.182075471698114215e-02 4.143369175627241961e-03
3.936708860759494631e-03 -1.107017543859647492e-03
9.729559748427674473e-03 5.845098039215691418e-03
1.226950354609928837e-02 1.667938931297712661e-03
1.763473053892222059e-03 3.353061224489798341e-03
5.529661016949157307e-03 -5.175182481751822855e-03
2.886861313868618276e-03 -4.778538812785388182e-03
-5.331491712707181301e-03 3.304964539007092944e-03
-3.834355828220800981e-04 4.184501845018452106e-03
3.712025316455700493e-03 4.956521739130434999e-03
3.337301587301591890e-03 3.959923664122140703e-03
-6.867187499999993956e-03 -3.392226148409891069e-03
2.419463087248322018e-03 -1.283505154639169631e-03
-1.379870129870118403e-03 9.126984126984130771e-04
-7.284172661870495259e-03 7.355102040816331732e-03
-7.382352941176461431e-03 2.884476534296030129e-03
9.596273291925465354e-03 5.789830508474578565e-03
-2.488549618320610047e-03 -1.680555555555554494e-03
7.930769230769232556e-03 2.474402730375429953e-03
1.838582677165357705e-03 4.300387596899227227e-03
-4.495798319327721018e-04 8.701550387596920224e-04
1.084166666666666265e-02 -3.999999999999997481e-03
8.187500000000012476e-03 6.141071428571434968e-03
5.891812865497074794e-03 5.958928571428575953e-03
-1.411949685534581592e-03 1.607142857142862969e-03
9.775735294117652782e-03 -1.804195804195803023e-03
3.284671532847042497e-05 -2.250922509225090299e-03
3.922764227642278750e-03 -2.696428571428565878e-04
6.388888888888887528e-03 -1.019011406844106153e-03
9.382758620689659115e-03 -1.616504854368928847e-03
1.320774647887324078e-02 1.417624521072804620e-04
-3.204419889502722364e-04 4.090000000000000753e-03
-7.766025641025632933e-03 -4.346613545816730394e-03
1.199999999999999505e-02 8.410852713178314710e-04
-6.762987012987004519e-03 -1.291666666666666224e-03
3.479508196721311196e-03 -1.932900432900432498e-03
-4.665413533834577436e-03 3.508771929829774970e-06
-7.314935064935062375e-03 2.666007905138344670e-03
4.836134453781515581e-03 6.636029411764744366e-04
-6.129729729729718052e-03 -3.051418439716310858e-03
-8.608843537414966399e-03 3.063380281690147866e-03
-2.897959183673462589e-03 -1.464843749999990459e-04
2.680473372781070392e-03 -2.013207547169809826e-03
-8.107361963190172147e-03 5.298913043478264973e-03
1.196186440677966638e-02 3.143617021276596830e-03
1.280059523809522551e-02 -3.665505226480835713e-03
-1.001048951048950225e-02 1.154901960784313498e-03
-8.892857142857139852e-03 5.110266159695816927e-03
3.047222222222231540e-03 2.960526315789472479e-03
3.414414414414418744e-03 2.983870967741937812e-03
6.875000000000002637e-03 2.182456140350880810e-03
8.933884297520658727e-03 -1.144531249999998414e-03
1.613025210084034419e-02 3.011261261261261209e-03
5.737226277372267300e-03 4.419413919413923107e-03
-1.782738095238089191e-03 3.013698630136988146e-03
7.473333333333336166e-03 8.919413919413958329e-04
-6.403225806451608854e-03 1.529824561403509342e-03
2.800000000000013849e-04 5.375000000000002172e-03
1.042016806722688644e-03 2.975409836065577920e-03
2.051094890510946935e-03 -4.761092150170652469e-04
8.333333333333386994e-04 1.458498023715418214e-03
-6.895424836601291105e-04 1.992727272727273184e-03
-2.551470588235288297e-03 -3.278723404255317470e-03
-6.240157480314956727e-03 3.054687499999998810e-03
-1.776223776223766855e-03 1.450381679389324845e-04
6.949704142011834708e-03 -4.256317689530683332e-03
4.295302013422819254e-03 4.406250000000003046e-03
7.857142857142879145e-04 2.152329749103944374e-03
-8.818471337579609701e-03 -2.969696969696968957e-03
-6.418604651162789117e-03 2.734657039711195416e-03
3.433774834437084214e-03 1.289789789789790595e-03
1.466867469879519796e-03 4.094202898550725923e-03
4.270588235294122369e-03 2.980132450331126476e-03
8.386243386243431375e-04 3.800699300699305130e-03
6.931451612903224632e-03 -3.057692307692307272e-03
2.636363636363641978e-03 -2.572607260726072435e-03
8.814814814814815255e-03 3.967857142857144498e-03
3.405109489051093806e-03 -4.716723549488053072e-03
1.608843537414966773e-02 2.220703125000002623e-03
-2.634782608695653353e-03 2.879770992366416284e-03
