1.256470588235295005e-02 -4.234496124031005872e-03
4.230769230769304166e-04 -2.154347826086956252e-03
1.007096774193548885e-02 -6.268199233716470128e-03
1.898507462686567504e-02 2.768518518518523451e-03
1.390853658536585907e-02 3.566287878787884492e-03
9.738281250000006481e-03 -2.821691176470583675e-03
1.167187500000000516e-02 -2.929078014184394001e-03
8.991573033707872531e-03 -8.222846441947562549e-03
6.362179487179482444e-03 -5.160869565217387003e-03
1.055555555555556281e-02 -3.726744186046509078e-03
1.063422818791946549e-02 -5.697802197802196572e-03
9.003105590062114583e-03 -3.421052631578936232e-03
2.023966942148759315e-02 -6.981949458483747810e-03
-2.434615384615385330e-03 9.777327935222731008e-04
7.370253164556970701e-03 -1.801115241635683085e-03
1.589523809523810463e-02 -8.662790697674414625e-04
4.412500000000000623e-03 -2.187969924812023514e-03
4.770700636942681004e-03 -1.821839080459765163e-03
2.805813953488373036e-02 3.806818181818211319e-04
1.051824817518248745e-02 -2.142857142857137326e-03
6.626865671641793409e-03 -5.208754208754206964e-03
-2.735294117647057988e-03 -2.533333333333330582e-03
1.932848837209302437e-02 -2.582352941176464887e-03
1.283620689655173321e-02 -7.016509433962258256e-03
3.233333333333337622e-03 -3.397111913357398361e-03
1.814596273291926853e-02 -4.236514522821573613e-03
8.821022727272732900e-03 -1.141129032258061515e-03
-3.992307692307689969e-03 -2.230769230769231483e-03
1.140588235294117889e-02 -2.072727272727271225e-03
1.300993377483443576e-02 3.555133079847958249e-04
1.758666666666666711e-02 -4.450592885375489680e-03
2.644230769230775449e-03 -9.265873015873011230e-04
1.264919354838709917e-02 -5.437716262975776996e-03
1.214583333333332620e-02 -4.185606060606017194e-04
2.471544715447154209e-03 -3.003597122302152558e-03
6.049132947976881489e-03 -6.008733624454147722e-03
1.402684563758391277e-03 -2.143115942028980987e-03
-9.935064935064860138e-04 -4.108527131782922087e-04
9.637096774193503086e-04 9.160447761194062373e-04
1.852760736196323692e-03 -3.867041198501872373e-03
2.338983050847458570e-02 -6.010330578512393732e-03
7.176470588235300645e-03 -4.313207547169808920e-03
1.787777777777777716e-02 5.148305084745832686e-04
2.799193548387096317e-02 -2.763565891472865958e-03
1.210670731707317455e-02 -6.546610169491498326e-04
8.027950310559009775e-03 -2.953586497890265815e-04
1.455194805194805208e-02 -5.384615384615380924e-03
1.478443113772455811e-02 -3.384083044982700260e-03
7.156716417910445431e-03 -5.435742971887552559e-03
-6.548295454545442068e-03 -6.199999999999996313e-03
8.187500000000010741e-03 -3.378839590443681595e-03
1.364569536423840962e-02 -2.019920318725098099e-03
7.547468354430383365e-03 -3.336776859504130693e-03
1.916037735849056289e-02 -2.338289962825277311e-03
-7.416107382550349812e-04 -2.632478632478631696e-03
-7.167630057803432535e-04 -3.973577235772357205e-03
2.838732394366197745e-02 -3.253246753246751433e-03
1.969480519480519554e-02 -3.488532110091740763e-03
1.097005988023952612e-02 -2.742063492063492262e-03
1.444557823129252218e-02 -2.661290322580674053e-04
1.099411764705883823e-02 -5.941704035874417712e-04
1.391366906474819816e-02 1.601886792452833887e-03
1.458181818181818017e-02 -1.813852813852806891e-03
1.023214285714285458e-02 2.610441767068411996e-05
1.778571428571429358e-02 -1.739361702127655094e-03
1.478571428571429439e-02 -3.184313725490191174e-03
2.172945205479451247e-02 7.270916334661352547e-04
2.507692307692307304e-02 -3.243027888446214924e-03
1.538150289017341070e-02 -1.595703124999996430e-03
1.320078740157480668e-02 -2.623318385650220009e-03
1.613829787234042842e-02 -6.349152542372877780e-03
-1.718954248366016740e-03 -3.787037037037034506e-03
1.455434782608696145e-02 -3.059322033898301003e-03
5.928571428571433218e-03 -4.277108433734934205e-03
3.182369942196531382e-02 -5.672661870503594404e-03
1.321929824561404211e-02 -4.074898785425096030e-03
1.432986111111111266e-02 -4.364806866952787058e-03
4.113636363636364451e-03 1.564705882352942449e-03
1.595454545454545736e-02 -4.507326007326008591e-03
8.183823529411774628e-03 -7.032921810699583991e-03
1.862244897959186487e-03 -1.084507042253520523e-03
9.493670886076696017e-05 -9.227777777777772250e-03
7.837209302325584201e-03 -2.319343065693425712e-03
1.877922077922078090e-02 -2.306083650190110957e-03
1.990170940170940192e-02 -1.441176470588232403e-03
5.297222222222227467e-03 -2.985106382978723345e-03
1.805136986301369983e-02 -3.806513409961681006e-03
6.065068493150688536e-03 -4.802127659574464275e-03
1.963522012578617498e-02 -5.505555555555553468e-03
1.283571428571429057e-02 -4.374074074074067557e-03
1.609644670050762102e-02 -6.132727272727268863e-03
1.725961538461538020e-02 -3.581447963800900823e-03
9.980620155038762153e-03 -7.922535211267588574e-04
-4.272388059701495711e-03 -2.329875518672194952e-03
1.804724409448818512e-02 -2.605158730158728831e-03
1.054782608695651464e-02 -5.851503759398491225e-03
7.139455782312921321e-03 -6.124031007751899215e-04
1.387000000000000385e-02 -1.186475409836060474e-03
4.461240310077518346e-03 -5.908239700374524894e-03
1.657615894039735430e-02 -2.249999999999998095e-03
1.720738636363636567e-02 -3.171487603305785281e-03
1.567307692307692499e-02 -2.882743362831856251e-03
1.423648648648648783e-02 -2.421755725190836463e-03
1.658518518518519586e-02 -6.366795366795364661e-03
5.618518518518520952e-03 -1.962825278810407127e-03
1.504333333333333217e-02 -1.908898305084741776e-03
1.468786127167630816e-02 -1.133771929824556324e-03
1.261746987951808258e-02 -3.547413793103445026e-03
1.964465408805031454e-02 -3.872759856630821323e-03
2.059281437125748751e-02 -7.481203007518755655e-04
5.475757575757581735e-03 -7.256916996047425503e-03
9.442073170731715703e-03 -4.566793893129768474e-03
1.691911764705883101e-02 -4.670258620689651634e-03
1.426190476190476904e-02 -4.318181818181811293e-03
2.030000000000001595e-02 1.148936170212813576e-04
1.802631578947374701e-03 -3.601239669421483960e-03
1.955089820359289313e-03 -4.368150684931503339e-03
8.040740740740738926e-03 -1.258474576271182126e-03
1.751219512195121772e-02 -6.584362139917668885e-04
5.254237288135597556e-04 1.554435483870970263e-03
5.392857142857143682e-04 -6.127376425855512662e-03
6.676056338028164144e-03 -1.914062499999998231e-03
7.100000000000005612e-03 -5.701465201465198869e-03
3.443181818181824828e-03 -6.065610859728503591e-03
1.381402439024390083e-02 -3.102150537634402842e-03
1.168831168831169220e-02 -4.041237113402058184e-03
5.160000000000022425e-04 6.333333333333382833e-04
3.172000000000004677e-03 -1.991735537190076830e-03
2.279605263157899204e-03 -1.902255639097743525e-03
2.914583333333333262e-02 -2.576470588235289447e-03
1.262244897959184133e-02 -5.225877192982454969e-03
1.533680555555555491e-02 -4.514644351464434761e-03
1.091711229946524392e-02 -3.903433476394845870e-03
1.748743718592965166e-02 -1.017578125000000253e-03
1.684671532846716141e-02 -1.998127340823964253e-03
1.269480519480519799e-02 -2.545620437956201427e-03
1.678074866310160645e-02 -4.455252918287935099e-03
1.307876712328767330e-02 8.617886178861854096e-04
1.112676056338028109e-02 -3.634765624999995639e-03
8.075539568345330502e-03 -2.292951541850213239e-03
2.068918918918919228e-02 -5.208633093525178760e-03
7.880794701986769055e-03 -3.654513888888888135e-03
1.288983050847457464e-02 -1.983928571428568779e-03
2.239142857142856907e-02 -3.934456928838949569e-03
-4.424242424242424282e-03 -4.466535433070864536e-03
2.132051282051282762e-02 -3.840707964601767013e-03
1.515873015873023429e-03 -1.046125461254611075e-03
3.314516129032259693e-03 -3.662671232876706789e-03
6.830985915492960442e-03 -1.995327102803733706e-03
1.815602836879433996e-02 -1.880753138075308764e-03
2.548641304347825862e-02 -5.100760456273762018e-03
5.660305343511454548e-03 -5.431034482758621438e-04
1.697321428571428245e-02 -7.386363636363630150e-03
1.669230769230769726e-02 -5.650655021834056352e-03
2.062499999999999403e-02 -8.943089430894263399e-04
2.951851851851852726e-02 -2.079646017699086598e-04
4.604895104895109434e-03 -3.910112359550560641e-03
1.730201342281879537e-02 9.851301115242195965e-05
2.078395061728395207e-02 -3.360995850622357684e-04
1.797651006711409663e-02 -2.549019607843135225e-03
7.565217391304354319e-03 -4.256048387096768824e-03
1.584242424242424813e-02 -5.290178571428506274e-04
1.919108280254776602e-02 -1.039426523297455206e-04
1.651342281879194726e-02 1.073660714285723603e-03
1.783660130718954170e-02 -2.645491803278686438e-03
1.655688622754491329e-02 -2.267206477732789435e-03
4.667938931297710772e-03 -2.451063829787234003e-03
1.391566265060241447e-02 -1.049999999999999198e-02
1.083687943262411600e-02 1.895238095238098485e-03
9.536423841059626276e-04 -4.683397683397682795e-03
3.305232558139541491e-03 -6.351190476190470349e-03
9.643333333333335353e-03 3.323741007194245915e-03
2.764227642276424063e-03 -3.356617647058813755e-03
1.907467532467533103e-02 4.334763948497885209e-04
1.228124999999999009e-02 -3.520089285714281778e-03
1.274358974358974148e-02 -2.544827586206895031e-03
1.045726495726496258e-02 -3.170138888888883802e-03
1.331720430107527497e-02 -1.091417910447759843e-03
1.061042944785276290e-02 1.925000000000002881e-03
8.748466257668717841e-03 5.576208178438842402e-05
3.159722222222221752e-03 -2.219806763285021075e-03
1.096491228070175378e-02 -4.350840336134453520e-03
-3.417721518987333444e-03 -1.860557768924300413e-03
4.959731543624159786e-03 -1.519999999999975147e-04
1.331666666666667456e-02 -6.851351351351351975e-03
7.599337748344373727e-03 -1.339430894308941316e-03
2.560606060606062263e-03 -1.354085603112834945e-03
7.043650793650797250e-03 -5.207468879667987143e-04
7.681481481481477504e-03 -8.088803088803059836e-04
9.952554744525547725e-03 -5.737499999999998677e-03
1.247841726618705016e-02 -7.026819923371642289e-03
1.509541984732825498e-02 -3.971910112359544782e-03
1.171000000000001207e-02 -8.541811846689893392e-03
2.110632183908046217e-02 -1.724999999999999754e-03
2.140764331210192120e-02 -4.444444444444439236e-03
3.368421052631588673e-03 -1.720647773279351854e-03
1.093181818181818143e-02 -2.977272727272723372e-03
9.784810126582284273e-03 -8.348214285714252239e-04
7.315476190476192554e-03 -7.420634920634892927e-04
1.269520547945205725e-02 -4.369337979094073225e-03
1.426204819277108495e-02 -1.132692307692303091e-03
1.281297709923665158e-02 -2.411971830985913928e-03
1.941517857142857281e-02 -1.680555555555552326e-03
1.111450381679389594e-02 -5.192825112107619934e-03
-3.137362637362630866e-03 -1.130165289256194116e-03
2.089403973509934218e-02 -1.730769230769190544e-04
1.861589403973508763e-02 -5.568825910931173712e-03
1.469687500000000334e-02 -1.927966101694911097e-03
1.380254777070063013e-02 -3.886666666666664140e-03
1.119325153374233460e-02 -2.651709401709396573e-03
1.091768292682927279e-02 -6.737991266375542750e-03
8.549707602339185614e-03 -5.203252032520321512e-04
1.392582417582417277e-02 -1.147163120567374532e-03
1.131343283582090381e-02 -3.622093023255809879e-03
1.087709497206704179e-02 -4.464419475655425490e-03
1.558967391304348291e-02 -1.404382470119517994e-03
3.672955974842769325e-03 -3.190909090909091906e-03
8.965986394557826089e-03 -5.109615384615379119e-03
7.266949152542372808e-03 -1.498098859315587878e-03
1.012251655629138256e-02 -4.529914529914529152e-04
1.598648648648649459e-02 -2.972527472527467223e-03
1.575641025641025261e-02 -7.725321888411458278e-05
1.070486111111110597e-02 -8.230314960629920087e-03
1.485217391304347392e-02 -2.045283018867918249e-03
1.863803680981595406e-02 2.395833333333370607e-04
1.193930635838149831e-02 -2.640449438202220720e-04
1.850598802395209130e-02 -1.594795539033454787e-03
1.443502824858757839e-02 -7.912213740458012151e-03
1.743984962406015804e-02 -4.145299145299075473e-04
4.184397163120575497e-03 -3.376404494382017479e-03
9.274390243902445527e-03 -5.354508196721307657e-03
1.527631578947368646e-02 -4.680894308943089541e-03
1.365771812080537537e-02 -5.837209302325578955e-03
2.332407407407406999e-02 -1.110074626865672175e-03
3.778688524590167845e-03 -1.462093862815880187e-03
9.175824175824168552e-03 1.954873646209385248e-03
1.410218978102190449e-02 -4.039622641509432038e-03
4.797619047619056630e-03 -1.853790613718406949e-03
1.153600000000000111e-02 -2.247169811320753451e-03
1.002597402597403195e-02 -5.568965517241345614e-04
1.261666666666667012e-02 -1.908730158730150960e-03
6.604294478527604831e-03 -4.402489626556013551e-03
1.150362318840580239e-02 -5.776209677419347210e-03
1.625465838509317085e-02 -2.635593220338979144e-03
8.873417721518986681e-03 -1.542857142857140739e-03
5.372881355932212014e-03 -5.552919708029191610e-03
1.255120481927711300e-02 -4.249999999999998571e-03
1.527272727272728156e-02 -2.734615384615380479e-03
1.774253731343283097e-02 -3.055555555555503999e-04
-4.476415094339619531e-03 -6.344827586206895458e-03
1.233928571428572450e-02 5.304347826087030867e-04
1.570270270270270399e-02 -5.929078014184394931e-03
3.278985507246381069e-03 -7.026415094339616245e-03
2.166095890410960415e-02 -1.240157480314956189e-03
4.215151515151518112e-03 -1.249999999999995472e-03
6.950657894736843485e-03 -1.438697318007661503e-03
8.181506849315071245e-03 -4.103448275862064086e-03
1.380215827338130384e-02 -4.959349593495889852e-04
6.485795454545460227e-03 1.000000000000004141e-03
3.198275862068964814e-03 -2.652014652014649584e-03
-1.791970802919703966e-03 -4.142348754448394940e-03
1.975146198830409969e-02 -7.455882352941169827e-03
-5.832278481012649618e-03 2.121457489878547219e-03
7.097902097902100173e-04 -4.969581749049426476e-03
5.905797101449320472e-04 1.311203319502075772e-03
1.693288590604027574e-02 -3.443430656934300723e-03
1.494680851063829446e-02 -4.987226277372263164e-03
2.396721311475410315e-02 -2.980434782608691949e-03
1.683231707317073278e-02 -3.586792452830187515e-03
3.105839416058407774e-03 -2.802919708029193938e-03
1.027737226277372455e-02 -3.079999999999995068e-03
1.652542372881367176e-03 -1.396484374999995602e-03
9.650000000000000591e-03 -8.188976377952728296e-04
1.058843537414965764e-02 -1.635496183206104973e-03
1.795390070921986519e-02 2.005660377358496269e-03
2.245302013422818821e-02 -9.492481203007466619e-04
6.800699300699302591e-03 -5.527272727272724423e-03
1.620231213872833087e-02 -7.884615384615347583e-04
1.693333333333333496e-02 -3.030837004405284064e-03
9.894736842105261720e-03 -1.227074235807855103e-03
-3.278911564625845883e-03 -3.628048780487799860e-03
9.394736842105268215e-03 -8.163265306122441042e-03
1.807031249999999784e-02 -7.407407407407390777e-04
6.238410596026494441e-03 -3.650390624999998255e-03
9.802721088435375693e-03 -3.055133079847904571e-03
1.580817610062893591e-02 1.601593625498010489e-03
2.475000000000000117e-02 -6.088095238095237935e-03
1.006333333333333732e-02 -6.171003717472075449e-04
-1.260683760683761409e-02 1.785171102661603721e-03
1.872101449275362720e-02 -1.259259259259257711e-03
-2.621323529411760146e-03 -8.767272727272724248e-03
1.297337278106508798e-02 -4.711678832116784725e-03
2.793103448275869021e-03 -2.888888888888885721e-03
2.613613861386141629e-02 -7.548728813559316478e-03
2.580674846625767571e-02 -4.759414225941412287e-03
1.567375886524821973e-02 -1.109890109890110128e-03
6.111888111888118778e-03 -4.023131672597863792e-03
1.657954545454545445e-02 -1.899572649572649338e-03
2.500347222222222901e-02 -1.052830188679243495e-03
8.961783439490448450e-03 -2.168650793650789884e-03
1.632716049382716347e-02 -4.282352941176468912e-03
1.789473684210526883e-02 4.023166023166028886e-03
1.810927152317881594e-02 -8.383474576271187154e-03
1.521794871794871634e-02 -1.098654708520187847e-04
2.051587301587302990e-03 -3.266323024054975255e-03
1.255416666666667354e-02 -1.826241134751767619e-03
1.445871559633027208e-02 -6.479400749063666523e-04
8.199248120300756462e-03 -4.242366412213740591e-03
-1.742346938775505335e-03 -7.665991902834000740e-03
1.378571428571429350e-02 -1.985232067510546167e-03
1.223722627737227481e-02 -4.781376518218619434e-03
-4.046666666666661957e-03 -7.544642857142853064e-03
7.572463768115932602e-04 -1.186192468619244296e-03
1.738095238095239622e-02 -5.727272727272725815e-03
7.081250000000004208e-03 -3.600858369098710113e-03
1.790145985401460360e-02 -6.955696202531638957e-03
4.535714285714329518e-04 -7.354581673306767771e-03
7.174193548387102805e-03 -1.765999999999996522e-03
1.022137404580153279e-02 -4.752688172043008884e-03
8.189655172413797327e-03 1.703846153846159516e-03
9.839869281045757199e-03 -5.673285198555951328e-03
1.335606060606061261e-02 -3.633217993079541886e-04
1.229012345679012831e-02 -4.788679245283020136e-03
1.559797297297297290e-02 -3.452290076335869703e-03
3.553125000000002896e-03 -3.969262295081958311e-03
1.697058823529411578e-02 -5.223999999999995140e-03
1.665686274509804027e-02 -2.251121076233180383e-03
2.034868421052631396e-02 -1.479166666666664005e-03
6.445945945945943771e-03 5.993031358885069675e-04
2.996551724137932419e-03 -2.175889328063240497e-03
8.229032258064518379e-03 3.307851239669425906e-03
1.085034013605442986e-02 -5.697416974169738219e-03
-4.449999999999997360e-03 -4.943946188340803301e-03
5.652671755725187895e-03 -4.636363636363633779e-03
1.364102564102564162e-02 1.225099601593632442e-03
1.270833333333334404e-02 -3.568840579710141642e-03
1.481746031746031950e-02 -2.907786885245899032e-03
1.322569444444444617e-02 -6.749027237354083761e-03
1.034645669291339720e-02 -4.775665399239542586e-03
2.313313609467456192e-02 -4.377323420074344038e-03
1.612573099415205713e-02 -3.157079646017696070e-03
5.439024390243911607e-03 -4.542553191489360348e-03
1.511855670103093296e-02 -5.364864864864859854e-03
2.294405594405594592e-02 2.652255639097750479e-03
-1.741935483870968911e-03 -3.771276595744678037e-03
-2.305825242718448700e-03 -8.667763157894700773e-04
6.690298507462685493e-03 -4.157563025210082690e-03
1.670000000000000998e-02 -4.366228070175434683e-03
1.660240963855421151e-02 -4.636734693877540489e-03
1.686458333333334253e-02 -5.161016949152541326e-03
6.274509803921585064e-04 -3.357758620689649167e-03
1.213286713286713253e-02 -1.474409448818894252e-03
3.357142857142867559e-03 -3.402489626556014831e-03
1.148366013071895793e-02 -4.999999999999941557e-04
7.232142857142868399e-03 -4.797244094488185492e-03
1.980000000000001550e-02 2.173431734317346486e-03
2.421710526315789050e-02 -4.769999999999998200e-03
1.338235294117647890e-02 -2.082661290322579753e-03
1.718181818181818005e-02 -2.182879377431902988e-03
1.828928571428570932e-02 -4.357407407407402726e-03
1.572535211267606786e-02 -3.964285714285709257e-03
2.709239130434781817e-02 -3.470370370370368888e-03
1.503693181818182081e-02 8.229927007299346186e-04
1.819182389937107000e-02 -4.375451263537902258e-03
6.937869822485212036e-03 -5.832661290322577879e-03
6.127999999999999767e-03 -2.083657587548636524e-03
1.079310344827586442e-02 -1.952868852459014367e-03
2.217341040462426915e-02 -4.495798319327702045e-04
2.264583333333331991e-02 1.223776223776389760e-05
1.495255474452554870e-02 -3.754940711462448864e-03
4.534013605442176360e-03 -3.431147540983601942e-03
-2.597902097902086635e-03 -5.697095435684641253e-03
1.243666666666667572e-02 -2.045620437956198814e-03
2.153896103896104502e-02 2.118257261410794613e-03
2.407989690721649631e-02 -6.188235294117647167e-03
1.905063291139241430e-03 -6.081081081081071878e-03
2.053797468354430500e-02 -1.038277511961715636e-03
2.347089947089947906e-02 -5.308593749999997342e-03
8.834337349397595324e-03 4.073275862069016765e-04
1.507251908396946803e-02 -1.331372549019603372e-03
1.815584415584415440e-02 -1.868627450980389192e-03
9.316129032258070597e-03 -3.077060931899631199e-03
2.781360946745562238e-02 -5.094637223974758829e-03
2.255844155844155888e-02 -1.996153846153842382e-03
1.222463768115942748e-02 -6.199652777777774418e-03
1.524038461538461744e-02 -1.501831501831498361e-03
7.541666666666677413e-03 -2.619246861924680488e-03
9.785714285714289945e-03 -6.537999999999997806e-03
2.463605442176870081e-02 1.792828685258965890e-03
1.729503105590063025e-02 -2.635687732342004153e-03
9.344444444444452089e-03 -2.210762331838560333e-03
8.138686131386869277e-03 -5.304744525547442496e-03
1.423758865248226854e-02 -6.093189964157677899e-04
1.222183098591549978e-02 -3.336298932384339569e-03
1.843597560975609312e-02 -2.849137931034478963e-03
-5.185185185185090927e-04 -4.743902439024381447e-03
1.224632352941176436e-02 -7.310218978102183719e-03
8.603260869565232047e-03 -3.707509881422926291e-03
2.714285714285724627e-03 -3.812499999999996447e-03
3.131147540983602456e-03 -6.776041666666661988e-03
1.761077844311377538e-02 5.811403508771965020e-04
1.091975308641975929e-02 -1.112499999999998256e-03
1.591428571428571068e-02 9.653846153846170827e-04
2.406896551724144618e-03 1.079295154185026806e-03
1.421317829457363797e-02 -3.911290322580626374e-04
9.419708029197074173e-03 -5.282334384858040043e-03
5.900793650793651271e-03 -6.338652482269497949e-03
1.248620689655172838e-02 -1.976102941176465302e-03
9.572674418604659383e-03 -5.364035087719295006e-03
7.072254335260115717e-03 -3.282426778242675345e-03
5.892617449664432593e-03 -1.632575757575753907e-03
7.980769230769239192e-03 1.629213483146071994e-03
1.761000000000000412e-02 -2.584444444444440863e-03
1.526356589147287272e-02 -4.874517374517371195e-03
4.919354838709671940e-03 -1.793040293040288518e-03
-1.265734265734262199e-03 -7.423076923076867570e-04
5.255033557046982426e-03 1.864312267657994857e-03
2.081927710843374524e-02 -4.248792270531399733e-03
6.760714285714290034e-03 -1.692607003891044494e-04
2.710389610389609544e-02 1.568750000000005687e-03
4.500000000000003129e-03 -1.252083333333330528e-03
2.464655172413793630e-02 -1.803030303030298074e-03
1.369393939393939719e-02 -2.107421874999995150e-03
2.303666666666666016e-02 2.673828125000003893e-03
2.165460526315788822e-02 -1.875999999999999413e-03
5.300653594771247666e-03 -1.320247933884293769e-03
1.701079136690647822e-02 -1.814102564102556062e-03
6.088607594936710360e-03 -2.855311355311348619e-03
1.344642857142857272e-02 -1.144144144144141218e-03
1.019631901840491357e-02 -5.307189542483655570e-03
2.444964028776979575e-02 -1.431159420289812708e-04
1.215771812080537577e-02 1.118721461187218661e-03
1.233229813664596386e-02 -3.539525691699601205e-03
1.829230769230768411e-02 7.333333333333394129e-04
9.866492146596864132e-03 -5.151020408163258478e-03
9.909909909909914508e-03 2.624113475177320852e-04
-8.725165562913909933e-03 -1.010309278350513679e-03
4.364516129032262881e-03 -4.204444444444443811e-03
1.152287581699345739e-02 -3.617924528301884237e-03
1.699662162162162565e-02 1.697463768115946032e-03
2.043902439024390325e-02 -3.033864541832669709e-03
1.089694656488549539e-02 -2.303088803088802500e-03
4.709401709401708595e-03 6.396226415094385161e-04
2.620402298850576031e-02 -8.443965517241381127e-03
1.229577464788732602e-02 -3.165137614678898217e-03
7.470779220779215531e-03 -1.114583333333329191e-03
-5.218045112781947992e-03 -2.911290322580636220e-03
1.251829268292683345e-02 1.276086956521742515e-03
2.231612903225806827e-02 -1.998181818181814316e-03
1.375945945945944784e-02 -7.316017316017286521e-04
2.251212121212121248e-02 -6.427419354838708083e-03
2.546153846153847294e-03 -4.557142857142854227e-03
5.417910447761197651e-03 -9.326530612244874783e-04
3.076923076922994087e-05 2.491561181434602795e-03
1.266556291390728839e-02 6.431159420289880033e-04
2.033636363636363853e-02 -4.677358490566038696e-03
2.363636363636371137e-03 -6.347058823529408769e-03
1.068928571428571714e-02 -2.551867219917008846e-03
4.266423357664240329e-03 2.156862745098072818e-04
1.154964539007092943e-02 -6.804979253112014266e-04
8.304093567251466523e-03 -1.825630252100833876e-03
1.483860759493671466e-02 2.132727272727277020e-03
1.916666666666667213e-02 -3.814893617021271506e-03
2.142546583850932218e-02 -3.683745583038867608e-03
1.647826086956521996e-02 -1.821678321678318934e-03
1.444099378881988187e-02 -4.164092664092657915e-03
3.087962962962963794e-03 -2.111702127659571306e-03
-1.150485436893192983e-03 -1.605932203389824316e-03
-4.890476190476183808e-03 -1.043956043956036040e-03
8.279141104294481315e-03 -3.911320754716978397e-03
7.929054054054054251e-03 -4.045454545454538718e-03
1.056071428571428265e-02 -1.779467680608362926e-03
-1.312121212121212209e-02 -1.514644351464432964e-03
1.962931034482759407e-02 1.282894736842110032e-03
2.362396694214875109e-02 -3.164150943396224110e-03
1.543656716417910260e-02 -2.860507246376804789e-03
1.562187500000001249e-02 2.576171875000004240e-03
3.132196969696968841e-02 1.867219917012450173e-03
7.382352941176478778e-03 -1.747058823529409714e-03
2.568421052631579202e-02 -4.448473282442745938e-03
9.000000000000004524e-03 -5.919678714859436669e-03
7.453216374269009369e-03 -1.823394495412840408e-03
1.092307692307692771e-02 -1.606122448979586774e-03
1.804964539007094648e-03 -2.984429065743942656e-03
7.773684210526325862e-03 -5.281376518218621613e-03
1.669791666666666299e-02 -4.229083665338645090e-03
1.713714285714286120e-02 2.590163934426231197e-03
1.207012195121951598e-02 -1.007299270072990359e-03
2.881081081081081699e-02 -4.486607142857136805e-03
8.756172839506179417e-03 2.778969957081549053e-03
1.531355932203390911e-02 -2.127272727272724612e-03
1.589457831325301676e-02 -3.369565217391244693e-04
8.438053097345131134e-03 -4.933691756272397602e-03
-1.087301587301589241e-03 -4.918439716312053220e-03
3.147651006711411816e-03 -3.213709677419353174e-03
-3.289855072463771044e-03 -3.672413793103442101e-03
3.012809917355371153e-02 -5.858156028368788869e-03
1.056764705882352884e-02 -2.820512820512784515e-04
9.242038216560515343e-03 -2.443999999999995655e-03
8.023972602739733867e-03 -3.147302904564310434e-03
1.017857142857146518e-03 -5.537974683544303819e-03
9.696551724137929609e-03 -3.603703703703704016e-03
1.247272727272728463e-02 -4.388686131386859875e-03
1.049671052631579761e-02 -1.554852320675101070e-03
9.416107382550335109e-03 -3.978723404255290357e-04
1.576923076923076802e-02 -1.306620209059230087e-03
1.629432624113475239e-02 -4.981273408239676910e-04
1.416571428571429189e-02 -3.937499999999998293e-03
1.107006369426752172e-02 -2.483944954128439100e-03
1.675515463917526260e-02 -3.681034482758619233e-03
1.605782312925169500e-02 -3.883858267716533419e-03
1.087600000000000892e-02 -4.050925925925923099e-03
1.610975609756097257e-02 -5.837890624999995427e-03
1.096206896551724617e-02 2.062962962962968695e-03
1.521345029239766673e-02 -1.248971193415636134e-03
2.598837209302325493e-02 -3.401098901098897290e-03
2.483769633507853722e-02 9.137638062758490821e-19
5.624999999999999792e-03 -4.201550387596897362e-03
1.743939393939394206e-02 -1.372659176029958654e-03
1.796710526315790230e-02 -5.412844036697170682e-04
1.803142857142858019e-02 -6.459302325581395277e-03
8.846456692913395869e-03 -5.249999999999995122e-03
1.255319148936169787e-03 2.601593625498012461e-03
5.544025157232709659e-03 -8.449999999999993974e-03
7.978873239436619011e-03 -3.697916666666663590e-03
8.899390243902445194e-03 7.432432432432458432e-04
1.951351351351351959e-02 1.614224137931043364e-03
8.944444444444449305e-03 1.276422764227646157e-03
1.742692307692308290e-02 -4.926470588235238798e-04
-2.611888111888108297e-03 -2.899999999999997632e-03
1.235333333333333769e-02 -4.472125435540067091e-03
1.852229299363057982e-02 2.535211267605673078e-04
1.631690140845070899e-02 -5.292828685258958374e-03
5.367741935483878388e-03 -7.271062271062268996e-03
1.202339181286549499e-02 7.974137931034765191e-05
1.193292682926829634e-02 -2.810975609756093119e-03
1.820261437908496371e-02 -6.713286713286672515e-04
1.367063492063492862e-02 6.423728813559351691e-04
2.226027397260273155e-02 3.665929203539823947e-03
4.813333333333337863e-03 -2.703629032258057698e-03
1.352290076335877812e-02 -1.185546874999992596e-03
3.739726027397265087e-03 -4.740425531914890106e-03
9.425925925925933077e-03 -1.468634686346858816e-03
9.277777777777787560e-03 -2.312260536398462549e-03
1.033486238532109816e-02 -4.676895306859203336e-03
2.356547619047620612e-02 -3.492277992277987870e-03
9.199248120300759085e-03 -4.163179916317988859e-03
-5.435810810810814443e-03 1.912663755458516267e-03
2.426086956521748134e-03 -3.194545454545454251e-03
8.544910179640728687e-03 -3.745353159851297874e-03
8.283439490445861086e-03 -3.496415770609317356e-03
2.309210526315789297e-02 -3.168032786885241741e-03
5.902777777777759409e-04 -5.456621004566207696e-03
2.571823204419891595e-03 -6.744186046511580065e-04
1.731927710843375991e-03 -3.805118110236217852e-03
7.679640718562878200e-03 -1.682352941176462526e-03
1.026073619631902301e-02 -2.306083650190112692e-03
-9.272727272727272763e-03 -4.641350210970459668e-03
1.664473684210526772e-02 -3.650763358778622708e-03
6.587412587412594216e-03 -6.410071942446036834e-03
8.560606060606067158e-03 -7.480314960629522929e-05
2.591836734693876709e-02 -1.702083333333334527e-03
2.236388888888889495e-02 -2.230902777777772628e-03
1.181645569620253487e-02 -1.157894736842105150e-03
6.250000000000007286e-03 -2.310756972111552895e-03
-8.088235294117637406e-04 -6.374999999999992652e-03
1.608163265306122511e-02 -2.155701754385966774e-03
5.984251968503955313e-03 -5.634831460674156675e-03
1.025328947368420868e-02 -4.645522388059674800e-04
1.178040540540540790e-02 -1.342857142857136095e-03
1.431118881118881650e-02 -4.124999999999997592e-03
1.760402684563757911e-02 -2.176245210727960951e-03
4.756172839506181936e-03 -8.318359374999998931e-03
1.000000000000000715e-02 -3.987603305785120469e-03
1.375903614457831166e-02 -2.405303030302977704e-04
6.953900709219864966e-03 -3.982456140350872954e-03
7.697580645161288850e-03 -4.030075187969921029e-03
2.676948051948051244e-02 2.464527027027029263e-03
4.234375000000007230e-03 -1.506147540983600146e-03
5.937956204379570870e-03 -1.539325842696625613e-03
8.394531250000005287e-03 -2.523622047244092424e-03
1.876869158878505944e-02 -8.098837209302317888e-03
7.361904761904765684e-03 -3.234432234432230765e-03
1.457758620689655719e-02 -3.561403508771925509e-03
9.708333333333336174e-03 -3.133828996282523455e-03
2.074184782608695654e-02 -3.758555133079846851e-03
1.270800000000000228e-02 -6.630530973451326422e-03
7.101694915254237392e-03 -3.674545454545452908e-03
-1.708661417322832748e-03 -3.176156583629887765e-03
1.398175182481752217e-02 -2.879377431906614011e-03
1.126923076923077444e-02 -7.486891385767786497e-03
-2.265624999999932623e-04 -1.907849829351532635e-03
4.092105263157896911e-03 -1.308139534883716358e-03
6.725190839694659972e-03 -6.402930402930395032e-03
1.238698630136985356e-02 -3.145669291338578939e-03
1.375347222222222596e-02 -1.145593869731793184e-03
1.442953020134231379e-03 -1.129107981220654278e-03
9.743478260869568863e-03 -5.328185328185263943e-04
1.894525547445255129e-02 -1.021739130434772382e-03
7.838461538461535469e-03 -2.811965811965809296e-03
2.280124223602484138e-02 -2.399999999999996320e-03
1.669090909090908958e-02 -5.262096774193543436e-03
1.901811594202899858e-02 -7.920664206642065441e-03
4.859374999999999112e-03 -2.231707317073168811e-03
7.237341772151902747e-03 -5.036866359446997427e-03
1.058219178082191701e-02 -1.711240310077514386e-03
9.306451612903230211e-03 -7.799618320610683317e-03
3.933333333333366238e-04 -2.073214285714283268e-03
2.214488636363636312e-02 -2.790650406504058267e-03
-7.910447761194033074e-04 -3.585820895522386694e-03
1.949687499999998991e-02 6.428571428571467272e-04
1.235251798561151811e-02 -9.615384615384583392e-04
1.103246753246753774e-02 -1.539748953974896545e-03
1.062580645161290485e-02 1.462046204620467103e-03
2.034883720930232703e-02 -2.311023622047241131e-03
4.255319148936175487e-03 -5.894190871369289764e-03
1.516666666666666684e-02 3.242907801418440893e-03
1.163043478260869859e-02 -4.397233201581024833e-03
1.859826589595376528e-02 -5.449814126394050481e-03
1.723030303030302982e-02 -5.466789667896670805e-03
3.016025641025644761e-03 -4.295258620689656505e-03
1.790395480225988323e-02 -5.668224299065421218e-03
1.493396226415093925e-02 -4.293522267206472363e-03
9.371323529411768744e-03 -1.466960352422906622e-03
1.993430656934306461e-02 -3.893258426966288415e-03
1.131073446327683814e-02 -5.036821705426351367e-03
1.519417475728155643e-02 -2.976562499999997006e-03
1.374647887323944204e-02 -4.170454545454544033e-03
9.965217391304350206e-03 -6.828793774319066000e-03
4.063291139240511607e-03 -3.552434456928836928e-03
7.073033707865172132e-03 -5.296728971962610770e-03
2.358982035928144580e-02 -2.222433460076041721e-03
4.692052980132455607e-03 -2.630801687763710019e-03
1.455625000000000321e-02 -4.173728813559288869e-04
1.137248322147651168e-02 -8.219924812030068167e-03
1.156369426751592717e-02 -6.674757281553377313e-04
1.482857142857143228e-02 -6.968641114981544672e-06
1.523142857142858325e-02 -1.305970149253643400e-04
1.787662337662337605e-02 -4.532653061224486621e-03
7.201298701298704079e-03 -5.205761316872426457e-03
1.301760563380282253e-02 -2.542372881355428694e-05
1.873684210526316285e-02 -2.136690647482009965e-03
1.501470588235294563e-02 -5.588235294117570133e-04
8.528662420382167667e-03 -3.602564102564097780e-03
1.125549450549451561e-02 -7.168141592920313594e-04
5.538961038961040355e-03 -3.176954732510282094e-03
8.608187134502931145e-03 -9.282868525896390346e-04
1.934840425531915431e-02 -6.210084033613441287e-03
1.082170542635659503e-02 -4.902343749999960986e-04
2.616384180790959704e-02 -6.095022624434384695e-03
1.516287878787879115e-02 -2.380165289256196744e-03
1.831764705882352878e-02 -3.595918367346933285e-03
9.406250000000063432e-04 -5.311538461538456088e-03
3.773648648648653126e-03 -2.825910931174083207e-03
8.630597014925371971e-03 1.929460580912918059e-04
9.208029197080290842e-03 2.951388888888891848e-03
5.895348837209301793e-03 -2.972340425531910021e-03
7.974522292993639280e-03 -3.039999999999917226e-04
2.161006289308176759e-02 -3.559210526315786244e-03
1.610661764705883028e-02 -6.425855513307948078e-04
9.952830188679255563e-03 -1.785398230088493503e-03
1.807142857142856815e-02 -6.774809160305286099e-04
1.621223021582734319e-02 -2.109958506224066024e-03
1.598872180451127792e-02 -4.536912751677847286e-03
2.477514792899408042e-02 -3.907172995780587750e-03
2.181999999999999565e-02 -2.011811023622041023e-03
1.064130434782608811e-02 -5.719844357976652631e-03
4.025714285714289582e-03 -4.134920634920633692e-03
1.156918238993711635e-02 -5.188135593220337405e-03
1.070322580645161233e-02 -4.728782287822874859e-03
1.541764705882352898e-02 -3.434108527131779151e-03
1.938285714285714265e-02 -3.821428571428571973e-03
1.018750000000000558e-02 7.901960784313762564e-04
7.510869565217392733e-03 -4.990000000000000512e-03
1.200709219858155964e-02 1.040358744394622673e-03
5.255033557046983293e-03 1.112288135593224704e-03
7.179878048780495917e-03 -5.955696202531646742e-03
1.109731543624161744e-02 -4.010204081632647542e-03
8.610344827586210309e-03 -1.864754098360619171e-04
1.671582733812948529e-02 -3.173828124999996964e-03
1.540797546012270987e-02 -4.437022900763355933e-03
1.873701298701298951e-02 8.185328185328219963e-04
1.822781065088757702e-02 -2.103305785123964732e-03
5.265734265734264667e-03 -4.232209737827713654e-03
-2.426829268292679011e-03 -2.661654135338341505e-03
1.965467625899280577e-02 -3.267527675276750421e-03
1.413428571428572249e-02 -1.343396226415091276e-03
5.766891891891895092e-03 -7.411999999999996716e-03
1.544838709677419548e-02 -8.379245283018860527e-03
8.373983739837402920e-03 -1.343999999999997540e-03
1.772093023255813526e-02 -1.611999999999996248e-03
2.658950617283951240e-02 -4.210317460317457641e-03
2.862068965517240368e-02 -2.664814814814810400e-03
1.517346938775510252e-02 1.578838174273862428e-03
1.116558441558442374e-02 -1.663900414937754570e-03
2.589171974522296547e-03 -2.784810126582276321e-03
-2.897260273972593336e-03 -5.210727969348655231e-03
6.156462585034064728e-04 -3.729166666666661450e-03
6.091549295774656425e-03 -1.594262295081963791e-03
2.013124999999999637e-02 -7.630597014925317740e-04
1.411946902654867726e-02 -1.254901960784314790e-04
1.736879432624113817e-02 2.696850393700808484e-04
2.771199999999999705e-02 -5.477941176470582998e-03
1.493850267379678680e-02 -5.928838951310862193e-03
1.873181818181817587e-02 2.137850467289718805e-03
1.019932432432432354e-02 -1.731203007518792398e-03
1.177514792899409489e-02 -1.094961240310074121e-03
1.886538461538462413e-02 1.113924050632916773e-03
3.134920634920636273e-03 -1.729166666666662926e-03
5.857988165680485344e-04 -1.712686567164173855e-03
7.509146341463413497e-03 -2.807843137254899257e-03
3.777397260273973861e-03 9.011627906976818654e-04
1.732298136645962425e-02 1.802536231884063582e-03
1.301773049645391263e-02 -5.143442622950816605e-03
1.821428571428572452e-02 -3.243055555555551112e-03
1.174418604651166799e-03 1.575203252032527940e-03
2.141040462427745705e-02 -6.279166666666665536e-03
9.379432624113479694e-03 -7.713438735177860842e-03
6.584302325581404929e-03 -1.350210970464129755e-03
1.231767955801106075e-02 -1.436363636363632759e-03
9.885496183206112300e-03 -2.347169811320750678e-03
2.137499999999999817e-02 -1.527472527472525932e-03
1.424642857142857655e-02 -5.228174603174600907e-03
1.393402777777777782e-02 2.338709677419380532e-04
1.486394557823126706e-03 -4.186507936507932737e-03
3.634482758620687613e-03 -1.437743190661475547e-03
1.162162162162162435e-02 -9.545112781954887687e-03
4.675182481751825013e-03 9.885057471264394741e-04
1.343181818181819059e-02 -6.659663865546213389e-03
1.157051282051282937e-02 -1.835766423357660954e-03
1.559950248756218280e-02 -4.941176470588213177e-04
2.551724137931035089e-03 -3.118217054263563645e-03
2.526589595375723293e-02 -4.614624505928852961e-03
1.787804878048781382e-02 -5.749999999999991229e-03
3.115384615384618819e-03 -2.075645756457563783e-03
6.475460122699393771e-03 -4.034042553191486379e-03
1.265137614678899479e-02 -3.104982206405686000e-03
9.205128205128206009e-03 -2.333333333333331792e-03
1.716447368421052458e-02 -2.879912663755456511e-03
6.206293706293714366e-03 -7.438492063492057639e-03
1.269696969696970830e-02 -5.561567164179100770e-03
1.206081081081085979e-03 -5.896186440677963179e-03
2.245578231292517934e-02 -1.262499999999993662e-03
1.043125000000000302e-02 -4.499999999999991854e-03
1.132831325301205186e-02 -7.324902723735402660e-03
1.298540145985401136e-02 3.606299212598429189e-03
9.931654676258989609e-03 2.608303249097478071e-03
2.759259259259259477e-03 -6.456862745098036066e-03
4.723684210526320898e-03 -5.858078602620084112e-03
7.875000000000001790e-03 -1.839721254355396879e-03
1.623140495867768721e-02 9.533898305084954601e-05
6.300578034682085583e-03 -8.958333333333304066e-04
1.128440366972476711e-02 -2.699261992619925166e-03
6.248226950354614402e-03 -2.088679245283016524e-03
1.918716577540107576e-02 -3.925490196078427162e-03
1.453030303030303574e-02 -5.358422939068054926e-04
6.709923664122138809e-03 -1.672413793103446613e-03
2.264166666666666758e-02 -4.996226415094340290e-03
8.721518987341775331e-03 -4.824218749999940859e-04
1.593181818181818934e-02 -5.487854251012141103e-03
2.172105263157894997e-02 -4.433198380566797867e-03
7.170542635658910292e-03 -3.158767772511843382e-03
8.029220779220785226e-03 -1.134146341463410654e-03
1.260447761194029813e-02 -4.086956521739093756e-04
1.818493150684932433e-02 -2.654275092936800393e-03
1.793421052631578860e-02 -3.803030303030298983e-03
1.807795698924731520e-02 8.722466960352435713e-04
6.439102564102567976e-03 -3.418067226890751306e-03
1.575165562913907399e-02 -4.387453874538743866e-03
1.987958115183244973e-02 -4.852941176470582443e-03
3.042483660130717790e-03 7.500000000000028345e-04
1.562592592592593199e-02 1.916666666666669815e-03
1.221069182389936288e-02 -4.094861660079046096e-03
1.565056818181818910e-02 8.962264150943434135e-04
4.739285714285713241e-03 -5.508992805755392845e-03
1.116666666666667196e-02 -2.078124999999995341e-03
3.156804733727821589e-03 -3.275943396226413569e-03
1.200775193798450310e-02 3.262172284644197784e-03
1.352941176470585406e-03 -1.177121771217709426e-03
9.747899159663907286e-04 -3.568825910931171502e-03
1.116959064327485533e-02 -5.537848605577620764e-04
2.403846153846153633e-02 -3.111111111110620388e-05
9.950000000000003980e-03 -3.516666666666666205e-03
6.816265060240972971e-03 -4.597510373443979698e-03
2.526973684210525456e-02 -1.744604316546754434e-04
1.881250000000004880e-03 8.552631578947386118e-04
6.976635514018689720e-03 -1.844339622641502771e-03
1.425000000000000919e-02 -1.333333333333326784e-03
1.513333333333332677e-02 -7.638075313807526218e-03
7.899390243902439102e-03 -7.116379310344822691e-03
3.383211678832126479e-03 1.226293103448280368e-03
4.534013605442178962e-03 -6.768722466960341508e-03
7.833333333333341447e-03 -2.304621848739492936e-03
6.991150442477874448e-03 -3.199588477366249999e-03
1.193037974683544729e-02 -1.020754716981126615e-03
3.417266187050458422e-04 -2.345018450184495947e-03
8.465909090909098586e-03 -3.682017543859644488e-03
1.139597315436241542e-02 -4.409502262443430742e-03
2.516766467065869109e-02 -2.960648148148143245e-03
1.318674698795180462e-02 -3.162921348314601082e-03
1.743253968253967792e-02 -2.304964539007058771e-04
1.174206349206349115e-02 -1.691836734693878382e-03
4.064748201438849080e-03 -3.076470588235290758e-03
6.296969696969708860e-03 -2.976495726495723398e-03
4.825342465753430440e-03 -6.979245283018860324e-03
1.262925170068027181e-02 -3.334507042253521004e-03
6.747967479674803898e-03 1.417322834645673045e-03
-2.043795620437951176e-03 -4.920233463035015263e-03
1.174233128834356425e-02 8.326086956521765777e-04
1.909937888198759122e-03 -1.532327586206890099e-03
1.476553672316384055e-02 1.658102766798426895e-03
1.405803571428571909e-02 4.687500000000045363e-04
1.117880794701987118e-02 -1.635627530364369784e-03
9.114814814814818644e-03 -4.805841924398621817e-03
5.390151515151511002e-03 -2.201520912547527773e-03
2.941176470588234386e-03 -4.080000000000000293e-03
2.609090909090910557e-02 -8.782258064516127935e-03
1.691616766467065811e-02 -2.307692307692304004e-03
1.735161290322581248e-02 6.842105263157912797e-04
1.013661202185792837e-02 -1.869047619047618054e-03
2.522727272727271972e-02 -4.731543624161027605e-04
5.148809523809532926e-03 -4.041509433962260645e-03
3.890243902439027412e-03 -2.727799227799223430e-03
8.667808219178086207e-03 -4.539325842696628061e-03
1.105454545454546619e-02 1.048728813559323715e-03
5.602339181286548724e-03 -3.428278688524588353e-03
1.072784810126582722e-02 -4.318807339449537083e-03
9.500000000000004968e-03 -7.640221402214015557e-03
1.770833333333332593e-02 -1.083710407239815102e-03
5.495934959349596353e-03 -6.216417910447754637e-03
1.209467455621302326e-02 -3.628458498023711017e-03
1.087837837837838696e-02 -3.488372093023252296e-03
1.842799999999999994e-02 -5.378486055776521019e-05
-1.494285714285710802e-03 -6.777056277056272074e-03
1.176041666666667075e-02 -8.978723404255319410e-03
1.032258064516129725e-02 -4.819915254237285875e-03
2.171176470588234014e-02 -1.515765765765763381e-03
2.225694444444452445e-03 4.331983805668026622e-04
7.003012048192779927e-03 -1.999999999999997873e-03
1.507352941176476812e-03 -3.659010600706708635e-03
2.010984848484848736e-02 -4.483870967741934374e-03
4.836666666666668800e-03 -7.509025270758118084e-03
-5.671755725190834145e-03 -3.078014184397163348e-03
1.100324675324677176e-02 -3.702898550724634339e-03
1.546078431372550216e-02 -4.917582417582415030e-03
4.780141843971639874e-03 -3.168049792531117594e-03
1.202836879432624302e-02 -6.445422535211266062e-03
1.341017964071856104e-02 3.256302521008411634e-04
6.784172661870505223e-03 -3.381132075471697702e-03
1.706551724137931117e-02 -4.458874458874456485e-03
1.973809523809524208e-02 -5.038022813688211067e-03
8.758620689655176881e-04 -3.968325791855203781e-03
2.341867469879518188e-02 -2.541509433962260613e-03
1.458333333333333877e-02 -3.196917808219176555e-03
1.021646341463414674e-02 -2.780141843971626822e-03
2.732394366197180621e-03 -5.283730158730157861e-03
6.982758620689659759e-03 -1.765217391304344310e-03
2.245394736842105249e-02 -2.624113475177292662e-04
1.767796610169491620e-02 -8.946360153256630249e-04
4.847305389221561768e-03 -2.562706270627056453e-03
1.748809523809525049e-02 -5.923913043478230400e-04
1.307812500000000121e-02 4.450980392156927588e-04
5.962499999999999918e-03 -3.581034482758619839e-03
2.400887573964497618e-02 -2.630597014925356125e-04
1.327692307692307852e-02 -1.718749999999944606e-04
6.802721088438778684e-06 7.685512367491185949e-04
1.242857142857142251e-02 1.740484429065750419e-03
1.459259259259260144e-02 -6.508230452674893494e-03
9.665584415584410269e-03 3.038461538461538058e-03
1.009740259740259799e-02 9.784313725490223230e-04
1.062692307692308068e-02 -1.923228346456691377e-03
5.335820895522385213e-03 -7.077205882352922972e-04
1.051612903225807027e-02 -5.223529411764699787e-03
1.694736842105263805e-02 -1.213780918727914949e-03
1.309999999999999880e-02 -5.261324041811827820e-04
9.166666666666693601e-04 -4.117760617760614188e-03
4.300000000000003472e-03 1.083984375000004432e-03
1.001515151515151511e-02 -3.327586206896544600e-03
1.794545454545455263e-02 -6.136363636363602585e-04
1.177819548872180780e-02 2.460076045627378888e-03
1.533720930232558566e-02 -3.274999999999997097e-03
2.264093959731542857e-02 -2.510121457489843892e-04
-2.481366459627321920e-03 -3.417999999999990490e-03
1.579779411764706612e-02 -5.211065573770485085e-03
1.804746835443038142e-02 -4.920408163265301699e-03
2.111464968152866606e-02 -2.226744186046507746e-03
1.286784140969163964e-02 -2.644787644787630196e-04
5.753768844221109069e-03 6.255144032921893318e-04
2.426715686274509912e-02 2.873493975903615265e-03
1.511920529801324097e-02 -6.887404580152669577e-03
8.560509554140135688e-03 -1.889312977099231365e-03
9.459459459459468658e-03 -6.513422818791939246e-03
8.815789473684216074e-03 -2.117063492063488671e-03
1.340789473684210996e-02 -4.844961240310073983e-03
1.200917431192660700e-02 -4.537174721189589539e-03
1.464743589743590368e-02 -2.462745098039213591e-03
1.364999999999999547e-02 3.246696035242295063e-03
7.970588235294118196e-03 -4.303797468354366405e-04
1.022972972972973314e-02 -9.785714285714283006e-03
1.453823529411764522e-02 -1.434873949579822247e-03
7.330357142857145403e-03 -6.359615384615378494e-03
3.285234899328863273e-03 -2.101593625498002042e-03
1.895422535211266704e-02 -3.881322957198435515e-03
2.254761904761903510e-02 1.165322580645162479e-03
1.078985507246378074e-02 -5.416317991631796995e-03
1.607203389830508949e-02 -1.209259259259257363e-03
6.786259541984747228e-03 -1.004980079681274188e-02
1.286864406779661407e-02 -1.148409893992930007e-03
6.453488372093027677e-03 -5.684549356223177370e-03
2.199662162162162662e-02 -4.756818181818178032e-03
1.382653061224489548e-02 -1.517175572519082003e-03
5.429936305732493800e-03 -4.093749999999995830e-03
2.156369426751593779e-02 -9.117647058823522650e-04
2.019999999999999574e-02 -3.041832669322706156e-03
1.562777777777777863e-02 -4.219844357976650431e-03
1.974621212121212971e-02 -1.958847736625510261e-03
-3.663793103448240683e-04 -3.025641025641022646e-03
1.123988439306359069e-02 -9.420600858369104855e-04
6.740506329113923889e-03 -1.688095238095236152e-03
1.781292517006803633e-02 -3.377952755905506196e-03
2.117253521126760685e-02 2.927756653992437895e-04
1.878928571428570976e-02 -2.009584664536736860e-03
1.049709302325581468e-02 -5.920212765957446124e-03
1.071825396825397576e-02 -6.232203389830508547e-03
1.907553956834532466e-02 -1.037453183520595451e-03
1.463068181818184084e-03 -1.566513761467885337e-03
1.240782122905027991e-02 -4.117537313432833614e-03
1.732119205298013331e-02 5.468750000000076415e-04
1.562345679012345535e-02 -6.245901639344260577e-03
1.341891891891892376e-02 -3.297916666666663842e-03
7.154411764705887432e-03 -3.942307692307636387e-04
1.396240601503759629e-02 -5.584870848708486761e-03
1.285714285714284998e-02 -6.307984790874520374e-03
9.615894039735095253e-03 -3.185039370078739107e-03
9.766949152542376764e-03 1.825819672131150226e-03
-2.300699300699298160e-03 -4.547916666666664519e-03
1.142499999999999939e-02 -3.745136186770426420e-03
1.615436241610738316e-02 -3.608949416342408217e-03
9.771523178807946589e-03 -1.878906249999997115e-03
1.522784810126582081e-02 -3.755281690140842114e-03
1.122083333333333613e-02 -2.246240601503760904e-03
1.945061728395061293e-02 8.284518828451933404e-04
-5.248226950354662303e-04 1.083643122676582670e-03
8.983050847457597389e-04 -2.520912547528514434e-03
1.530327868852459500e-02 -9.129629629629557042e-04
1.344155844155843840e-02 -3.392430278884462063e-03
5.968309859154938800e-03 1.553359683794471383e-03
7.874149659863946896e-03 -5.034843205574878952e-04
1.355303030303030114e-02 -4.664310954063590896e-04
1.884420289855072775e-02 1.483516483516539297e-04
7.436567164179104170e-03 -1.899082568807338106e-03
1.866326530612245210e-02 3.256704980842914723e-03
2.977419354838712479e-03 9.148148148148177363e-04
-2.342741935483873706e-03 -4.888475836431172786e-04
4.543750000000004383e-03 -5.930501930501927595e-03
1.307913669064749221e-02 -8.694029850746213964e-04
4.754237288135601015e-03 -8.746666666666663009e-03
2.086503067484662619e-02 -1.485355648535563412e-03
2.414124293785310099e-02 -5.175799086757991441e-03
1.723055555555555798e-02 6.130952380952412470e-04
-7.431506849315067977e-03 -7.771784232365141348e-03
1.202255639097744855e-02 -2.804435483870969421e-03
9.480620155038768648e-03 -6.339743589743587412e-03
4.436666666666675557e-03 -4.573643410852708258e-03
1.395833333333332954e-02 5.405405405405578825e-05
3.121428571428578377e-03 2.152892561983474080e-03
6.908227848101270926e-03 -9.232209737827702265e-04
6.678125000000000033e-03 -3.139763779527558665e-03
8.483739837398369954e-03 -4.444656488549614780e-03
1.038509316770186951e-02 -3.543396226415091842e-03
1.077500000000000853e-02 -1.709433962264145755e-03
9.006369426751597781e-03 -3.360594795539028918e-03
1.690277777777777352e-02 -1.636956521739128855e-03
8.389570552147234891e-03 -1.829787234042549050e-03
2.744516129032257071e-02 -3.213692946058088837e-03
3.198529411764712907e-03 -2.608527131782938536e-03
1.303846153846154043e-02 8.361702127659584012e-04
1.747247706422019528e-02 -5.555555555555547961e-04
7.590322580645158732e-03 -8.464705882352941899e-03
8.505586592178777244e-03 -2.527343749999995306e-03
9.162698412698420947e-03 -4.897923875432525290e-03
7.486486486486495714e-03 -4.356031128404666032e-03
1.978476821192052398e-02 -3.284482758620685828e-03
2.462647058823529134e-02 -6.304832713754645462e-03
1.728750000000000425e-02 1.816091954022993997e-03
9.804511278195491078e-03 -6.049568965517235566e-03
1.361464968152866287e-02 -2.035416666666662808e-03
1.785714285714292381e-03 -7.392857142857134183e-03
5.174342105263164682e-03 -3.563745019920312035e-03
3.430894308943096237e-03 -2.249999999999972562e-04
1.495867768595041114e-02 -5.943859649122803374e-03
4.756944444444537092e-04 -2.738955823293167530e-03
2.845588235294118414e-03 -8.502008032128513526e-03
1.550000000000000856e-02 -5.321052631578942517e-03
1.299186991869919275e-02 -6.022813688212921672e-03
1.726875000000000632e-02 -3.014957264957262260e-03
1.719951923076923003e-02 -3.455156950672643498e-03
1.442253521126761473e-02 -2.457142857142851754e-03
3.784768211920530590e-03 -1.854406130268197988e-03
2.248076923076923819e-02 -5.025951557093421597e-03
