1.188421052631578878e-02 1.067456896551723967e-02
-1.745033112582784892e-03 1.710041841004183646e-02
6.041899441340775438e-03 1.324015748031496381e-02
-1.355491329479769150e-02 1.144255319148936370e-02
1.300967741935483632e-02 1.744507575757575646e-02
3.968421052631578537e-03 1.217624521072796853e-02
2.974452554744531820e-03 1.539225589225589642e-02
1.271365638766520055e-02 1.467272727272726958e-02
1.466463414634150680e-03 1.381086142322097629e-02
1.165217391304347941e-02 1.207636363636363681e-02
6.655913978494623282e-03 1.309239130434783002e-02
1.646511627906976569e-02 1.219031141868512531e-02
-1.641752577319591016e-03 1.235650224215246659e-02
7.903669724770637922e-03 1.017803030303030334e-02
1.690582959641257670e-03 1.267624521072797245e-02
9.059748427672957224e-03 1.314007782101167358e-02
7.596491228070175079e-03 7.729779411764709125e-03
-6.927884615384617001e-03 1.522500000000000069e-02
9.615789473684206029e-03 1.719607843137255232e-02
4.022935779816511764e-03 1.387408759124087419e-02
2.878787878787879111e-03 1.589152542372880561e-02
1.357471264367816205e-02 1.518097014925373286e-02
-9.491525423728837830e-04 1.571074380165289261e-02
1.659821428571428559e-02 1.370164609053497670e-02
-4.198324022346367618e-03 1.036590909090909056e-02
1.369942196531791787e-03 1.361354581673306606e-02
-2.516339869281044206e-04 8.093525179856113361e-03
2.467980295566504258e-03 1.674895397489539403e-02
5.971291866028708914e-03 1.475000000000000269e-02
-8.515981735159830089e-04 1.388215488215488631e-02
1.216748768472909140e-03 1.200692041522491253e-02
6.869767441860461128e-03 1.211742424242424725e-02
1.245652173913042865e-02 1.204222972972972955e-02
7.752100840336134495e-03 1.488703703703703370e-02
4.113772455089820777e-03 1.793579766536964118e-02
4.916216216216214366e-03 9.334426229508191800e-03
4.969512195121953031e-03 1.288007380073800945e-02
4.516355140186919907e-03 1.134601449275362064e-02
1.044674556213017608e-02 1.536019736842104966e-02
1.060994764397905563e-02 1.469346733668341898e-02
6.432291666666646720e-04 1.585326086956522287e-02
8.671717171717168923e-03 1.349833333333333441e-02
1.124120603015076048e-02 1.200859106529209540e-02
-4.037634408602155597e-03 1.501851851851851785e-02
-5.263157894736846459e-05 1.518791946308725715e-02
-1.391124260355030076e-02 9.186274509803919047e-03
6.960122699386506184e-03 1.795802919708028994e-02
7.102094240837698511e-03 1.429930795847750118e-02
-2.927745664739886660e-03 1.549999999999999642e-02
1.118956043956044998e-02 1.679249011857707544e-02
4.889175257731962453e-03 1.336029411764705702e-02
-2.708074534161484994e-03 1.277272727272727414e-02
8.172535211267602240e-03 1.392730496453900395e-02
8.586538461538457956e-03 1.353639846743294808e-02
1.527300613496932608e-02 1.529963898916967581e-02
1.577950310559006128e-02 1.393771043771043806e-02
1.714248704663212663e-02 1.582191780821917693e-02
8.635359116022105555e-03 1.491729323308270579e-02
4.771634615384613351e-03 1.151619433198380199e-02
-1.270588235294115584e-03 1.674503311258278282e-02
-1.257770270270270468e-02 1.795884773662551059e-02
8.127450980392157687e-03 1.351282051282051179e-02
3.652284263959386899e-03 1.144569288389513800e-02
5.093749999999995851e-03 1.099999999999999763e-02
1.583235294117647449e-02 1.297720364741641354e-02
1.243670886075949090e-02 1.520238095238095333e-02
-2.191489361702128342e-03 1.779343629343628497e-02
2.038121546961326261e-02 1.421679687500000157e-02
7.365979381443297884e-03 1.515357142857142944e-02
7.866071428571427132e-03 1.368458781362007215e-02
5.142131979695428387e-03 1.532862190812721466e-02
3.908602150537635045e-03 1.329797979797980000e-02
1.232681564245809852e-02 1.352547770700636594e-02
2.166666666666718067e-04 9.957528957528957378e-03
5.212918660287078031e-03 1.158783783783783917e-02
1.141304347826086439e-02 1.700722021660650007e-02
1.237499999999999364e-02 1.550738007380073925e-02
1.974365482233502236e-02 1.655123674911661291e-02
-3.509132420091326185e-03 1.394779116465863500e-02
1.368780487804877911e-02 1.611013986013986113e-02
2.558823529411765295e-03 1.491509433962264625e-02
-5.875757575757576713e-03 1.441911764705882879e-02
7.713592233009705298e-03 1.310909090909091398e-02
1.465968586387436223e-03 1.000170648464164709e-02
3.636094674556215878e-03 1.195358649789030059e-02
1.134615384615385129e-02 1.431636363636363922e-02
-1.976744186046503783e-04 1.120175438596490887e-02
7.213286713286709388e-03 1.960262008733625397e-02
-8.105263157894741039e-04 1.478340080971660489e-02
-5.186708860759491405e-03 1.706045751633987473e-02
7.562893081761007039e-03 6.399653979238754259e-03
4.537313432835815216e-03 9.835106382978721362e-03
7.694063926940637212e-03 1.021999999999999471e-02
-1.836734693877569628e-04 9.795202952029525775e-03
7.455958549222797827e-03 1.100000000000000283e-02
-6.357558139534879443e-03 1.594827586206895922e-02
3.395408163265307890e-03 1.451954397394136613e-02
4.517326732673265267e-03 1.302564102564102502e-02
1.051948051948050841e-02 1.002448979591836868e-02
8.864321608040202916e-03 1.102786377708978027e-02
1.487820512820513252e-02 1.145172413793103458e-02
1.774193548387071402e-04 1.300766283524904324e-02
1.140522875816993298e-03 1.077064220183486694e-02
7.697368421052628966e-03 1.451190476190476232e-02
-1.946629213483147894e-03 1.342175572519084190e-02
-2.616580310880817152e-04 1.552422145328720242e-02
5.751533742331290701e-03 1.407922535211268006e-02
-1.715231788079471260e-03 1.000401606425703645e-02
8.309677419354840472e-03 1.389208633093525283e-02
-1.408284023668640063e-03 1.368301886792452210e-02
7.226775956284154680e-03 1.464259927797833573e-02
7.506976744186049863e-03 1.315582191780821815e-02
6.896666666666664662e-03 1.638928571428572428e-02
3.439153439153439223e-03 1.521428571428571318e-02
-1.947058823529414793e-03 1.470754716981132262e-02
9.079896907216496865e-03 1.650653594771242516e-02
2.227040816326535024e-03 8.764598540145983677e-03
1.511049723756905522e-02 1.440501792114695472e-02
6.691709844559586874e-03 1.329780564263322896e-02
1.283701657458563052e-02 1.051423487544484239e-02
1.476300578034682454e-02 9.679810725552046025e-03
-1.838028169014083776e-03 1.225265017667844999e-02
-5.892215568862279457e-03 1.490252707581227187e-02
6.960893854748601874e-03 1.129562043795620183e-02
-7.790502793296093242e-03 9.291845493562236186e-03
5.930555555555556968e-03 1.360000000000000271e-02
8.906832298136643788e-03 1.134285714285714584e-02
-5.266081871345026227e-03 1.738755020080321595e-02
9.893048128341987255e-05 1.592857142857143082e-02
1.689244186046510998e-02 1.526100628930818388e-02
-1.023923444976074801e-03 1.115510948905109809e-02
2.442408376963355141e-03 1.195695364238410531e-02
-3.554655870445341554e-03 1.329674796747967735e-02
1.831360946745562782e-03 1.370739549839229167e-02
1.735759493670885681e-02 1.455215827338129757e-02
8.746666666666669948e-03 1.402439024390243934e-02
1.249999999999996340e-03 1.299499999999999440e-02
-2.070652173913043338e-03 1.507839721254354906e-02
6.933862433862437134e-03 1.167452830188679160e-02
5.421212121212127047e-03 1.291339869281046653e-02
-1.575107296137333475e-03 1.274199288256227733e-02
2.647239263803676402e-03 1.131853281853281538e-02
9.671361502347445172e-04 1.216366366366366213e-02
4.806358381502890201e-03 9.976351351351355617e-03
5.674418604651162773e-04 1.206826568265682506e-02
1.935635359116022122e-02 1.627636363636363742e-02
6.815920398009951003e-03 1.275000000000000439e-02
3.065088757396447310e-03 1.517712177121771297e-02
8.037037037037040449e-03 1.178225806451612366e-02
8.280898876404495929e-03 9.910169491525422716e-03
3.540740740740741434e-03 1.003546099290780411e-02
5.270114942528734102e-03 1.461833333333333387e-02
1.306958762886598069e-02 1.705105633802816989e-02
6.904255319148936212e-03 1.161896551724138013e-02
-3.046979865771817959e-03 1.462691131498470437e-02
-2.897959183673465191e-03 1.255851063829787478e-02
9.885906040268455097e-03 1.416740088105727415e-02
1.111016949152542066e-02 1.590035587188612376e-02
3.234177215189871536e-03 1.265401785714285847e-02
1.196099290780142099e-02 1.813173652694610380e-02
3.370588235294115238e-03 8.554421768707484372e-03
6.108108108108095940e-04 1.168585526315788978e-02
6.173469387755095399e-03 1.173968253968254126e-02
9.508670520231214326e-03 1.335130718954249431e-02
-3.571428571428540526e-04 1.124555160142349207e-02
8.327683615819210516e-03 2.061977186311787086e-02
4.845505617977529343e-03 1.196387832699620166e-02
1.031756756756756904e-02 1.488867924528302841e-02
2.401020408163265230e-02 1.641434262948207601e-02
1.221893491124255134e-03 1.440074906367041357e-02
4.465517241379311081e-03 1.140780141843971730e-02
1.020320855614974091e-02 1.515944881889764659e-02
8.167441860465109865e-03 1.405442176870748405e-02
5.825757575757570944e-03 1.452210884353742106e-02
6.064971751412430272e-03 1.468585526315789765e-02
1.225348837209301947e-02 1.085424354243542076e-02
5.671428571428571187e-03 1.948829431438126730e-02
5.945578231292516364e-03 1.107518796992481083e-02
2.174331550802138455e-02 1.280278884462151406e-02
1.148369565217391246e-02 1.367343173431733935e-02
1.603823529411764481e-02 1.217450980392157170e-02
2.292349726775964880e-03 1.205704697986577020e-02
2.207943925233641844e-03 1.572549019607842949e-02
7.971794871794867995e-03 1.267781690140844762e-02
5.725388601036283335e-04 1.487906137184115581e-02
1.316847826086956982e-02 1.146893491124260749e-02
8.409090909090904259e-03 1.515234375000000175e-02
1.508064516129027687e-03 1.679491525423728801e-02
2.571464646464647827e-02 1.390808823529412173e-02
6.967741935483869574e-03 1.088157894736842095e-02
4.525547445255477010e-03 9.312765957446813431e-03
1.484722222222222693e-02 1.301208459214501893e-02
1.783012820512821367e-02 1.619933554817275245e-02
1.109999999999999876e-02 9.268442622950817666e-03
2.032068965517241227e-02 1.800462962962963431e-02
1.966326530612243911e-02 1.581458333333333674e-02
-1.956647398843932868e-03 1.185915492957746384e-02
2.264759036144577825e-02 1.408999999999999489e-02
5.626943005181349843e-03 1.655105633802816945e-02
4.458860759493668731e-03 1.215412186379928247e-02
-6.487373737373735259e-03 9.659863945578229735e-03
1.385542168674697714e-03 1.201845637583892623e-02
7.910179640718556157e-03 1.560339506172839404e-02
1.587435897435898052e-02 1.570411985018726683e-02
8.899999999999996456e-03 1.273437499999999743e-02
9.116959064327483445e-03 1.040980392156863436e-02
1.816279069767447532e-03 1.083982683982684207e-02
4.252500000000001071e-03 8.912186379928316998e-03
3.122159090909095141e-03 1.634429065743945447e-02
4.266853932584267761e-03 1.689811320754716975e-02
2.952499999999998095e-03 1.532618025751072977e-02
4.112021857923498294e-03 1.263787375415282958e-02
1.173456790123456571e-02 1.522696245733788992e-02
1.174384236453202522e-02 1.772711267605633564e-02
1.625000000000000749e-02 1.840117994100295279e-02
9.838888888888893541e-03 1.375632911392404845e-02
2.796089385474859364e-03 1.575080906148867282e-02
1.277607361963190198e-02 1.279629629629628999e-02
1.359821428571428813e-02 1.802355072463768249e-02
8.960526315789476073e-03 1.402840909090909138e-02
5.546296296296291360e-03 1.415601503759398791e-02
5.757990867579913449e-03 1.345212765957446745e-02
7.891414141414141922e-03 1.398534798534798937e-02
2.303910614525138401e-02 1.297163120567376010e-02
4.237244897959187295e-03 1.093031358885017401e-02
7.588757396449709661e-03 1.943568464730290046e-02
-1.304347826086951529e-04 1.544274809160306114e-02
-2.630530973451327640e-03 1.542182410423452617e-02
7.663888888888885018e-03 1.533389261744966953e-02
6.811904761904761206e-03 1.898007246376812174e-02
4.852791878172585394e-03 1.637956204379561673e-02
3.261306532663314339e-03 1.478853754940712140e-02
1.724550898203593141e-02 1.278621908127208599e-02
-3.255813953488310639e-04 1.034999999999999462e-02
1.603365384615385806e-03 1.397419354838709549e-02
-8.322222222222215235e-03 1.409768211920529868e-02
-2.535714285714287843e-03 1.301167315175097254e-02
-2.156250000000033032e-04 1.330797101449275599e-02
-2.861878453038669071e-03 1.678352490421455845e-02
4.010416666666665603e-03 1.364022140221402522e-02
5.229651162790696813e-03 1.344918032786885341e-02
6.182080924855489455e-03 1.271276595744681541e-02
1.768518518518518920e-02 1.236153846153846547e-02
-4.553763440860215256e-03 1.424161073825503353e-02
1.780967741935483503e-02 1.019008264462809878e-02
1.548235294117646620e-02 1.684765625000000586e-02
1.392817679558010918e-02 1.635256410256410303e-02
8.424581005586588914e-03 1.731614349775784795e-02
1.412894736842105516e-02 1.331993006993006587e-02
1.269476744186046578e-02 1.010380622837370006e-02
-3.359154929577463661e-03 1.825101214574900016e-02
1.306313131313132161e-02 1.069966442953020243e-02
6.628272251308906134e-03 1.210580204778157268e-02
-7.934131736526942383e-03 2.054578754578755689e-02
6.976331360946746128e-03 1.140378006872852165e-02
3.103174603174602489e-03 1.367557251908397761e-02
-1.280555555555559517e-03 1.174696356275304297e-02
1.222368421052631542e-02 1.582304526748970833e-02
-2.743589743589740400e-03 1.322594142259413824e-02
6.649171270718236618e-03 1.539312977099236389e-02
3.743589743589769477e-04 1.347515527950310377e-02
-2.102094240837694503e-03 1.535164835164835699e-02
1.278698224852071325e-02 8.618110236220468540e-03
-4.540322580645159839e-03 1.328431372549019295e-02
1.191666666666666569e-02 1.444339622641509745e-02
3.142857142857146888e-03 1.410430463576158380e-02
1.139820359281436789e-02 1.459578544061303045e-02
1.330635838150288734e-02 1.797601476014760308e-02
1.809322033898304316e-02 9.262214983713356817e-03
1.283333333333333201e-02 1.406797583081571650e-02
1.815489130434782411e-02 1.461797752808989027e-02
8.821656050955408931e-03 1.420469798657718850e-02
-6.571428571428568344e-03 1.437944664031620690e-02
1.676571428571429004e-02 1.071544715447154961e-02
2.339506172839502570e-03 1.388947368421053138e-02
5.762499999999995057e-03 1.566288951841359606e-02
1.222905027932960631e-02 1.508771929824561341e-02
-5.120772946859902331e-04 1.139335664335664258e-02
8.957920792079210673e-03 1.140526315789474124e-02
4.967661691542294734e-03 1.337799999999999753e-02
-6.345291479820610626e-04 1.009931506849314972e-02
4.161057692307693935e-03 8.766949152542370671e-03
3.611111111111109211e-03 1.622742474916389135e-02
-4.132530120481928831e-03 1.410943396226415486e-02
-2.687500000000000652e-03 1.411596958174905422e-02
7.025125628140702766e-03 1.723090277777778248e-02
3.122023809523809344e-03 1.157073954983922799e-02
1.003869047619047883e-02 1.287686567164179376e-02
6.832417582417584997e-03 1.328027681660899628e-02
5.350000000000000588e-03 1.642910447761193951e-02
7.387978142076502379e-03 1.002745098039215833e-02
1.320666666666666517e-02 1.710961538461539325e-02
1.074468085106382829e-02 1.350641025641026102e-02
1.744186046511632436e-03 1.411507936507936690e-02
5.895061728395058730e-03 1.352555910543130728e-02
6.802955665024628534e-03 9.305660377358493732e-03
9.246636771300444438e-03 1.257661290322580755e-02
6.731060606060601526e-03 1.767299578059071744e-02
2.668571428571426835e-03 8.578073089700996925e-03
8.881656804733729232e-03 1.170620437956204629e-02
-5.889447236180902871e-03 8.437499999999998820e-03
1.359090909090911138e-03 1.362588652482269770e-02
5.240625000000001359e-03 1.663080168776370771e-02
1.139642857142856430e-02 1.533892617449665249e-02
-6.218905472636517375e-05 1.164122137404580495e-02
7.941558441558440457e-03 1.464334470989761376e-02
8.571875000000006573e-03 1.203703703703703533e-02
1.283582089552235761e-03 1.909311740890688724e-02
6.311827956989248152e-03 1.280968858131487954e-02
1.481767955801105256e-02 8.522950819672130141e-03
1.641513761467890478e-02 1.203134796238244410e-02
3.937500000000001762e-03 1.367283950617284062e-02
5.876168224299067357e-03 1.046843853820597636e-02
-5.039393939393936421e-03 1.653558052434456541e-02
-3.851351351351345841e-03 1.133195020746887924e-02
2.119191919191918891e-02 1.497166666666666437e-02
2.284246575342464836e-03 1.297516556291390677e-02
3.606481481481484813e-03 1.618624161073825909e-02
1.128571428571431903e-03 1.426101694915254264e-02
1.221428571428571225e-02 1.335192307692307893e-02
2.695783132530122066e-03 1.452659574468085323e-02
-7.204697986577180552e-03 1.306370656370656885e-02
-1.021938775510205025e-02 1.083657587548638064e-02
5.142441860465117760e-03 1.859106529209622952e-02
5.297752808988765924e-03 1.180457746478873714e-02
5.969543147208122326e-03 1.154659498207884737e-02
4.559999999999997215e-03 1.498333333333333288e-02
8.230392156862746320e-03 1.212956810631229433e-02
-2.877990430622009380e-03 1.252014652014652590e-02
9.412060301507534088e-03 1.268867924528302091e-02
2.359281437125747890e-03 1.274436090225563797e-02
1.521727748691099197e-02 1.123357664233576823e-02
9.462499999999993486e-03 1.574179104477612182e-02
3.997395833333329367e-03 1.230620155038759933e-02
-6.279069767441866319e-04 1.140000000000000041e-02
2.217514124293788660e-03 1.071078431372549447e-02
6.818421052631586446e-03 1.316666666666667547e-02
1.134972677595628456e-02 1.163013698630137316e-02
7.721804511278194776e-03 1.546987951807229228e-02
1.636624203821656492e-02 1.430094043887147198e-02
1.163432835820895489e-02 1.491029900332226099e-02
6.351351351351348928e-03 1.328810408921933008e-02
-8.442211055276400457e-04 1.423605947955390236e-02
-1.520547945205481507e-03 1.249632352941176458e-02
4.396551724137912564e-04 1.754320987654321359e-02
-6.874345549738220679e-03 1.100201612903226218e-02
3.625000000000003220e-03 1.109230769230769818e-02
-8.519337016574590749e-03 1.451155115511551172e-02
3.524242424242423656e-03 1.303973509933774658e-02
9.969465648854961351e-03 1.265725806451612964e-02
4.943902439024391512e-03 1.022743055555556252e-02
1.053846153846153648e-02 1.577539062499999992e-02
6.484924623115574313e-03 1.119669117647058808e-02
2.020571428571428171e-02 1.298987854251012521e-02
5.197368421052628480e-03 1.131372549019607314e-02
-8.676470588235347297e-04 1.208070175438596440e-02
3.456953642384112072e-03 1.072653721682848872e-02
-2.063888888888886809e-03 1.679921259842519915e-02
1.132380952380952245e-02 1.241666666666666266e-02
1.339830508474576347e-02 1.164768683274021617e-02
-5.955801104972373826e-03 1.843253968253968922e-02
6.736956521739130739e-03 1.105338078291815199e-02
7.321052631578941691e-03 1.251636363636363623e-02
3.296703296703665736e-05 1.310132890365448693e-02
1.340883977900552554e-02 1.248850574712643755e-02
8.122009569377992150e-03 1.493521594684385848e-02
1.113157894736841597e-02 1.220620437956204500e-02
1.197761194029850831e-02 9.858000000000000443e-03
1.115773809523809383e-02 1.419253731343283337e-02
1.003092783505153858e-02 1.015748031496062874e-02
3.755747126436780135e-03 9.034050179211465179e-03
1.013005780346821517e-02 1.409074074074074048e-02
1.505128205128208147e-03 2.079870129870129217e-02
-4.696202531645567863e-03 1.646601941747571907e-02
1.269210526315789518e-02 9.652727272727272892e-03
1.390909090909091088e-03 1.517517006802720711e-02
-1.951086956521734528e-03 1.594147157190635086e-02
1.213440860215054574e-02 1.428299120234603758e-02
9.604477611940302403e-03 1.446790540540540508e-02
1.366336633663366466e-03 1.634435797665369922e-02
6.930693069307129295e-05 1.256456953642384224e-02
1.585474860335195704e-02 1.428311258278146083e-02
4.202777777777778369e-03 1.694218750000000065e-02
3.183006535947713669e-03 1.552249134948096784e-02
-1.435582822085886478e-03 1.450000000000001114e-02
1.087283236994219734e-02 1.594230769230768965e-02
5.758426966292121271e-04 1.541598360655738013e-02
8.327272727272730032e-03 1.317968750000000390e-02
-7.832278481012663537e-03 1.440311418685121664e-02
3.056250000000005143e-03 1.291250000000000037e-02
3.293427230046951353e-03 9.749019607843132859e-03
1.020984455958549690e-02 1.273489932885906242e-02
1.712048192771083860e-02 1.439028776978417551e-02
3.221556886227539690e-03 1.521477663230240071e-02
8.182539682539681850e-03 1.681992337164751536e-02
1.764705882352915001e-04 1.820754716981131879e-02
1.346820809248563218e-03 1.457550335570470014e-02
1.140571428571428639e-02 1.503048780487804825e-02
3.635638297872337971e-03 1.476623376623376581e-02
-1.453488372093053593e-04 1.014206642066420999e-02
-3.964864864864866591e-03 9.325630252100838152e-03
5.999999999999999258e-03 1.444684385382059670e-02
1.303459119496855854e-02 1.621192052980132900e-02
1.010638297872340193e-03 1.437722419928825004e-02
4.641176470588244049e-03 1.346615384615384298e-02
6.793478260869546597e-04 1.391319444444445198e-02
-3.919014084507051708e-03 1.460606060606060852e-02
-2.430817610062890443e-03 1.447540983606557773e-02
1.260000000000000009e-02 1.706491228070175156e-02
1.758479532163742878e-02 1.284353741496599075e-02
2.602620087336244940e-03 1.611660777385159199e-02
9.602564102564102241e-03 1.392125984251968256e-02
9.034574468085098536e-03 1.527640845070422221e-02
-1.674418604651159220e-03 1.552852348993288487e-02
6.485119047619043384e-03 1.801672862453532198e-02
-2.456647398843926156e-04 1.490225563909774315e-02
1.859589041095890613e-02 1.247413793103448881e-02
2.323863636363637797e-03 1.355319148936170483e-02
8.324324324324337485e-04 1.191213389121339138e-02
5.814371257485030295e-03 9.664609053497938071e-03
6.194736842105268496e-03 1.218197879858657143e-02
5.179487179487180307e-03 1.290408163265306142e-02
6.147928994082840770e-03 1.591666666666665536e-02
8.047619047619048241e-03 1.578691275167785554e-02
1.585350318471338144e-02 1.484317343173432655e-02
2.184491978609630174e-03 1.501824817518247930e-02
2.672297297297297151e-03 1.583778625954198466e-02
3.597883597883598603e-03 1.038247011952191101e-02
9.866834170854273112e-03 1.743275862068965551e-02
-1.547499999999999614e-03 1.607222222222221691e-02
-1.237244897959183547e-03 1.266159695817491333e-02
7.939560439560415647e-04 1.725192307692307095e-02
7.756024096385540426e-03 1.524456521739130273e-02
1.454081632653061312e-02 1.423931623931623709e-02
2.413043478260891038e-04 1.228494623655914178e-02
1.622222222222225200e-03 1.529289940828403027e-02
1.088109756097560901e-02 1.305212355212355749e-02
1.205464480874317117e-02 1.731330472103004281e-02
-4.046242774566638121e-05 1.321684587813620228e-02
1.020833333333333488e-02 1.334519572953737215e-02
8.647058823529412200e-03 1.474576271186440503e-02
-5.144117647058818986e-03 1.534821428571428968e-02
5.559748427672948044e-03 1.048393574297188865e-02
6.452513966480446020e-03 1.512714776632302811e-02
9.139784946236566288e-03 1.493377483443709096e-02
4.451871657754009719e-03 1.276765799256505442e-02
-3.166666666666663119e-03 1.416546762589928135e-02
2.239631336405527740e-03 1.787854251012146664e-02
3.660087719298241865e-03 1.256835937499999924e-02
1.446174863387978196e-02 1.205747126436781946e-02
1.108866995073891706e-02 1.523493975903614239e-02
1.644808743169398624e-02 1.319188191881918819e-02
3.254629629629634223e-03 1.192884615384615793e-02
-9.346994535519121197e-03 1.209966777408637804e-02
6.128140703517586871e-03 1.783639705882353321e-02
8.536723163841809445e-03 1.323387096774194388e-02
1.000609756097560997e-02 1.080244755244755446e-02
-6.818181818181800287e-04 1.396330275229358368e-02
5.560526315789471492e-03 1.665434083601286322e-02
-4.806358381502886731e-03 1.238385826771653403e-02
2.177597402597403198e-02 1.406015037593984739e-02
1.731481481481481760e-02 1.649638989169674788e-02
-1.528947368421052465e-02 1.100829875518673055e-02
-1.310982658959537403e-02 1.137179487179487344e-02
7.804232804232869459e-04 1.416455696202532054e-02
1.103521126760562826e-02 1.833391003460208002e-02
2.797752808988758933e-03 1.246705426356589132e-02
-3.358585858585858962e-04 1.248496240601503632e-02
8.111650485436883162e-03 1.240143369175627543e-02
-1.893442622950823476e-03 1.093916349809886251e-02
3.893081761006290595e-03 1.178598484848485464e-02
6.549418604651162032e-03 1.789189189189189025e-02
8.436363636363635940e-03 1.791935483870967655e-02
-1.115384615384612706e-03 1.661632653061224235e-02
1.504726368159203798e-02 1.307220216606498099e-02
1.797756410256409754e-02 1.737414965986394319e-02
7.023195876288657394e-03 1.599450549450549819e-02
5.036407766990293883e-03 1.290365448504983241e-02
-1.291411042944781750e-03 1.130377358490566517e-02
7.925324675324675605e-03 1.476215277777778376e-02
1.270899470899470272e-02 1.348708487084870900e-02
-6.558441558441520814e-04 1.446909090909091061e-02
9.324137931034487056e-03 1.397435897435897120e-02
1.658602150537634434e-02 1.603943217665615428e-02
-7.005813953488394200e-04 1.651176470588235426e-02
-9.309859154929576303e-03 1.418384879725085451e-02
-2.296407185628738818e-03 1.629255319148936385e-02
-1.418604651162793349e-03 1.111235955056179801e-02
-8.999999999999995851e-03 1.340760869565216923e-02
-4.156398104265402252e-03 1.891946308724831369e-02
1.273497267759563130e-02 1.067105263157894744e-02
7.892105263157898204e-03 1.290400000000000574e-02
7.065533980582529815e-03 1.329351535836177135e-02
2.505714285714286463e-03 1.521946564885496428e-02
-1.044409937888198664e-02 1.362962962962963043e-02
7.228632478632481331e-03 7.758620689655172306e-03
7.409604519774014818e-03 1.484444444444444830e-02
-1.076712328767123403e-02 1.307812499999999947e-02
-4.527607361963188921e-03 1.507526881720429660e-02
1.004838709677418999e-02 1.603947368421052705e-02
3.284090909090914452e-03 1.273986486486486380e-02
2.329360465116278589e-02 1.716666666666667035e-02
-2.417808219178078054e-03 1.577177700348431771e-02
1.204143646408839356e-02 1.351485148514851645e-02
1.177020202020202105e-02 1.570238095238096071e-02
1.034463276836158213e-02 1.486941580756014070e-02
1.430921052631582832e-03 1.197445255474452637e-02
1.217539267015706715e-02 1.365983606557377196e-02
3.805128205128208325e-03 1.100210084033613304e-02
1.171122994652403979e-03 9.401140684410646750e-03
9.485148514851479695e-03 1.396734693877551246e-02
3.184579439252338377e-03 1.443798449612402647e-02
7.558252427184469768e-03 1.363043478260869343e-02
1.554697986577181258e-02 1.415779467680608125e-02
5.689119170984452585e-03 1.220945945945946416e-02
1.479050279329609252e-02 1.268339100346021348e-02
-7.359550561797731242e-04 1.523622047244094745e-02
8.246753246753252276e-03 1.111250000000000258e-02
1.516388888888888821e-02 1.261290322580644642e-02
5.056930693069303616e-03 1.169372693726936953e-02
1.158181818181817750e-02 1.172330097087378835e-02
9.097619047619050561e-03 1.400000000000000029e-02
7.754901960784313028e-03 1.247999999999999457e-02
-1.923780487804876071e-03 1.311182108626198113e-02
2.394039735099344392e-03 1.358555133079847668e-02
8.709677419354844990e-03 1.141549295774648039e-02
1.302702702702705252e-03 8.104477611940302806e-03
7.603825136612025332e-03 1.417715231788079303e-02
7.026595744680854370e-03 1.257058823529411812e-02
1.135112359550562167e-02 1.620392749244713160e-02
2.507936507936509365e-03 1.347202797202797474e-02
1.876243093922651956e-02 1.270000000000000122e-02
1.675961538461538322e-02 1.658657243816254526e-02
5.749999999999998168e-03 1.073595505617978146e-02
7.487179487179491250e-04 1.361309523809523317e-02
3.665178571428572268e-03 1.096804511278195657e-02
8.360544217687072496e-03 1.379356060606061127e-02
-7.378787878787883107e-03 1.268592057761733054e-02
-4.661016949152543159e-04 1.302813852813852757e-02
1.563033175355450430e-02 1.195192307692308047e-02
9.463888888888889739e-03 1.295737704918033251e-02
1.523206751054852898e-02 1.121099290780141339e-02
1.713017751479290742e-03 1.414334470989761505e-02
-2.511013215859055222e-04 9.275179856115105606e-03
8.959239130434780082e-03 1.313312693498452054e-02
1.151197604790418945e-02 1.289413680781758935e-02
-3.335937500000005131e-03 7.933212996389894453e-03
3.110795454545451158e-03 1.441877256317689732e-02
1.456043956043905519e-04 1.271564885496183697e-02
8.154088050314464708e-03 1.512450592885376116e-02
3.018867924528290678e-04 1.439473684210526572e-02
3.285294117647056394e-03 1.477731092436975098e-02
1.224858757062147023e-02 1.620779220779221264e-02
1.755357142857143574e-02 1.331756756756757171e-02
-1.473544973544973612e-03 1.786046511627907563e-02
9.275147928994087465e-03 1.331803278688524668e-02
7.591584158415839653e-03 1.106666666666666562e-02
1.003333333333332293e-02 1.158398437500000183e-02
1.725000000000000144e-02 1.521212121212120807e-02
5.344155844155848260e-03 1.534244372990353593e-02
4.231617647058818869e-03 1.252539062500000223e-02
-3.639053254437853440e-04 1.434875444839857697e-02
7.798578199052133737e-03 1.224834437086093179e-02
1.678010471204189995e-03 1.512977099236641372e-02
-1.047029702970298610e-03 1.239700374531836277e-02
3.627071823204419069e-03 1.305980066445182330e-02
2.748299319727887449e-03 1.662866449511401015e-02
9.726063829787235521e-03 1.067672413793104014e-02
1.188888888888888634e-03 1.079790940766550689e-02
5.318471337579617868e-03 1.226909090909091178e-02
-1.861538461538462651e-03 1.476425855513307725e-02
1.547674418604651561e-02 1.730158730158730049e-02
9.978365384615384137e-03 1.153769841269841265e-02
-3.609999999999995591e-03 1.769040247678018221e-02
8.547169811320757399e-03 6.298780487804875837e-03
1.031592039800994891e-02 1.345221843003413000e-02
-1.563451776649743856e-03 1.334160305343511099e-02
-2.566985645933008830e-03 1.451403508771929689e-02
2.590522875816993545e-02 1.718100358422939775e-02
4.684491978609627190e-03 1.917441860465117498e-02
-3.659793814432987791e-03 1.177992957746478754e-02
4.505681818181819266e-03 9.693597560975613162e-03
4.422680412371132914e-03 1.625604838709678035e-02
8.635869565217387661e-03 1.686698717948717854e-02
4.648255813953482314e-03 8.189768976897687791e-03
1.337142857142857057e-02 1.280399999999999941e-02
1.227130044843049300e-02 1.502107279693486175e-02
1.656395348837208861e-02 1.703162055335968525e-02
-9.739361702127661766e-03 1.499471830985915112e-02
2.045153061224489963e-02 1.247470238095237625e-02
3.967065868263475528e-03 1.470689655172413741e-02
7.203225806451609217e-03 1.624342105263158059e-02
-5.362980769230770925e-03 1.440497737556561270e-02
3.446078431372554852e-03 9.234496124031012915e-03
5.814285714285714543e-03 1.037912087912087888e-02
2.101428571428571451e-02 1.433118971061093753e-02
-7.584269662921341339e-03 9.464150943396226756e-03
1.867514124293785660e-02 1.328762541806020360e-02
2.253125000000000353e-03 1.002757352941176412e-02
7.029914529914554682e-04 9.218637992831537481e-03
5.587179487179489736e-03 1.692532467532468013e-02
1.413271604938271496e-02 1.603321033210331967e-02
4.982587064676619222e-03 1.383707865168538539e-02
8.106382978723401453e-03 1.597636363636363924e-02
-1.483862433862434028e-02 1.603040540540540126e-02
8.644670050761417771e-03 1.553643724696356435e-02
1.138888888888888590e-02 9.396761133603239585e-03
1.078571428571428389e-02 1.393518518518518934e-02
1.181547619047621780e-03 1.325968992248062646e-02
1.422018348623855415e-03 1.309405940594059528e-02
1.319745222929936609e-02 1.357861635220125943e-02
-3.636363636363619339e-04 1.476483050847457804e-02
1.177570093457943647e-02 1.533090909090909122e-02
1.077045454545454660e-02 1.004290429042904199e-02
1.508571428571432466e-03 1.361048689138577746e-02
6.410052910052910051e-03 1.439166666666666372e-02
1.922677595628415753e-02 1.687725631768953807e-02
1.941624365482233754e-03 1.422830188679245246e-02
3.068047337278107748e-03 9.796577946768060541e-03
3.098214285714285306e-03 1.138976377952756296e-02
-5.518957345971560978e-03 1.542805755395683376e-02
1.226751592356687716e-02 1.352551020408163454e-02
5.514044943820232102e-03 1.574145299145299215e-02
1.269005847953216890e-03 1.583684210526315958e-02
6.042944785276102354e-04 8.266544117647059431e-03
-2.034161490683230634e-03 1.599158249158249417e-02
1.081428571428571725e-02 1.529037800687285328e-02
9.896739130434787854e-03 1.140833333333333803e-02
-1.290948275862067660e-03 1.583096085409253437e-02
5.022012578616356394e-03 1.345398773006134703e-02
3.190909090909088003e-03 1.332028469750890648e-02
1.186868686868684103e-03 1.281380753138075708e-02
2.502688172043012090e-03 8.862403100775193346e-03
-5.612440191387561839e-03 6.406130268199231384e-03
1.071223021582733484e-02 1.529152542372882312e-02
9.164285714285716825e-03 7.924590163934427250e-03
-2.460893854748601346e-03 1.654020979020978319e-02
5.438775510204080232e-03 1.563937282229965059e-02
1.634782608695652811e-02 1.739672131147540490e-02
3.974654377880183949e-03 7.336099585062242148e-03
4.103864734299515760e-03 1.103469387755102310e-02
1.786857142857142811e-02 1.687138263665594745e-02
8.807262569832398011e-03 1.819322709163347096e-02
1.324397590361445394e-02 1.339522058823529316e-02
1.516939890710383362e-02 1.499800796812749207e-02
-3.811764705882355643e-03 1.337246963562753292e-02
-2.652380952380952936e-03 1.697849462365590145e-02
2.814285714285713613e-03 1.477888446215139089e-02
-1.447499999999999568e-03 1.092234848484848614e-02
-9.595588235294150213e-04 1.465771812080537626e-02
2.427230046948365607e-03 1.267391304347826458e-02
1.100312499999999902e-02 1.381893004115226226e-02
4.847560975609747393e-03 1.483617747440273138e-02
-3.701923076923074873e-03 1.253025477707006390e-02
-7.093749999999996109e-04 1.331428571428571600e-02
9.876190476190477643e-03 1.394858156028369080e-02
5.939732142857139831e-03 1.096626984126984443e-02
1.051811594202898756e-02 1.144800000000000331e-02
1.926395939086293120e-03 1.799999999999999864e-02
3.808755760368657400e-03 9.871093749999998793e-03
-6.509316770186332479e-03 1.115555555555555398e-02
-2.422680412371118887e-04 1.152768166089965240e-02
-3.248587570621500292e-04 1.625568181818181843e-02
8.994011976047914039e-03 1.993620178041544122e-02
1.099999999999995513e-03 1.111044176706827390e-02
1.740566037735849156e-02 1.447826086956522165e-02
-3.063253012048192028e-03 1.062318840579710121e-02
7.003355704697987634e-03 1.683802816901409233e-02
5.826291079812205391e-03 1.255538461538462276e-02
-5.171597633136091297e-03 1.358650519031141465e-02
2.051500000000000892e-02 1.228571428571428696e-02
6.155172413793106971e-03 1.347529069767441738e-02
3.708333333333333447e-03 1.027734375000000436e-02
-3.361538461538460081e-03 1.514048338368580333e-02
2.585443037974686532e-03 1.008620689655172382e-02
1.491104294478526500e-02 1.584482758620689435e-02
3.829113924050634062e-03 7.224315068493151505e-03
1.259510869565217892e-02 1.404945054945054908e-02
1.884394904458598988e-02 1.440889830508474724e-02
-5.930875576036863557e-03 1.476373626373625979e-02
-1.989035087719292876e-03 1.646052631578948100e-02
1.441256830601093421e-02 1.484872611464968344e-02
8.394366197183094833e-03 1.414612676056338676e-02
-5.094240837696333186e-03 1.586900369003690220e-02
6.849999999999998451e-03 1.118470149253731651e-02
1.715853658536585502e-02 1.280381944444444579e-02
-3.522935779816511754e-03 1.585326086956522287e-02
1.705588235294118113e-02 1.300735294117646990e-02
5.788819875776399920e-03 1.486510791366906642e-02
3.090909090909088174e-03 1.537318840579710542e-02
6.249999999999995143e-03 1.065669014084507163e-02
2.314410480349346055e-03 1.617226890756302479e-02
1.112797619047618813e-02 2.030783582089552494e-02
4.986175115207379036e-03 1.446276595744681523e-02
1.256547619047618421e-02 1.277547169811321139e-02
-1.574074074074075826e-03 1.297703180212014633e-02
-6.473262032085558629e-03 1.196536144578313685e-02
-1.078787878787879377e-03 1.217398648648648947e-02
-6.774193548387093082e-03 8.810035842293905545e-03
-1.822916666666812846e-05 1.001785714285714259e-02
5.490624999999997244e-03 1.516499999999999966e-02
2.791390728476814825e-03 1.003710247349823108e-02
-2.594240837696334435e-03 1.284865900383142141e-02
-1.099468085106383025e-02 1.390476190476190241e-02
6.026570048309181499e-03 1.370370370370371099e-02
1.964397905759163176e-02 1.262857142857142304e-02
1.020231213872833205e-03 1.355818181818181992e-02
1.369254658385092756e-02 1.455438596491228330e-02
1.242452830188679400e-02 1.406083650190114234e-02
3.907303370786516065e-03 1.400362318840580114e-02
-3.879396984924618659e-03 1.332601351351350889e-02
1.010927152317880884e-02 1.863541666666666125e-02
7.394366197183534564e-05 8.938976377952760621e-03
1.850609756097562186e-03 1.503007518796992646e-02
6.943127962085306280e-04 1.754983922829582432e-02
3.700000000000004067e-03 1.232592592592592767e-02
-2.783068783068779178e-03 1.181632653061224884e-02
-1.250000000000015747e-04 1.603260869565217503e-02
-3.883333333333335857e-03 1.210573476702508748e-02
8.154054054054052023e-03 1.331766917293233585e-02
2.265363128491615190e-03 1.276104417670683409e-02
6.438775510204082855e-03 1.777956989247312866e-02
9.309633027522938239e-03 1.196217105263158026e-02
1.681500000000000355e-02 1.699042145593869860e-02
-7.335294117647063114e-03 1.407755102040816539e-02
-5.139534883720883653e-04 1.006294964028777057e-02
8.198369565217394211e-03 1.603598484848485148e-02
1.854022988505746664e-02 1.706078431372549595e-02
9.707650273224045778e-03 1.502338129496403121e-02
1.276470588235294537e-02 1.283333333333333548e-02
6.745370370370367720e-03 1.080434782608695118e-02
9.756097560975615169e-04 1.533403361344537301e-02
1.309405940594058401e-03 1.848550724637681997e-02
2.634638554216868142e-02 1.456156716417910009e-02
4.248743718592970856e-03 1.437625418060200361e-02
-4.399484536082470462e-03 9.839222614840995723e-03
-1.267329545454546312e-02 1.082517482517482421e-02
1.119791666666666852e-02 7.791984732824427939e-03
2.654285714285712760e-03 1.118064516129032085e-02
9.326815642458101061e-03 1.489615384615384369e-02
-1.420329670329670150e-03 1.164536741214057709e-02
4.317948717948721579e-03 1.049621212121211802e-02
4.790419161676684055e-05 1.050000000000000065e-02
8.446308724832214676e-03 1.623333333333333225e-02
1.208157894736841369e-02 1.224606299212598406e-02
1.323030303030303494e-02 1.241541353383458779e-02
-1.194581280788177026e-02 1.464310954063603905e-02
2.235294117647060146e-03 1.246096654275093141e-02
6.461290322580641628e-03 1.512248995983936535e-02
8.400552486187849027e-03 1.373584905660376991e-02
-3.647798742138364382e-04 1.099810606060606238e-02
-4.897297297297304938e-03 1.314232209737827527e-02
2.662011173184355897e-03 1.022592592592592650e-02
1.876011560693641514e-02 1.464738805970149625e-02
1.273262032085561296e-02 1.663438735177865876e-02
3.489864864864862960e-03 1.279563492063492264e-02
8.923728813559321169e-03 1.463636363636363312e-02
9.959239130434780971e-03 1.205806451612903042e-02
1.506748466257668354e-02 1.808203125000000522e-02
-2.685714285714279996e-03 9.242138364779875145e-03
1.684840425531914515e-02 1.528007518796992321e-02
-5.983146067415736138e-04 8.940000000000000030e-03
2.413802083333333945e-02 1.481138790035588064e-02
3.880952380952347480e-04 1.195473251028806444e-02
1.040740740740741035e-02 1.150660066006600236e-02
5.678343949044590069e-03 1.138153310104529463e-02
1.116883116883120742e-03 1.176951672862453467e-02
1.118506493506493150e-02 7.660377358490573496e-03
1.650943396226415075e-02 1.314541832669323049e-02
1.478947368421052767e-02 1.291025641025641407e-02
-6.803571428571427923e-03 1.079268292682926920e-02
-6.858974358974386778e-04 1.103546099290780153e-02
4.377777777777781647e-03 1.403030303030303183e-02
9.440217391304349046e-03 1.389198606271777221e-02
8.250000000000005593e-03 1.562989323843416364e-02
1.722222222222226113e-03 1.717972350230415751e-02
-1.117777777777777953e-02 1.410294117647058892e-02
1.968079096045197846e-02 1.473867069486404537e-02
9.360465116279069811e-03 1.412152777777778839e-02
4.143617021276596417e-03 1.196774193548387315e-02
5.875000000000002616e-03 1.003162055335968597e-02
2.671974522292995449e-03 1.244318181818181331e-02
9.874345549738219874e-03 1.323557692307692282e-02
4.286885245901644360e-03 1.382441471571906576e-02
-1.838235294117641612e-03 1.078291814946619014e-02
2.605645161290323295e-02 1.092904290429042719e-02
-1.517241379310326974e-04 1.256993006993007561e-02
6.633838383838385096e-03 1.581132075471698012e-02
1.397383720930232484e-02 1.064801444043321152e-02
1.744966442953019628e-02 1.276459143968871821e-02
1.116216216216215328e-02 1.386266094420600913e-02
1.589037433155079948e-02 1.683596837944663707e-02
1.211764705882352640e-02 1.710380622837370107e-02
1.315789473684214833e-03 1.364212328767122791e-02
1.900571428571427857e-02 1.645805369127516238e-02
1.355421686746987979e-02 1.481178707224334486e-02
4.735294117647060631e-03 1.451238390092878666e-02
1.005555555555555543e-02 1.579487179487179538e-02
4.270491803278687881e-03 1.702992957746478700e-02
1.038802083333333591e-02 1.346116504854369053e-02
1.902995391705069456e-02 1.106179775280898871e-02
6.774096385542173991e-03 1.292682926829268747e-02
1.887755102040814892e-03 1.546835443037974413e-02
8.974358974358981941e-04 1.230971659919028599e-02
-8.793969849246161029e-04 1.460727272727272916e-02
3.687096774193547762e-03 1.416221374045801423e-02
9.408839779005525455e-03 1.374659863945578223e-02
3.560209424083766745e-04 1.854693877551020706e-02
7.626582278481003688e-03 1.933558558558559279e-02
-7.143939393939402992e-03 1.421532846715328757e-02
5.765193370165747934e-03 1.305232558139535030e-02
5.448863636363637970e-03 1.130076628352490176e-02
4.664141414141410522e-03 1.225189393939393918e-02
-1.186419753086419802e-02 1.238541666666666610e-02
1.696276595744681398e-02 1.338515901060071192e-02
5.153846153846158157e-03 1.616225165562914373e-02
-4.608455882352937259e-03 1.283404255319149298e-02
1.132191780821917293e-02 1.494202898550725175e-02
-3.740837696335076734e-03 1.187938596491227780e-02
1.087777777777777441e-02 1.317261904761904932e-02
8.283870967741933933e-03 1.409578544061302133e-02
-4.796391752577322184e-03 1.063654618473895523e-02
1.106293706293706193e-02 1.600314465408805495e-02
1.067919075144509351e-02 9.945544554455447439e-03
7.336683417085427920e-04 1.354618473895582813e-02
1.265408805031447044e-02 1.753703703703703501e-02
6.163888888888892359e-03 1.408867924528302111e-02
7.948924731182794440e-03 1.232507288629737345e-02
1.010927152317880537e-02 1.544522968197880285e-02
7.808900523560210506e-03 1.778048780487805416e-02
1.095628415300546957e-02 1.144423076923076904e-02
-1.658767772511586733e-05 1.035271317829457478e-02
1.676646706586826111e-03 1.084239130434782282e-02
7.837500000000002451e-03 1.029575163398693122e-02
5.577348066298345487e-03 1.084668989547038324e-02
7.268181818181815128e-03 1.516666666666666857e-02
-2.285310734463275820e-03 1.262357414448669196e-02
1.246791443850267002e-02 1.115079365079365073e-02
1.314184397163120632e-02 1.403300330033003217e-02
1.123235294117647283e-02 1.281802721088435432e-02
4.022099447513812799e-03 1.354401408450703857e-02
-6.190104166666667539e-03 1.329720279720279959e-02
8.651315789473673634e-04 1.556741573033707318e-02
1.184444444444444564e-02 1.516290322580645181e-02
1.473958333333329944e-03 1.262664473684210753e-02
8.539325842696626409e-03 1.293207547169811927e-02
7.431122448979594897e-03 1.000165562913907409e-02
7.080745341614905035e-03 1.834426229508196241e-02
-4.075268817204304173e-03 1.095922746781115807e-02
7.349999999999995426e-03 1.486758893280631932e-02
-8.855828220858898495e-03 9.900398406374504717e-03
1.199507389162562075e-02 1.422779922779923018e-02
1.932885906040264588e-03 1.241788321167883180e-02
-6.340782122905040197e-04 1.312541806020067064e-02
1.375576036866360020e-02 1.229166666666666775e-02
1.888922155688622581e-02 1.355105105105105373e-02
-8.002631578947367111e-03 1.328063241106719646e-02
-3.569364161849711368e-03 1.019999999999999900e-02
4.744680851063825568e-03 8.624999999999995517e-03
9.735449735449729081e-03 1.407662835249042996e-02
3.767241379310344151e-03 1.073561151079137008e-02
-1.879227053140100417e-03 1.229054054054054025e-02
1.016666666666666587e-02 1.260810810810810562e-02
7.116564417177968522e-04 1.022597864768683314e-02
2.580924855491334088e-03 1.260207612456747291e-02
1.094419642857143334e-02 1.165543071161048716e-02
1.170634920634920292e-02 1.152210884353741839e-02
-1.266272189349112488e-03 1.323709677419355329e-02
-9.386503067484640523e-04 1.581494661921708719e-02
6.269005847953216561e-03 1.427592592592593149e-02
2.058201058201063281e-03 1.231802721088435561e-02
1.815533980582522550e-03 1.316399999999999862e-02
1.732658959537572430e-02 1.439776357827476233e-02
6.689119170984457810e-03 1.799843260188088018e-02
1.189182692307692163e-02 1.563448275862069220e-02
1.082530120481927684e-02 1.253253424657534490e-02
2.548309178743959208e-03 1.314074074074073929e-02
-6.212121212121239980e-04 1.416233766233766268e-02
6.054298642533938873e-03 1.601815181518151734e-02
1.270876288659793067e-02 1.553830645161290158e-02
1.216761363636363787e-02 1.342950819672131431e-02
1.328272251308900732e-02 1.711694915254238086e-02
-1.583333333333335896e-03 1.370742358078602847e-02
1.976683937823827623e-03 9.696691176470586745e-03
3.722543352601156638e-03 1.302931034482759237e-02
1.291071428571428925e-02 1.362950819672130616e-02
9.895522388059699304e-03 1.424210526315789448e-02
2.209714285714285339e-02 1.462903225806451435e-02
-3.604060913705578397e-04 1.125939849624060622e-02
5.300546448087428870e-03 1.261730769230769850e-02
3.203883495145609661e-04 1.951440329218107408e-02
4.525906735751294638e-03 1.528252032520325404e-02
7.342592592592588063e-03 1.572977346278317534e-02
-1.257758620689655195e-02 1.611032028469750951e-02
6.018987341772151327e-03 1.676041666666667346e-02
7.975138121546968342e-03 1.303273809523809723e-02
7.591397849462363026e-03 1.292217898832685209e-02
5.358620689655181624e-03 2.078413284132841349e-02
8.246031746031737275e-03 1.458718861209964447e-02
6.455696202531645451e-03 1.846718146718145936e-02
1.423913043478260490e-02 1.362666666666666714e-02
1.669090909090907918e-02 1.779493087557603923e-02
1.168313953488372449e-02 7.500000000000003192e-03
-4.970982142857142440e-03 1.416843971631205970e-02
2.148255813953483997e-03 1.588929889298892895e-02
1.308641975308645188e-03 1.201499999999999964e-02
1.592178770949706447e-04 1.656985294117647653e-02
1.415789473684211409e-03 1.232664233576642211e-02
6.022151898734172046e-03 1.076483050847457275e-02
9.632911392405062515e-03 1.544583333333333225e-02
-1.593220338983039998e-03 1.351340996168582005e-02
-2.868663594470047002e-03 1.237676056338028567e-02
5.715624999999990678e-03 1.705846774193548951e-02
-3.509433962264155247e-03 1.134172661870504195e-02
3.580952380952383447e-03 1.057119741100323411e-02
7.815789473684216920e-03 1.422027972027971841e-02
2.190045248868778723e-03 1.149812734082397182e-02
-4.271052631578948870e-03 1.628333333333333369e-02
7.959064327485384366e-03 1.502826855123674983e-02
9.901360544217687951e-03 1.361538461538462294e-02
-1.347593582887694286e-03 1.235053380782917890e-02
-6.443850267379673405e-04 1.226755852842809427e-02
9.723756906077346898e-03 1.391000000000000396e-02
-7.966507177033475828e-04 1.370108695652173803e-02
9.397435897435899022e-03 1.669400000000001438e-02
3.202614379084974244e-03 1.179276315789473846e-02
2.913157894736842762e-03 1.150984251968503735e-02
-6.531413612565447821e-03 1.006964285714285513e-02
1.078911564625850868e-02 1.780290456431535620e-02
5.487373737373737841e-03 1.318439716312057135e-02
-6.578947368421090430e-04 8.103321033210328719e-03
-2.173575129533678561e-03 1.264537444933921603e-02
5.533898305084741960e-03 1.038321167883211188e-02
8.962585034013603041e-03 1.498971193415638004e-02
6.807432432432429688e-03 1.079449838187702439e-02
7.686390532544382266e-03 1.791058394160584613e-02
8.073369565217394100e-03 1.474999999999999228e-02
9.963068181818178840e-03 1.599239543726235432e-02
1.008620689655171081e-03 1.329280821917808164e-02
1.596118721461187162e-02 1.843956043956044427e-02
1.333333333333333245e-02 1.434090909090908646e-02
2.838181818181818167e-02 1.854647435897436442e-02
-1.689560439560436550e-03 1.105936073059360543e-02
1.853233830845771660e-03 1.171897810218977889e-02
-8.803493449781653671e-03 1.115370370370370560e-02
1.645061728395064496e-03 1.210887096774193768e-02
1.212565445026177711e-02 1.469488188976378167e-02
1.457763975155279210e-02 1.426346153846154430e-02
2.888586956521735794e-03 1.305158730158729845e-02
1.261515151515151673e-02 1.577992957746478936e-02
1.011111111111111412e-02 1.435689655172414127e-02
6.953883495145628604e-03 1.669512195121950274e-02
-2.630434782608691898e-03 1.492194092827004055e-02
1.738198757763975005e-02 1.797552447552447710e-02
9.002702702702701162e-03 1.287043795620438497e-02
8.662857142857140549e-03 1.318474576271186187e-02
9.663157894736840517e-03 1.372256097560975788e-02
7.828282828282919891e-05 1.320358306188924684e-02
4.262626262626265615e-03 1.612759643916914648e-02
6.673076923076920464e-03 1.026656151419558759e-02
2.921751412429379399e-02 1.573601398601399276e-02
4.634210526315791882e-03 1.362140575079872316e-02
1.354430379746834889e-02 1.296920289855072600e-02
8.999999999999971564e-04 1.205973451327433353e-02
6.536809815950926812e-03 1.157976653696498118e-02
5.279904306220099819e-03 1.202539062499999832e-02
1.305045871559636431e-03 1.712135922330097412e-02
-4.361963190184047282e-03 1.595034246575342818e-02
2.037931034482758780e-02 1.101384083044983260e-02
4.478395061728395431e-03 1.514107142857143429e-02
6.799435028248586137e-03 1.152467105263157987e-02
-2.997959183673464586e-03 1.414767932489452082e-02
-1.588541666666656513e-04 1.363636363636363570e-02
9.705882352941143636e-04 1.393103448275862834e-02
-8.527777777777779955e-03 1.426567656765676158e-02
-2.072222222222225730e-03 1.425274725274725852e-02
3.291891891891890118e-03 1.252007299270072906e-02
1.312857142857142868e-02 1.499816176470588312e-02
2.270053475935833020e-03 1.181660899653978920e-02
7.142857142856884540e-05 1.110573476702508833e-02
4.329608938547483852e-04 1.368620689655172806e-02
1.081122448979592032e-02 1.533396946564885219e-02
9.824742268041234197e-03 1.309917355371901029e-02
-3.132124352331606618e-03 1.326497695852535061e-02
1.021646341463414154e-02 1.409556313993174693e-02
1.047798742138364783e-02 1.394217687074830042e-02
1.636529680365297196e-02 1.529211469534050467e-02
1.367788461538461736e-03 1.560925925925926369e-02
6.932795698924735205e-03 1.273717948717948550e-02
-1.109467455621302671e-03 1.812890625000000006e-02
1.057784431137724981e-02 1.428885135135135077e-02
7.838541666666665533e-03 1.680097087378641316e-02
5.050505050505004964e-04 1.500171821305841535e-02
-2.246031746031741921e-03 1.385791366906475273e-02
2.047972972972972663e-02 1.324080882352941455e-02
4.604430379746835174e-03 1.312700964630224981e-02
-1.106097560975609871e-02 1.416245487364620886e-02
9.238805970149253574e-03 1.428135593220339859e-02
2.207264957264959589e-03 1.258695652173913264e-02
-1.861538461538460700e-03 1.700187969924812567e-02
