-1.204123711340206355e-02 -2.742146596858639762e-03
-1.698717948717944895e-03 -7.358231707317072767e-03
-3.927312775330400220e-03 -6.287425149700601873e-03
-3.409756097560969618e-03 -1.170807453416149082e-03
-8.032500000000004914e-03 -1.020298507462686320e-02
-1.391717791411042036e-02 -5.282786885245899407e-03
-2.804812834224592894e-03 -6.648459383753497522e-03
-1.260362694300517193e-02 -2.223999999999999415e-03
-2.721925133689838319e-03 -2.276315789473686620e-03
-3.543147208121826593e-03 -1.987499999999999250e-03
-5.371287128712914005e-04 -1.574120603015076057e-03
-7.758536585365849447e-03 -8.967787114845934479e-03
-5.412499999999998042e-03 -4.230882352941177198e-03
-7.586666666666663436e-03 -6.276758409785932087e-03
-1.081683168316830259e-03 -6.275362318840576811e-03
-6.177631578947365143e-03 -7.275641025641024252e-03
-1.071138211382113674e-02 -4.014925373134338557e-04
-8.794285714285709349e-03 -5.973958333333334592e-03
-4.990291262135918005e-03 7.594086021505411710e-04
-5.000000000000001839e-03 -6.794832826747716076e-03
-6.844512195121947758e-03 -3.301675977653632538e-03
-6.283400809716600810e-03 -4.296296296296296321e-03
-1.311855670103092772e-02 -4.146788990825690802e-03
-6.141752577319583087e-03 -4.234726688102893530e-03
-4.337378640776696700e-03 -3.594752186588921501e-03
-5.885714285714276246e-03 1.857142857142857770e-03
-3.829787234042550826e-03 2.023809523809524079e-03
-9.139204545454545844e-03 -1.250000000000015747e-04
-7.948275862068962527e-03 -8.623511904761901187e-03
-1.059405940594059263e-03 -8.577054794520541994e-03
-8.607142857142844466e-03 -3.158904109589039805e-03
4.807499999999997539e-03 -1.062228260869564969e-02
-1.013999999999999797e-02 -5.902173913043474301e-03
-3.658045977011491635e-03 -7.797385620915031623e-03
-9.785407725321881856e-03 -5.432432432432446681e-04
-3.955696202531666650e-04 -8.487012987012983872e-03
-6.094202898550725098e-03 -7.292517006802717340e-03
-6.815217391304345847e-03 -1.584876543209875338e-03
-1.566063348416289400e-02 -6.602816901408447951e-03
1.348039215686311029e-04 -3.077215189873417668e-03
-1.014832535885166857e-02 1.727528089887625106e-04
-7.513888888888885058e-03 -9.527027027027028597e-03
-4.070135746606327008e-03 -1.476430976430978103e-03
7.142857142857215492e-04 1.068181818181817297e-03
4.461883408071762942e-04 -1.695161290322581230e-03
-9.299465240641711233e-03 -4.391966759002773578e-03
-3.403743315508017588e-03 -4.263966480446928879e-03
-4.144021739130425604e-03 -9.598784194528873007e-03
-8.910628019323664495e-03 -4.271241830065357868e-03
-2.614525139664798745e-03 -5.170118343195263463e-03
-8.825641025641020945e-03 -2.124301675977653941e-03
-6.533557046979869380e-03 2.201704545454545320e-03
-1.977443609022550442e-03 -3.620689655172413136e-03
-3.051075268817194947e-03 -5.089230769230768635e-03
-1.218103448275861291e-02 -1.039184397163120561e-02
-1.584716157205240047e-02 -1.583081570996979588e-03
4.157894736842105213e-03 -1.951257861635219849e-03
-1.031896551724137412e-02 -5.126453488372094934e-03
-1.343749999999999979e-02 -3.803082191780821856e-03
-7.038636363636360631e-03 -6.004702194357368523e-03
2.049019607843139985e-03 -4.988950276243094180e-03
-1.252870813397129017e-02 -5.365814696485622648e-03
-5.086363636363637128e-03 -9.055722891566262214e-03
-1.436082474226803470e-02 -1.311834319526626949e-02
-6.089171974522290115e-03 9.051490514905126492e-04
-4.359459459459457016e-03 -5.777941176470584653e-03
-1.007291666666666578e-02 -6.128246753246753553e-03
-8.026923076923079062e-03 -3.633423180592992591e-03
-1.536197916666666441e-02 -6.527027027027025932e-03
-2.338862559241703439e-03 -7.745664739884390061e-03
-6.281481481481469495e-03 -8.991596638655459384e-03
-7.509259259259251987e-03 -6.793577981651376801e-03
-1.440270270270269451e-02 -7.201785714285715255e-03
-7.022222222222215295e-03 -5.310650887573966673e-03
-8.124999999999995073e-03 -6.474576271186438872e-03
-5.142857142857135654e-03 -3.818991097922848962e-03
-1.325135135135134534e-02 -7.520833333333331629e-03
-1.240928270042193290e-02 -2.605187319884727775e-03
-1.136274509803921438e-02 -6.704545454545454350e-03
-1.019480519480513419e-03 -5.412023460410552746e-03
-4.975103734439834287e-03 -5.044386422976499841e-03
-2.079710144927531586e-03 -2.101796407185628490e-03
-1.047169811320756592e-03 1.138461538461520660e-04
-1.079187817258882992e-02 -3.407356948228883273e-03
-5.395196506550218110e-03 -2.100931677018634623e-03
-5.483173076923072119e-03 -3.837175792507202619e-03
-8.578475336322865727e-03 -3.135294117647061639e-03
-1.043255813953487821e-02 -4.930167597765380003e-04
-1.700224215246636320e-02 -6.766369047619048838e-03
-9.587662337662335860e-03 -8.384839650145770387e-03
3.277777777777773124e-03 -3.553254437869822480e-03
1.843575418994414976e-03 -1.641618497109826680e-03
2.462616822429906233e-03 -7.025602409638551961e-03
-4.782967032967030963e-03 1.300268096514745455e-03
-2.809523809523841158e-04 -4.441025641025640042e-03
-1.586069651741293246e-02 -1.631016042780751053e-03
-9.735751295336790567e-03 -5.063862928348907000e-03
-1.354324324324324147e-02 -3.151917404129792738e-03
-6.969101123595499402e-03 -5.209337349397592104e-03
-1.020945945945945024e-02 -6.909810126582277383e-03
-5.516216216216209868e-03 -4.690095846645366690e-03
-2.482683982683979180e-03 -8.047222222222217766e-03
-3.660000000000004396e-03 -6.210182767624018892e-03
-7.259067357512949924e-03 -2.333333333333343881e-04
-5.070247933884297099e-03 -4.740797546012269839e-03
-6.835897435897428896e-03 -7.579022988505748973e-03
-5.346994535519120247e-03 -2.740524781341108392e-03
-1.918719211822659827e-03 -2.628980891719743997e-03
-1.569506726457350708e-05 -3.542808219178081221e-03
-4.421511627906968972e-03 -6.082608695652170182e-03
-1.462738853503185027e-02 -3.915999999999998475e-03
-9.724137931034475962e-03 -7.788405797101449063e-03
-5.595833333333329399e-03 -7.018835616438355400e-03
-1.780092592592588761e-03 -2.741071428571428218e-03
-4.102941176470591318e-03 -4.818051575931231803e-03
-6.848684210526312377e-03 -3.090625000000000056e-03
-5.364361702127651808e-03 -4.871069182389936060e-03
4.648044692737426931e-03 -4.328651685393257974e-03
-1.626041666666666954e-02 -6.515822784810130185e-03
-8.511737089201873441e-03 -3.279883381924199662e-03
8.340764331210188259e-03 -1.041348973607037626e-02
-4.984536082474225714e-03 -7.211111111111111714e-03
-4.485915492957742376e-03 -6.331790123456785928e-03
-1.141493775933609400e-02 -3.375000000000001263e-03
-8.634199134199129627e-03 -1.663076923076923803e-03
-3.429951690821192011e-04 1.530844155844155677e-03
-9.112554112554125665e-04 -2.714285714285708147e-03
-2.401129943502821121e-03 -2.545317220543807241e-03
-3.800000000000075561e-04 -1.559880239520958440e-03
-7.971428571428568546e-03 -2.454113924050631539e-03
6.052631578947370887e-04 -1.430722891566267151e-03
-7.921052631578943265e-03 -4.346026490066222207e-03
9.972826086956509007e-04 9.542772861356932758e-04
2.693103448275863121e-03 -4.938235294117644322e-03
1.936416184971096865e-04 -1.670391061452516056e-03
-1.294972067039104439e-02 -2.027027027027023128e-04
-5.959893048128345888e-03 -1.412700964630224723e-02
-1.093556701030927447e-02 -2.518678160919543638e-03
-5.364999999999995640e-03 -1.089999999999999129e-02
-1.741919191919191062e-02 -3.696107784431136058e-03
-1.429611650485436598e-02 -5.258855585831053586e-04
-1.215625000000000212e-02 -6.008928571428570446e-03
-7.073732718893976793e-04 -5.300643086816719460e-03
-5.795031055900620905e-03 -7.729865771812076750e-03
-3.851528384279473589e-03 1.483679525222552145e-04
-4.535897435897435874e-03 -1.976256983240224935e-03
-2.309278350515459217e-03 -1.437878787878788976e-03
-2.677215189873418354e-03 -5.894285714285714753e-03
-1.302083333333333391e-02 -5.425696594427244224e-03
-6.939999999999998254e-03 -1.389552238805969635e-03
-7.228947368421045731e-03 5.406779661016946703e-04
-1.735436893203875369e-03 -6.213286713286711102e-03
-1.677419354838710804e-03 -1.006632653061224035e-02
-6.326203208556144438e-03 -8.256676557863501173e-03
-1.277683615819208765e-02 7.465986394557819553e-04
4.340579710144928764e-03 -4.988745980707396527e-03
-7.680790960451973001e-03 -3.717105263157893975e-03
-1.040887850467289190e-02 1.449675324675322964e-03
-3.459459459459456390e-03 -7.875806451612898940e-03
-7.254716981132072751e-03 -2.527704485488126672e-03
-1.830601092896173452e-03 -5.815047021943577218e-04
-4.866028708133966936e-03 -2.491228070175435078e-04
-1.570754716981131310e-02 -1.590183246073298071e-02
-7.264150943396222720e-03 -9.902597402597400691e-04
-1.410179640718561226e-03 -1.053870967741934832e-02
-4.412921348314609998e-03 -5.213872832369944275e-03
-2.499999999999981621e-04 -5.998595505617973500e-03
-3.725446428571425623e-03 -5.054252199413487856e-03
-8.040669856459315215e-03 -5.229591836734692398e-03
-3.145348837209300651e-03 -5.417613636363636208e-03
-2.022099447513811456e-03 -6.948126801152737682e-03
-1.476923076923074892e-03 -4.771641791044773165e-03
-4.508287292817680404e-03 -3.432835820895520796e-03
-9.437500000000038306e-04 -3.151734104046239725e-03
-3.495192307692305059e-03 -5.511764705882353163e-03
-6.477272727272626084e-04 -4.376436781609194075e-03
-1.294444444444436612e-03 -7.370431893687708243e-03
-3.607954545454542666e-03 -2.265573770491803064e-03
-1.207650273224043433e-02 -2.667173252279636964e-03
-9.460905349794240804e-03 -3.323262839879145944e-04
-3.291366906474821417e-03 -4.330459770114940612e-03
8.847926267281119210e-04 -1.204819277108434492e-03
-3.184343434343431083e-03 -6.786786786786780856e-04
-3.625000000000000618e-03 -3.208955223880590488e-04
-6.061538461538457621e-03 -2.709003215434084393e-03
-1.482303370786516167e-02 -2.848159509202455222e-03
-2.528089887640467496e-04 -3.900262467191600337e-03
-7.565126050420162111e-03 -4.297577854671279403e-03
-3.253694581280784041e-03 -3.229226361031519322e-03
-1.031111111111110250e-02 -5.548076923076923801e-03
-1.491071428571428626e-03 -8.507861635220125007e-03
-1.129591836734692573e-02 -7.017741935483869271e-03
1.691860465116283704e-03 -5.621169916434537277e-03
-8.717391304347817463e-03 -3.384831460674168338e-04
-1.121300448430492987e-02 -3.006830601092894042e-03
-5.683783783783777008e-03 -5.350591715976331202e-03
2.966666666666658366e-04 -4.754742547425473177e-03
2.698924731182794547e-03 -3.605960264900661370e-03
-1.129955947136564252e-03 -1.087828947368421097e-02
-7.731527093596057311e-03 -1.294217687074829606e-03
-8.088353413654620488e-03 -3.201639344262296235e-03
-1.121257485029940673e-02 -1.207951070336391042e-02
-6.661111111111108103e-03 -4.826732673267324081e-03
-9.174418604651152220e-03 -5.093220338983052431e-03
-1.452594339622640882e-02 -2.956772334293948298e-03
-2.293689320388349329e-03 -3.201729106628242207e-03
-7.026431718061670537e-03 -6.157320872274143521e-03
-1.053658536585368221e-03 -5.210084033613446471e-03
-2.713157894736842671e-03 -7.123595505617976234e-03
-1.281614349775783875e-02 -1.121114369501465154e-02
-7.385922330097082107e-03 -3.861618798955614596e-03
-1.011442786069651628e-02 -9.112149532710275140e-03
-1.276265822784809940e-02 -1.317052980132449660e-02
-4.941176470588230091e-03 -5.362341772151898479e-03
-7.851020408163265560e-03 -8.375766871165642863e-03
-2.675609756097561964e-03 -5.697101449275361260e-03
-1.286069651741289770e-03 -5.469135802469132779e-03
-3.041884816753924817e-03 -3.299715909090909696e-03
2.233990147783254752e-03 -4.572727272727274313e-03
-1.541062801932366593e-03 -1.680790960451978297e-03
-6.128654970760226417e-03 -5.998533724340174983e-03
-1.578817733990147245e-03 -9.469529085872575511e-03
-1.088829787234041856e-02 -3.258620689655171779e-03
-2.514563106796118865e-03 1.896551724137919288e-04
-8.492788461538459607e-03 -2.608516483516483755e-03
-2.034653465346536027e-03 -8.356104651162793440e-03
-6.384393063583811319e-03 -2.248655913978494462e-03
-9.780973451327428653e-03 -8.478395061728389442e-03
3.782051282051283186e-04 -3.020440251572329045e-03
-9.050279329608955847e-04 -2.902739726027397590e-03
-4.142857142857135633e-03 -7.931034482758619322e-04
-9.371859296482409766e-04 -7.239669421487602424e-03
-8.799086757990865620e-03 -1.175718849840257920e-03
-3.711627906976742736e-03 -3.579250720461094395e-03
-5.080168776371304408e-03 1.497191011235957624e-03
9.253731343283526454e-04 -2.225988700564967941e-03
-1.189901477832512600e-02 -2.180134680134679283e-03
-1.000769230769229905e-02 -5.385416666666663355e-03
-7.868279569892461939e-03 -5.214899713467051334e-03
-7.620418848167540872e-03 -2.498644986449866188e-03
-4.818435754189938185e-03 -9.483630952380951717e-03
-5.877499999999988636e-03 -3.833827893175075722e-03
-5.670731707317069534e-03 -1.121732522796352501e-02
-8.064593301435397585e-03 -6.576666666666665557e-03
2.430303030303034365e-03 -5.833773087071239538e-03
8.030303030303007636e-04 -1.000623052959500811e-02
-6.848557692307686781e-03 -3.414754098360656739e-03
-2.556818181818173129e-03 -2.887019230769231632e-03
-2.950867052023121734e-03 -1.254143646408840832e-03
-5.099118942731274695e-03 -3.395136778115500839e-03
-6.971204188481667716e-03 -3.276657060518728144e-03
-7.057416267942579965e-03 -7.663716814159288702e-03
-1.965317919075046653e-04 -8.899350649350644751e-03
-1.011538461538461810e-02 3.070570570570569854e-03
-7.670520231213870214e-03 -5.699999999999999338e-03
1.562500000000033372e-04 -1.599688473520250722e-03
-2.494505494505491403e-03 -4.515923566878981069e-03
-2.078534031413608197e-03 -6.766129032258061740e-03
-1.397149122807016600e-02 -1.572776280323450772e-03
-1.056077348066298757e-02 -1.705729166666667242e-03
4.380281690140840067e-03 -5.716510903426791877e-03
2.438271604938284137e-04 -8.187697160883279646e-03
-1.339887640449430144e-03 1.747572815533976422e-04
-8.463068181818177507e-03 -6.179104477611940816e-03
-1.222274881516586219e-02 -8.101265822784816046e-04
-8.114155251141556835e-03 -5.661064425770303936e-03
-7.230769230769227250e-03 -3.212349397590362737e-03
-1.359467455621300898e-02 5.087939698492460576e-04
-9.211999999999996233e-03 -4.814035087719300068e-03
-4.104477611940295784e-03 -8.664179104477608140e-03
-1.638190954773866828e-03 -5.796448087431694748e-03
-1.098670212765956965e-02 -7.338815789473685479e-03
-4.397590361445719975e-04 -3.972602739726032589e-04
-3.225641025641024472e-03 -3.427027027027026041e-03
-6.983173076923069114e-03 -6.103448275862066730e-03
-7.268181818181815128e-03 -4.993730407523512375e-03
-4.131336405529949241e-03 -6.647865853658534684e-03
-9.978494623655914317e-03 -8.515772870662460109e-03
-2.978048780487802926e-03 -2.438053097345132311e-03
-1.109259259259258792e-02 -7.648414985590777475e-03
-8.092417061611369838e-03 -3.610778443113775091e-03
-5.968292682926825375e-03 -4.403458213256486106e-03
-5.140394088669945037e-03 -6.271028037383174353e-03
-1.038524590163933913e-02 -2.804012345679013883e-03
1.591346153846153041e-03 -2.464071856287424183e-03
-1.422527472527472699e-02 -7.573002754820935475e-03
-1.363073394495412788e-02 -7.318627450980389609e-03
-8.000000000000001901e-03 -3.793506493506492057e-03
-1.451674641148325770e-02 4.937694704049845184e-04
-5.342424242424234464e-03 -5.472560975609737106e-04
-6.778350515463925927e-04 -4.172106824925815236e-03
-1.482323232323232154e-02 -1.338141025641023749e-03
-8.088235294117646079e-03 -8.767692307692304468e-03
-2.395833333333333148e-03 -3.994594594594597266e-03
-1.161878453038673459e-02 -4.379478827361563825e-03
-4.738532110091741439e-03 -1.204467353951889710e-02
-1.026815642458100628e-02 -9.075801749271132646e-03
-3.032894736842105948e-03 -1.493315508021392365e-03
-3.106145251396642912e-03 -7.701030927835048577e-03
-2.448453608247415283e-03 2.067975830815710174e-03
-6.817010309278349542e-03 9.985380116959059488e-04
-2.607929515418505335e-03 -5.747706422018346480e-03
8.652777777777780066e-03 -8.920634920634917461e-03
-5.297927461139893650e-03 -1.843558282208592565e-03
-1.067672413793102626e-02 -7.339116719242898441e-03
-4.388613861386142512e-03 3.203389830508475747e-04
-3.660377358490560402e-03 -2.331746031746028975e-03
-1.152564102564102022e-02 -2.499999999999999185e-03
-5.700000000000005410e-03 -5.303797468354429744e-03
1.286026200873361140e-03 -5.595238095238103202e-04
-8.612440191387559299e-03 -4.823848238482381784e-03
-1.564750000000000169e-02 -4.688925081433226519e-03
-1.098888888888888485e-02 -1.308357348703170732e-03
-4.115384615384615370e-03 -7.698879551820724150e-03
4.751336898395727704e-03 -9.530791788856321240e-04
-3.037914691943132198e-03 -6.165680473372778247e-03
-8.360465116279067188e-03 -8.037617554858935212e-03
-1.214639639639639342e-02 -8.595975232198141414e-03
-3.782467532467529564e-03 -5.458213256484150712e-03
-7.643478260869565090e-03 -6.236421725239616430e-03
-4.726600985221670811e-03 -2.018666666666668174e-03
-8.024875621890543292e-03 -4.420227920227920437e-03
2.226562500000004580e-03 -7.974598930481281711e-03
-1.066203703703703931e-02 -1.136085626911314530e-03
-1.394886363636363945e-02 -5.754929577464790169e-03
-7.835858585858590172e-03 3.955197132616488677e-03
-1.082000000000000323e-02 -9.679941002949846163e-03
-8.632275132275119695e-03 -1.381967213114754147e-03
-5.024154589371978598e-03 -5.265395894428153908e-03
-1.106725146198829675e-02 -5.314159292035399058e-03
-1.340624999999999629e-02 -8.351097178683382360e-03
-9.658959537572248816e-03 -5.968847352024922448e-03
-1.111299435028248114e-02 8.446327683615798736e-04
1.732931726907630714e-03 -1.243093922652103501e-05
-1.231690140845070024e-02 -6.120860927152318130e-03
-1.230901287553647257e-02 -8.646478873239436466e-03
-1.456043956043905519e-04 -4.254437869822486409e-03
-7.436651583710405383e-03 -1.191340782122904786e-03
-3.586592178770951593e-03 -1.077520435967302924e-02
2.488038277511948134e-04 1.115384615384620593e-04
-1.160277777777777089e-02 -5.708215297450423657e-03
2.467105263157890697e-03 -5.717592592592592692e-03
-9.459523809523810028e-03 -3.294378698224852652e-03
-2.240437158469939932e-03 -4.501607717041764315e-05
-1.013179916317991786e-02 -3.533003300330032383e-03
-9.584656084656081182e-03 -3.360000000000001874e-03
-1.929813664596272474e-02 -8.809798270893369129e-03
-1.326041666666665821e-02 -8.132716049382713100e-03
-9.770833333333334494e-03 -2.041095890410968305e-04
-9.831606217616580684e-03 9.871794871794863438e-04
-7.918269230769230463e-03 1.036656891495601031e-03
-9.565126050420163020e-03 -5.315315315315322390e-04
-3.002717391304352001e-03 -4.579019073569483983e-03
-7.316582914572859579e-03 -7.298816568047338839e-03
-8.601851851851843173e-03 -6.150485436893203713e-03
2.232142857142885533e-04 -1.654255319148936971e-03
-1.164871794871794215e-02 -3.362820512820513790e-03
-1.233152173913043027e-02 -7.755192878338279007e-03
-4.959821428571431490e-03 -9.985029940119760986e-04
-1.805714285714283543e-03 -4.448717948717948421e-03
-4.975336322869951602e-03 -7.115264797507787724e-03
-1.113858695652172708e-02 -1.660818713450292654e-03
-5.571794871794869507e-03 1.288690476190475828e-03
3.502415458937166198e-04 -1.325867052023121245e-02
-3.314176245210727432e-03 -4.730654761904762307e-03
-6.570552147239261918e-03 -4.676567656765673493e-03
-1.038068181818181321e-02 -8.182965299684541449e-03
-4.040404040404024138e-04 -1.133680555555555960e-03
-3.090163934426227738e-03 -5.671874999999999833e-03
-3.515981735159819793e-03 -1.421926910299001548e-03
-1.054069767441860248e-02 -8.105714285714285539e-03
2.152709359605916705e-03 1.204180064308680350e-03
-5.422110552763819910e-03 -4.758807588075881709e-03
-1.142067307692307132e-02 -9.305466237942119218e-03
-1.487104072398189730e-02 -7.761398176291793745e-03
-1.329679144385027129e-02 -6.130057803468206418e-03
-4.886227544910175073e-03 -4.020833333333332857e-03
-1.337362637362636553e-02 -2.552050473186118912e-03
-1.106734693877550746e-02 -5.292763157894737891e-03
-3.197969543147207491e-03 -4.338662790697672342e-03
-9.804687499999995698e-03 -6.071830985915492758e-03
-1.027215189873417235e-02 -7.875739644970411804e-03
-8.328729281767945775e-03 -6.350877192982455101e-03
-7.103723404255316010e-03 -4.692901234567903486e-03
-7.438725490196077504e-03 -8.342696629213488960e-04
-5.219211822660096804e-03 -9.453225806451611216e-03
-1.329608938547483573e-03 1.284507042253520397e-03
-2.273224043715842916e-03 -3.742705570291778461e-03
-8.117977528089886236e-03 9.754601226993863923e-04
-7.136150234741775455e-03 2.350769230769229196e-03
-5.655063291139230883e-03 -2.930555555555553002e-03
-6.528634361233475597e-03 -6.943396226415090786e-03
-1.016666666666666413e-02 -4.413165266106439978e-03
-5.568571428571422732e-03 -6.493902439024413359e-04
-1.120161290322580112e-02 -7.426865671641792038e-03
-7.241935483870973363e-03 -7.660256410256407675e-03
-3.485148514851481739e-03 -6.736111111111111986e-03
-3.311428571428569768e-03 -3.666666666666666165e-03
-1.201295336787562562e-02 -4.311141304347827427e-03
5.140449438202254057e-03 -4.895604395604396045e-03
9.400000000000430418e-05 -2.755747126436781415e-03
-8.720512820512817120e-03 1.200617283950614501e-03
-1.225510204081632117e-02 -9.444610778443109436e-03
-4.024861878453035377e-03 -3.841428571428571592e-03
-1.192708333333333814e-03 7.955223880597005887e-04
-8.265560165975105109e-03 -5.767543859649122695e-03
-1.226595744680850607e-02 -6.349999999999998875e-03
-7.793103448275861753e-03 2.348484848484834226e-04
5.427374301675986709e-03 -1.581196581196573714e-04
-5.028301886792456085e-03 -1.175513698630136633e-02
-1.230193236714974964e-02 -3.052325581395358986e-04
-7.301020408163256745e-03 -3.832386363636360298e-03
-9.939655172413786738e-03 -4.865606936416182193e-03
-1.258372093023255381e-02 -5.169669669669668677e-03
-4.873417721518984863e-03 -2.801186943620178737e-03
-7.497435897435892303e-03 -7.182724252491695660e-03
-2.321874999999999720e-03 -4.356521739130433425e-03
-6.320175438596487179e-03 -2.373015873015869252e-03
-1.345168067226889218e-02 -3.096096096096094628e-03
-4.549999999999996755e-03 -2.802857142857141659e-03
-6.773972602739721481e-03 -7.425149700598798405e-03
-5.777343749999998626e-03 2.851796407185630457e-03
-1.366279069767443316e-03 -6.514005602240892367e-03
-1.729411764705881009e-03 -6.033232628398790820e-03
-6.713157894736836682e-03 -3.782051282051281885e-03
-9.560846560846552808e-03 -8.752941176470586601e-03
6.185897435897555344e-04 -4.585978835978835738e-03
-1.060945273631840047e-02 -1.251689189189189111e-03
-7.416666666666668628e-03 -7.442724458204335106e-03
-1.542378048780487614e-02 -4.614441416893731718e-03
-3.326633165829141932e-03 -3.558823529411766617e-03
-1.012731481481481122e-02 -3.759740259740258946e-03
-9.965608465608469246e-03 -1.382857142857144006e-03
6.801980198019807154e-03 -8.217391304347836751e-04
-1.101576576576576531e-02 -5.759146341463414545e-03
-3.459893048128341933e-03 -4.229032258064519163e-03
-8.116279069767445842e-03 -7.375000000000001346e-03
-9.231111111111110074e-03 -3.289552238805970499e-03
5.479797979798031998e-04 -5.580547112462004057e-03
2.947976878612741962e-04 -4.789317507418397631e-03
-5.846733668341704687e-03 -1.030590062111800403e-02
-1.300000000000000287e-02 -6.095375722543351638e-03
8.889189189189190821e-03 -2.913294797687860076e-03
-1.165294117647058467e-02 -7.953453453453451089e-03
-2.419354838709530305e-05 -2.840455840455840316e-03
-1.119471153846153706e-02 1.738461538461519523e-04
-1.059550561797752664e-02 -6.734693877551019628e-03
-4.249999999999996836e-03 9.509803921568626799e-04
-6.602339181286547010e-03 -6.385017421602787180e-03
-2.522857142857143093e-03 -8.606418918918916014e-03
-5.547945205479453204e-03 -8.914285714285709664e-03
-6.211640211640212343e-03 -4.879365079365078836e-03
4.969325153374234017e-04 -5.581993569131833179e-03
-1.008375634517766524e-02 1.690807799442894813e-03
-2.181578947368425451e-03 -3.327844311377244676e-03
-1.757425742574259637e-03 -2.682965299684542636e-03
-1.341194968553458683e-02 -5.522727272727272034e-03
-1.664870689655170710e-02 -1.038905325443786713e-02
-7.842639593908627346e-03 -4.757333333333331297e-03
-2.699004975124381488e-03 -1.075071633237822261e-02
-8.002577319587624027e-03 -8.606666666666666979e-03
-1.284571428571427108e-02 3.548387096774199725e-04
-5.354271356783915636e-03 -7.687878787878788672e-03
1.003891050583658384e-03 -5.003134796238243968e-03
-2.143274853801169656e-03 -5.717514124293784396e-03
-9.396039603960392242e-03 -8.341666666666669103e-03
-7.590405904059035688e-03 -3.711699164345404634e-03
3.692307692307717046e-04 -2.719594594594596849e-04
-3.524663677130039034e-03 -2.100628930817609839e-03
-1.307105263157895027e-02 -1.046927374301675866e-02
-5.411167512690353426e-03 -1.333333333333335457e-03
-8.280193236714968735e-03 -6.169916434540384260e-04
-2.212978723404255069e-02 -6.211538461538461051e-03
-9.271573604060917573e-03 -4.738317757009347271e-03
-1.115144230769229972e-02 -6.889502762430936567e-03
-5.077380952380950406e-03 -6.864864864864864656e-03
-2.411764705882348502e-03 -1.155384615384616714e-03
-5.863414634146343028e-03 -6.216577540106951391e-03
-7.682857142857138846e-03 -6.600000000000000831e-03
-5.198863636363609342e-04 -2.457746478873240777e-03
1.873655913978494562e-03 -4.456117021276594960e-03
-5.945859872611458305e-03 -4.688953488372094545e-03
-1.301842105263157148e-02 -2.326530612244898273e-03
-8.482954545454536588e-03 1.339563862928348130e-03
-6.043589743589743851e-03 -7.786301369863005487e-03
-6.355191256830596339e-03 -5.893416927899709605e-04
2.212328767123288454e-03 -4.625344352617077881e-03
1.767080745341619236e-03 3.965517241379319961e-04
-9.907738095238085782e-03 -8.110447761194031213e-03
-8.253846153846146338e-03 -4.416176470588235002e-03
-1.051351351351351680e-02 -3.361280487804879299e-03
-6.419999999999998624e-03 -4.818309859154928411e-03
2.977528089887702110e-04 -9.361607142857140268e-03
-1.792452830188701897e-04 -3.661290322580644258e-03
-6.680952380952382037e-03 -6.067226890756301401e-03
-7.014999999999994330e-03 -2.979710144927536115e-03
-1.189795918367346668e-02 -5.134615384615386774e-03
-3.056372549019606595e-03 -2.865325077399380471e-03
1.013605442176873563e-03 -9.009287925696595270e-03
-1.146296296296296646e-02 -2.934397163120567881e-03
-3.683453237410074400e-03 -7.300291545189504204e-03
-6.927230046948352690e-03 -3.181388012618296436e-03
8.757062146892569533e-05 -6.696480938416416936e-03
-2.489743589743591192e-03 -7.710031347962382868e-03
-3.755033557046979793e-03 -1.034591194968553741e-03
-3.494444444444440648e-03 -3.505479452054794786e-03
-9.659685863874348027e-04 -2.653295128939829692e-03
-4.066000000000001037e-03 1.739795918367347373e-03
-1.415486725663715577e-02 -4.182926829268292061e-03
1.692307692307691742e-03 3.949127906976744769e-03
-5.330687830687829906e-03 -1.593457943925232845e-03
-7.348404255319143652e-03 -3.501377410468317283e-03
-8.779569892473115464e-03 -8.319672131147571497e-04
-1.435323383084570210e-03 -2.602134146341460955e-03
-1.117990654205606484e-02 -6.944277108433734649e-03
1.301932367149756997e-03 -8.774052478134114832e-03
-1.523770491803278643e-02 -6.864951768488746810e-03
-1.414556962025315806e-02 -3.986595174262736081e-03
-6.559808612440190013e-03 -9.336666666666664990e-03
-5.469162995594712209e-03 -1.084848484848484947e-03
-1.338118811881187573e-02 -3.403030303030303138e-03
-5.823699421965321081e-03 -1.086746987951806888e-02
-4.285714285714285060e-03 -6.885074626865674528e-03
3.477011494252860656e-04 -3.430594900849860338e-03
-3.040322580645159374e-03 -9.444272445820429268e-03
-1.048356807511736065e-02 -4.505102040816322088e-03
-5.392857142857140212e-03 -1.654371584699452233e-03
-4.383928571428572472e-03 -2.219718309859155560e-03
-7.435233160621757507e-03 -3.895638629283488912e-03
-6.962962962962969404e-03 1.820728291316528165e-03
-7.899999999999995567e-03 -7.553921568627448846e-03
-6.833333333333337957e-03 -2.716417910447763238e-04
-1.328280542986425873e-02 -3.707395498392281486e-03
-9.099397590361442412e-03 -3.487538940809965186e-03
-7.893333333333326859e-03 -7.530581039755347185e-03
-1.169506726457398768e-02 -3.594936708860756516e-04
-1.910994764397904193e-03 -4.092592592592591248e-03
-8.395408163265307561e-03 -7.824285714285715912e-03
-1.700584795321636797e-02 -3.167647058823528077e-03
-2.130952380952377909e-03 -7.487288135593220609e-03
3.870646766169159956e-03 -6.903225806451610165e-03
-1.281333333333332936e-02 -3.685121107266445262e-04
-2.434895833333325810e-03 -1.849002849002848474e-03
-1.385853658536585938e-02 -2.622302158273380045e-03
-5.339805825242666506e-04 -6.568241469816269058e-03
-1.366037735849056321e-02 -9.606271777003483683e-03
-1.117171717171716767e-02 -4.146496815286621583e-03
-4.367704280155642639e-03 -1.509345794392523161e-03
-7.498039215686273275e-03 -7.888059701492533549e-03
-1.241116751269034403e-02 -6.071428571428568767e-03
-4.875816993464049572e-03 -1.793906810035842498e-03
-5.911764705882347273e-03 -4.050000000000001515e-03
-4.293269230769230713e-03 -3.261755485893412607e-03
-2.729268292682923008e-03 -6.888392857142855083e-03
-1.537878787878789455e-03 -4.114516129032256588e-03
-1.459009009009008123e-02 -6.506042296072505129e-03
-1.797045454545454293e-02 -4.294573643410850954e-03
-5.437500000000000493e-03 -2.945054945054944792e-03
-8.014999999999999555e-03 -4.324104234527687690e-03
-1.177747252747252463e-02 -8.785245901639343602e-03
-6.124365482233498463e-03 4.346666666666654504e-04
-6.925837320574163361e-03 -4.941340782122907033e-03
-6.276729559748428153e-03 -4.911585365853656827e-03
-8.737142857142849578e-03 -1.152737752161386593e-03
-1.289884393063583240e-02 -9.324909747292423404e-03
3.721938775510207856e-03 -3.567605633802816822e-03
-6.177966101694913788e-03 -1.671597633136100765e-04
-9.747767857142847214e-03 -4.786743515850141670e-03
-6.347150259067360634e-03 -5.880597014925372130e-03
-9.188481675392674158e-03 -1.820261437908497325e-03
-1.141866028708132981e-02 -5.523287671232873959e-03
-1.366492146596855499e-03 -5.564383561643834741e-03
-4.871257485029936718e-03 -5.228045325779036301e-03
3.601562499999996694e-03 -9.140350877192975369e-04
-7.433333333333323051e-03 -6.635802469135813637e-04
-4.417475728155316993e-04 -2.752941176470586910e-03
-1.214224137931034161e-02 -4.772606382978722937e-03
-1.395731707317072676e-02 -4.281609195402299832e-03
-7.072972972972968106e-03 -5.050314465408804569e-03
-3.515923566878985385e-03 -5.592307692307695033e-03
-1.146534653465345992e-02 -2.997067448680353248e-03
-8.100961538461532579e-03 -5.126153846153847123e-03
-3.428879310344829390e-03 -2.518237082066868485e-03
-1.859259259259259112e-02 -6.692647058823530601e-03
-1.173459715639810046e-02 -2.974063400576369698e-03
-5.049295774647888889e-03 -4.013623978201634294e-03
-1.268882978723404054e-02 -5.553353658536585961e-03
-2.234042553191490765e-03 -6.041076487252124323e-03
-1.017535545023696107e-02 -3.882681564245809604e-03
-8.074162679425832614e-03 -6.216438356164383922e-03
6.918918918918886109e-04 -5.454407294832827081e-03
-1.295588235294117471e-02 -8.776785714285712664e-03
6.842105263157839071e-04 -8.489736070381229821e-03
-6.870283018867925050e-03 -2.864353312302838142e-03
-8.004716981132071682e-03 -1.003869969040247119e-02
-7.135869565217389798e-03 -1.739766081871345653e-03
-6.210106382978725949e-03 -4.430594900849859491e-03
-1.441346153846152951e-02 -9.414191419141912723e-03
-1.390816326530612199e-02 -3.459219858156029666e-03
-1.558764940239043377e-02 -2.369969040247677135e-03
-1.513440860215051545e-03 -6.818461538461534528e-03
-1.161298076923076780e-02 -2.809322033898305117e-03
-1.749714285714285347e-02 -7.549575070821531141e-03
-3.381526104417666070e-03 -4.776504297994268143e-03
-2.167630057803469294e-03 -2.087743732590528149e-03
-1.153669724770641685e-03 -6.831670822942640872e-03
-6.075301204819283894e-03 -1.620234604105573418e-03
-1.190000000000002254e-03 -5.412928759894456397e-03
-5.211309523809517369e-03 -7.068037974683544049e-03
-2.433908045977011513e-03 -7.139296187683287151e-03
-1.475409836065573119e-02 -1.025675675675675677e-02
9.374999999999903972e-05 -8.911842105263155511e-03
-1.280295566502462346e-02 -1.950842696629214107e-03
-6.999999999999997544e-03 -8.047687861271676790e-03
-9.320441988950272857e-03 -6.480978260869567353e-03
-1.160999999999998838e-02 -9.583850931677016446e-03
-2.531578947368417262e-03 -5.569841269841268976e-03
1.938461538461543846e-03 -4.885869565217390402e-03
-2.977578475336319606e-03 -4.365259740259739597e-03
-1.078272251308899990e-02 -9.113924050632939058e-04
-3.670157068062822152e-03 -2.379154078549848995e-03
-5.280612244897953111e-03 -1.218360655737704863e-02
-7.499999999999998855e-03 -1.761976047904192716e-03
-1.105029585798816480e-02 -5.671875000000003086e-04
-2.414893617021272171e-03 -4.536516853932590857e-04
-2.756345177664975502e-03 -3.915873015873014978e-03
-1.087229437229437004e-02 -8.394136807817588822e-03
-9.287709497206697584e-03 -1.037828947368420879e-02
-1.897222222222226789e-03 7.046703296703295694e-04
-1.438942307692307049e-02 -3.960059171597632953e-03
-4.603448275862062795e-03 -4.960784313725485895e-03
-4.093939393939396293e-03 -7.369627507163319276e-03
-8.227053140096614661e-03 -2.282012195121948910e-03
3.710106382978725897e-03 -3.115691489361702062e-03
-7.521367521367559091e-04 -3.466049382716049950e-03
-7.586448598130833901e-03 -2.806501547987615662e-03
-5.632500000000002088e-03 6.971830985915479940e-04
-6.272925764192137030e-03 -1.975218658892128731e-03
-1.147761194029850787e-02 2.618421052631578465e-03
-4.456521739130435747e-04 -5.533333333333331945e-03
-1.611445783132529203e-02 -3.770392749244709692e-03
-2.767605633802813422e-03 -2.972622478386166035e-03
-1.034669811320754022e-02 -1.086976047904191292e-02
-9.356132075471691040e-03 -2.755494505494507623e-03
-1.100229357798165192e-02 6.840659340659324336e-04
-1.399748743718593098e-02 -1.138395415472779303e-02
-1.541860465116279191e-03 -3.051948051948050970e-03
-1.774331550802138793e-02 -5.644886363636362342e-03
1.116751269035522729e-04 -4.811267605633802805e-03
-6.321951219512188941e-03 -3.842342342342341868e-03
-1.159831460674157211e-02 -1.114497041420118087e-02
-7.448717948717942412e-03 -7.228758169934636733e-03
-2.896067415730337307e-03 -6.102134146341461028e-03
-9.451456310679609216e-03 -9.076433121019109084e-04
-4.913265306122442493e-03 -7.492260061919503097e-03
-6.547468354430375538e-03 9.545454545454532544e-05
-4.165024630541866793e-03 -8.302752293577997898e-04
-1.125781250000000046e-02 -8.168154761904760155e-03
-2.242990654205605748e-03 -3.403908794788272716e-03
-5.931578947368419674e-03 -3.571428571428573594e-04
-2.050761421319790591e-03 -3.407643312101918875e-04
-6.906091370558366596e-03 -1.980061349693253061e-03
-4.943438914027146157e-03 -3.660294117647058462e-03
2.575916230366494253e-03 -9.245847176079732138e-03
-5.724999999999994850e-03 1.937125748502993789e-03
-6.982499999999998257e-03 -8.693732193732185698e-03
-1.286479591836733535e-02 -5.195312499999995073e-03
-2.144444444444441010e-03 -4.972727272727268423e-03
-3.879716981132074523e-03 -2.268768768768769564e-03
-8.634999999999998579e-03 2.904624277456648550e-04
-1.186813186813186378e-02 -7.877437325905291624e-03
-1.662037037037036738e-03 -6.233618233618231329e-03
-6.962121212121201615e-03 -4.181547619047619457e-03
-1.173319327731092189e-02 -5.798360655737704386e-03
-9.795673076923071612e-03 -7.490506329113922820e-03
-2.621301775147924940e-03 -8.118541033434649098e-03
-6.415422885572136073e-03 4.211956521739111431e-05
-5.687830687830688729e-03 -5.012903225806449037e-03
-6.381165919282504560e-03 -8.384858044164033783e-03
-7.935135135135129927e-03 -2.096625766871166793e-03
2.028571428571465218e-04 -2.018691588785045867e-03
-1.477499999999999820e-02 -4.392733564013844537e-03
-3.391812865497088512e-04 -4.834770114942522901e-03
-4.987244897959180155e-03 -3.970501474926254985e-03
2.510989010989006075e-03 1.110497237569062082e-03
-7.445887445887443279e-03 -2.843406593406596142e-03
-8.081395348837193838e-04 -9.799373040752346053e-03
-8.946009389671353770e-03 -4.548387096774194650e-03
-1.120646766169153784e-02 9.239130434782614120e-04
-3.344186046511624273e-03 -3.778236914600550164e-03
-1.637570621468926318e-02 -7.691919191919189061e-03
-5.189054726368161168e-03 -2.918874172185431833e-03
-1.280555555555554573e-02 -3.185121107266432241e-03
-8.308641975308641431e-03 -4.612068965517242963e-03
-1.480456852791877352e-02 -2.264516129032259541e-03
4.733727810650878855e-04 -8.782758620689654072e-03
-2.520942408376965899e-03 -5.782089552238805705e-03
-3.516736401673641738e-03 -1.820895522388061303e-03
-4.853365384615381320e-03 -7.465714285714285595e-03
-5.933962264150944264e-03 -4.563609467455621675e-03
-6.709770114942526301e-03 -2.018361581920903591e-03
-3.632530120481921448e-03 -3.106145251396649418e-03
-6.018292682926828542e-03 -4.807262569832402264e-03
-3.257352941176468175e-03 -3.901734104046241693e-03
-1.028333333333332836e-02 -6.303514376996805814e-03
3.062857142857145377e-03 -3.820895522388059826e-03
-1.012647058823529407e-02 -4.971962616822429848e-03
-1.008373205741626422e-02 -3.192537313432836175e-03
-6.124365482233502800e-03 -7.175595238095240462e-03
-9.674876847290635878e-03 -6.009641873278236644e-03
-1.069623655913978441e-02 -1.805460750853243130e-03
-4.438547486033521741e-03 2.063186813186812432e-03
-1.599459459459458971e-02 -1.951661631419939922e-03
1.134020618556687765e-04 -2.189432989690720272e-03
-1.611242603550295388e-02 -5.700310559006212079e-03
-5.986910994764399994e-03 -4.521994134897360310e-03
-6.028169014084498213e-03 -9.150485436893202040e-03
2.570512820512826143e-03 -4.280626780626779412e-03
-5.772222222222219389e-03 -1.094876325088338549e-02
-8.185567010309278968e-03 -4.057926829268290216e-03
-1.255092592592592197e-02 -7.828621908127207998e-03
-8.906403940886698650e-03 -4.094674556213017021e-03
-4.634146341463429050e-04 -6.086053412462905966e-03
-7.302777777777771755e-03 -4.669943820224719926e-03
-5.880681818181712718e-04 -5.648611111111107724e-03
-5.992462311557788732e-03 -1.269794721407625565e-03
-8.925233644859802357e-04 -4.656695156695154006e-03
-4.406926406926412083e-03 -3.972402597402596887e-03
-1.192633928571428317e-02 -6.826865671641792199e-03
-1.525345622119815558e-02 -7.906528189910977042e-03
6.376404494382075438e-04 -7.047400611620793613e-03
2.200483091787441836e-03 -1.545886075949367677e-03
-6.590476190476182196e-03 -9.179411764705880383e-03
-1.665517241379309635e-02 -5.087947882736155655e-03
-5.663366336633659723e-03 -3.899686520376176909e-03
-8.397826086956518971e-03 -4.669139465875371368e-03
-6.967499999999992796e-03 -1.001054216867469301e-02
-5.081081081081091156e-04 -1.001851851851851341e-02
-1.290456431535269045e-02 -7.472929936305727945e-03
-9.286343612334791234e-03 -1.396755162241887852e-03
-2.797916666666667735e-03 -1.901881720430105126e-03
-1.016582914572863351e-02 -7.649230769230765808e-03
-4.579710144927536843e-03 4.343575418994428147e-04
1.447136563876648624e-03 -4.411144578313251977e-03
-1.044635193133047237e-02 -5.025396825396823489e-03
-1.640338164251207986e-02 -5.990716180371350764e-03
-9.881081081081079243e-03 -7.274739583333334446e-03
-9.610837438423641688e-03 -5.150145772594752133e-03
-9.329787234042548338e-03 1.098360655737686746e-04
-5.317934782608693851e-03 -5.421725239616611777e-03
-1.243820224719100788e-02 -8.617845117845112854e-03
1.724242424242426091e-03 -3.505390835579515890e-03
-1.195238095238093396e-03 -8.192187499999998082e-03
-7.145833333333326959e-03 -3.469314079422382985e-03
-5.458823529411765962e-03 -2.725146198830406905e-03
-1.342032967032966498e-02 2.775974025974013043e-04
-2.193939393939387406e-03 -7.647277227722771263e-03
-8.513513513513508088e-03 -1.920962199312715004e-03
-1.445945945945941282e-03 -5.288135593220356749e-04
-3.468750000000000479e-03 -5.629969418960243527e-03
-1.081327800829874793e-02 -6.042016806722692000e-03
-4.728773584905658113e-03 -9.726443768996967214e-04
-2.426553672316383685e-03 1.193766937669374839e-03
-6.880487804878043789e-03 1.271276595744681888e-03
-3.741025641025639940e-03 -5.795795795795791530e-03
-1.283072916666665696e-02 -4.327777777777778480e-03
-1.072139303482586709e-02 -4.105172413793105497e-03
-6.711981566820267482e-03 -2.329341317365270746e-03
-4.923566878980881883e-03 -5.066037735849055097e-03
-3.413612565445014492e-03 -2.589080459770117058e-03
-1.384693877551019039e-02 -8.303797468354426337e-03
-1.469780219780210482e-03 -4.587837837837837295e-03
-1.076388888888886930e-03 -4.651335311572696828e-03
-6.281094527363186193e-03 -4.285515320334256674e-03
-3.640909090909087448e-03 -4.228021978021976983e-03
-4.699004975124376760e-03 -2.601515151515151111e-03
-1.302594339622641616e-02 -5.027941176470589191e-03
-1.434161490683229408e-02 -5.721283783783785021e-03
-4.694767441860456941e-03 -6.594915254237287278e-03
6.679292929292938476e-03 -7.401759530791787202e-03
5.519911504424776863e-03 -2.294378698224853064e-03
-1.515909090909090678e-02 -1.730061349693251104e-03
-1.393720930232558199e-02 -6.159509202453988981e-03
-2.326424870466317196e-03 -3.707446808510638740e-03
-1.137931034482758154e-02 1.398876404494379900e-03
-9.907216494845360807e-03 -3.776923076923076154e-03
-1.295336787564766064e-02 -8.951713395638624324e-03
-8.433628318584065683e-03 -2.304093567251461628e-03
7.252688172043009369e-03 -7.374659400544959602e-03
-1.640287769784167654e-03 -4.302980132450331605e-03
-1.212041884816753012e-02 -5.302120141342757387e-03
-8.292857142857136543e-03 -8.849999999999993289e-03
-4.102678571428572223e-03 -2.342028985507248195e-03
-7.512820512820507328e-03 -6.991379310344826917e-03
-3.909090909090906334e-03 -1.023249299719887657e-02
-1.201657458563535306e-02 -4.951566951566950363e-03
-5.113526570048307351e-03 -2.356104651162791580e-03
-3.066831683168311749e-03 -7.620481927710841437e-03
-6.976190476190470904e-03 -6.432132963988915729e-03
-7.246341463414628613e-03 -6.564189189189185807e-03
-6.174603174603166857e-03 -6.100806451612902741e-03
-8.675925925925916798e-03 -7.288135593220337709e-03
-6.309278350515454964e-03 -8.782679738562089791e-03
-5.281976744186041642e-03 -6.455974842767296662e-03
-1.145238095238096951e-03 -2.906249999999999979e-03
-1.155191256830600220e-02 -3.791788856304984315e-03
-1.259109311740890490e-02 -8.629757785467128892e-03
-6.823394495412835742e-03 -1.025438596491227636e-02
-1.160439560439560300e-02 -3.186186186186185966e-03
-1.063118811881187155e-02 -6.209119496855343250e-03
-9.163841807909601025e-03 -6.067398119122256218e-03
8.505154639175064723e-05 -3.943768996960484927e-03
-8.431924882629105583e-03 -4.928370786516854743e-03
-5.331578947368413764e-03 -5.186588921282798970e-03
-1.314285714285710329e-03 -7.545081967213112042e-03
-1.641959798994974476e-02 -1.168350168350169600e-03
-1.210981308411214659e-02 -1.207246376811596826e-03
-1.039144736842104698e-02 -4.408945686900957173e-03
-5.865030674846629342e-03 -2.754854368932038288e-03
-5.314159292035390385e-03 -5.339743589743587392e-03
-5.010050251256279938e-03 -1.867924528301888104e-03
4.588068181818183607e-03 -4.013959390862943677e-03
-6.847500000000003757e-03 7.768595041322323485e-04
-8.617486338797813311e-03 -7.755696202531644524e-03
-1.437572254335259953e-02 -5.525078369905957534e-03
-2.335526315789470189e-03 -3.446700507614214141e-03
-7.112595419847330715e-03 -1.005099150141642965e-02
-5.403645833333332350e-03 -5.489644970414199639e-03
-7.347715736040605523e-03 -6.469491525423727921e-03
-1.373333333333333524e-02 -7.686440677966101774e-03
-9.817679558011044652e-03 2.114361702127674780e-04
-8.225728155339801645e-03 -1.434504792332268880e-03
-9.185096153846144390e-03 -2.472668810289390187e-03
-1.463846153846153596e-02 -3.471471471471471084e-03
-6.665803108808291029e-03 -6.104972375690616380e-04
-5.545751633986923529e-03 -3.757971014492753493e-03
2.567708333333341975e-03 -1.253134796238244107e-02
-1.402030456852791478e-02 -6.116959064327481647e-03
-1.104444444444445048e-02 -3.330721003134794970e-03
-9.483263598326366339e-03 -3.979351032448377214e-03
-9.999999999999996739e-03 -4.201562500000002170e-03
-8.237777777777776159e-03 -7.096153846153840580e-03
-3.524336283185839670e-03 -4.803324099722989723e-03
5.727272727272731886e-03 -2.012578616352200724e-03
-5.563348416289594020e-03 -8.229166666666665880e-03
-5.983783783783780397e-03 -2.932721712538226451e-03
-1.691616766467058828e-03 -4.625748502994013467e-03
2.072649572649567281e-04 -2.504854368932035898e-03
-5.621428571428573225e-03 -5.200581395348835394e-03
-8.112107623318383365e-03 -3.963455149501661327e-03
-5.353233830845769564e-03 -3.943925233644862173e-03
-3.783163265306122101e-03 3.549999999999996843e-04
-1.673232323232322696e-02 -7.069686411149822027e-03
-4.934673366834173812e-03 -3.313888888888889220e-03
-2.888349514563101454e-03 -9.329545454545451477e-03
-8.790404040404042885e-03 -5.828267477203647080e-03
1.516587677725117088e-04 -4.410662824207493143e-03
-1.357834101382487946e-02 -8.506578947368420573e-03
6.154228855721397690e-03 -9.792284866468824699e-04
-3.685393258426967241e-03 -4.273841961852859958e-03
-1.112654320987654759e-02 -4.989010989010988877e-03
-8.273809523809521824e-03 -1.826145552560647783e-03
-8.648148148148140923e-03 -8.849085365853657723e-03
-5.863453815261038607e-03 -2.340259740259741008e-03
-3.311518324607327403e-03 -4.604972375690605940e-03
-7.010101010101006322e-03 -2.357142857142856696e-03
-1.006521739130434093e-02 -2.510169491525422823e-03
-4.818407960199008223e-03 -2.514423076923075120e-03
-6.152073732718887390e-03 -4.851973684210527521e-03
-1.156443298969070735e-02 -2.442815249266862016e-03
-7.177664974619293523e-03 -2.327034883720932330e-03
-8.212355212355207379e-03 -5.142857142857143460e-03
-3.311004784688992807e-03 -2.644999999999999348e-03
-5.178010471204183562e-03 -7.699716713881019949e-03
-1.598984771573600710e-03 3.999999999999985013e-04
-1.360659898477157258e-02 -6.675392670157073759e-04
-7.611650485436893127e-03 6.634078212290517480e-04
-6.342105263157912570e-04 -9.229166666666665034e-03
-7.874396135265694999e-03 -9.214088397790051385e-03
-4.544554455445540785e-03 -9.757746478873237372e-03
-1.085046728971962235e-02 -4.615284974093267732e-03
-4.596938775510199526e-03 -1.321839080459770357e-03
-5.191099476439793234e-03 -7.524350649350643530e-03
-4.373205741626790162e-03 -2.972058823529408807e-03
-2.584905660377357153e-03 -5.036277602523659899e-03
-1.010691823899371664e-02 -3.141993957703928357e-03
-6.609665427509290800e-03 -6.321428571428573326e-03
-7.765151515151507908e-03 1.495412844036695136e-03
2.407738095238092565e-03 -3.765217391304345219e-03
-4.641666666666661133e-03 -7.582822085889571843e-03
-7.148936170212762987e-03 -2.627631578947368408e-03
-1.500896860986547683e-02 1.184126984126982352e-03
-1.120689655172413431e-02 -9.185676392572939691e-03
-6.230620155038755353e-03 2.485714285714289988e-04
-2.804597701149418292e-03 -7.213675213675212194e-03
-4.064245810055859380e-03 -4.017799352750808448e-03
6.603375527426121961e-04 -5.071815718157180776e-03
-4.874213836477981352e-04 -4.788927335640140795e-03
-3.815789473684209031e-03 -4.513761467889904587e-03
-7.280423280423277757e-03 -5.486646884272998979e-03
1.113526570048310521e-03 1.539940828402366077e-03
-2.122549019607839708e-03 -5.312499999999996912e-03
-1.001988636363635929e-02 -4.328813559322033065e-03
-1.140825688073394094e-02 -1.128978978978978018e-02
-2.291946308724833025e-03 -4.058383233532930449e-03
-8.312865497076018378e-03 -3.780780780780781253e-03
-6.996031746031749175e-03 -7.226837060702871393e-03
6.428571428571396799e-04 -1.895043731778425300e-03
-1.070238095238095280e-02 -7.515243902439024994e-03
-9.385714285714275018e-03 -3.863914373088685791e-03
-9.220744680851053823e-03 -4.463068181818182628e-03
-1.069047619047618254e-02 -3.091194968553459457e-03
3.895270270270273331e-03 -5.864406779661017130e-03
-2.794776119402978508e-03 -6.479452054794522346e-03
-9.976608187134489852e-03 1.358839050131914223e-04
-4.194444444444446821e-03 -1.162207357859530894e-02
-1.050223214285713261e-02 2.816265060240972888e-04
-1.035128205128204443e-02 -6.272594752186587581e-03
-5.162162162162154018e-03 -2.796610169491530232e-04
-6.969135802469134111e-03 -3.732954545454542344e-03
-3.685446009389670673e-03 -2.933333333333332932e-03
-1.783333333333326446e-03 -3.710382513661199429e-03
-1.017910447761193049e-02 -2.489159891598917429e-03
-9.241666666666658453e-03 -1.188909774436090055e-02
-7.273437499999993450e-03 -5.948126801152736794e-03
-6.527108433734938805e-03 -2.908959537572253663e-03
-9.127071823204416581e-03 -4.429521276595742470e-03
-1.021626984126983682e-02 -3.424398625429552270e-03
-4.142857142857139102e-03 -1.075757575757574748e-03
-3.907185628742511699e-03 -8.147761194029849371e-03
2.246835443037968703e-03 -2.359882005899704115e-03
-9.473509933774833247e-03 -3.773148148148150038e-03
-1.277292576419213760e-02 -1.387147335423199448e-03
-6.213692946058084997e-03 -1.170394736842104641e-02
-5.376681614349770183e-03 -8.312111801242234518e-03
-5.340611353711786739e-03 -1.039879154078549722e-02
-3.923645320197044137e-03 -3.720238095238135554e-05
-2.685929648241210371e-03 -2.911375661375661603e-03
-1.051333333333332766e-02 -4.403790087463558406e-03
-8.096982758620682730e-03 -1.015335463258785521e-02
-3.317460317460314053e-03 -5.665624999999998787e-03
-1.213402061855670296e-02 -4.479411764705880199e-03
-8.866359447004607680e-03 -2.597756410256412719e-03
1.051075268817206832e-03 -1.842618384401114749e-03
7.391304347826045109e-04 -4.963276836158189535e-03
-8.236363636363635415e-03 -3.349295774647887466e-03
-9.547727272727268497e-03 -6.625396825396827685e-03
-7.371428571428566973e-03 -8.534023668639052068e-03
-4.878923766816148193e-03 -9.327586206896552531e-03
-3.352941176470597591e-03 -1.273509933774833944e-02
-5.789215686274508041e-03 -7.001612903225808322e-03
-9.161904761904763467e-03 -9.978395061728392509e-03
-4.937229437229438862e-03 -4.097527472527472993e-03
-8.333333333333323026e-04 -2.583601286173630839e-03
-2.115300546448087640e-02 -3.742857142857143691e-03
-1.483425414364638543e-03 -7.818042813455654272e-03
-1.889189189189183953e-03 -5.932384341637007494e-03
-1.844387755102042375e-03 -6.084745762711865798e-03
-7.987704918032783458e-03 -5.167613636363635986e-03
-9.857142857142852516e-03 -5.674825174825177433e-03
-8.629629629629624252e-03 -5.178018575851391254e-03
-1.652046783625723669e-03 -2.153614457831325244e-03
-1.026970954356851672e-03 -4.039940828402366346e-03
-2.534334763948500446e-03 -5.429429429429429022e-03
-4.701492537313356934e-04 -1.538666666666667349e-03
-6.647342995169081351e-03 -7.200301204819273618e-03
-9.197560975609758369e-03 -5.148036253776434694e-03
-5.376923076923076014e-03 -2.936482084690556459e-03
-1.167948717948717220e-02 -5.362464183381087171e-03
-3.171195652173910279e-03 -5.053672316384182246e-03
-4.935483870967737226e-03 -2.573353293413174845e-03
-5.436224489795914681e-03 -2.574999999999998731e-03
-4.665745856353587656e-03 -9.324590163934423984e-03
-8.380281690140795265e-04 2.408967391304346704e-03
-9.326923076923072931e-03 -1.392388451443567253e-03
3.186528497409325204e-03 -3.754601226993861413e-03
-2.781818181818182176e-03 -4.594240837696347813e-04
2.378378378378398440e-04 -7.228260869565215213e-03
-3.884180790960446977e-03 -4.371428571428587076e-04
-3.208860759493665886e-03 -4.943835616438354078e-03
-6.625615763546792263e-03 -6.932642487046634071e-03
-7.684331797235022764e-03 -6.824637681159418517e-03
-4.725388601036271605e-03 -5.715133531157270790e-03
-9.163793103448272456e-03 -5.910891089108913539e-03
-1.135028248587570399e-02 -4.436746987951802924e-03
-6.668341708542709252e-03 -5.153061224489806314e-04
-7.545454545454549633e-03 -7.572463768115937806e-03
-8.828205128205122293e-03 -8.496923076923075524e-03
-1.609192825112107025e-02 -9.072131147540978338e-03
-4.382882882882881657e-03 -6.112426035502960611e-03
-1.286504424778760203e-02 -5.360759493670887686e-03
1.675824175824189429e-04 -6.056686046511623907e-03
-4.160526315789473892e-03 -3.590206185567010842e-03
-3.607382550335571075e-03 -1.104222972972972519e-02
5.193298969072171305e-03 -1.001641791044776374e-02
-5.257978723404247920e-03 -3.764264264264264356e-03
-2.906250000000002148e-03 -1.015151515151515357e-03
-8.594936708860752284e-03 -5.672727272727268524e-03
-9.249999999999992603e-03 -4.295312500000001386e-03
-4.847715736040551478e-04 -6.807565789473685007e-03
