4.668691289620011120e-03 1.599415018433571374e-03
4.282572318029978335e-03 1.457059878645620586e-03
3.930840669014085131e-03 1.434353879310344779e-03
6.274232267802884282e-03 1.482424811662530137e-03
4.741272714197715225e-03 1.523820587838187147e-03
4.228099755965904379e-03 1.496389211548772085e-03
5.398100428192307426e-03 1.349964467601173865e-03
5.500339089022059612e-03 1.651661529193375983e-03
4.203013499636363767e-03 1.355406264086420672e-03
5.773860406021163322e-03 1.297008317587871034e-03
5.227396718111163888e-03 1.577814456511224955e-03
5.747313488929321930e-03 1.592525575320700168e-03
5.898266380335108125e-03 1.652246161157024584e-03
5.276492914682256834e-03 1.517299492363834547e-03
5.165194897619586854e-03 1.485168428403165842e-03
5.707755846791121718e-03 1.522861868817874768e-03
5.032590239827457353e-03 1.573198210210730594e-03
2.878859018512452527e-03 1.412023382480801469e-03
5.382905207080093853e-03 1.381727738209333417e-03
4.514728186536733946e-03 1.711387854609795018e-03
5.328577459123138085e-03 1.512746738541433014e-03
6.551640211925724433e-03 1.569061468835119882e-03
3.628203887168290204e-03 1.618470742673709314e-03
5.741779177867382088e-03 1.566755566294387005e-03
4.400269770807008554e-03 1.500166483287558019e-03
5.089661942536784396e-03 1.179101782438260774e-03
5.663851727914461474e-03 1.332199983063201429e-03
4.236154173142448950e-03 1.385841291730605454e-03
5.637580860144393753e-03 1.413637314093529754e-03
6.896184233037194224e-03 1.384247216457027991e-03
4.006052251509868885e-03 1.390417974780306948e-03
4.674848812886235432e-03 1.535757722791662684e-03
3.164929420427136601e-03 1.464615062032562087e-03
5.466583582173128834e-03 1.604287108300073584e-03
5.575315817979662261e-03 1.521562012233521879e-03
4.231821609291462095e-03 1.593853211428162197e-03
5.240523798426851947e-03 1.484262176828881914e-03
6.511615655493221445e-03 1.455591964197316393e-03
5.805190702421590514e-03 1.356868383604072342e-03
3.278908062656508103e-03 1.256139768950214567e-03
6.429128363573471776e-03 1.680685209593692350e-03
4.027401507697831590e-03 1.453015638132612282e-03
4.864477624221355892e-03 1.599511560580288427e-03
5.545179407406158195e-03 1.383833585744159884e-03
6.003406991765555291e-03 1.559046195151925782e-03
4.496269754889316642e-03 1.407659081059563048e-03
4.136678124569284978e-03 1.480307795181740917e-03
4.138793470406194018e-03 1.540503119528998602e-03
4.542682505222268678e-03 1.591148364667339856e-03
4.484967229017462406e-03 1.583568568978932153e-03
4.878932965117451989e-03 1.617396974237312029e-03
5.898349370862691898e-03 1.439052591889907872e-03
7.470448011096328909e-03 1.314684336205823372e-03
5.543579144898736974e-03 1.758757483573948795e-03
5.701537439036715414e-03 1.758181347940220409e-03
4.008601787966847678e-03 1.327792085394731815e-03
3.515558192769620369e-03 1.466353827929163913e-03
5.285134677191894066e-03 1.741403313839798642e-03
5.070894295175825892e-03 1.448584955579250433e-03
4.571889077437418444e-03 1.451636688902385947e-03
3.296284169665377253e-03 1.592526439799237317e-03
5.476610407382184222e-03 1.643222160895064154e-03
4.377280156243265608e-03 1.697354961646194409e-03
2.982461348109670483e-03 1.581219407426240559e-03
3.461398868427228211e-03 1.390112447163882299e-03
6.129887007439595477e-03 1.418427348941157535e-03
3.731221597976687107e-03 1.521874077160414876e-03
5.331677316559785273e-03 1.770046957810346173e-03
5.974924943052093394e-03 1.550345185567756539e-03
5.380789906868579768e-03 1.508871933495797759e-03
4.698608130789187591e-03 1.511216272856535014e-03
4.793549118411679147e-03 1.730399572162923680e-03
7.136675979315468439e-03 1.512637712303711076e-03
4.886490503424395331e-03 1.389689229539045915e-03
5.561809833420797676e-03 1.557297509682986159e-03
5.251240325367596481e-03 1.479727861499384326e-03
5.492741533742332219e-03 1.517762817460317727e-03
3.317631086607145639e-03 1.531098943750000508e-03
3.664882813847212227e-03 1.433088014937233205e-03
4.921439264571915266e-03 1.618811643952506717e-03
6.103937345943431271e-03 1.417056721595567892e-03
5.597647234728483912e-03 1.656638247448496797e-03
6.346500783610426258e-03 1.701786263634277657e-03
5.361053712427288342e-03 1.486866417018987800e-03
5.409912806224934263e-03 1.568012540522465467e-03
6.414099685430462751e-03 1.404293330115829672e-03
4.921218895664025358e-03 1.359316664977469310e-03
4.908000827368784631e-03 1.833105821030500335e-03
3.933458125084699462e-03 1.498779351080432301e-03
4.719657167953552473e-03 1.422330829595961884e-03
5.407567694325142796e-03 1.576656666125175266e-03
4.907593304653224547e-03 1.512591199542886317e-03
4.565813091712155394e-03 1.472396568888986214e-03
5.119924329978430520e-03 1.528106942760386463e-03
4.088104891744901402e-03 1.869799132326813683e-03
4.518997117120271238e-03 1.278797563022843545e-03
5.945464311428554950e-03 1.978224536014843837e-03
5.171626060535424244e-03 1.549686403701028541e-03
4.623047962140262347e-03 1.473712404371336831e-03
4.953531404605981264e-03 1.454303558522190409e-03
3.935873269349546462e-03 1.425946887846886706e-03
5.018404071234628186e-03 1.516330176221612367e-03
5.594450655119581790e-03 1.638794573852363039e-03
7.269300641513423353e-03 1.306262395136612540e-03
6.612556727643523896e-03 1.402348688000892244e-03
4.359761053378724376e-03 1.426125765345124391e-03
4.368839809691816428e-03 1.694725401291026024e-03
6.750298510797903169e-03 1.765778536873827262e-03
5.048656793938575797e-03 1.415875090348048520e-03
4.328302061551657018e-03 1.735287850912444526e-03
5.264134543841491112e-03 1.471035074443401191e-03
6.376020781690624160e-03 1.449938727055345190e-03
5.520832402209451331e-03 1.761354927999263069e-03
6.701282356174303838e-03 1.607286550984115409e-03
3.861631564116994354e-03 1.373915109314731604e-03
6.359308138070045129e-03 1.383189090450995598e-03
5.665431214623357567e-03 1.749287962261681989e-03
4.721880800394990217e-03 1.678976313476580624e-03
5.562378763882067610e-03 1.571287380269498603e-03
4.715811106119493709e-03 1.602326900956447739e-03
4.982903127407211849e-03 1.517637937690240841e-03
5.385029184262417334e-03 1.453423190546469356e-03
4.514668220514402204e-03 1.429605029685863168e-03
3.975148906522971669e-03 1.693721771910850155e-03
5.886257091357222776e-03 1.659662188828242872e-03
5.375085713789820585e-03 1.470392386268116287e-03
5.483887982918253523e-03 1.843691677757655937e-03
4.738197246809134310e-03 1.710416632364291983e-03
4.174049857646811197e-03 1.382503458142210788e-03
5.889751099423516656e-03 1.636651525050754428e-03
5.319977093278794450e-03 1.235048911460611938e-03
5.248075107704215821e-03 1.792132112784726753e-03
4.774352134758451729e-03 1.972251559185375907e-03
4.012566677752475199e-03 1.512488902012685882e-03
3.644923493897679265e-03 1.611652927395217788e-03
5.651445701045947588e-03 1.949885421240592264e-03
4.394143459069885932e-03 1.511242430588873899e-03
5.671474088705882183e-03 1.496565071252746806e-03
4.858582794215815688e-03 1.096138984296034409e-03
3.893043200691637465e-03 1.381988857803071640e-03
6.251245544091532137e-03 1.867235941235102954e-03
3.996268587442291728e-03 1.459653843852546642e-03
3.234721088154552966e-03 1.688078818603053807e-03
4.033253189535144188e-03 1.347489009474578782e-03
4.086200359251365537e-03 1.424962887309725798e-03
4.529252370003693587e-03 1.700941756630577938e-03
3.832147272857416506e-03 1.999380639792899036e-03
6.237379608839497408e-03 1.445623237670016527e-03
4.837177789706349589e-03 1.522754525510998944e-03
4.554563591191469231e-03 1.389283583178648005e-03
4.110006494106121719e-03 1.688342927989316912e-03
4.370931045118733177e-03 1.589349595235392760e-03
5.438115032028669089e-03 1.839042375486902355e-03
5.336803837340333562e-03 1.462739703775150363e-03
5.524946967086778044e-03 1.862214217930240534e-03
4.080783679464610597e-03 1.626201783576731790e-03
5.309460360328683778e-03 1.537354797509738261e-03
4.262968511806350565e-03 1.889938161224597769e-03
6.143482497705318388e-03 1.432862577297266222e-03
5.714564987226382342e-03 1.721314205386065841e-03
3.626860941391038453e-03 1.599208484979109789e-03
5.865630430494978356e-03 1.461015448515559298e-03
8.271092991901712529e-03 1.665865610426727492e-03
7.656897545911113372e-03 1.388825135886495197e-03
3.695375316791418494e-03 1.410899396981909765e-03
6.564320393664700888e-03 1.844766197860504744e-03
6.241823324403738757e-03 1.785074771458554583e-03
3.658840259616975496e-03 1.925447897217468342e-03
4.203035916049705639e-03 1.447601693701382111e-03
4.632842838441525272e-03 1.278586671126348898e-03
5.323611468877584123e-03 1.516491392844257578e-03
3.960718913577268747e-03 1.539413349423113383e-03
5.989467672727274983e-03 1.455920118875501977e-03
3.352246578841492231e-03 1.635536173036222004e-03
5.162004027497002490e-03 1.427712941985096514e-03
5.717863839919261858e-03 1.699072617348729034e-03
4.692069512650510685e-03 1.691235968879467675e-03
5.765454300205133907e-03 1.581118360585048645e-03
6.099465227687128795e-03 1.797744444470343768e-03
4.058389078013804538e-03 1.343442604487330013e-03
5.106847150617719114e-03 1.690567856002678053e-03
6.177414664473271540e-03 1.487341758069331363e-03
4.785790636500219554e-03 1.441970700615625512e-03
3.886192705927994564e-03 1.394032145786856455e-03
5.267215323142727425e-03 1.630727966350580503e-03
4.766557147377335421e-03 1.509458132649046675e-03
4.376185861140191591e-03 1.315113226005055948e-03
2.792945280669987054e-03 1.451061123160829426e-03
4.176986065364862548e-03 1.967803701684238665e-03
5.864234590727272073e-03 1.661585078086394050e-03
6.019454426205172320e-03 1.484217984672913000e-03
6.125231817959098969e-03 1.498672853239094117e-03
3.914646257340843871e-03 1.557921337292610380e-03
4.016569482535654878e-03 1.517890440252021725e-03
5.081588381116677877e-03 1.279123054776348236e-03
2.788310686296390818e-03 1.594456303366748127e-03
6.149231275310003755e-03 1.684537043071651988e-03
5.474375425344273766e-03 1.629175003835623076e-03
6.011303764942447017e-03 1.830611662516568516e-03
3.558121587416927627e-03 1.794164754683832790e-03
5.073407307371699537e-03 1.801097739581914142e-03
5.795817893456268154e-03 1.459916283574774244e-03
6.543063983631747238e-03 1.722564848715160430e-03
4.098220981149434776e-03 1.428592552943678921e-03
7.073812086937216609e-03 1.500279375711461487e-03
2.876069417983727252e-03 1.330789070786191552e-03
5.955332872345024155e-03 1.503908718699188034e-03
3.659580954412757544e-03 1.673647890101623379e-03
6.964081571924261860e-03 1.499676800526069612e-03
6.119299410364369141e-03 1.619195791743008751e-03
3.397227714472456517e-03 1.693899844316296144e-03
6.088961829431481336e-03 1.705009230043101707e-03
3.660919570932708120e-03 1.723350931851375589e-03
7.404644357180592551e-03 1.349149202141829759e-03
4.549721379530011212e-03 1.259720180297518649e-03
5.359718777795302418e-03 1.667404359172388380e-03
5.365965081970602499e-03 1.886677614948580788e-03
5.406953759113942645e-03 1.474860002206753590e-03
5.255525125942669962e-03 1.460943597876139359e-03
4.125419391744179591e-03 1.647459235281595845e-03
4.662351768444331079e-03 1.606815271339286696e-03
6.317941462743613054e-03 1.306985440754607599e-03
6.143441547866375016e-03 1.612156688225325910e-03
5.248177093718104161e-03 1.779436469021707882e-03
4.307063870772855595e-03 1.220268405564065451e-03
6.582470454641275136e-03 1.333667384062506376e-03
4.561225644011660321e-03 1.540185518606905588e-03
4.527050037881679041e-03 1.715926735914380863e-03
6.932133352093681512e-03 1.768007899122722932e-03
3.257181313681290196e-03 1.511546697173742461e-03
5.458226492434855096e-03 1.431756675215037486e-03
4.298291351652160606e-03 1.617651820131046306e-03
4.330909357247714024e-03 1.204929441645521786e-03
8.041987622025173130e-03 1.564656872032887513e-03
3.300988151894030699e-03 1.543982307685111497e-03
5.451956161146084313e-03 1.482141198830221572e-03
4.400614121208473555e-03 1.460476327204854622e-03
2.806238613585216451e-03 1.606013511417483117e-03
4.111785827352515237e-03 1.471636910039107347e-03
5.219610977060125043e-03 1.296178845179327393e-03
7.973203210832601265e-03 1.357913030566945114e-03
5.783824626859664780e-03 1.370609254958837092e-03
7.631018933256173559e-03 1.482885203097442702e-03
6.417028083088648777e-03 1.358633303069203997e-03
4.147410084126987306e-03 1.538962042652329641e-03
6.098708569659137130e-03 1.521284366418288207e-03
4.613466057613997869e-03 1.594318743553752591e-03
4.450474071139864235e-03 1.976274562227072276e-03
5.701159601424463964e-03 1.484732032741154298e-03
4.047042477597338241e-03 1.651437739320346220e-03
4.787310381791171077e-03 1.176490536976288392e-03
6.126345662659563561e-03 1.684428221338136371e-03
5.684693564040443903e-03 1.715961866553481320e-03
5.644248112013651973e-03 1.653910588561492267e-03
6.005809569651131795e-03 1.597031892426392175e-03
5.983537503639366900e-03 1.415895442948569664e-03
5.504514790624455943e-03 1.339233368465710203e-03
4.135243198221137673e-03 1.610112286540225706e-03
5.848199007620563140e-03 1.676027575439442479e-03
3.579495532969408870e-03 1.411223781910249083e-03
3.398794653105732810e-03 1.541169124005203677e-03
5.466182002987770606e-03 1.603193046220853036e-03
7.587786098407078503e-03 1.399643922098536743e-03
5.728854012280948198e-03 1.379833301493457601e-03
5.653599913233462414e-03 1.480107192548350565e-03
5.298615888959918273e-03 1.672938485258340571e-03
6.084112785924145235e-03 1.756819541908981406e-03
5.005584974217182175e-03 1.433501212681947143e-03
3.871326108485789817e-03 1.405127531733709302e-03
5.540176348792076773e-03 1.525734729805003484e-03
4.809752617579795934e-03 1.426705687786624646e-03
4.224127506932265526e-03 1.609853048644073860e-03
6.701411789743927372e-03 1.673589638596049587e-03
5.896999487959487911e-03 1.694057116361247792e-03
4.755182317575217150e-03 1.733630572938360927e-03
4.021471736751897758e-03 1.633181925891616024e-03
4.677687575122629893e-03 1.686000762369134834e-03
4.309897786244948521e-03 1.561058673420024539e-03
3.761773088762586630e-03 1.487781408558361707e-03
4.852219752177073728e-03 1.835882616339935304e-03
6.958160953721414035e-03 1.354669962359833285e-03
6.327965619790864096e-03 1.714627081329322218e-03
4.740114136227573625e-03 1.595714129385755612e-03
5.100745687531214531e-03 1.619522354832435545e-03
5.068685738080024906e-03 1.337751005437412977e-03
4.398627646878978774e-03 1.449394485851410218e-03
5.065390218877917870e-03 1.508150812098256032e-03
5.651858670387547613e-03 1.277429127418984282e-03
4.981215306504210676e-03 1.582382524729627387e-03
6.981910814807285905e-03 1.723057828662993753e-03
3.940181262136657932e-03 1.598222105723016116e-03
3.919264586550368600e-03 1.572681017276755366e-03
5.730188543384697256e-03 1.368170737598875140e-03
5.861096227576294282e-03 1.595357368085970930e-03
4.721407549024296893e-03 1.652668296963048485e-03
5.746284074817750026e-03 1.467877474497458496e-03
5.295291920880553817e-03 1.722345753109320258e-03
3.158965255792916919e-03 1.607759167931008346e-03
3.819800743843901336e-03 1.545857991920555332e-03
4.579559617642519134e-03 1.567572510864155165e-03
6.213053000736543270e-03 1.386124728502777063e-03
4.426533582089552631e-03 1.335583333333333587e-03
5.647141651696899189e-03 1.466084778905380392e-03
4.778622811720717282e-03 1.631446370955730914e-03
5.009618498833259825e-03 1.561019704602921443e-03
5.218556283884640684e-03 1.740509862930227818e-03
4.971124960611260184e-03 1.418418092088601134e-03
4.423377084540686122e-03 1.492041190500949591e-03
4.312931109689974001e-03 1.472612395130223125e-03
4.446320025182933129e-03 1.965854471036744284e-03
5.097870180368838794e-03 1.765935608419838976e-03
6.336665128725681162e-03 1.589503390198693158e-03
4.856249809573623399e-03 1.797860513586770851e-03
3.274278159198939879e-03 1.436705098949939098e-03
4.795281868235634626e-03 1.529275408429981104e-03
5.400151439801878679e-03 1.727463821123587139e-03
6.289026466132639943e-03 1.634861176607589920e-03
4.867398140109991528e-03 1.663639805526159841e-03
7.792745695676776829e-03 1.366974613630894111e-03
5.710763681136724924e-03 1.302447723226895018e-03
3.930373363375408782e-03 1.394942332830160711e-03
6.085068460524385887e-03 1.472439190523703017e-03
5.100940664036818575e-03 1.522458716475095586e-03
3.575769482606841552e-03 1.576624796861198548e-03
4.441597843668106983e-03 1.294664398912716285e-03
6.266589620611734239e-03 1.574699271995067896e-03
4.115543717668616527e-03 1.661654466139181330e-03
7.947633240032624807e-03 1.411753845686882468e-03
5.108077157360280118e-03 1.529984547932670665e-03
5.024547226228633784e-03 1.059236803626543424e-03
5.572987348636475324e-03 1.383533920035673239e-03
7.278037499726255390e-03 1.612215410434949875e-03
5.792817490305983766e-03 1.407985648200721016e-03
3.650067427366581688e-03 1.644335644049226951e-03
6.043793763486583412e-03 1.552816926738571782e-03
7.045408037564665320e-03 1.310977923745763971e-03
5.798749961859139823e-03 1.448482741413746654e-03
5.904564013021080908e-03 1.490686014866095732e-03
5.701823563866473439e-03 1.347708712273282218e-03
5.398421564951205211e-03 1.140620519566197966e-03
3.780036011734846241e-03 1.475301763631319462e-03
6.208111044147700784e-03 1.566760672606198543e-03
5.131502341633543962e-03 1.512674840993174282e-03
4.746856362032304995e-03 1.910278147699102794e-03
5.404306832178114826e-03 1.615823884081228753e-03
5.934834400289478590e-03 1.442429517122506772e-03
6.974948376031738645e-03 1.352326401883674391e-03
4.983977085806050311e-03 1.569869008320667718e-03
4.047018185948584104e-03 1.443542030204848304e-03
6.090741730302632814e-03 1.564065801566821715e-03
5.396605410985807517e-03 1.583068584716839592e-03
4.208112806839576885e-03 1.702035490586988531e-03
7.001169925041745255e-03 1.602060374908310112e-03
6.526250982340977592e-03 1.729606668104865337e-03
4.010823623077653007e-03 1.600714560929781182e-03
3.471504064109279773e-03 1.330155553375324262e-03
4.192438401877485871e-03 1.512338482644773763e-03
5.449206419419760049e-03 1.100510950438386053e-03
4.286861220919125325e-03 1.697187235479996137e-03
5.664601164503317229e-03 1.622607599886569758e-03
6.153593858024690097e-03 1.429450067175017797e-03
4.984799669253339206e-03 1.306974436922695966e-03
4.370857131671243047e-03 1.357462027149055391e-03
5.481924778378298446e-03 1.818095340578362645e-03
5.380600131213891454e-03 1.783508136609002160e-03
4.851337755173761902e-03 1.620504604132093135e-03
5.887508533864128750e-03 1.156290205023156143e-03
5.293900718409822771e-03 1.620400267882061507e-03
4.021329197417612342e-03 1.915749801024907656e-03
4.328547352285849227e-03 1.588030633734022548e-03
5.945335169874688477e-03 1.592177410325430927e-03
4.732128777221177550e-03 1.553631890842494152e-03
3.363404282757068153e-03 1.535669892881298335e-03
6.994900333019754210e-03 1.412989216032233247e-03
4.528638470000542586e-03 1.458839340777273773e-03
7.212025186007883087e-03 1.763230693463388454e-03
6.926886670712843058e-03 1.438175142159816558e-03
4.718328014687649466e-03 1.505206496268961074e-03
6.015407789038651649e-03 1.433787549422794105e-03
5.241507541159316427e-03 1.868311985515917891e-03
5.554232133019935437e-03 1.609745003118626984e-03
5.125338106496684851e-03 1.587065299291532229e-03
4.975181781511926749e-03 1.375742612893659979e-03
4.927707654731653363e-03 1.298587769743758669e-03
3.481013690834945922e-03 1.734750122863564555e-03
5.204430777870607677e-03 1.511057930131128480e-03
6.075061809473314423e-03 1.253839292051710588e-03
4.663765885003829173e-03 1.317249261465173018e-03
6.538994035150463499e-03 1.627506487506665163e-03
4.435127659061367626e-03 1.383628269008190751e-03
6.008460807947989951e-03 1.486060923688727921e-03
4.655957288555407497e-03 1.714824850423163523e-03
5.492669069397485525e-03 1.526373897778634343e-03
5.422368891027689458e-03 1.553668836784679545e-03
3.975915846525690696e-03 1.633119171333874105e-03
6.619341625566893365e-03 1.903311764455783376e-03
5.043725511363640439e-03 1.482221250000001316e-03
6.207855501581542763e-03 1.419257612879081410e-03
5.179307516233410368e-03 1.391133001373271415e-03
5.772550071022729788e-03 1.818994140625000786e-03
6.278191464212065295e-03 1.543611241131839177e-03
4.353764137831603320e-03 1.317099229155804969e-03
3.452976287910310572e-03 1.663404251223038954e-03
6.099641774075733464e-03 1.710234986203853103e-03
5.437176289983676990e-03 1.317851979783008507e-03
4.408375534264111217e-03 1.220041384765067731e-03
4.828410684989670014e-03 1.568478306727629293e-03
2.851801224089056067e-03 1.439149202108688970e-03
5.253789556301190038e-03 1.045672665642485670e-03
4.431415119569397966e-03 1.633085455776292841e-03
4.361334632269798714e-03 1.366467675896244688e-03
3.330103878660141663e-03 1.398282746111157923e-03
4.974504891016666951e-03 1.646427780627055838e-03
5.655267746642035805e-03 1.287896240114088514e-03
5.096176585533560011e-03 1.570817210533557778e-03
5.002929831187394663e-03 1.735954103863381493e-03
6.171490840883693367e-03 1.691535901905814442e-03
6.633958183891778236e-03 1.530290730715943171e-03
5.003508235582962253e-03 1.629196108112503398e-03
4.638583603219170737e-03 1.943259558043547051e-03
6.113832909533953829e-03 1.409726580469758232e-03
8.126561894660346702e-03 1.641093218537414879e-03
6.276589808412291055e-03 1.367316435396416768e-03
5.374898637700828256e-03 1.740470811591356441e-03
5.903020930764670340e-03 1.237697570377512641e-03
5.061287640865570932e-03 1.519266477600262526e-03
5.093752073118499972e-03 1.532248166868502249e-03
2.560108570206753517e-03 1.563831737523908600e-03
7.690426361982184017e-03 1.619838252723018908e-03
4.645311223009376649e-03 1.575636076238337742e-03
3.364684358350786275e-03 1.514406539439420041e-03
4.608156167390418771e-03 1.661704696802181669e-03
3.831440310130787130e-03 1.683500500448599328e-03
4.172869351631655274e-03 1.602834124358928566e-03
6.569852338739511424e-03 1.728151001576022118e-03
4.692284485535830850e-03 1.715986337387684271e-03
6.213854643988073363e-03 1.544689343236194156e-03
6.088350207682499855e-03 1.437918668970723703e-03
6.059591523255875717e-03 1.465705619478896654e-03
5.150518873524490351e-03 1.470819301864888717e-03
4.695084798414484242e-03 1.523453581309222246e-03
7.052280298685245988e-03 1.457615095857791969e-03
4.368754928988460677e-03 1.460349749694995211e-03
5.698845973969178871e-03 1.425687539948803902e-03
4.467215947251091876e-03 1.502359399861069806e-03
6.243291312080511378e-03 1.612832920634669652e-03
5.254026368796039896e-03 1.938907321176992250e-03
4.844099199802135054e-03 1.551617906049659705e-03
6.093631507814791480e-03 1.278482753151635298e-03
4.241947197309382626e-03 1.595734921802617005e-03
4.386097394806743113e-03 1.312165915599864058e-03
3.816907972193600389e-03 1.239118721926385416e-03
6.070334589114568039e-03 1.412090981134116185e-03
4.110804730355846134e-03 1.482043280776014580e-03
5.616052624467723908e-03 1.333464511722625128e-03
6.005924303239835310e-03 1.339677004228375734e-03
6.292749465811966515e-03 1.535293274853801902e-03
4.931373264584753592e-03 1.712695489684756042e-03
5.444442469080621426e-03 1.634792536852491644e-03
6.008265371405808498e-03 1.510215406055841593e-03
4.348960122222223466e-03 1.376743792255892334e-03
3.059926524313430485e-03 1.488623914885819997e-03
6.319695510165485551e-03 1.437423149083063558e-03
4.530459579498635411e-03 1.652619302277792560e-03
3.886105158410154293e-03 1.308392371220549544e-03
5.564684657714299119e-03 1.513006038023178039e-03
4.379143603178878644e-03 1.624086909466912216e-03
5.060893911305367442e-03 1.334998010402706258e-03
5.794898203248651999e-03 1.191876479502364597e-03
4.216852218052250835e-03 1.649692873454195385e-03
6.436770876403848443e-03 1.530945853234248364e-03
6.070168603179823714e-03 1.464829210792041765e-03
5.749904116814049011e-03 1.851122189492510409e-03
5.360230673876754427e-03 1.497837564336117243e-03
5.883683673185698820e-03 1.711893645891432924e-03
3.310260898594758264e-03 1.330402808717154719e-03
5.613335355330322136e-03 1.637460312301061401e-03
4.711610733627549959e-03 1.571963059938438333e-03
4.100231601103352178e-03 1.393166054182241528e-03
6.097246558228983614e-03 1.512687159767162580e-03
6.012097501441700763e-03 1.425661543382487169e-03
4.616327281956762556e-03 1.462691936526720445e-03
5.175667033081998193e-03 1.699437167525019287e-03
6.029261217452098164e-03 1.630675990179369320e-03
4.889984564096908071e-03 1.472860713151890938e-03
5.030898308256306559e-03 1.628238099154216039e-03
8.255293869363300452e-03 1.670006923126739467e-03
6.600983437936454833e-03 1.840760073938280074e-03
3.785410602879176606e-03 1.312743511448783177e-03
4.040988676258489010e-03 1.599566168957696974e-03
5.973102296578358325e-03 1.554689249975821884e-03
4.267645466151100825e-03 1.861234591198243377e-03
4.620981775915665619e-03 1.639549847507776542e-03
4.892520536755232304e-03 1.374592719853824120e-03
5.197104838668311147e-03 1.671839141195134628e-03
4.038152710928967319e-03 1.258795604799801005e-03
6.175968868695807558e-03 1.401963143143757909e-03
4.141569975508554470e-03 1.574279633044232095e-03
5.478456822570625800e-03 1.638729927774245894e-03
4.306919368567146619e-03 1.521638327871937136e-03
4.954429767522505398e-03 1.415709414172544806e-03
4.831101560631406722e-03 1.602313828171557548e-03
6.263124367093341090e-03 1.489318940467437976e-03
3.338784470478617893e-03 1.602034427401163950e-03
3.682961926416079921e-03 1.477598084707808582e-03
3.760421429464176363e-03 1.767371594471122504e-03
7.557195452166741607e-03 1.604022827596529154e-03
6.295569523938717056e-03 1.642239360895236854e-03
3.820308811965857088e-03 1.038864958935904227e-03
3.124535246566825450e-03 1.393276713356493167e-03
4.890146713146325576e-03 1.379441135045441323e-03
5.408632446234815615e-03 1.654819188598294615e-03
5.193740518542224426e-03 1.794161307080456395e-03
5.835172413803065179e-03 1.578741481342511681e-03
5.472099211486703384e-03 1.305343458553193288e-03
5.466444071256321147e-03 1.664120870838162050e-03
3.552974324764574150e-03 1.761255753336002936e-03
4.094636518643311046e-03 1.403232863186589180e-03
5.720391905789928323e-03 1.591031365610869833e-03
4.506026840486588962e-03 1.360440111967024064e-03
4.874162975038139230e-03 1.603113016543396404e-03
5.602981093258068736e-03 1.658258316647423470e-03
4.123924972028773610e-03 1.460262003475881840e-03
4.152525924240228414e-03 1.377202976467665303e-03
4.936035297360648333e-03 1.476645235277514656e-03
4.724705568887811909e-03 1.506232497183396593e-03
3.773082481497500376e-03 1.583583458298477463e-03
6.231055705885101340e-03 1.419535315473182497e-03
6.222994068932658981e-03 1.489850062083340233e-03
4.537220881017971913e-03 1.726652639923825696e-03
5.830823199617181894e-03 1.770023943134002012e-03
7.252051294364640112e-03 1.669303078017376216e-03
6.833520822951437944e-03 1.459662232867778905e-03
2.176228395518482652e-03 1.329630024591164873e-03
5.658063087084290801e-03 1.775287850677669758e-03
2.835749469190242469e-03 1.293009177759286803e-03
3.973721834162636038e-03 1.401162263766143759e-03
6.402764535921333378e-03 1.754081024567974607e-03
4.799516164574605878e-03 1.403997241714947247e-03
4.537701855292755777e-03 1.603629196116725152e-03
3.144031148556158083e-03 1.408528794971044976e-03
3.640835131968550055e-03 1.502989079336969867e-03
6.600817696243012171e-03 1.418689410352555209e-03
4.022276318861095490e-03 1.915474721809499667e-03
7.339511883792809721e-03 1.529440749017055160e-03
4.898166469112477835e-03 1.286946135962698098e-03
4.993211473876693965e-03 1.499882818670319811e-03
5.008955552249335502e-03 1.695316068854499673e-03
4.406588720612798944e-03 1.583954700245801496e-03
5.001586334960232867e-03 1.564352327219203963e-03
5.506459688018711454e-03 1.260723698435378811e-03
4.893172214261123920e-03 1.349228096240414568e-03
6.036336041280845714e-03 1.540274136518939713e-03
4.859582222203282995e-03 1.552527818635835279e-03
5.324115084245761333e-03 1.468775592340657932e-03
5.575310594095395263e-03 1.579021972586182711e-03
5.421911166362272660e-03 1.688847254570620925e-03
5.001044096531784798e-03 1.544774526820161557e-03
7.049783853254450172e-03 1.609069687817279992e-03
6.124730702271012281e-03 1.870811077230779933e-03
3.321853939112104966e-03 1.342965875833100706e-03
4.716474377783361031e-03 1.314674889636807849e-03
4.390588242115029370e-03 1.487903782843412329e-03
6.429700051369433879e-03 1.352544894953737866e-03
4.719935078112480649e-03 1.799789244779149196e-03
3.410759076118652366e-03 1.431951930840454296e-03
6.146454341232622000e-03 1.464127665167458837e-03
3.958274482806376816e-03 1.706980611898636663e-03
5.575189488502329226e-03 1.862691004789640342e-03
4.117479352490940360e-03 1.560587616550536101e-03
5.464491762441737489e-03 1.290943723980198833e-03
3.443409335937500614e-03 1.287645664062499890e-03
4.984711924297668094e-03 1.333485475218578820e-03
4.316268199265605593e-03 1.491894046550208469e-03
4.440891780826197732e-03 1.562409373418790310e-03
4.749963320176354455e-03 1.676750761753268608e-03
4.066112788094461417e-03 2.045205291837485194e-03
6.549409523754563117e-03 1.535169947347203145e-03
5.408989188722485887e-03 1.515543034876330394e-03
4.505695435901490783e-03 1.472193990323259274e-03
4.536314491062953813e-03 1.528050165196688775e-03
4.607405484893604616e-03 1.624994503435071022e-03
6.778113476985220091e-03 1.503963257686970157e-03
5.054681896577880619e-03 1.465764184004383170e-03
7.103830606528287010e-03 1.777584374258780889e-03
5.400365261694288488e-03 1.476133476076552662e-03
6.134846422448250215e-03 1.536700306437394775e-03
5.889309303836104403e-03 1.249760459694631252e-03
6.167756300497923352e-03 1.458342845167215351e-03
5.431579627154880727e-03 1.521220471332671454e-03
9.225938868160379891e-03 1.392673716645224371e-03
6.361875991697579433e-03 1.622281102761898974e-03
4.937385002016981064e-03 1.504855252593166690e-03
5.070001372552453492e-03 1.547844428108006987e-03
2.767078016344048149e-03 1.438288662602550541e-03
5.320386233013126021e-03 1.475920510517231277e-03
5.787580984718411481e-03 1.662100983537492457e-03
5.627741322786978043e-03 1.974232069551956886e-03
5.868598630507650474e-03 1.781203287031390059e-03
3.579097540376696349e-03 1.197336429265583816e-03
3.802933891245223116e-03 1.526412709306312681e-03
5.195768694246136188e-03 1.429973358303540448e-03
4.040420703575548812e-03 1.559489024653980087e-03
6.079777336610854392e-03 1.671790281165491969e-03
6.279728886335220542e-03 1.467671267317349716e-03
3.786851333674809503e-03 1.408592485640656989e-03
6.543413244900535275e-03 1.500781644873835398e-03
5.217136003085708594e-03 2.004968792940778777e-03
4.216382721825025388e-03 1.296241245860347766e-03
4.673930714084114507e-03 1.583573141778565462e-03
6.289668904195806765e-03 1.467294111673152560e-03
5.200935145401071671e-03 1.400987621308832747e-03
6.841966040716711793e-03 2.019103218136062989e-03
5.657438679407351435e-03 1.787203138341231711e-03
3.659498028222563787e-03 1.727895644857929550e-03
6.889065013841981153e-03 1.990916295171181460e-03
5.101611741257066832e-03 1.438933350214350454e-03
5.762538456104891044e-03 1.471652009218442792e-03
4.289585181698344143e-03 1.315195930571064339e-03
3.527282222222222902e-03 1.558099344262294959e-03
3.498398460928688232e-03 1.644118795319383019e-03
4.087511540993568789e-03 1.548968823103658975e-03
4.586613742104214686e-03 1.285923008397694663e-03
4.196121359100550216e-03 1.632250292688372907e-03
5.714732054880008669e-03 1.583240580377628850e-03
6.233923827932727306e-03 1.448086900144204088e-03
4.442994822866772574e-03 1.385595926619532939e-03
4.589150176427001654e-03 1.421554583215158029e-03
4.057943133971637223e-03 1.559630163858307782e-03
4.466224386326909240e-03 1.476005406874855491e-03
5.232391077320853144e-03 1.291655328170673205e-03
4.819265265188718735e-03 1.675251182095959402e-03
4.411643601079082155e-03 1.478467909735898611e-03
5.789638752236383155e-03 1.321550207113623022e-03
5.509851016242799278e-03 1.895073781873790478e-03
5.043100204961777598e-03 1.457477610647943444e-03
6.157536033597268976e-03 1.585671604564137336e-03
5.227517390872747464e-03 1.466332317184750782e-03
4.368268429695218447e-03 1.531181336206103921e-03
6.447107991613266857e-03 1.584496978150772960e-03
5.878554209573286921e-03 1.675663645199387602e-03
3.830063081361618268e-03 1.638498175052147208e-03
7.209415514911488715e-03 1.554611544959623448e-03
4.824559082593030471e-03 1.639281486902853567e-03
4.487947292865734211e-03 1.361968102462578645e-03
3.358581370899816308e-03 1.630081290513965336e-03
5.501741812940473715e-03 1.359077278599868420e-03
5.174960601471044995e-03 1.627585674314867802e-03
5.069495471914666450e-03 1.477744396902720128e-03
3.425427274526484430e-03 1.650662411112746066e-03
6.338079608205241314e-03 1.386122965482143718e-03
5.597324862727460527e-03 1.414518391420988529e-03
7.108959206019367129e-03 1.662408781390917233e-03
6.358770812483619146e-03 1.410165791247183992e-03
5.634480538824571637e-03 1.494207280765038606e-03
5.808694003262231294e-03 1.200039349827618012e-03
4.305616125513583858e-03 1.631429108162655694e-03
5.701970773153381376e-03 1.628839789730024195e-03
6.050906134312621781e-03 1.582706344245948284e-03
5.622538436570563396e-03 1.549170415938711095e-03
4.074944518261854054e-03 1.511352234618647738e-03
6.134607246574792956e-03 1.644094133488477024e-03
6.413633972722957051e-03 1.694440172019066925e-03
5.148269209599806717e-03 1.792472514197508823e-03
4.457440016210865996e-03 1.124239882204683405e-03
6.047554213344279866e-03 1.953368695488103338e-03
3.557495791878544002e-03 1.401422400711352595e-03
5.544470204344484170e-03 1.561747112687936071e-03
4.845852521603212330e-03 1.982782911433719503e-03
3.625905737359995992e-03 1.368344728749908796e-03
4.848026928823227603e-03 1.274138946089604192e-03
5.029931161080756011e-03 1.765173941093703056e-03
5.751864235261955512e-03 1.589251263586146474e-03
4.983672302099507491e-03 1.493277248658422081e-03
5.594221428881279365e-03 1.491833526256852250e-03
6.334060695241583785e-03 1.455332272622534943e-03
3.545249291115311861e-03 1.531422902226423294e-03
5.885483374271932404e-03 1.448546756115031905e-03
5.595955640780652177e-03 1.170276594569659391e-03
7.108757147352623429e-03 1.614394859681388692e-03
4.909234626139119886e-03 1.587117259404972848e-03
4.372651214009070850e-03 1.683773626931834742e-03
4.197052999547153107e-03 1.445313692865576481e-03
5.287668923044226699e-03 1.499480334194051639e-03
7.038254706285774522e-03 1.595390985280801957e-03
5.581426352109613610e-03 1.466561434737981198e-03
5.865940261424085547e-03 1.614175977068273539e-03
5.263346684242170212e-03 1.356096635805463177e-03
4.909804253276771335e-03 1.419119957257828279e-03
5.733927053163394467e-03 1.300010152708119034e-03
6.126952887853104150e-03 1.661905942854212869e-03
6.415926958926663516e-03 1.285543029945348604e-03
3.805794842229157440e-03 1.057141445369589238e-03
4.423900920745243645e-03 1.402057287965028298e-03
5.128188916520050496e-03 1.436877267154421231e-03
5.064350686835892429e-03 1.537213836431393279e-03
4.922349921746926524e-03 1.479598706944029078e-03
5.869082626209228860e-03 1.334176297463346992e-03
5.279698510483657285e-03 1.215994940252344706e-03
4.832779423897613780e-03 1.397403529857878463e-03
3.883369306009794557e-03 1.450652865888971176e-03
5.783888078515260316e-03 1.583758017399901612e-03
5.528935243169917808e-03 1.406383011451019368e-03
6.870511042714767640e-03 1.292082075792426107e-03
4.720189723008729778e-03 1.538646437102307975e-03
3.976686317866955957e-03 1.469984460989726561e-03
4.521600053214377100e-03 1.649109083918773137e-03
3.670599212262157587e-03 1.630152832300793770e-03
4.484340447394014918e-03 1.605535933800608184e-03
4.944319871991897063e-03 1.413944921892094659e-03
6.104573252340186364e-03 1.489054386599443069e-03
3.978998917110382512e-03 1.385611274068670453e-03
5.364646553459318130e-03 1.686211753080724693e-03
7.054841741434884038e-03 1.504456759583702730e-03
4.370391253796135529e-03 1.562408136451428221e-03
3.680291789964321852e-03 1.424828629906790736e-03
5.108345886467777902e-03 1.233225326656236034e-03
4.893577279297994971e-03 1.574819833862018152e-03
4.781483555875019192e-03 1.681366166613275370e-03
5.438476412918110542e-03 1.767632083734153176e-03
4.561349762012384748e-03 1.755512384321579423e-03
6.811288608602872503e-03 1.353073096223422235e-03
5.180668748801353640e-03 1.624986634746050781e-03
5.139824235697402002e-03 1.346519701510248343e-03
5.750484243421052563e-03 1.438424934701492417e-03
5.643890728161731797e-03 1.527651094302536145e-03
5.183842477945848834e-03 1.293110478992419606e-03
4.553623819995548591e-03 1.742732121198959381e-03
5.747876698882379773e-03 1.639541724442655389e-03
5.796487176894847201e-03 1.347650663778239988e-03
4.628784441455423802e-03 1.384333496077270152e-03
5.887588175972189100e-03 1.628584473153265461e-03
3.176768618058418200e-03 1.718293371176920006e-03
5.906417778902228050e-03 1.653491092559521234e-03
5.558498960302455001e-03 1.456863333391143333e-03
4.921031086300012465e-03 1.414395064703722780e-03
5.820878693364593855e-03 1.179528839982877091e-03
4.748762706664133582e-03 1.429172877836626995e-03
5.121594246860781095e-03 1.386515948560242562e-03
6.849703127677265850e-03 1.820292401281855448e-03
4.414596450648149671e-03 1.374864506300404760e-03
4.210815027770975320e-03 1.364342612717996724e-03
3.549241541666200463e-03 1.497054094187209297e-03
5.916008810313257843e-03 1.743237068083431382e-03
4.719295776051668327e-03 1.404740719468230026e-03
4.324785727958775985e-03 1.349329369624758775e-03
5.172657200452032353e-03 1.391016978352918338e-03
3.601815157312926105e-03 1.420068440021358350e-03
3.999569796214705840e-03 1.497793269233341435e-03
5.218657659167682053e-03 1.492332016225095780e-03
4.186947862841927138e-03 1.388229171224041828e-03
5.386180565169959404e-03 1.725359886870754663e-03
3.355031251218813619e-03 1.225188406182493557e-03
5.465924194080149998e-03 1.457771084032302234e-03
4.917267923972117906e-03 1.593641973979718299e-03
6.033016414464034693e-03 1.429297188162917268e-03
4.808780933878666584e-03 1.445708436733263895e-03
5.970093719387470702e-03 1.461872893201075080e-03
6.703998008151663447e-03 1.274861796180382870e-03
5.262185544029197512e-03 1.688830728542849418e-03
5.194492835275830479e-03 1.340009969443193985e-03
5.514796873400178330e-03 1.296994392299190193e-03
5.230633863888890268e-03 1.230602511764706695e-03
5.762566708983486718e-03 1.604728648883913542e-03
5.319490039526013174e-03 1.480869466181731781e-03
4.920224521571290449e-03 1.255918280695376846e-03
4.263338388452384171e-03 1.538353411890484509e-03
7.023744542639065794e-03 1.549892211702748194e-03
5.576739589806947901e-03 1.626673213256327882e-03
5.087405795059640225e-03 1.408188652202498710e-03
5.423458219235289569e-03 1.472791105141328357e-03
5.727819021670843384e-03 1.499951959889234739e-03
5.841034367298094006e-03 1.465127187810915570e-03
6.625026177656149345e-03 1.498152226679828327e-03
4.515568240233530303e-03 1.517175732236953744e-03
4.035062549859755668e-03 1.493408163806699647e-03
4.378137400680761834e-03 1.550427183013812276e-03
6.345318116001157430e-03 1.213667100246596268e-03
5.596073548362775346e-03 1.466431393828229388e-03
5.450222193113803820e-03 1.512178297009905475e-03
5.859361321116648459e-03 1.499540218280063890e-03
4.230123777345014442e-03 1.752937775518245093e-03
5.754376118316206073e-03 1.430546926964357257e-03
3.581686211209986724e-03 1.476901299655295234e-03
4.564935730505393155e-03 1.311537843521339139e-03
5.163655633501580688e-03 1.429357722502743204e-03
4.338171319331859607e-03 1.500615631290877060e-03
4.137640953590945511e-03 1.608915110145303943e-03
6.204454496574725655e-03 1.310296966120682877e-03
4.723399301596415030e-03 1.443743257522303982e-03
4.868716905214453237e-03 1.345151909800945678e-03
5.699800182968802094e-03 1.327150351697711783e-03
3.774827600321064257e-03 1.418550982181137612e-03
5.535754469966538277e-03 1.538006519146865869e-03
5.517535816851124562e-03 1.512329086081890721e-03
3.574502307342646359e-03 1.548907273493837578e-03
6.099537750859712441e-03 1.651393281645272123e-03
4.111152597018887314e-03 1.403141485907773763e-03
5.795229474797639405e-03 1.648050658585080647e-03
5.518898310018753237e-03 1.515312421955472945e-03
4.619183903832408018e-03 1.639030543449049738e-03
4.540553462510042541e-03 1.555792311490996910e-03
3.978201034536229565e-03 1.592785412534309872e-03
3.636994241632436880e-03 1.774247678910961801e-03
3.727312051496540525e-03 1.692565562767909138e-03
4.034074008169945096e-03 1.519435876528219117e-03
6.317295021765010482e-03 1.601038294492282930e-03
5.113529012636832891e-03 1.603505987009763928e-03
7.189475758615607691e-03 1.725942385169960871e-03
5.605137385690108810e-03 1.832047785787854549e-03
6.984761440772307463e-03 1.521355229661546784e-03
4.012523725124524272e-03 1.720180114600678746e-03
5.028521218067248492e-03 1.734356506032805117e-03
5.353733101876001835e-03 1.386493170874717297e-03
5.290995964141041036e-03 1.495441374911477862e-03
3.825461479104584617e-03 1.675725904299121567e-03
5.457687304838526078e-03 1.545606827862934822e-03
5.853043014022899643e-03 1.508893687986614159e-03
4.902230635937530542e-03 1.649383060179954912e-03
3.862379420255749457e-03 1.584248053148207746e-03
6.489624816758252437e-03 1.640178640655141733e-03
3.647548051970747607e-03 1.835971759088002786e-03
6.428482717549608393e-03 1.476307810720643016e-03
5.933251079834845829e-03 1.462758861422815658e-03
7.232362799398092852e-03 1.725004476277176802e-03
5.270785530090480245e-03 1.544908104335229043e-03
5.131401646335040020e-03 1.218434579688586639e-03
6.423094078766790685e-03 1.528132644340558528e-03
4.932354089026039050e-03 1.432606381023919344e-03
4.011572899383827537e-03 1.967181114931531010e-03
6.566449113993185795e-03 1.314623048895608923e-03
4.916464189913862144e-03 1.236003099852655499e-03
4.342227493483949603e-03 1.732122653258384021e-03
4.832411029734680862e-03 1.301722006625436476e-03
6.883259257556650565e-03 1.648368580656201171e-03
6.030790688908532933e-03 1.794313474786913198e-03
5.805158804296193381e-03 1.554908942455906096e-03
5.565011717670782093e-03 1.600952632606893406e-03
4.582736577432254370e-03 1.576513989712953392e-03
4.881259304813538764e-03 1.637464102695496138e-03
5.287453249733981876e-03 1.744868435476952572e-03
4.136423697411377963e-03 1.672199390468319868e-03
5.681802850703559365e-03 1.399021563220814680e-03
5.272948696026151169e-03 1.624375561429757453e-03
5.082859176414063380e-03 1.637550941613890578e-03
5.689958084657891976e-03 1.783056035700244504e-03
4.491112457940039417e-03 1.510144886394896441e-03
4.245346003655551224e-03 1.455538918085191999e-03
4.126305373134110666e-03 1.535591594111520176e-03
3.630783569814468887e-03 1.525361995060522512e-03
6.110796077883362022e-03 1.526708115433973029e-03
4.122842771514548255e-03 1.456315756791572245e-03
4.432888894671668627e-03 1.431978058952269048e-03
5.409463312397670871e-03 1.795863426872954275e-03
5.342215169708116468e-03 1.369946468920715766e-03
4.136036692047034315e-03 1.488566862796531463e-03
3.855107324375512973e-03 1.626295116204305767e-03
5.670971436254740143e-03 1.918039252029697965e-03
4.205175348384683313e-03 1.633488615656460488e-03
6.139962447213225330e-03 1.408827858172129145e-03
3.991822747798716084e-03 1.383565123665720037e-03
3.933514009995493083e-03 1.593203341233873690e-03
4.742863378684809145e-03 1.606589143990930354e-03
5.557426728395064609e-03 1.687368429425990064e-03
5.511198957331600416e-03 1.475560106508184326e-03
5.746509070915352922e-03 1.739239580497231943e-03
2.849982027631071078e-03 1.698026669387145155e-03
3.793022929282968778e-03 1.309554324484989325e-03
6.807200313669866353e-03 1.702238665752360807e-03
5.657271906967456174e-03 1.537958494558697023e-03
5.317249889650582824e-03 1.521151316136035636e-03
7.085854555305759646e-03 1.630061465595631417e-03
5.641739360491529638e-03 1.114772163286560907e-03
6.240062525252525714e-03 1.550519064327485382e-03
4.639183344738647199e-03 1.690084513247448565e-03
7.031187279752995449e-03 1.516334500893104596e-03
6.212062738291877252e-03 1.989523890136717793e-03
4.334663875927822346e-03 1.424499570294804514e-03
4.390640815251818652e-03 1.958537649997212950e-03
5.029684923462307902e-03 1.321054196464957258e-03
4.519537508807486281e-03 1.712915559298368870e-03
5.949983955030029720e-03 1.658897745657885153e-03
4.096484836232941462e-03 1.479789714434534987e-03
4.560988696184558981e-03 1.557514831048909237e-03
5.638948053275008067e-03 1.270602971806134712e-03
5.220620060513361284e-03 1.704861338480744958e-03
5.509404173824546634e-03 1.759420637433400372e-03
3.832657504505417208e-03 1.610587736420874281e-03
4.836123926202900297e-03 1.140456540154808447e-03
5.508010974696491736e-03 1.685776446463888370e-03
5.014171371351283484e-03 1.533602957137096372e-03
3.939176273904367032e-03 1.723652550615702118e-03
4.665369788519469277e-03 1.371238555554902963e-03
5.839502672759335974e-03 1.836887027173035678e-03
3.890816528053909259e-03 1.382050326630810408e-03
5.294826996759670334e-03 1.439061505501708360e-03
3.947484592782528161e-03 1.483088955681531552e-03
4.678271714603790543e-03 1.274254926637330724e-03
5.552994144516311577e-03 1.662634033041695105e-03
3.067613205336796895e-03 1.476226908365938211e-03
5.408139138504374811e-03 1.371381241392460783e-03
6.310223938472254990e-03 1.457707993973714460e-03
4.583935149001947852e-03 1.642095855753001547e-03
6.616308645557763060e-03 1.562532651894165759e-03
4.223061731534763497e-03 1.300955603084884889e-03
7.877970748912640001e-03 1.665714040240423187e-03
4.337688065666585151e-03 1.502311740833594221e-03
4.269310560067551483e-03 1.413783610742461432e-03
5.348229627024052822e-03 1.622593146579457205e-03
8.384615438617834537e-03 1.584552013481022644e-03
5.350286850992040828e-03 1.387827186112370204e-03
4.782359118649211031e-03 1.566392633141963338e-03
5.470159960488969221e-03 1.549508111132433339e-03
4.788070595602108605e-03 1.700840399234903287e-03
4.668729301699991313e-03 1.578096322171955532e-03
6.264752326232395432e-03 1.280687699741500608e-03
6.249490883397094097e-03 1.516990044362629200e-03
6.018635920231511262e-03 1.447056141684798175e-03
5.203482778787605310e-03 1.559980153442165965e-03
5.339199866750448525e-03 1.630932532451865886e-03
5.892937250419947801e-03 1.412458830574806531e-03
4.537052257320132835e-03 1.363799361622311046e-03
4.695006734948097872e-03 1.700183098584460116e-03
4.559780272292620999e-03 1.416012759379873566e-03
6.773327651617300910e-03 1.516714036621412236e-03
5.924098361678005291e-03 1.646911903344671670e-03
5.666713315133159456e-03 1.489978109362106702e-03
4.456441977710374688e-03 1.640163098509185655e-03
3.958224066735939461e-03 1.516675156939044540e-03
4.300070242415228103e-03 1.334210486317668597e-03
4.954519337713543005e-03 1.699635024261292315e-03
4.945787842049062522e-03 1.320005112232237572e-03
5.138762048124568410e-03 1.319385780942436111e-03
6.099247858273306941e-03 1.615417186310915548e-03
3.614045606916934435e-03 1.710448348013371422e-03
4.599316330484544239e-03 1.658799688343137778e-03
7.408606540373254695e-03 1.560408910767087289e-03
4.847321273877222038e-03 1.836952320333160157e-03
4.384104338324221715e-03 1.465513647036077163e-03
5.529015607632658570e-03 1.368625144700022197e-03
5.054614653888818768e-03 1.149659878011529508e-03
3.167569353232850809e-03 1.667292921213908881e-03
4.441610535538487170e-03 1.689021980015061476e-03
5.656385963699207126e-03 1.404219125033915033e-03
4.961598196783814294e-03 1.490367542159402262e-03
4.557382436625623257e-03 1.421390007475824020e-03
4.405359049057910696e-03 1.312855361520282168e-03
6.535380630579548135e-03 1.482045618602195703e-03
5.763192150343353533e-03 1.183194018132267865e-03
5.246040298697075312e-03 1.354085224567809541e-03
5.674244466904107553e-03 1.375318393284476757e-03
3.846978754561237307e-03 1.324079710845388553e-03
3.988731770123933075e-03 1.746633046971555374e-03
4.511016048872945258e-03 1.619183689122755771e-03
6.823201646743947552e-03 1.355799538609025415e-03
5.426434769356547165e-03 1.310807225341040520e-03
5.041031871375649225e-03 1.471985341685221873e-03
4.257677455716229152e-03 1.597979913642719662e-03
5.449519356403292186e-03 1.919263059316399277e-03
5.638665620910743130e-03 1.547068682276773457e-03
3.704173468733465077e-03 1.187166993236648442e-03
3.454198896393554340e-03 1.634979715602592103e-03
6.008021392299350665e-03 1.606383874723971280e-03
5.815060874188716575e-03 1.575670111567877268e-03
4.804608288445112556e-03 1.508659241915744683e-03
4.881821709560135204e-03 1.655765012182388359e-03
4.412911712092048785e-03 1.628778163029721664e-03
5.329611874692679122e-03 1.488661406635116051e-03
5.977907311661288109e-03 1.591453710136408062e-03
5.350625189461285548e-03 1.308584235693534790e-03
3.626750254040153262e-03 1.581743477800245370e-03
6.231819736424113951e-03 1.437656125205171798e-03
5.456690406708348574e-03 1.362776805816485158e-03
5.704445724122938523e-03 1.366291356653060330e-03
5.711235562402201468e-03 1.317685215001273592e-03
3.934957304751584423e-03 1.610581049043823074e-03
6.050400653931370040e-03 1.702808870714583433e-03
6.664123140271376207e-03 1.329374160171873298e-03
5.798590187351849480e-03 1.446202829978797660e-03
3.760763422357942757e-03 1.423831406361704454e-03
4.906041915696760479e-03 1.281545847750865203e-03
4.891027961519733673e-03 1.530633299244947608e-03
5.143034353720756131e-03 1.608442614485149254e-03
4.538773025225731512e-03 1.146575560009033441e-03
4.575485410636665091e-03 1.679660009276120374e-03
5.606816942161710338e-03 1.831373315569174596e-03
4.615272848239437148e-03 1.550437385852714142e-03
5.704375852408308245e-03 1.296549389789418329e-03
5.247881590716123833e-03 1.491028359376617369e-03
4.864797672559260586e-03 1.396962438884641160e-03
4.706758825936913603e-03 1.295889726765567370e-03
2.828004708372947821e-03 1.549052709382537285e-03
5.708243588046269662e-03 1.206689386451502682e-03
4.634216666666665478e-03 1.470105734767026065e-03
4.381499042837090283e-03 1.781344424015935020e-03
6.326928640425825978e-03 1.715480254356076479e-03
4.780131278544122626e-03 1.241568860493422796e-03
5.741069590210451379e-03 1.392602237269273836e-03
4.112721461672873280e-03 1.476859263799847489e-03
5.026789734532311968e-03 1.660879167789781723e-03
