6.348689093084693841e-03 2.164740056130267602e-03
8.442666581978288190e-03 2.253454713243056851e-03
8.589244915343774087e-03 1.765101658909268333e-03
8.175788661156833947e-03 1.998888782682234008e-03
9.179774855204679562e-03 2.077113369585781473e-03
5.741017375538629008e-03 1.667721447508324281e-03
9.179021898152485426e-03 1.997238732723007840e-03
7.156389119744744481e-03 2.369616290849673509e-03
6.899822792522158042e-03 1.906167624113330955e-03
6.245380825412737320e-03 1.583258423952886833e-03
6.680877114377203017e-03 2.123439851666463884e-03
7.255892544214859706e-03 2.121368796533967902e-03
7.523852803378084687e-03 2.010043260887587127e-03
9.227172468825713125e-03 1.822204409857656072e-03
8.552689501359843002e-03 1.688758395268324421e-03
6.735045683488796210e-03 2.311561449371609539e-03
6.459683705484573456e-03 2.013797107390942389e-03
7.890464088533964693e-03 1.823685207829688374e-03
5.373887331331709399e-03 2.313753297718264094e-03
9.230091456366605260e-03 1.696504111315125241e-03
8.799261783848020407e-03 1.804587034233227872e-03
9.084765895166152863e-03 2.168687498107330427e-03
4.999574599297063049e-03 2.152309548745593923e-03
7.897609078381176428e-03 2.420324558587105129e-03
7.650884264821388066e-03 2.151008175104925611e-03
9.103444785276068596e-03 1.914098623853210772e-03
4.804818440234682672e-03 1.661356140153359522e-03
8.155596566045348814e-03 1.656634506750479614e-03
7.334858334817658497e-03 1.779060570177447417e-03
5.772790500585654391e-03 2.017100180352758305e-03
6.506160101980070637e-03 1.985248973931288703e-03
7.800917333625234304e-03 1.522896504130731229e-03
7.382814470440824881e-03 1.881464906982135239e-03
8.840326941498378305e-03 2.799340761578253574e-03
7.632799455226524019e-03 2.555034345506712948e-03
7.128780557903771284e-03 1.652285754021114725e-03
7.947339089097196080e-03 2.135015719001550228e-03
6.639788633215619462e-03 2.450892865314853279e-03
8.668170513023975080e-03 2.011829172112978518e-03
6.852550752818348245e-03 1.706234097426002861e-03
7.431471411268633989e-03 1.297273419781537485e-03
8.623968112244898357e-03 1.957133500000000394e-03
5.850313939424108163e-03 2.194694937029671375e-03
8.597181410756844083e-03 1.807467615704458005e-03
9.495768258221409450e-03 1.532044602192284737e-03
6.816359074235906618e-03 2.021686422838391440e-03
8.452387310107813134e-03 2.519198325433482516e-03
5.775497000144960529e-03 2.528916415038575966e-03
6.755834009289989409e-03 1.991342298060043772e-03
7.680530683195806868e-03 2.155547451138938551e-03
6.845029640916797803e-03 1.814497763567008435e-03
8.863225575951684532e-03 2.403728324105912188e-03
7.590160835006472262e-03 1.892627921079004325e-03
8.697280104505177023e-03 2.349524725491606864e-03
8.172145321335214097e-03 1.935912525091163612e-03
7.941671450069354155e-03 2.111413046708010208e-03
6.813255044299440684e-03 2.694856471098449127e-03
6.689585272523646507e-03 1.761347040816326794e-03
8.412196602157586203e-03 1.788310222482215796e-03
8.412148104058166098e-03 2.532063900382090695e-03
5.808185788565468563e-03 1.746822892382907024e-03
7.775845956788478286e-03 1.881308866017941759e-03
8.773298203622329622e-03 1.982821521057415159e-03
5.919534726090691645e-03 1.556669845138309704e-03
7.961129172382392163e-03 2.216032076464703651e-03
7.014451603238753760e-03 1.795397296751056028e-03
9.723068739455513823e-03 1.949256768817457085e-03
8.209380524798149878e-03 1.965330891326508636e-03
1.043719723437183493e-02 1.892366321703168154e-03
7.563735030122474209e-03 2.605344976818122372e-03
5.013751178336889845e-03 1.937252991762181695e-03
7.584428058109365239e-03 2.448245496339071341e-03
6.532945614877227331e-03 1.951806346724894829e-03
5.972240210559022662e-03 2.468665211861309407e-03
7.450509657218343240e-03 1.793580329443844948e-03
7.039970606335584601e-03 1.963524323269078518e-03
8.274140773083337938e-03 1.868675026210640192e-03
7.291337340627509871e-03 1.712659433947246682e-03
7.182629644363639106e-03 2.034951074315703452e-03
6.828503165918704647e-03 2.062280143474952941e-03
8.929853403760451905e-03 1.987801358559110332e-03
9.238491226288137251e-03 2.646816514318861991e-03
6.426734162494094488e-03 2.226525834943784282e-03
5.462260892447637524e-03 1.796776995575278396e-03
6.435299706594373517e-03 2.471923539178257599e-03
9.666964023936516076e-03 1.415598984635803781e-03
7.397846071428569245e-03 1.874022562240664110e-03
7.664876133835577324e-03 2.072345993504658927e-03
7.037201210415502603e-03 2.129384051293789753e-03
5.617713908834164049e-03 1.319908984881873167e-03
8.665442892567395625e-03 1.944348097864456596e-03
6.075164371396515189e-03 2.063883703786227510e-03
7.032281628377740068e-03 2.512720324475133798e-03
6.983305628455237918e-03 1.698292312304034097e-03
7.181292125803488864e-03 1.644265471391724706e-03
7.992746349334516401e-03 2.064315035735996787e-03
7.854474330150426273e-03 1.996777264464322764e-03
8.622468996226184332e-03 2.152380352890996117e-03
9.857118923278665110e-03 2.208885934433523022e-03
8.471910722130205490e-03 1.954295689175955010e-03
8.340913449668875199e-03 1.516600116867469804e-03
9.088865669236294645e-03 2.463627883828566241e-03
6.560711582142185472e-03 1.805542763460866616e-03
9.645234285250558343e-03 2.342283959959151358e-03
6.211096151513684563e-03 1.928023633298747925e-03
8.191826556398907125e-03 2.045206780110017750e-03
7.286422698979310927e-03 2.099903649759301237e-03
9.429466485710372159e-03 1.895111019600255985e-03
8.016405962306290961e-03 2.389787223342513742e-03
8.353604650124593634e-03 2.106359279754222314e-03
6.386757976172657315e-03 2.595993447910355939e-03
5.160427634499390077e-03 1.457583974174997974e-03
6.667234736120616900e-03 2.096126010685998332e-03
8.352267740951362790e-03 1.648658336902613774e-03
7.920587080295731636e-03 1.691459748900791399e-03
6.323911191880933653e-03 2.063629228631414132e-03
6.239967532653181888e-03 2.178493166646446738e-03
9.491940988872524590e-03 1.414906656787630638e-03
7.762314954355057847e-03 2.002358463982402068e-03
7.876575105311672820e-03 1.755285579619976239e-03
8.833678071754025654e-03 1.519964593493158215e-03
6.203268784391347511e-03 1.772946098068662853e-03
8.761688027093428310e-03 1.970740744994088026e-03
6.812122383727674084e-03 2.070474428904717397e-03
7.213841733346561778e-03 1.804659527417829586e-03
9.471889663605730092e-03 2.251980820378941209e-03
7.509187570802810900e-03 1.691704814022970378e-03
7.243554463950463256e-03 1.756587908353769364e-03
7.603700126479834981e-03 2.257444937421105094e-03
6.650235163028494351e-03 1.461362564810373505e-03
7.100927448363787871e-03 2.090096129902662032e-03
6.302814800515543076e-03 2.472659197879008633e-03
8.997383669480973553e-03 2.030706498457491172e-03
7.620528678478590695e-03 3.095410588798001503e-03
6.304615830180149844e-03 1.809177980040094355e-03
7.558522381849074739e-03 2.577135926187044956e-03
6.983519173864843194e-03 1.758916268714091034e-03
9.143429149305557294e-03 1.726134357638888167e-03
8.773631262997684879e-03 1.698750650814696795e-03
1.158958220812573818e-02 2.090458412461348829e-03
9.199533730681554514e-03 1.748621661716036682e-03
6.665142114315367704e-03 2.597766142619134001e-03
6.791385314607351932e-03 1.822146773643659951e-03
9.663322015551494351e-03 1.764830439864637987e-03
6.982026356669235496e-03 1.895414219582642647e-03
5.411304372828026725e-03 2.200556587113741084e-03
6.654111606524803352e-03 1.541432313595508634e-03
9.462184386423105539e-03 1.676801415818245621e-03
7.044612614995007620e-03 2.322173357259009561e-03
7.305575345467755013e-03 1.790955274329543781e-03
7.467957933177225491e-03 1.785642093088209495e-03
8.263075186138078843e-03 2.108862754378668884e-03
7.882357440851195385e-03 1.729208346864734942e-03
6.103948518039577914e-03 2.144569274201670733e-03
7.192776354418008514e-03 1.836482442668526142e-03
7.965220766051517645e-03 2.212712238919734616e-03
8.252979286643608720e-03 1.656691086222878513e-03
8.150439278128947598e-03 1.799200444268956624e-03
8.502824255904924827e-03 2.124624405282517919e-03
8.211307082064625215e-03 1.776045432079346228e-03
8.432367262598340282e-03 1.660292999312986588e-03
8.332739470231198195e-03 1.946198407429265784e-03
6.093365396975611997e-03 1.541867065857819566e-03
8.476918919616107176e-03 2.305015978439637573e-03
7.859903831781702224e-03 2.397466680438725337e-03
6.950765451382218303e-03 2.328252421200061647e-03
7.965474957730419442e-03 2.117253562746091843e-03
8.964547898254454986e-03 1.622737831475108347e-03
9.474187306102679895e-03 2.153934924149480609e-03
7.464110595989124734e-03 1.284416881852450468e-03
7.106483608849962011e-03 1.781937827398692893e-03
9.846574063263882279e-03 2.206611775402758310e-03
6.234006902951168098e-03 2.037831750446887288e-03
6.209235033710521802e-03 2.358244613606307917e-03
5.848747216400131815e-03 1.424088996174242274e-03
6.122687265527025635e-03 2.046157633364082806e-03
6.731888601928373572e-03 1.989588833409855484e-03
7.464338552568815406e-03 1.748295513914555413e-03
9.402973694207955244e-03 1.329227842837106847e-03
6.370572315282684202e-03 2.424331016221968702e-03
7.076705114484481765e-03 1.752480337994417013e-03
7.039503451970401116e-03 1.870873653109803112e-03
7.182785760308221454e-03 2.142041069548164881e-03
6.956678696511719821e-03 1.820403865617611612e-03
7.986477350878269654e-03 1.761167602876644337e-03
8.763384459631517673e-03 2.064176761524632881e-03
7.901409763355035296e-03 1.905112012032286013e-03
9.019978748610359143e-03 2.182234683687876188e-03
6.704042878991975027e-03 1.859301496288423604e-03
6.917245308754045585e-03 2.550212966784343605e-03
8.206374666852254626e-03 1.988198555741144558e-03
7.552887490752641965e-03 1.887569986384258092e-03
8.210699018587752987e-03 1.816596600266163347e-03
8.494357898609141214e-03 2.195931796985694812e-03
9.907851453086456012e-03 1.634039025620309801e-03
8.054370880204860320e-03 1.573524069219303439e-03
6.585295710242610075e-03 2.250819880267554418e-03
9.180793226582490210e-03 1.918888604280332040e-03
6.596694300816840356e-03 2.472850275659610117e-03
8.384615737363654286e-03 1.668054527046193992e-03
5.960050404831842251e-03 2.170029169775279307e-03
7.844482403073163232e-03 2.484894689643842979e-03
7.104285529502968495e-03 1.364442192284630274e-03
7.397833417108179085e-03 1.452650225235752350e-03
8.212253736272951549e-03 1.877667170426515096e-03
8.808109740327899409e-03 1.769297802108820957e-03
6.987934021653916840e-03 2.027524688278499465e-03
5.579107398826732740e-03 2.344147437301138427e-03
6.539176992248157613e-03 1.920274340039411585e-03
7.656344464201492173e-03 1.953239716420771075e-03
5.432580492521515980e-03 2.196100545186692541e-03
8.236918828124276809e-03 2.271399355762468864e-03
6.872691400835469200e-03 1.917759813100190693e-03
1.006332499483569148e-02 1.703278014403841962e-03
8.951536030116275314e-03 1.846965327073569509e-03
7.198897676174632887e-03 1.588709134507964010e-03
7.952546920023893448e-03 1.999548258836195396e-03
8.602469713412212726e-03 1.868309213412215706e-03
8.326063086820479492e-03 1.693431024365868063e-03
8.308963757136963307e-03 1.816244389969044097e-03
8.078453886616274518e-03 1.905846521612855659e-03
8.197362383634601221e-03 1.859699570200051052e-03
7.977371135388770101e-03 1.658257916142738932e-03
9.626687512386050347e-03 1.663372271157978434e-03
7.183793358812280185e-03 2.432584211178657248e-03
6.917756662966062856e-03 1.917486295471237685e-03
7.962828494194303455e-03 1.498176929657149374e-03
6.777936516661395988e-03 2.122343067463535685e-03
6.254280562341784332e-03 1.918559230536261541e-03
7.793281319026293223e-03 2.202948688260179463e-03
7.319742117451857009e-03 2.308465829934229843e-03
7.428516601012308956e-03 1.986789452693002965e-03
8.259840749318184822e-03 2.290372185599311682e-03
8.868917322516637128e-03 2.002233057489669239e-03
7.640090298445163103e-03 2.540573433365799806e-03
8.016496948828447794e-03 1.493682691997691219e-03
7.671388888888887314e-03 1.600118846694796072e-03
7.968813276691097056e-03 1.820453287151352047e-03
8.553718789415609355e-03 2.320325337034658680e-03
9.154190764870050526e-03 1.731901315805600954e-03
8.857595877609912918e-03 1.548408626080859281e-03
8.823738029201290065e-03 2.145404054842318248e-03
7.406257492880802436e-03 2.045903559668391884e-03
8.281262295934553944e-03 2.013838882722119358e-03
8.009893717094609955e-03 2.446374721996574363e-03
8.481414840952784459e-03 2.126857520846001971e-03
6.898139831876150610e-03 1.459362015508381761e-03
7.316671350129195020e-03 2.270041797693920886e-03
9.356950245432885116e-03 1.707473652505638647e-03
8.668827687217333863e-03 2.381671619884739594e-03
6.430656556215617707e-03 1.718821720487606142e-03
8.264138426038949645e-03 1.835283912150065169e-03
8.151501798733858800e-03 2.144739878243831065e-03
8.687952985326359220e-03 2.296356095374209663e-03
6.925788011293636595e-03 1.897611025179366624e-03
7.207364446304824653e-03 1.591177787077721617e-03
8.063859965182367667e-03 1.851304585435529712e-03
6.098332556495974013e-03 1.498142652824581769e-03
7.572150110413656231e-03 1.498001316203374789e-03
7.333307675054318714e-03 1.575827926770562984e-03
8.809616042605775826e-03 1.886225608130096898e-03
8.701493444131959756e-03 2.397169758689617416e-03
6.238849892633320862e-03 1.939232289189171459e-03
8.632048442046808684e-03 1.635461910465855432e-03
9.393556377125120149e-03 1.854951326811849800e-03
6.844632958101879751e-03 2.269587685665981885e-03
5.516001161299069998e-03 1.917750187194027390e-03
6.173426692728013927e-03 1.964785835005615142e-03
6.022257106252790898e-03 1.701994011973985248e-03
7.601271612492766297e-03 1.931324903025398920e-03
8.140060524281374568e-03 1.733558896833158579e-03
8.513231564153020750e-03 2.244466565764883376e-03
5.964841198203228376e-03 2.110021064170593871e-03
7.125179939118667961e-03 2.294665246704089868e-03
7.487285556490636332e-03 1.743547687074829995e-03
6.812859564179670965e-03 1.893753635829059298e-03
7.114259311886867408e-03 1.909958979739152232e-03
8.321596549817900090e-03 2.249513510170320779e-03
8.208246829597445199e-03 9.909120892198143050e-04
9.085497762119254528e-03 2.135289145239010773e-03
6.957418354632363341e-03 1.838647499218740893e-03
7.063969808561402532e-03 2.036524052627451068e-03
6.069204348592739662e-03 1.597861308820013298e-03
8.248757573073453933e-03 2.611943210163860957e-03
9.862694160308197247e-03 1.696054321733114984e-03
8.003891168002527645e-03 1.918723815530435283e-03
8.080926389180776576e-03 2.104309110837751691e-03
7.699876083590478752e-03 1.808182406719478818e-03
7.817713330523954132e-03 2.024904513079397225e-03
5.978787647935587292e-03 1.843621881484463045e-03
4.614018766040621673e-03 2.046235179414482384e-03
7.608602720160901299e-03 2.236834393050439462e-03
6.507892168883813548e-03 2.325899019484413410e-03
7.676358769141929279e-03 1.397414207904986447e-03
6.875757607924948799e-03 2.176162958864042134e-03
7.609241244023472531e-03 1.849357207169593370e-03
8.618751223275862225e-03 2.352085029901959667e-03
6.974937207242024387e-03 2.096684401514471979e-03
7.537304996821103838e-03 1.225394894081376952e-03
8.528412598769644082e-03 2.224559252312949265e-03
7.524685570987651832e-03 2.090956865235441171e-03
7.073349824411160475e-03 2.143457425143763598e-03
9.546058061324710561e-03 2.421818263970361255e-03
6.824888192148203907e-03 1.830652185410705339e-03
8.745905467614707371e-03 2.135997334053064880e-03
5.869499020735946190e-03 2.350044553342651131e-03
8.092694604607104936e-03 2.313755452716840817e-03
7.639074858029170322e-03 2.037890696253673740e-03
7.117658115725671898e-03 1.944522924911758254e-03
6.034546075025785071e-03 1.943504477371457012e-03
7.727751857624803357e-03 2.428842106072012785e-03
8.589003595866905733e-03 2.047599773661717797e-03
7.926798771127036014e-03 1.778599834067806857e-03
6.961706013745317181e-03 1.728311352594802050e-03
6.384117562492503881e-03 1.533821963455018990e-03
6.021349367006097013e-03 2.223064287996463773e-03
9.157596917754497884e-03 1.807545841073828234e-03
7.179262294419089425e-03 2.320253838340216677e-03
7.941376957480679802e-03 2.277993517150518447e-03
6.750023500246674774e-03 1.950537524166430546e-03
7.044928741745562321e-03 2.040968717437807722e-03
7.219501552708702287e-03 2.308545830877717711e-03
6.870742075701956851e-03 1.656696293181628534e-03
9.220066356969281243e-03 2.025400491731448645e-03
8.670654495598614092e-03 2.414467885134940605e-03
8.813658147930608991e-03 1.990335120893708867e-03
7.433866895581107449e-03 2.270927279593646687e-03
9.319769479825707262e-03 1.709100028691856905e-03
7.211678840961664901e-03 1.888427977403803540e-03
8.397255005818414497e-03 2.063550253886373663e-03
7.413515497261049907e-03 1.931890546995797308e-03
6.770399539998661100e-03 1.882977367489748139e-03
6.864739175197932461e-03 1.783326927053713968e-03
9.489759778457486361e-03 1.865785076076531806e-03
5.491882307430325134e-03 1.658901686432617296e-03
7.270570724103848567e-03 1.769101202912860046e-03
6.990699908504108273e-03 2.152519947294824054e-03
8.519222716976594320e-03 1.975464164427821745e-03
8.831450201087158447e-03 2.674891722545196839e-03
5.016077125252525228e-03 2.096127433612507158e-03
8.314091299368209925e-03 2.333574125285469650e-03
6.383110586164354033e-03 2.286770457619562939e-03
6.446397937134367914e-03 2.117755721041204853e-03
7.523232699002716309e-03 1.532130176957391919e-03
8.123805413832198979e-03 1.557786316609977842e-03
7.676635193688161225e-03 2.674561269795458322e-03
5.937384557502096115e-03 1.438561395874621372e-03
6.247737886282039681e-03 1.895801644259457758e-03
7.527909262370149207e-03 1.905185134240088224e-03
7.896559409641781477e-03 2.031243940540284395e-03
8.508792122950881512e-03 2.132284355777521075e-03
8.557284476495622544e-03 1.995596064557520009e-03
5.731654611437909941e-03 2.041366354308134668e-03
7.241027520167259666e-03 2.060652384574039337e-03
9.269868669358886579e-03 1.407207396967225313e-03
7.286338696080125674e-03 2.108101868151161882e-03
5.764916226904412064e-03 2.171402363946979552e-03
1.005031444532088897e-02 2.040734888551734572e-03
6.708508628911564499e-03 2.023594951375332334e-03
8.494687769622132414e-03 1.786179428097448268e-03
6.066403261759606771e-03 2.280259445050002685e-03
7.363739488767953416e-03 1.751506826716353908e-03
6.926593724076992795e-03 2.165389809545760491e-03
1.092903156386025414e-02 2.166235595134516183e-03
7.649232036268496619e-03 2.656336100339828053e-03
6.279106718086278384e-03 2.284438169699184139e-03
8.465920343134340428e-03 2.317308984820521701e-03
7.738033595122440107e-03 2.371825628089470339e-03
7.098629630883018099e-03 1.876702615202250962e-03
8.197775294740047500e-03 1.866756896803627684e-03
8.084653411666043940e-03 2.296962515636788091e-03
7.103396817697464963e-03 2.332915950519705555e-03
6.689507116620055545e-03 2.408738092532001270e-03
8.094443247744423711e-03 1.889067543272485942e-03
8.831402694428579225e-03 2.359710969836061826e-03
6.502184480870763610e-03 1.848057732102288252e-03
7.661777832475983804e-03 1.960982648324199450e-03
6.743602186386163898e-03 1.717354218536600204e-03
6.484697140310851683e-03 1.727164266646870816e-03
1.012441587931468476e-02 1.760057308564451101e-03
8.841421033417749820e-03 1.793474496736838708e-03
8.417849687880802484e-03 2.388847037957199815e-03
5.177160971311346553e-03 1.799732346946582209e-03
8.224960934170331278e-03 2.533470033787192568e-03
6.162578243170956614e-03 2.182159525233777833e-03
8.136253502173647692e-03 2.690037186280649917e-03
8.372656895154331758e-03 1.609942334612221885e-03
8.645486177228123639e-03 1.393821446237454706e-03
7.851993032552365137e-03 2.251662129080838227e-03
7.726025897765653565e-03 2.628402258539385382e-03
7.246730238549168972e-03 2.126407688715283885e-03
7.646152989803961693e-03 1.910847210272776861e-03
7.624333442489293969e-03 2.219686740933697004e-03
8.500454420985849649e-03 2.053058807349488011e-03
9.184599508821486569e-03 2.116100236976827149e-03
7.265360166074340265e-03 1.855006057923083837e-03
7.254798422934277680e-03 1.776783422934277972e-03
8.463061329206773842e-03 2.040629861592848249e-03
8.160761492978386294e-03 1.860183803457763274e-03
6.602458162654221106e-03 1.851192229772448666e-03
6.427270514709948826e-03 1.807067652512986660e-03
7.729409180808739094e-03 1.982311492380916477e-03
6.586122128413094204e-03 1.659458692097151447e-03
7.341529737504281020e-03 2.553538037569976372e-03
9.737149794815321696e-03 1.855978801256860655e-03
6.849987515473062762e-03 1.738892011716985367e-03
6.417795435460968076e-03 1.473022125339873076e-03
7.336588625450181020e-03 1.786123611770289946e-03
6.804288174385947005e-03 1.847344004126173691e-03
7.036429553163249875e-03 1.827527157079430857e-03
8.898489182831226599e-03 1.901821464351323389e-03
6.844593647897314302e-03 1.690837672622588425e-03
9.396264306806387245e-03 1.571325183429762200e-03
6.660176303866902417e-03 1.699295992864481575e-03
8.255702248890954900e-03 1.519992811876289896e-03
9.813381621669498359e-03 1.531680346998448312e-03
6.754465969579541082e-03 1.611303316059389508e-03
6.515666166490077620e-03 1.793072255036808884e-03
6.337594052276991109e-03 2.199770187207631105e-03
7.109686720226842185e-03 2.182893737770702589e-03
8.106062915805527583e-03 1.719422525363440432e-03
8.377630832067169131e-03 2.393194038710418081e-03
6.843831190303602610e-03 2.222881209365749466e-03
8.089955176534798301e-03 2.077825983988214418e-03
8.698323621836865846e-03 1.610760801473397124e-03
6.684923882708199670e-03 1.712234703165035942e-03
8.445348446687732033e-03 2.367931960861067563e-03
7.844164237777456403e-03 1.845398693587134388e-03
8.105929434359024008e-03 1.912701143021833250e-03
6.300133767095128165e-03 2.347718412764419806e-03
6.806125719711975455e-03 1.541450496497687780e-03
4.995938025903159073e-03 1.498658094396308847e-03
8.243516955876096369e-03 1.868753628914216619e-03
5.410500095516705167e-03 1.541871118717596514e-03
7.340071075326536770e-03 2.133763591789598988e-03
8.630883456282595692e-03 1.788104805788792891e-03
7.337819984516213978e-03 1.958722157550378106e-03
7.360012853792674559e-03 2.347084612785895526e-03
6.563030528079133452e-03 1.744421957118793632e-03
6.896398353338408643e-03 1.836531859301998451e-03
7.403109414511939261e-03 1.557851594606726774e-03
6.604880432046880516e-03 2.318591699106434690e-03
7.489854774755108809e-03 2.243141493769910521e-03
6.424027974330915984e-03 2.203796060614101899e-03
7.020849091984373257e-03 2.291725712025468632e-03
6.247462382053170851e-03 1.973471268309092905e-03
7.069154810837577005e-03 1.586782820096833448e-03
1.073498656183107837e-02 1.859976006729872683e-03
8.271998168280260411e-03 2.075524104403609054e-03
8.904604557186949348e-03 1.966384135264376797e-03
6.874360783601761969e-03 1.988866114036993982e-03
6.695739667461919099e-03 2.280152771435337185e-03
8.025691464088352545e-03 1.835179674682666223e-03
6.817760410104157197e-03 1.785413443249874972e-03
7.293544875282726402e-03 1.988396643380104748e-03
7.827953263604454578e-03 2.048887248034744757e-03
7.692083594147618858e-03 2.425802762138189704e-03
7.574004932596163989e-03 2.278603265929496444e-03
8.458022217436897416e-03 2.301244817276440566e-03
7.609516761301845546e-03 2.012645241469655441e-03
7.319959564376888987e-03 1.954747389283135843e-03
8.320142047574750552e-03 1.467271772375810038e-03
7.535396848133591764e-03 1.900443378054782282e-03
6.989082266391787729e-03 1.956069757227564890e-03
7.516985379871750708e-03 1.714233871996223828e-03
6.007667747446046418e-03 2.084407503720176608e-03
8.015793600829636267e-03 2.193040679990344681e-03
9.534076025821184436e-03 2.148694106798210504e-03
9.135119651885277234e-03 2.029025542901479687e-03
6.621339889542363771e-03 2.103749995090784756e-03
9.120204218578656721e-03 2.020311160157123136e-03
6.478416449793097595e-03 1.377431650048480680e-03
8.249475175338456465e-03 2.267135784487007890e-03
6.805555658559431405e-03 1.928582349239598695e-03
6.484051965458877131e-03 1.751885826563920508e-03
6.342451973321361694e-03 1.822113378535854559e-03
6.618923529222162268e-03 2.369413879621059486e-03
8.005368920872555846e-03 2.379269311497555443e-03
6.213000733641734809e-03 1.872397942997918070e-03
8.893522634592962439e-03 2.368675250872032123e-03
6.430986596208892667e-03 2.034081159488750415e-03
5.945536230733840417e-03 2.024598027498959122e-03
7.500729647975913628e-03 1.841319638282673792e-03
7.701565062258875632e-03 1.518115021968788119e-03
6.885298758811631351e-03 1.374991823961814897e-03
6.965489935589195582e-03 3.104400652039674639e-03
8.000467546019282561e-03 1.921865279193359435e-03
9.476701831165610865e-03 1.516552379819855693e-03
6.714791308941118683e-03 1.805960984343331138e-03
8.111493451650240646e-03 2.750385478475872794e-03
7.610128274685106116e-03 2.485485810916988891e-03
6.143325328744381371e-03 1.969256073113300528e-03
5.617562368835512902e-03 2.404809438838679744e-03
7.190311025750763946e-03 1.864755321288992431e-03
6.069312860919123635e-03 1.763129009116721699e-03
5.671260947671223629e-03 1.948204097388739472e-03
8.180983710342377979e-03 1.344283156692970818e-03
8.421488015472419764e-03 2.093499267560975513e-03
9.255337226853345770e-03 1.677734759258884016e-03
8.039364317480873420e-03 2.263435750090550709e-03
7.988008755169260025e-03 1.887891134851642705e-03
6.261321988214707361e-03 2.073831518816366109e-03
6.621751113301379069e-03 1.755422022392290685e-03
5.944882560850154804e-03 1.740562808568536964e-03
8.707969887074408152e-03 2.296901940639948375e-03
7.191449867922011970e-03 2.271469908621439725e-03
6.960433820719607104e-03 1.600035904052940451e-03
7.758934282855206588e-03 2.359248137280352438e-03
9.133773221507391835e-03 1.824189390661619305e-03
6.969069992270336689e-03 1.874806748222716335e-03
7.196390791888615003e-03 1.796696550918673932e-03
7.581159100884925055e-03 1.709366288770805369e-03
7.465530379973986906e-03 1.625128286697375898e-03
7.132103249671534195e-03 2.168954860834036713e-03
8.372235844114119321e-03 1.553660290133558781e-03
9.158923369450264890e-03 2.124894636667892453e-03
9.370875449706368363e-03 1.777367316555239886e-03
8.542059421655756601e-03 2.296974846622552684e-03
8.076251162183150159e-03 1.942775932844831429e-03
7.135004299535889494e-03 2.186005444490816962e-03
7.194392025169926881e-03 2.051320627206627920e-03
7.267607638888888555e-03 1.945759352598566043e-03
7.709379478337882903e-03 1.836871464495791126e-03
6.803817117413258134e-03 2.286914268153804417e-03
8.483305586379531749e-03 1.819543607270437133e-03
8.402601979980202015e-03 1.968827428822941383e-03
7.104786021910919347e-03 2.920737476493363502e-03
7.240715916789562667e-03 2.162491695409088713e-03
6.073247605250927002e-03 2.390055885279355335e-03
6.531421403681786711e-03 2.058194112015122174e-03
7.942038439691264523e-03 1.645119211350161989e-03
8.926540821238938134e-03 2.312311019847328696e-03
7.220896564869563536e-03 1.817372150153846429e-03
8.161983770198055765e-03 2.038771414796448911e-03
9.615320621723731642e-03 1.972805222137468360e-03
8.331660092675640880e-03 2.272305259826803807e-03
9.127045475530932636e-03 2.277438225904624986e-03
9.092908202156173986e-03 2.038171618622521344e-03
6.293409261981704368e-03 2.524519553863736800e-03
5.634288574820460645e-03 1.602130544193679272e-03
7.380230144230769465e-03 2.677606375000001013e-03
8.302145796590819707e-03 1.654278367117551548e-03
8.740371970522929634e-03 1.441446817833243492e-03
6.502548678932952748e-03 1.823308940126980001e-03
7.277726863312986190e-03 2.305303698033920896e-03
1.019634061856708636e-02 1.630298838033140789e-03
7.453195282858193597e-03 2.233039019486353100e-03
7.903572329637642904e-03 1.949428133209071172e-03
8.214716618318787175e-03 1.929154615937656329e-03
1.078895408013802633e-02 1.946278360713568677e-03
7.798487024114892155e-03 1.798744985898329896e-03
7.065973905794679412e-03 2.069449209808203044e-03
9.682194551984412909e-03 1.821507385317750133e-03
6.771383417882996178e-03 1.832813351548004226e-03
9.375128640467722194e-03 1.437782668752782397e-03
9.155731513140948422e-03 2.257109237452833636e-03
7.281962245354791502e-03 2.256005607724607780e-03
6.915700722564928349e-03 1.745562103792748466e-03
8.792355235963235024e-03 1.960025001434966951e-03
6.225764299789521283e-03 2.322210804575813858e-03
6.418232232608057225e-03 2.155821831605548352e-03
7.514236874637741231e-03 2.120514199611617592e-03
9.081842659667325665e-03 2.553547232990364610e-03
7.921033798564959885e-03 2.324713365348542171e-03
7.353385223227102210e-03 1.571833023488856170e-03
6.384594522019333522e-03 2.067812493777999427e-03
5.916973353617791150e-03 2.104157774800056308e-03
7.149447019141288127e-03 1.423901252105659685e-03
9.363927691917062895e-03 2.134321920576272551e-03
6.562429217046842136e-03 2.184264101000421131e-03
9.102247849755457781e-03 1.780810282955446258e-03
7.122749965368743545e-03 1.863518338090444735e-03
5.273375130191899213e-03 1.862849371144050144e-03
7.497218498436820401e-03 2.196472298708123435e-03
6.040508504822426905e-03 2.710120740006123543e-03
7.903987456707981668e-03 2.258924527262698607e-03
7.078237161529174828e-03 2.587517068728274056e-03
7.714111485058479552e-03 1.674622859347062870e-03
7.930406375255336440e-03 2.098125916224877815e-03
6.936806366622691629e-03 1.710025028378375387e-03
7.454826833233303869e-03 1.909767191581366154e-03
6.017844585973391829e-03 1.810588126346063080e-03
8.938000737104259338e-03 1.619955412788364000e-03
8.003026889349623349e-03 2.487692734987557042e-03
6.779799088700723397e-03 2.198121104524597240e-03
8.814849933190951198e-03 2.702768299648416247e-03
5.843096907735992156e-03 1.948704974513105516e-03
9.257553621691562776e-03 2.276892512348895059e-03
6.847455135532281266e-03 1.553062531939117990e-03
6.633564400847957905e-03 2.485017003123437661e-03
7.826805656721634585e-03 2.142504610545591017e-03
7.550507829025933544e-03 2.570156279549868153e-03
8.484971238525774659e-03 2.240469423559284141e-03
6.429147103906032723e-03 1.560616247399173543e-03
7.505713574893480705e-03 2.038172115958816755e-03
6.048254438900338252e-03 1.340073379948372246e-03
6.629258211568651339e-03 1.430432581316549729e-03
9.661347774556345094e-03 1.976927086635314225e-03
8.224734979695629347e-03 2.382417513071345347e-03
6.416885089302155724e-03 1.987035880041020802e-03
7.541568318131313189e-03 1.699975905894053185e-03
6.809399733921707963e-03 1.736961860193970714e-03
7.245065379934913577e-03 2.300506325419427421e-03
8.382604785078165768e-03 2.374161555911500927e-03
8.189115250321924930e-03 2.213729887496347897e-03
7.697014979810081446e-03 2.042323091764541246e-03
8.089243906995264785e-03 1.908499909820124754e-03
7.881152177993171193e-03 1.867074947022041333e-03
9.106266347825572177e-03 2.116693532577456748e-03
9.497182121743377378e-03 1.934347475865999056e-03
7.965101880426095349e-03 1.567501266540170151e-03
7.580398639507344126e-03 1.621464595639567378e-03
6.007117292725693697e-03 2.289157705966846611e-03
5.833479161179882730e-03 1.686188689678326091e-03
8.824302791891501171e-03 1.887061760081441570e-03
7.142470207699837086e-03 2.322867925619776300e-03
7.989023064455400697e-03 1.696457205006207062e-03
5.233771655382526804e-03 1.877136190484516567e-03
7.388993575793594178e-03 2.279915086744198176e-03
9.423605816192353116e-03 1.649794533724822801e-03
7.359291356205160430e-03 1.685713142258292311e-03
6.557071559565977141e-03 1.633253182215035470e-03
1.056754711758918150e-02 2.156022339735458142e-03
9.479234947407407311e-03 1.985250732894455663e-03
6.894423136404742754e-03 1.674225318924946670e-03
8.014450829647412622e-03 1.702958416712090041e-03
9.764743262917657471e-03 2.826739994184666004e-03
7.975272166652724870e-03 1.675360097630486465e-03
9.199333733003002556e-03 1.706787635717937250e-03
8.304328471550194435e-03 1.757261494418585696e-03
8.965433722636138511e-03 1.575016304028648657e-03
6.521893401908677307e-03 2.294103859135312833e-03
6.697603180106606602e-03 2.923662947512326027e-03
5.902319160997732128e-03 1.819746194824962710e-03
7.323133135744891789e-03 1.799862715910405340e-03
6.878811886720883652e-03 2.286573504789095584e-03
6.721221948684348406e-03 1.933599677297917659e-03
7.319637664332710736e-03 1.475294610951159496e-03
6.878312372903401008e-03 1.517088363875329377e-03
8.027669654552271189e-03 2.110420527216969305e-03
7.382867790261948317e-03 1.657246131858981005e-03
7.792585381156127804e-03 1.970554796405082302e-03
7.313571992972204075e-03 1.704105651330740890e-03
9.173399624181019854e-03 2.625425808230101143e-03
6.377627382861299384e-03 2.067141647102294696e-03
8.327056770718214290e-03 1.917036840904683560e-03
7.464480945996256056e-03 1.753968173321171931e-03
6.592222028424609033e-03 2.255629645458941384e-03
9.100311001162399854e-03 2.011239504477267421e-03
8.148282788194433079e-03 2.306414665217085963e-03
5.705362071157433525e-03 1.571529397981311213e-03
7.104216638226145547e-03 2.126772632387371933e-03
5.988127478235955384e-03 1.651522555001807852e-03
7.460915298539052241e-03 1.823282817262595126e-03
8.653386760061219582e-03 1.942523518453100366e-03
8.218890464423062037e-03 1.591989006734722623e-03
6.727729348391264623e-03 2.187865783190301883e-03
6.352323899533893550e-03 1.925221153882312238e-03
7.262486925620642055e-03 2.156650482963661224e-03
8.902775376963602619e-03 1.849243375024955081e-03
6.862845788366419252e-03 1.642609219955574107e-03
6.757522222969336752e-03 1.581560796780848415e-03
7.570489860540644510e-03 1.486710623563387802e-03
6.070393635684156672e-03 2.244883468975391975e-03
8.335118244510881028e-03 1.749315066776569502e-03
7.196866577332710832e-03 1.694066090155039398e-03
7.736214492620138196e-03 1.835993416947841227e-03
5.047770616920591036e-03 2.787218384065725998e-03
6.699725600089709819e-03 1.927977116692518485e-03
7.130614343238964557e-03 1.369888693605202448e-03
5.445319304758790800e-03 2.232980915733654131e-03
5.869977827554930146e-03 2.303797983994615179e-03
8.269093339352953653e-03 2.010341715976330865e-03
7.091434940922769145e-03 1.978504079882697098e-03
7.961513350890703569e-03 2.145478946501987606e-03
7.100913504788112715e-03 2.025848720117518799e-03
8.229719837873386915e-03 1.938923904138447870e-03
6.540065055854165331e-03 2.423741148172697726e-03
6.879519667209669197e-03 1.958201130079574841e-03
6.467480611134150507e-03 1.905480523800085531e-03
7.508125129188776906e-03 2.016788687261908668e-03
8.623124565881150339e-03 2.058873282584809845e-03
7.880987952190898066e-03 2.083730970925431851e-03
8.115291795589786930e-03 1.764605463239739356e-03
7.853828230411023792e-03 2.233400383207117482e-03
7.757829153077216641e-03 2.133833792078564540e-03
9.127560031798740564e-03 1.847687958074075354e-03
7.936596376903824746e-03 2.553216435043359923e-03
6.236402110106518785e-03 1.739441411055807872e-03
7.151743710959668210e-03 1.953773793565806178e-03
8.895898672323487855e-03 2.060425866063219681e-03
7.619223267921470220e-03 2.460593348047071700e-03
6.825989155379739645e-03 2.262109639360655126e-03
8.157710896631096067e-03 2.243331677528744798e-03
6.815802418930367972e-03 2.049925982762680014e-03
8.832971994117895867e-03 2.751541880481531577e-03
7.975081696249320534e-03 1.834403508423756730e-03
8.843441519563295661e-03 2.027367944690918345e-03
7.701811679263801703e-03 2.243829637294473840e-03
6.513357020654603029e-03 2.554253881641150529e-03
7.612955901778383980e-03 1.747042761033319562e-03
6.243927291888582559e-03 2.429825176877972379e-03
9.349363456212969603e-03 1.798837447982520399e-03
7.787565473220869373e-03 2.386285004352925714e-03
8.330242332651586687e-03 2.169494424878388224e-03
6.568873893655833608e-03 1.822693717215772028e-03
7.074926610349627221e-03 2.177497333835842243e-03
7.613037601772797841e-03 1.518357240220090257e-03
5.922339545420241512e-03 2.205392530123977297e-03
7.654597693858782893e-03 1.920499633143271743e-03
5.904769372387171263e-03 2.431198654927898238e-03
8.993025713865621107e-03 1.897255596912403221e-03
5.182893533863742325e-03 2.016370389278804038e-03
8.013053377443606767e-03 1.595620925345622460e-03
7.352575447708872662e-03 2.296374115112459827e-03
7.678211233546673210e-03 2.439664804975245991e-03
8.846737244125811930e-03 1.663665183573198028e-03
7.735512553238235549e-03 2.100016098117090963e-03
7.797680027135507792e-03 2.430545389947299812e-03
9.150121833799604656e-03 2.483962044808777064e-03
6.696476388391359690e-03 1.814517319957357350e-03
7.692010093944633316e-03 2.281959268472938829e-03
6.353122951462237232e-03 1.942342631805748458e-03
9.753969005711793372e-03 1.875022487152304667e-03
8.172030614468249118e-03 1.896738161227709378e-03
7.529915680258546413e-03 1.949187781707820881e-03
6.531232082814229963e-03 1.770561776279308552e-03
7.612337468435596138e-03 2.338650222954013602e-03
7.889646991936902568e-03 2.302538003520348750e-03
5.827119483677930568e-03 1.759449262135139719e-03
6.465277746662673707e-03 1.585808543937356277e-03
7.840579094259831142e-03 2.004195580767742773e-03
9.876287404523493782e-03 1.793928890661109074e-03
1.096957445170898895e-02 1.659054907985086291e-03
8.198248981878515987e-03 1.456788732836371758e-03
7.381160572784785205e-03 2.019097530456740678e-03
7.435293458145364465e-03 2.071677842456804471e-03
9.418010731373376021e-03 1.852675107335295191e-03
6.439261938727415188e-03 1.609471455547471829e-03
4.717623042801033333e-03 1.847010162443305610e-03
8.816059187356804772e-03 1.986235819230928578e-03
6.282360510400535926e-03 1.311895457905550054e-03
8.098868077673822621e-03 2.362363574586850024e-03
1.045516721486628234e-02 2.396214942139010713e-03
7.905598524833147220e-03 2.142860725509879941e-03
8.158837627347322041e-03 1.699219629570250826e-03
1.065720601574096302e-02 2.204185117788113029e-03
9.854777709574609468e-03 1.604541541797455551e-03
8.826171616682079377e-03 1.612709749180775507e-03
6.988994232007480177e-03 2.243550019350509014e-03
7.946599516884058495e-03 1.603794014606426278e-03
6.066159265431494280e-03 2.363053823254622401e-03
9.170077227442969409e-03 2.158010349812998583e-03
7.577984973512451490e-03 1.505757575380026105e-03
6.125646536014647814e-03 2.222348867758157289e-03
8.004516875272380330e-03 1.836005491594334396e-03
8.372070921127796120e-03 2.325315239741460732e-03
7.803308050279224480e-03 1.886719435611443211e-03
8.941138501184553444e-03 2.287149676026328706e-03
7.170113921110239825e-03 1.842643643854600423e-03
7.045763224076226350e-03 2.102480689829650320e-03
6.714171941498051945e-03 2.346914570002723265e-03
9.215097105420325466e-03 1.420652503147598134e-03
7.227005328417922952e-03 2.371983484733424224e-03
7.703020749064372688e-03 1.829773752290982363e-03
6.553837221648302867e-03 2.360799258685339873e-03
7.767873314652371658e-03 1.708437396130104346e-03
7.556851586680619730e-03 1.397673619823882208e-03
6.846983306572895604e-03 2.079438717828307071e-03
6.712393836832878692e-03 1.927486113677838800e-03
6.285136868000936947e-03 2.562462445749369433e-03
7.834767648709795376e-03 2.119327154611205626e-03
8.522280692979559286e-03 2.140247296032994628e-03
7.916681010850100397e-03 2.377828692709834171e-03
7.934144296524373377e-03 2.222064254876685886e-03
6.122645841470280084e-03 2.095312432211743174e-03
7.585986757330245682e-03 1.699610090663579778e-03
9.127897370880499323e-03 2.006150478181891166e-03
7.417868477737350752e-03 2.192696292541660655e-03
9.398937491709995207e-03 2.285535295248739083e-03
9.632216702849919626e-03 2.251123711775904548e-03
7.538502476476419828e-03 1.978775486075518703e-03
7.217674119384932807e-03 2.453458406176571918e-03
7.694773020437794056e-03 1.745943465075980566e-03
8.489930717560165499e-03 1.728347506416468308e-03
7.198632426989206960e-03 2.016120475172907250e-03
9.164751860890588478e-03 1.847034082745988232e-03
8.593639627154519428e-03 2.132362630358230517e-03
1.021202857361390437e-02 1.953811762555902280e-03
7.837915754719466596e-03 1.629879214347679456e-03
7.021045687044375448e-03 1.820355301116705418e-03
7.086634309563833410e-03 1.851996524222098523e-03
8.884146445905618736e-03 1.782160063039410795e-03
9.097081474906860282e-03 2.062729405190084301e-03
7.507902266164172625e-03 1.674148732463829042e-03
7.421335328292253883e-03 1.882095913317811215e-03
6.945229603001821031e-03 1.947619870713929386e-03
1.104139955514892024e-02 2.386023211062903836e-03
1.026541632268833555e-02 1.947420285112954784e-03
7.396390203758171009e-03 1.639466756376517639e-03
7.562833639913977418e-03 2.026075063365079254e-03
8.256080803571427124e-03 2.116521817396313076e-03
5.665985992465250726e-03 2.232692931756711813e-03
6.771351702658185215e-03 1.560767301610317898e-03
6.312995145302678808e-03 1.602079781229329451e-03
5.808676869303070096e-03 2.361207149892708638e-03
8.579465154320987941e-03 2.103888434744267434e-03
8.350131972036102870e-03 1.594459996551030609e-03
9.495498121561753505e-03 1.674071293776377639e-03
7.581691071711076091e-03 1.620199374060242751e-03
5.598300062651906731e-03 1.678312264430583713e-03
6.877768243996451765e-03 1.832584191534629035e-03
8.730787334727202822e-03 2.299844743147100821e-03
7.400047031853386123e-03 1.874469013545617671e-03
1.032491267834716349e-02 1.859507989928589232e-03
8.393383710248062540e-03 2.020185584433203518e-03
7.778087610412773648e-03 1.903940128992460609e-03
7.008267458161453536e-03 2.015213616834069573e-03
5.689105282796917684e-03 2.241018538110985028e-03
7.435208089742738856e-03 1.857632758850032845e-03
5.444440227773887468e-03 2.034960400140839020e-03
7.983269561092531247e-03 2.040789886824221581e-03
6.646565854804832932e-03 1.921214680813261751e-03
6.149319721055604426e-03 1.578315814368023810e-03
8.198704829976633662e-03 2.145570405553506432e-03
9.245081725286898727e-03 1.802039994145696175e-03
6.060058432201617488e-03 1.634049369960954715e-03
6.950847670739013391e-03 2.364614979700890417e-03
6.356067186857082725e-03 1.848166179939137420e-03
7.173356876021348867e-03 1.821822753350541522e-03
5.702469067698402380e-03 2.008190565487595960e-03
7.944808141484852732e-03 2.169473430741049053e-03
7.753570528171454916e-03 1.630341370048542802e-03
8.571281164433109528e-03 2.028468100984519209e-03
8.284387440889752485e-03 1.960615630972397782e-03
7.580287569376531823e-03 2.244410226872542522e-03
7.659591181572581071e-03 2.267750488937863088e-03
6.766468312120597038e-03 2.055078132751933257e-03
8.610057269368592489e-03 2.177935719865465181e-03
6.372248968280693100e-03 2.076989278839699599e-03
6.888181215418112333e-03 1.679103787331491385e-03
7.948401589014886248e-03 1.663436344548006570e-03
8.640090504353324305e-03 2.008735334591108933e-03
9.213261959095159562e-03 1.825063881149784463e-03
6.995139975871255376e-03 1.585875394775658823e-03
7.087423238200959638e-03 1.831379231529110503e-03
6.354370176940103004e-03 1.676613373377509875e-03
5.257795573443968529e-03 2.088465743140563262e-03
8.851129244969458895e-03 2.284253607864462736e-03
8.176092866930717573e-03 2.171427851527628437e-03
8.775923434832485701e-03 2.039813572986513834e-03
8.126871472501011329e-03 1.927846559739295265e-03
8.642709498591548412e-03 1.751861163948497963e-03
8.025418710718278809e-03 1.866781173845120023e-03
8.221752706129863489e-03 2.147859206863716487e-03
9.459983233796981708e-03 1.623990638759577852e-03
7.423170848191901032e-03 2.349779816305859470e-03
7.770811821292494814e-03 1.815613250864208305e-03
6.738920706052811509e-03 1.847503474305216536e-03
8.251796766819355020e-03 2.355836564847341250e-03
8.868397030833150355e-03 1.771527340046323952e-03
8.518891306617480327e-03 1.620192550497329262e-03
8.187808419102264590e-03 2.664011216305061953e-03
7.737740497381431076e-03 2.206679513473696740e-03
5.802875637853275280e-03 2.200331016964902821e-03
8.061318311075699530e-03 2.081953247045997477e-03
8.344914724892724123e-03 1.991527102883571335e-03
6.491124845355572028e-03 1.720017614398671596e-03
9.063790536637304426e-03 1.710208952421339666e-03
8.160623880515721629e-03 1.764012919702473599e-03
6.463080123435267603e-03 2.049553275586565252e-03
9.258479735239853389e-03 2.242884821823249754e-03
7.173659866529963867e-03 2.737263736876866145e-03
6.333974313924172275e-03 1.873881341818391284e-03
8.618224033978822210e-03 1.893097573529170822e-03
7.509609539388575027e-03 1.631166434329170368e-03
8.284486176120903211e-03 1.657605476592089724e-03
7.660882563567291727e-03 1.852597515282243404e-03
7.047163894890914361e-03 2.139943415469456635e-03
8.667508247414787426e-03 1.786528855849052553e-03
9.128986712693498359e-03 1.664455312885255046e-03
6.242904613951763201e-03 1.817282206370770007e-03
7.903437493286365884e-03 2.068156320718775136e-03
5.746060500187975123e-03 2.558674937842223950e-03
7.226145021907017657e-03 2.285586942456598915e-03
7.536510036397096012e-03 2.256081750267830126e-03
6.440085661624344628e-03 2.237102444859654250e-03
7.102994914747463168e-03 2.154717814646859523e-03
7.646090712711539443e-03 1.552460561296132701e-03
8.063848928829371251e-03 1.979898707590431461e-03
7.856761344620067158e-03 2.060652511724895154e-03
9.609827627641528633e-03 2.503858093429575139e-03
6.935967479622428059e-03 2.461708291800957047e-03
7.511777546305827696e-03 2.570746724076873602e-03
7.984199125508689363e-03 1.735724726482957897e-03
8.484744751865841081e-03 2.157731686496324169e-03
1.001768505565335185e-02 1.909406723529499979e-03
7.349681961521019324e-03 1.815020429887360606e-03
6.596644992039370388e-03 2.182097759538598278e-03
4.945508233277233837e-03 2.060155418725515778e-03
7.541763044508116749e-03 2.190819181618132959e-03
6.649730774398698342e-03 1.807244448215218364e-03
6.879717084303714654e-03 2.176145900377817865e-03
8.347095651890221180e-03 1.866226035093731649e-03
5.957341891111845450e-03 2.158418160457486763e-03
8.594948153654319994e-03 2.571832777440321346e-03
7.540954563229658979e-03 1.817278439326151058e-03
7.454479968974559410e-03 1.421136830790903881e-03
1.063570020770584351e-02 2.181471925761270959e-03
7.758721175234605145e-03 1.621096243699620418e-03
8.018680790044512702e-03 1.948447111184754181e-03
9.616829373278236795e-03 2.396792211116074729e-03
7.318040456537619823e-03 2.237650253834916943e-03
7.663967859148343442e-03 1.757973263283682747e-03
7.861917554534718008e-03 2.086569516470804415e-03
7.272266954206234313e-03 2.255835481302112186e-03
7.181664294766354484e-03 1.903852218495170672e-03
7.358190638945148222e-03 1.682387525660238676e-03
7.426175587627988940e-03 2.103924864682821944e-03
7.404408631029179774e-03 2.462263109667215105e-03
1.041859205860342676e-02 2.094458127847375045e-03
7.892162522843538738e-03 2.040607305777182925e-03
6.196252579819551930e-03 1.633106100836271245e-03
7.602212797411253033e-03 1.773323087565761543e-03
8.508478211837956773e-03 1.765428924409213115e-03
7.005442053949829592e-03 1.846799302284631667e-03
6.458829513888890775e-03 2.546305555555556863e-03
7.981093269755349870e-03 2.031712185099267265e-03
8.268382577634937614e-03 2.168881385216209299e-03
7.323245691666667445e-03 2.076339800862068465e-03
6.697763616633889590e-03 1.776398122463248089e-03
8.014680360047989408e-03 2.422332615687088249e-03
6.472102946428572208e-03 1.397214999999999829e-03
8.272353210683390523e-03 1.980051494997117113e-03
7.737484492346168377e-03 1.710727439206074715e-03
7.808093688879182322e-03 2.098159051116421040e-03
7.318058093969888843e-03 2.340472796551259105e-03
7.194182117964072025e-03 1.892530155793991113e-03
6.947296895247367064e-03 1.892745370422474309e-03
9.152281482048321357e-03 1.618689636589699986e-03
7.429948915853861087e-03 2.002321293767290490e-03
6.891880549181216530e-03 2.360540830729734082e-03
9.165433999094176054e-03 1.630815017686265732e-03
7.632000137755619307e-03 1.654540182783641872e-03
1.002079193445402916e-02 1.343047441454363073e-03
7.824446375876365281e-03 1.742773030860788729e-03
9.096008571856748631e-03 1.737731432819318101e-03
6.331267817166312713e-03 2.341063476237114412e-03
7.843996468386156898e-03 2.111017999847102436e-03
7.126098958579319201e-03 2.142157592180362474e-03
8.399549461947484683e-03 1.652915709227916006e-03
6.154512027235509858e-03 2.045813580666718326e-03
8.325939570317870270e-03 2.319201771619347745e-03
9.195894770843239530e-03 2.207034818212201630e-03
6.981921127470126776e-03 2.082071387608216799e-03
1.003280018820066656e-02 1.645331227336977462e-03
6.508110551296594423e-03 1.838097647515450454e-03
7.722603794526080104e-03 2.193253975194554926e-03
7.521749007097907648e-03 1.932671634178430211e-03
7.451573373338360624e-03 1.829656047308738341e-03
8.263577056206596050e-03 2.337779734778024348e-03
4.509516802905394819e-03 1.875329160224718491e-03
6.098523751692355721e-03 2.115577704321791857e-03
8.088002317858312973e-03 1.466012959185097279e-03
7.586715952932096031e-03 2.011793663391282880e-03
5.890418045935675098e-03 1.929982493137218785e-03
7.202627880344274550e-03 1.403731294159433433e-03
6.067266132712749623e-03 2.230289672898054867e-03
7.992313714988937001e-03 2.048834312565331502e-03
6.534235880048959270e-03 2.133010442806159215e-03
8.150368315647268588e-03 2.095337512075835795e-03
7.672238655194538876e-03 1.689134667158646809e-03
6.842317926905773159e-03 1.675339176957112890e-03
7.615711688050283250e-03 2.493144110080190278e-03
8.631421147932583082e-03 1.924178325140392387e-03
7.441613566631326629e-03 1.723808212585083285e-03
6.651893558037007097e-03 2.053149949990286296e-03
7.947417862013098078e-03 2.095780393578754869e-03
7.488724762628373201e-03 1.744944168949852815e-03
9.778423198319615567e-03 2.087608679374267692e-03
8.310431119631079416e-03 1.754106541769918275e-03
6.636620489143459437e-03 2.139913221058048400e-03
6.933362712172973577e-03 2.678935753822016871e-03
5.821248660606334613e-03 2.287546020854781120e-03
8.740852327617435261e-03 2.431824425831723147e-03
5.937808246038863910e-03 1.627412669713409251e-03
9.504889198181694018e-03 1.471046927736931490e-03
5.649558308826982053e-03 1.989808053664186838e-03
8.511637738951494461e-03 2.056321168442974689e-03
8.085217575293866810e-03 1.942180606193412038e-03
9.459534333725663768e-03 1.986611135934149459e-03
9.863125702901919326e-03 2.070719014876288514e-03
5.618467105620189930e-03 2.005457910310199168e-03
7.748352995794112984e-03 2.038018832898187433e-03
8.222959066556708232e-03 1.659963646773532277e-03
9.106758775073180504e-03 1.960128593168674119e-03
6.047287412526762031e-03 1.765976608513882993e-03
6.739695855181790374e-03 1.768178600908283443e-03
6.597085578515568711e-03 2.235481417849443948e-03
8.330895512287333701e-03 2.062397191299680192e-03
