2.884415065014382749e-03 1.281567816052988371e-03
3.863170307083444582e-03 1.471561086304223453e-03
4.571791011287953607e-03 1.221618571168193307e-03
4.111016191998811270e-03 1.266429941998810241e-03
3.497293379068425797e-03 1.323499324147388518e-03
2.467547092994510152e-03 1.176750304412886453e-03
3.788372068206438247e-03 1.352969380285719021e-03
4.147903036661989076e-03 1.399471414999367124e-03
3.453573963734061451e-03 1.241280878987092951e-03
3.823315821213586155e-03 1.000374435654621591e-03
3.262477745547243905e-03 1.491002190437559338e-03
3.280228795262461836e-03 1.135504895038667817e-03
2.535674938267901656e-03 1.275993651089826807e-03
3.400982076869303334e-03 1.529041039292849220e-03
3.383212284353618367e-03 1.181458912921591652e-03
3.008113476869783438e-03 1.395869429250736187e-03
2.888824293315840706e-03 1.175914323873517540e-03
3.772165416826936315e-03 1.440949951361471552e-03
3.380456316709585639e-03 1.179455061935990885e-03
3.307866644502506070e-03 1.119355623913899324e-03
2.913338235465347866e-03 1.183908482326482799e-03
3.963495230412037579e-03 1.394551638443278013e-03
4.345066935155924778e-03 1.271337275442060424e-03
3.719322060463101272e-03 1.423215700471433271e-03
3.146577020274485877e-03 1.462852096058222737e-03
3.478120890087746039e-03 1.370843754507808940e-03
3.614255541422130465e-03 1.290663535716349590e-03
3.888201133965249901e-03 1.253737411761652763e-03
4.527551380188092264e-03 1.304591908974672134e-03
3.189331457072605569e-03 1.250749396960342203e-03
4.106193717560555415e-03 1.418368260243480557e-03
3.686402911308918600e-03 1.328356484713930172e-03
4.098873359754702864e-03 1.466983241177628261e-03
2.308881542548360446e-03 1.297306695271036947e-03
3.578985033346673318e-03 1.195873181596626917e-03
3.141651962199289074e-03 1.214162784281942091e-03
3.552321655574136854e-03 1.276571316453139517e-03
3.033776259195429190e-03 1.333087989529684915e-03
4.028188416472961407e-03 1.194488854495974906e-03
4.304262266723213499e-03 1.598067173835033931e-03
3.493176522544019520e-03 1.441646251313796366e-03
3.660754436693045011e-03 1.144288025128419126e-03
3.793714771503967596e-03 1.279604583416193118e-03
4.019427311619791499e-03 1.279264284610568412e-03
4.221423733628370048e-03 1.574830627239809291e-03
3.780379283375813210e-03 1.300853520089687715e-03
3.645544611145152842e-03 1.466445761827231322e-03
3.266312674506758554e-03 1.285546168854136877e-03
2.818845893159017176e-03 1.418283903065776673e-03
3.535825425110257145e-03 1.322519671111190140e-03
3.270886130820661788e-03 1.358322967628713398e-03
3.040579877836117884e-03 1.051754230066782479e-03
3.306340075092879457e-03 1.344005333669428788e-03
4.103905337800613576e-03 1.230501429434387303e-03
2.783414528392254977e-03 1.071524239443137324e-03
2.720626391391602148e-03 1.248820275310886596e-03
3.023365904617928823e-03 1.369493893850432745e-03
3.626819398767674139e-03 1.107192499194634963e-03
4.283675914124550170e-03 1.404835482825509720e-03
4.442948612184046894e-03 1.334577309905909297e-03
3.352632445960632059e-03 1.395077958781145398e-03
2.838220311367190517e-03 1.079063322884804945e-03
3.736410364788292793e-03 1.184293467224397083e-03
4.369199638089761410e-03 1.417009206705858917e-03
4.209899831248508847e-03 1.251085979419119245e-03
3.294995591300439383e-03 1.482318504394616616e-03
4.010128831494472190e-03 1.259783342772666801e-03
3.185302519835255235e-03 1.135506165576746426e-03
4.543923968272337369e-03 1.519658081015268615e-03
4.042429353771315355e-03 1.335243532456023997e-03
3.397383874137368306e-03 1.184847834225060282e-03
3.663726631648014671e-03 1.303255209805684453e-03
3.501362559861853543e-03 1.210294429767643128e-03
3.517777505365799265e-03 1.350355974167112560e-03
4.183232700531046636e-03 1.522305184697126139e-03
3.932635520130753001e-03 1.057246504979238080e-03
3.399313255544024037e-03 1.308794595212207706e-03
4.023533128742515057e-03 1.219074397689769032e-03
3.164953621084335735e-03 1.336152383460572062e-03
2.835964264429039709e-03 1.322010577731539240e-03
3.719262196457506168e-03 1.212832716711061435e-03
3.392297738419721483e-03 1.062484819382743121e-03
3.242808959933111534e-03 1.260409391330417602e-03
3.412732977110501803e-03 1.062761948221350138e-03
4.541040799671674892e-03 1.462929427491223592e-03
2.935462798749002931e-03 1.304573143667287763e-03
3.795386139646664877e-03 1.595202843196688028e-03
4.105311552009014396e-03 1.414979901856575116e-03
4.319042054336441096e-03 1.033220113408170934e-03
4.143087418063680187e-03 1.544804358263638907e-03
3.535417477107725189e-03 1.204791528546481950e-03
3.522546343047933473e-03 1.284538309430332918e-03
3.573663857291721913e-03 1.213325120958132957e-03
4.402635378401729450e-03 1.164204407944557972e-03
3.841448540443212663e-03 1.366487820628971457e-03
3.600358611856719487e-03 1.018878697326803476e-03
2.759315408567236064e-03 1.365127102523169041e-03
4.530822574417861688e-03 1.350488893500240324e-03
3.734040100050862662e-03 1.376772488086169853e-03
3.220907187436256036e-03 1.571536147334577594e-03
3.381033600452715195e-03 1.560072163235355375e-03
3.980459999637101821e-03 1.488133835669491496e-03
3.214581773034957870e-03 1.216381584878885444e-03
2.750851796634819213e-03 1.116959760312093500e-03
2.875405275664360844e-03 1.182908883244625101e-03
2.906716955162907696e-03 1.303978724111242880e-03
3.830908055259627659e-03 1.388301056702628692e-03
2.839644859422075281e-03 1.260393231381469166e-03
4.050620890468218695e-03 1.276085707308468459e-03
3.762205718354425660e-03 1.504077277987451999e-03
3.247425617377613840e-03 1.163849742401918156e-03
3.260050881224164400e-03 1.089384135718014833e-03
3.022934714447596261e-03 1.272106374665497907e-03
2.877132978756313103e-03 1.358606721401311567e-03
3.710339558111735211e-03 1.138881648577292792e-03
3.264250883635784559e-03 1.175038712101601638e-03
2.933262547642155431e-03 1.125283632034004269e-03
3.322038112217962167e-03 1.434107039805634269e-03
3.873878493725598036e-03 1.428223426739953002e-03
3.105764182766244854e-03 1.634594519198293364e-03
3.583330673886600624e-03 1.235583414411940912e-03
3.784410479911267181e-03 1.296883921715674898e-03
3.404966714120384510e-03 1.230840090980612773e-03
3.619782869275045382e-03 1.271648375851932048e-03
3.733655089948197982e-03 1.198450797863470380e-03
3.733761160822286415e-03 1.301474728548226902e-03
3.527106844075322562e-03 1.332652762442669905e-03
5.033976516866264100e-03 1.382262756309879728e-03
3.072742123010443679e-03 1.302901055901846059e-03
4.316750735201299420e-03 1.118248154665908408e-03
3.852086592766426881e-03 1.346481094742172507e-03
3.314116049385149813e-03 1.153829420395421045e-03
2.810722840193500584e-03 1.440959448434581255e-03
3.799995424715974651e-03 1.423202450859766552e-03
3.705840220838490899e-03 1.346218251753825406e-03
3.984148530287157791e-03 1.322910519420162538e-03
3.172504492129677323e-03 1.204823291826762456e-03
3.822062244586179203e-03 1.155453261896334342e-03
4.939897226785003488e-03 1.341885535109405480e-03
2.766812314782938868e-03 1.335793532283384519e-03
3.715146429274605779e-03 1.179698392868951205e-03
3.873576688747867001e-03 1.221995438512399378e-03
5.174186558559960326e-03 1.361381990976912341e-03
3.331694343454840584e-03 1.423567959180200909e-03
4.043817926506990817e-03 1.275511457019988916e-03
4.439464210934520455e-03 1.349390645282304161e-03
3.474693408552569432e-03 1.496637477991034004e-03
3.985718000206355839e-03 1.329237399557006444e-03
2.821783739592426815e-03 1.182984200178351748e-03
3.991437735272532553e-03 1.134641191201512774e-03
4.135579892112647114e-03 1.063463621575366433e-03
3.523802575745534071e-03 1.348533054665497890e-03
4.027528692723909322e-03 1.465006358017890975e-03
4.349824292971433970e-03 1.087050081820782133e-03
3.595348244444854929e-03 1.454288011623089839e-03
3.679535656012449061e-03 1.385844307339013405e-03
3.262586911356557540e-03 1.252353641927959459e-03
3.617948390106370555e-03 1.201183742298504546e-03
3.731059062403942802e-03 1.342046351334524792e-03
3.617909245466322064e-03 1.068867650261324425e-03
4.212806552559889700e-03 1.386278440841613117e-03
3.195944991974768862e-03 1.322177112180144415e-03
3.370611551107576161e-03 9.189547079077775744e-04
3.967404610339505394e-03 1.453621797839506477e-03
3.138245674286911473e-03 1.239009848576255171e-03
3.683520133437348434e-03 1.242375140157779253e-03
3.289547831192849662e-03 1.431177863157689044e-03
3.790505044360692206e-03 1.386090517369219927e-03
3.207045099647182814e-03 1.285451458912917171e-03
3.689172560900965108e-03 1.280326908727051974e-03
4.101298953655795575e-03 1.323469680239109476e-03
4.439409740317101088e-03 1.296627734332890351e-03
3.580685927813622056e-03 1.356167474936223298e-03
3.473243936904101600e-03 1.202760568457460991e-03
3.393241409008601692e-03 1.375214813263920437e-03
3.142854493651040231e-03 1.113330023524202600e-03
4.305829218397576666e-03 1.100523055617149510e-03
3.729332981418322611e-03 1.564696828091743800e-03
3.743370570752540920e-03 1.236874079524469261e-03
3.996878114945667283e-03 1.496793454493800836e-03
4.174223495642564660e-03 1.375704847134897983e-03
3.570390499171612140e-03 1.194030335030197383e-03
4.573646995702207972e-03 1.350685224401760752e-03
2.977332184557401114e-03 1.124297855447121790e-03
3.781022417853167200e-03 1.099461342625204828e-03
3.798316662367728306e-03 1.681097475304787819e-03
4.679866902754632740e-03 1.484951706676200175e-03
3.089781946543393790e-03 1.319226537465391803e-03
3.408357344578110282e-03 1.479447587904356327e-03
4.728102448276062623e-03 1.317990479164094907e-03
3.443543942207537550e-03 1.352624062865099381e-03
3.476934134896882394e-03 1.556811987749734828e-03
4.089948293763248470e-03 1.338072348532023167e-03
3.850475268118958364e-03 1.315434065786706252e-03
4.193437866503756280e-03 1.269388886780136068e-03
3.673390322500178808e-03 1.213704391442003072e-03
3.909983644775281465e-03 1.269641506072384041e-03
4.414712058946246645e-03 1.049638934896968091e-03
3.909284539473683456e-03 1.133732206405693894e-03
3.472830893536923372e-03 1.397009241838366878e-03
2.764469298885372482e-03 1.407993489451564743e-03
3.625601639969889579e-03 1.415872978925052008e-03
3.816461341654951017e-03 1.087709733014775686e-03
4.554113656761517824e-03 1.623573117579337876e-03
3.294229000050299255e-03 1.239403145349444752e-03
3.982287803921688053e-03 1.426583391791435380e-03
3.588437766434038941e-03 1.270588365684331353e-03
3.532854806408425915e-03 1.323575852402983713e-03
3.956009305460932504e-03 1.121592480534587847e-03
3.410165044856989375e-03 1.403221191292440941e-03
3.524567044266559319e-03 1.270441067390874323e-03
4.023002901137575499e-03 1.194543585469826433e-03
4.174066154404944273e-03 1.356244875753852188e-03
4.383672935250673697e-03 1.298307943903207612e-03
3.763430953046580357e-03 1.206825216145488572e-03
3.017002833318232526e-03 1.262600304587578040e-03
3.582646605493437601e-03 1.541506401106597151e-03
3.072247656880902709e-03 1.218539258720268120e-03
3.661668304796042873e-03 1.163166244007314554e-03
3.394162695449831450e-03 1.340638833451019904e-03
4.401136058117397117e-03 1.512322213628552103e-03
3.936264352042188018e-03 1.304123020472523981e-03
3.911322416752865787e-03 1.082181015697702238e-03
3.623246598391520034e-03 1.337201116346910940e-03
4.589584797823265637e-03 1.255307213809928957e-03
2.660153909156882327e-03 1.344971373842262629e-03
3.556665071802802072e-03 1.283739742855434822e-03
4.203481979624077401e-03 1.490416924456444171e-03
3.601367832487047463e-03 1.360151476772929278e-03
4.800757668348238846e-03 1.190796108161250397e-03
4.630781223584109173e-03 1.380070434373319166e-03
3.462902235243054978e-03 1.480880620659722358e-03
3.522318787293786130e-03 1.292049515077636984e-03
3.836420908758526871e-03 1.442004881666159987e-03
4.322165341714300293e-03 1.482820162842980781e-03
3.118320594254295457e-03 1.384617696455009645e-03
3.581315865213768098e-03 1.406288749005946354e-03
3.723939172956888290e-03 1.229251253669675541e-03
3.736905419340169794e-03 1.185753467342082462e-03
3.638533130815958111e-03 1.378480948763775946e-03
3.693320169878833159e-03 1.420228368506855181e-03
3.611262300823702386e-03 1.254772776939281059e-03
4.460865147247626908e-03 1.239587033060776666e-03
3.200675162810892854e-03 1.375165363306498625e-03
4.063157677966392628e-03 1.215607161049099463e-03
3.033804483599209911e-03 1.346325733975488456e-03
4.030336099477060952e-03 1.152569641085872528e-03
3.462189040426233173e-03 1.222652217670815037e-03
3.263515820896627836e-03 1.320322659299797341e-03
3.818053572850628116e-03 1.567806671921899344e-03
3.591312709900439364e-03 1.386689093754656793e-03
3.251499951839379593e-03 1.403592803901965776e-03
3.709896726562396472e-03 1.574421348912410793e-03
3.767972846975789492e-03 1.392025525741275244e-03
3.666074274614513490e-03 1.440082158128061073e-03
3.553507562871769613e-03 1.230408870517332156e-03
3.784871676915800738e-03 1.209642290637438083e-03
3.726280757429224592e-03 1.453332429161747260e-03
4.148496219148816062e-03 1.299751653931425534e-03
4.527832641769371884e-03 1.373468462032632073e-03
3.723407007587143779e-03 1.415584566426770835e-03
2.661404039645371214e-03 1.166229493910845129e-03
4.110208803645295887e-03 1.450682919262207817e-03
4.115100894486801476e-03 1.401023331231687199e-03
3.399721924170331054e-03 1.331844442780752381e-03
4.403988350126389860e-03 1.130697106710997629e-03
3.639993879691961424e-03 1.421747568065766850e-03
3.009555720739913627e-03 1.261497369510859723e-03
3.735964964010509478e-03 1.254643309473398895e-03
3.757001277793053148e-03 1.244051600846924873e-03
3.102370608747061134e-03 1.367757362754220152e-03
2.535498502099225657e-03 1.480074195453491993e-03
4.406042457459438157e-03 1.356190671745152081e-03
3.611926548480849392e-03 1.392937985895916463e-03
3.074736124638692818e-03 1.438836524787270258e-03
3.342729067249839391e-03 1.430326883522057158e-03
3.155483257578604005e-03 1.335926710852436677e-03
2.830211520945201051e-03 1.520480331212754974e-03
3.039765782092300039e-03 1.329901503208790478e-03
3.275471145664682424e-03 1.221983817729458419e-03
3.283044318987386138e-03 1.241366721009484145e-03
3.525709507814933034e-03 1.471004453906578054e-03
3.427371289328230448e-03 1.358503203928782335e-03
3.299143559886599797e-03 1.324840324943248829e-03
3.535132387472542624e-03 1.561907267038634443e-03
4.641314926503022423e-03 1.353895657781746531e-03
3.555714922016567445e-03 1.260490180711594955e-03
4.030359878227308436e-03 1.393914899594829839e-03
2.976893089392870263e-03 1.265301116060475392e-03
3.733939787121743573e-03 1.332837159863945777e-03
4.746975166751346738e-03 1.247834742922563061e-03
3.414012794133497366e-03 1.496545854124458827e-03
3.414626396814507935e-03 1.342061276279550965e-03
3.921929682509007857e-03 1.343974725328508577e-03
2.995703825496824711e-03 1.161738055552481502e-03
3.575861985543880937e-03 1.384145173374568211e-03
3.297217939861185696e-03 1.381129597787768542e-03
3.954270159183146012e-03 1.393781301830048554e-03
3.784052382214068543e-03 1.083968484569810100e-03
4.144809379064767589e-03 1.185225553338627126e-03
2.497872460195469345e-03 1.411650933154112979e-03
3.943031918466132629e-03 1.136112584823586362e-03
4.316188769080410784e-03 1.206690882606981487e-03
3.501454563588017599e-03 1.320484374818218804e-03
3.770584959317228521e-03 1.614675722095223987e-03
3.887602313351811063e-03 1.370956119580185378e-03
3.596746920269266665e-03 1.554676316090278796e-03
3.960771450828604566e-03 1.364472322693807476e-03
3.738894332322835034e-03 1.288486465259345085e-03
3.206814665615977805e-03 1.513340167611741715e-03
3.872106270057640905e-03 1.403576032622099595e-03
3.745183370830466180e-03 1.497554972137656081e-03
3.149550137276592096e-03 1.008610624082777922e-03
3.715984073915877192e-03 1.313332959155253223e-03
3.304889393005254732e-03 1.182282086579034084e-03
4.311743618634091696e-03 1.242486917969956020e-03
3.195110842180384596e-03 1.326704503311085465e-03
3.096099801655531180e-03 1.385892565929131362e-03
4.191815149221452680e-03 1.392641853766908100e-03
3.274413453225160850e-03 1.296689666611321873e-03
3.188383584369687551e-03 1.525479011198955332e-03
4.009303283061459340e-03 1.379655226270649383e-03
4.105953636453054181e-03 1.129859570009683753e-03
4.150046759554507081e-03 1.383389335421558643e-03
3.222268898144363056e-03 1.426745151327464762e-03
4.599083306211807116e-03 1.307037746811578549e-03
3.348917892322972323e-03 1.262355443733272076e-03
3.888207803948675722e-03 1.265109710673269303e-03
3.299565644788844676e-03 1.261323266130267738e-03
3.489628752783002427e-03 1.208608871790899141e-03
4.011016466498904670e-03 1.180196444853881923e-03
3.446042977357912339e-03 1.204419765546140778e-03
3.072220258539910907e-03 1.399083906493890769e-03
3.012861448334990151e-03 1.330906566426830542e-03
3.693211209339323283e-03 1.284544201735388037e-03
3.869287408132972197e-03 1.224551580024299795e-03
2.599515945041503979e-03 1.122428053856431868e-03
3.535852576343240412e-03 1.489932960140730178e-03
4.886766767332344219e-03 1.289732003536198492e-03
3.959815036044245923e-03 1.462810229745775074e-03
5.131352970601330693e-03 1.488782983817717957e-03
4.266508876848098923e-03 1.145428260742892322e-03
2.868679610867879565e-03 1.076864922874197278e-03
3.671113641337018802e-03 1.480541644794234647e-03
2.686847596197373608e-03 1.352583990755197802e-03
4.175965457266435886e-03 1.320001424247567532e-03
4.001817741164606645e-03 1.349867818378059584e-03
3.906726714726703291e-03 9.658432467703147693e-04
5.037259961758980276e-03 1.195565149048543035e-03
4.326248907036697039e-03 1.124120071650357242e-03
3.865156335663226181e-03 1.246046283643326277e-03
3.548054729973867515e-03 1.617922058158440890e-03
3.757381702480470237e-03 1.294859215493563949e-03
4.876242949335202713e-03 1.371476748182368435e-03
3.063120239460059326e-03 1.051943556767751323e-03
2.424285209390561729e-03 1.343107328993930908e-03
4.379270981786079729e-03 1.439357016250034571e-03
4.455685162048490106e-03 1.165212040414442731e-03
3.545958827883694854e-03 1.426240572188546604e-03
3.358408941294948897e-03 1.514111757264363688e-03
4.389253691133943557e-03 1.515966967392320649e-03
3.593003857139535993e-03 1.276045590917190137e-03
3.519945763008931663e-03 1.451963231993096950e-03
3.701468485270008931e-03 1.375963307934369422e-03
2.753228026348002698e-03 1.206899559488285338e-03
3.340450595399176593e-03 1.215548709971869595e-03
4.315837848053387382e-03 1.215373832901873617e-03
3.322398098313057626e-03 1.364937604150690724e-03
3.871863641753326389e-03 1.243192578363981225e-03
4.227248150493690716e-03 1.442897683764301966e-03
3.336089325652972018e-03 1.145950007763654700e-03
4.615023307628522697e-03 1.087824645043926515e-03
3.786272142044609396e-03 1.604007328869844727e-03
3.680652097530864430e-03 1.239040889969135776e-03
4.105385716455770169e-03 1.466476121974163603e-03
3.907359206939994660e-03 1.390859848455340423e-03
3.893785466130771436e-03 1.229887776361794985e-03
3.324688372646409946e-03 1.461589733190627903e-03
3.937782359431513980e-03 1.328631694487006354e-03
2.714634739446492809e-03 1.311140366227119079e-03
3.766970441120426772e-03 1.256786009196993832e-03
3.008590493208459105e-03 1.165739429773202107e-03
4.829304311894673692e-03 1.415087874601278321e-03
3.686997606626152106e-03 1.494745585911474951e-03
4.232471552814314961e-03 1.266766311209075119e-03
3.586560265618656332e-03 1.306465339850912529e-03
3.627847230863951236e-03 1.229191416001774832e-03
3.806992098560270550e-03 1.304454940600069651e-03
3.556447491737404609e-03 1.309751922395224278e-03
4.007331349630329290e-03 1.420597452411942983e-03
2.930380360939936583e-03 1.234470459287865434e-03
3.831349468464935633e-03 1.475683189204659088e-03
3.310112040186444487e-03 1.221095377836449360e-03
2.839114022479469895e-03 1.163781737625610999e-03
3.413154130490886166e-03 1.151138187096593110e-03
3.533516737910754636e-03 1.163619925360792184e-03
3.513063540051977393e-03 1.415399357716498044e-03
4.532117466543756322e-03 1.401108078830633728e-03
5.221761165498615791e-03 1.166428835900109283e-03
3.025474299499513516e-03 1.446098241298457172e-03
4.324713723050681823e-03 1.181433656032334972e-03
3.356078325489305833e-03 1.118605245543202037e-03
4.295285991814192655e-03 1.332043771614963316e-03
3.208902108303569260e-03 1.198921502209140087e-03
4.481832676534651914e-03 1.510575445721365961e-03
3.120295522935084484e-03 1.225665364476351358e-03
3.506055886803983220e-03 1.332706802208022791e-03
4.236166359307447053e-03 1.494243493275949301e-03
4.279886331471019142e-03 1.199678518097951722e-03
3.780304804072505149e-03 1.137821657901663718e-03
4.705769306430611192e-03 1.318278816035051149e-03
3.925061213110927864e-03 1.354876021831618411e-03
2.331423694438088633e-03 1.360738687173403908e-03
4.394193325541939990e-03 1.390425925320210466e-03
3.433792649009205066e-03 1.218659957679430091e-03
3.564604149993284583e-03 1.241977522682427082e-03
3.943111691811169127e-03 1.519921658027384133e-03
4.184756904875636639e-03 1.268675316323966511e-03
4.332175825406464273e-03 1.343479564180381086e-03
3.672406389864817967e-03 1.242007021633770346e-03
3.297911953380890018e-03 1.343763292666603831e-03
3.534651247800018117e-03 1.321463103470120644e-03
3.300263637165246674e-03 1.259867304083675142e-03
3.595366141180338700e-03 1.219443179950392003e-03
3.450938210068908198e-03 1.294930621156436959e-03
2.801188877126355951e-03 1.310414596550816321e-03
4.383787317301704976e-03 1.258585037701573633e-03
3.982231089002613578e-03 1.287748359896091896e-03
2.963350839652485573e-03 1.345277298627452385e-03
3.447321680705043700e-03 1.375501520144210149e-03
3.414745985690777978e-03 1.197147951387991360e-03
3.484730316766460403e-03 1.194144407507503067e-03
2.423918329268173223e-03 1.417157156763307899e-03
3.562561818367040480e-03 1.209805969788598596e-03
3.315996035060818706e-03 1.187877945386788762e-03
3.256746777481818976e-03 1.112734258835806076e-03
4.149695687688986605e-03 1.329126305020274798e-03
4.797948797397294692e-03 1.408111238557268642e-03
3.894423915230088920e-03 1.489750109644614323e-03
3.562390112446067129e-03 1.307832652503856810e-03
3.505559325690335484e-03 1.321001165968112767e-03
4.193332488395124825e-03 1.368636689018326667e-03
3.480109375000000563e-03 1.359710526315789213e-03
3.424138097190289418e-03 1.273997271576111879e-03
3.561711911335736433e-03 1.237115567376153658e-03
3.684418934806422442e-03 1.303599151644983583e-03
4.046474845132842606e-03 1.512148289159575458e-03
2.928863322053137496e-03 1.108372802854128278e-03
4.353691905043282316e-03 1.392491857369750540e-03
3.101633931320318949e-03 1.170527524292332188e-03
3.435099071340708566e-03 1.223143573958509296e-03
3.569919634343220703e-03 1.103749431267840022e-03
2.575202872880916379e-03 1.153974481122818987e-03
3.334957168413950259e-03 1.358469296402240378e-03
3.612000179469756090e-03 1.429486498594180694e-03
3.805263766277838626e-03 1.406121308960247120e-03
4.327185572052614365e-03 1.445994353086395333e-03
3.244207255178958946e-03 1.467392380283212344e-03
3.968254860191621977e-03 1.474127374811505607e-03
3.078900473930167980e-03 1.267730232681349998e-03
3.307063323097025540e-03 1.322055766372521148e-03
3.416419502875884130e-03 1.345088216326177167e-03
4.975807057917724929e-03 1.249548066396081840e-03
3.611307206121673781e-03 1.271336865861380505e-03
3.856414498722714884e-03 1.231053554903476649e-03
3.085454479811935470e-03 1.363297673395422183e-03
4.256478366557158929e-03 1.206578705866486172e-03
3.189206687973017082e-03 1.235359659470893368e-03
4.687936070051118738e-03 1.195798941445611442e-03
4.249501740842296510e-03 1.347247686788241930e-03
2.683356058662418261e-03 1.368589112854865560e-03
3.842493935938774176e-03 1.449658129845470250e-03
3.918384593047844790e-03 1.438509303586347392e-03
4.061100733789062278e-03 1.144199544289472258e-03
3.124375012156793783e-03 1.408485235025012374e-03
4.709843853088660492e-03 1.398501801653255191e-03
3.664943717704952694e-03 1.331125181276842555e-03
4.680072000657911624e-03 1.219165720048597489e-03
3.303395866636755183e-03 1.167358729586812473e-03
3.593939351303432946e-03 1.165209567413778239e-03
2.987265486555923822e-03 1.452237184830020966e-03
3.327509394062684155e-03 1.336509502649748261e-03
3.401926568590587802e-03 1.339179300831024825e-03
3.010333157513119754e-03 1.192716271821491229e-03
3.651395562584740066e-03 1.181007330469960401e-03
3.842250408814814212e-03 1.155899062309859041e-03
3.621137643699513797e-03 1.147559726305678830e-03
3.969625323452319679e-03 1.323682061040970526e-03
3.885653112302835197e-03 1.074618994438725651e-03
3.762355116202559073e-03 1.257261252566196225e-03
3.439867869367289627e-03 1.182371171214211415e-03
3.632671280785471340e-03 1.383596585601564377e-03
4.118786956783735721e-03 1.251578265159429722e-03
2.496728492271195737e-03 1.355539266417434127e-03
3.589517040245094118e-03 1.298775935199913229e-03
4.113837770723646758e-03 1.449143073011230267e-03
3.179071987480437591e-03 1.258461437908496572e-03
3.092741029420193258e-03 1.242455869116001988e-03
3.748684777839933913e-03 1.442030316709190301e-03
3.916150399074170597e-03 1.446132423333119140e-03
2.845992383579726455e-03 1.134064029921189607e-03
3.999357825371275925e-03 1.458377073013301852e-03
4.489412629123262950e-03 1.352320129123263034e-03
4.315596511195670532e-03 1.313232237341670954e-03
3.718147608540122145e-03 1.241712582357760390e-03
3.737874643230324010e-03 1.412624322084997473e-03
3.623823376417272760e-03 1.254956737782424126e-03
3.448084895403014018e-03 1.336996249803698361e-03
4.336361615517979849e-03 1.216565841993257633e-03
4.367932730247140252e-03 1.437308069133843387e-03
3.187040446747585465e-03 1.076779229999741188e-03
3.487895469380801125e-03 1.339275768143822869e-03
3.751029869955664706e-03 1.186908590841753968e-03
3.072677813620070843e-03 1.509139283154122598e-03
3.052445120440209006e-03 1.395653904690728319e-03
4.138664995742350784e-03 1.431045047054282059e-03
3.627618523870798292e-03 1.351675276196555742e-03
2.542008781419042435e-03 1.354534613510447426e-03
4.117714556484510999e-03 1.386050157266946860e-03
3.099910535231254274e-03 1.530795567500813428e-03
3.252245907137397279e-03 1.321621810493333075e-03
4.084052342518817470e-03 1.483780069952027976e-03
3.038923224063272942e-03 1.558740841228716109e-03
3.318112241812849490e-03 1.198578630607703048e-03
2.963582451257816899e-03 1.269612978225607763e-03
3.841380372028050001e-03 1.198101323766212218e-03
3.619931909563522000e-03 1.193774720542203254e-03
4.620652760453379353e-03 1.638542432752991421e-03
4.014161339720234180e-03 1.226691530204177677e-03
3.922200360497736515e-03 1.236249713922089009e-03
3.678598285663078633e-03 1.285480989082392030e-03
2.759224324267554006e-03 1.211950017069176634e-03
3.680750452116111036e-03 1.261605127745486993e-03
3.288288742735095103e-03 1.560934041625440223e-03
3.022120236321523216e-03 1.192641507883446380e-03
3.949573745834595966e-03 1.216738274706626564e-03
3.934933608131446943e-03 1.303379519998810630e-03
3.531731059557226098e-03 1.480128860825725848e-03
3.749025424621017615e-03 1.159089292466136461e-03
4.364735040494634351e-03 1.208192247355872623e-03
3.551033984325172900e-03 1.284175036552515602e-03
4.324293293818617760e-03 1.489888004657464711e-03
3.261475383300721249e-03 1.135208665087664376e-03
3.717523840520513788e-03 1.324149200431920569e-03
4.153939204321217653e-03 1.478746197941478062e-03
3.457237062248521165e-03 1.357075836589873019e-03
4.017255293298419364e-03 1.262205701122303195e-03
3.965703336923551668e-03 1.396737816897710826e-03
3.543533176532011851e-03 1.486256601728862519e-03
3.522352782188878199e-03 1.311150563758843720e-03
4.317300516126451951e-03 1.312661441760234419e-03
3.292032991109788281e-03 1.288552704371437796e-03
3.501705873551178363e-03 1.383573849741654999e-03
3.990043469704123227e-03 1.356115476720094358e-03
3.014032494537747381e-03 1.488627106692886042e-03
4.013412213979525127e-03 1.474638293313759469e-03
3.704556848090567733e-03 1.358759983781531681e-03
3.879883294584972504e-03 1.402274544584971531e-03
3.240715476585142359e-03 1.489098184918474961e-03
3.879171116705685748e-03 1.224615533188856426e-03
3.000192659300972807e-03 1.380985804864283233e-03
3.368113208609481088e-03 1.342877142867313382e-03
3.522941551464455617e-03 1.203393169309778738e-03
3.883365302901102371e-03 1.130204924658486819e-03
3.850278502305849639e-03 1.124183272938439598e-03
2.563733373202009991e-03 1.056774663230739767e-03
3.231622952291982650e-03 1.304438875726629445e-03
3.755905319378148415e-03 1.266975774730536063e-03
3.253053501219392921e-03 1.368712868854900146e-03
2.920626425100113915e-03 1.378103575273841681e-03
4.028110950656407438e-03 1.490482847819526611e-03
2.627347368378226290e-03 1.412692041155266158e-03
3.657414268157271886e-03 1.293196341424524866e-03
3.979545208477361373e-03 1.174964589121604277e-03
4.100571147206474344e-03 1.395015849371327278e-03
3.197006962271909791e-03 1.375445117033813509e-03
3.616495790011681893e-03 1.205739933619281003e-03
3.989270593342298526e-03 1.208977372704085878e-03
4.050314068468241664e-03 1.337043007862180957e-03
3.271003457840237268e-03 1.344571406558185906e-03
2.933474075633427623e-03 1.508123985053718167e-03
3.141198441049217107e-03 1.251766872421764898e-03
3.681074922619452516e-03 1.339821464804791164e-03
3.658256153180541089e-03 1.135799183856874440e-03
3.678361259490971463e-03 1.262593584996641195e-03
4.018574485810204149e-03 1.078322554407509532e-03
3.827923400473907077e-03 1.406672640421131795e-03
3.673428904502224271e-03 1.403735230903076746e-03
4.008789684381589176e-03 1.467260565545984571e-03
3.609733386402657219e-03 1.271170333162366037e-03
5.162710272613739784e-03 1.552050589103579851e-03
4.203603977317836235e-03 1.498255522224881597e-03
3.661343348450492481e-03 1.259327558106575250e-03
5.740257408816112385e-03 1.132816749117387294e-03
2.406355539022526045e-03 1.341587957460322602e-03
3.817363898262728355e-03 1.352113649646534323e-03
2.646352486223964122e-03 1.209430434799122975e-03
4.326661905529816804e-03 1.148388196609628938e-03
4.096941794399016831e-03 1.505229059298870140e-03
3.529904242112019610e-03 1.335090551834705683e-03
2.871593768016465070e-03 1.162434691282387619e-03
2.904166063207875691e-03 1.153506683636123511e-03
3.095763970470383382e-03 1.282648667972178819e-03
3.587698271299002203e-03 1.394627794900400557e-03
3.066368866245056893e-03 1.277528469871454892e-03
3.414577704070451917e-03 1.199142727740738377e-03
4.526674713028631426e-03 1.277682097866474293e-03
4.070381977079412690e-03 1.232328567988503435e-03
3.745116037209612284e-03 1.273085735705449225e-03
3.771278211096092299e-03 1.455514527946685050e-03
3.928008211275878063e-03 1.267788352047516300e-03
3.565690118277442793e-03 1.195328231496035724e-03
3.254100468338474127e-03 1.174748110130513848e-03
3.832591488682206022e-03 1.504788250883527670e-03
3.279440632955826426e-03 1.252016884613652188e-03
2.902551842419693207e-03 1.348558473719427969e-03
2.498902848955946235e-03 1.103545432858367252e-03
3.757398059346666805e-03 1.286321323870662269e-03
3.661887504623748558e-03 1.439362417437840607e-03
4.101749516029899387e-03 1.409303148866174150e-03
3.180101751664634463e-03 1.249865224199723634e-03
3.338438001710987250e-03 1.176268580614515946e-03
3.881391986178735990e-03 1.303832444989996668e-03
3.433403199995847810e-03 1.218619621505371252e-03
3.901365830275609937e-03 1.135868066197581435e-03
2.969782263630089351e-03 1.283922358834244061e-03
3.212095755504538151e-03 1.147276933410483913e-03
4.345242066728328620e-03 1.151939231701082193e-03
3.354952333868502744e-03 1.364310370402675200e-03
4.482022816403179004e-03 1.649186412894407868e-03
4.032611043027331012e-03 1.274683370071357218e-03
3.015641928327805147e-03 1.350398047208923235e-03
3.269373921540865650e-03 1.262878132179389877e-03
4.276672958946950084e-03 1.324676374880253251e-03
5.463443717210029332e-03 1.194183217652115435e-03
3.454633078047822901e-03 1.240491403285453025e-03
2.942571305292981162e-03 1.275050471959646506e-03
3.429894256210761980e-03 1.183389398724641597e-03
3.138655775378854616e-03 1.306994070011514505e-03
3.701354978072014454e-03 1.341154615251773791e-03
4.494673024827111098e-03 1.493345158181719331e-03
3.999036147018958723e-03 1.432367119925363188e-03
4.143085393501038521e-03 1.141737336002979220e-03
4.161779571260879745e-03 1.456772295519489363e-03
3.338613742807113819e-03 1.528680037832842687e-03
3.196856006240789659e-03 1.091063584343802484e-03
2.719572917716451405e-03 1.424510323523188850e-03
3.132372548899573384e-03 1.192442490278185175e-03
4.003755656464507220e-03 1.404836630884732929e-03
3.683029887694325155e-03 1.296967158561755087e-03
3.084009160065321643e-03 1.433532142869553376e-03
3.214540290432751305e-03 1.258821983246518087e-03
3.431468851211750409e-03 1.243033813232593838e-03
3.131227065663471504e-03 1.131774534079033273e-03
2.994180933743501721e-03 1.395172304834272703e-03
2.934472180463697840e-03 1.221996602766008697e-03
3.894413018002586616e-03 1.468188569785271094e-03
3.410738708058822476e-03 1.177355607984861179e-03
4.377252642441781076e-03 1.338308793611927335e-03
3.742081993938164812e-03 1.280618254580612528e-03
3.313277739133484775e-03 1.335387666778093622e-03
3.093546435130913042e-03 1.326989876545799692e-03
4.389004305165231795e-03 1.212348109957752783e-03
2.810845542866359254e-03 1.231526516761940679e-03
4.310269073934604352e-03 1.270097924843568028e-03
4.392068735286630901e-03 1.433621070636095221e-03
3.463760192332563694e-03 1.313783343660404612e-03
4.536182699813200159e-03 1.301849366479867392e-03
4.122179776534233737e-03 1.375497271107724425e-03
3.355194544939430531e-03 1.384154830189894981e-03
2.960225831579697819e-03 1.165072569601142147e-03
3.532476720810352917e-03 1.298848207318541474e-03
3.390326560872851999e-03 1.159690618394233937e-03
3.471731864775413640e-03 1.411740188634436066e-03
4.581773163362395582e-03 1.107803715002182764e-03
2.625411894197872235e-03 1.285057553515234988e-03
4.061892070479206779e-03 1.305555137497057486e-03
3.617906961976600534e-03 1.275052563048245441e-03
3.054736342920699819e-03 1.638692400212920716e-03
4.726883091050551947e-03 1.556660296932903904e-03
3.964479006066038216e-03 1.373833172732705395e-03
4.856548179718043860e-03 1.300894699513702960e-03
3.785952463084153469e-03 1.489262190341898153e-03
3.775691378430496865e-03 1.285330249152101187e-03
3.600394010561984263e-03 1.236780171850923290e-03
3.955677246859913912e-03 1.126980947597972828e-03
4.336316827530658363e-03 1.592830028991792631e-03
4.337570812421855278e-03 1.148324939556580803e-03
4.042919563792061501e-03 1.277712553210053580e-03
3.674071486338999996e-03 1.340705505628929980e-03
3.784360995152342543e-03 1.248452090719098405e-03
3.468756018141263154e-03 1.622039206656132561e-03
4.232698992109742465e-03 1.418974740571807150e-03
3.745678410808543114e-03 1.578431009776489228e-03
3.724098538299597510e-03 1.310594831183311193e-03
3.511901215726923303e-03 1.257524512752066165e-03
3.180706178616818109e-03 1.367064012718200491e-03
3.335690376049040961e-03 1.195621538245718188e-03
3.244963434161136744e-03 1.243047131943499908e-03
2.639910571508074892e-03 1.181297432264993104e-03
4.293562039604062984e-03 1.256784374172480049e-03
3.619198147398581741e-03 1.425402327679189647e-03
2.769237194157962625e-03 1.330141972032527565e-03
4.516068773337233479e-03 1.349234046516815510e-03
3.742791999481800795e-03 1.262301017042313052e-03
3.666685069297876288e-03 1.203054705071405399e-03
2.885599673602473689e-03 1.420799397559392241e-03
4.276692066215647889e-03 1.291005156652897485e-03
3.885130041490945322e-03 1.255856779706000141e-03
2.966755139842300673e-03 1.211923559735453033e-03
4.162266639400266643e-03 1.412485516988482839e-03
4.116920432047713185e-03 1.343549535834987147e-03
3.975610670779984590e-03 1.404182439888757277e-03
3.775580329000000155e-03 1.222444078999999515e-03
3.741279981846644051e-03 1.458906169208980860e-03
3.304380408564644347e-03 1.269970028014575075e-03
3.698803837790609096e-03 1.346310066201661859e-03
3.573554363430550031e-03 1.176169795596160045e-03
3.201387432161427720e-03 1.221374767720861173e-03
3.123976043370907656e-03 1.367669739775300439e-03
4.176257615093535193e-03 1.319974428130227251e-03
3.894989396355814232e-03 1.376329296318367550e-03
3.742294545868034110e-03 1.171281053013264930e-03
4.166153456707836177e-03 1.488376445034337312e-03
3.677544163633763696e-03 1.500308064130838120e-03
4.124918589891987675e-03 1.438103188943934754e-03
3.395130062257976228e-03 1.399091318237127932e-03
3.432123301253910738e-03 1.429604136791411432e-03
3.702221150005840979e-03 1.587322609126172847e-03
4.173317489864339369e-03 1.411314125546913028e-03
3.524730153421129324e-03 1.397543519747802311e-03
3.413907957976013933e-03 1.287745213743364233e-03
3.838515329906812615e-03 1.099320769384460857e-03
3.335344650776835701e-03 1.250025319770004190e-03
4.259372518392867679e-03 1.256495984510081366e-03
3.851471919538254542e-03 1.076168896443713708e-03
4.285902528015830132e-03 1.427503887629200281e-03
4.111905923254386905e-03 1.305121965823813519e-03
2.801654188014287075e-03 1.190645071604749632e-03
3.472795651217247537e-03 1.327893569271877162e-03
4.003734263785959334e-03 1.247850162639359880e-03
2.792413254554019456e-03 1.243264011899465789e-03
4.110360042227376512e-03 1.707715918077716988e-03
4.319008418051208283e-03 1.277839490925701147e-03
3.155246386914503480e-03 1.114755814156145105e-03
4.097898226939975484e-03 1.170100800715964760e-03
2.884359697624246967e-03 1.226786875285946696e-03
4.521435023247526164e-03 1.328552444829924619e-03
3.746461075842030114e-03 1.334027768190072533e-03
3.632208864993444978e-03 1.175068358426840757e-03
4.355013880276736513e-03 1.244083694006643814e-03
2.880802466276385573e-03 1.121965650779907335e-03
3.632938892660475972e-03 1.279748813959154458e-03
4.190921193917724122e-03 1.350858825343329407e-03
3.865422177133806189e-03 1.230294469623926384e-03
3.520795451772677168e-03 1.303912727022150768e-03
3.890275952513220972e-03 1.340339798566965663e-03
4.240052855372873457e-03 1.106307807080597833e-03
4.354173355162829079e-03 1.395140485765070321e-03
4.307704517709632849e-03 1.225683217445955537e-03
3.877373416985222324e-03 1.153347124453185484e-03
4.106401767155815410e-03 1.342703924193349016e-03
2.921251277936026333e-03 1.266202222404418792e-03
3.426817823181783993e-03 1.493999056376334785e-03
3.374321840221141799e-03 1.208770589903801441e-03
4.145337843671588127e-03 1.348967396082347003e-03
3.190087535756831131e-03 1.060812425786155202e-03
2.445092180679098691e-03 1.242309556644636236e-03
3.587864141288917702e-03 1.381712573539757355e-03
3.769486634462794646e-03 1.394846651058338251e-03
3.743090073194238129e-03 1.353509656238821666e-03
3.600588588218952765e-03 1.300950721272706861e-03
3.385223998903830449e-03 1.287083141760974334e-03
3.987594457556820245e-03 1.435049177508213080e-03
3.880098626872204113e-03 1.245830391275040000e-03
3.216280074513329715e-03 1.074001257701999489e-03
3.742611457132191764e-03 1.437583990709364679e-03
4.274327477206103267e-03 1.614337594120883327e-03
3.962376344944840145e-03 9.913671731129833093e-04
3.863985199410152355e-03 1.138098392231452110e-03
3.897089078317779627e-03 1.269495911262484350e-03
3.369490935024968201e-03 1.288653380554405977e-03
3.596854617950486811e-03 1.358313658354526592e-03
2.772458227908073704e-03 1.270054979840351279e-03
3.096275839914140737e-03 1.360119727198641276e-03
3.261887372701308824e-03 1.177691543821538173e-03
4.845476876560898122e-03 1.078050097811031078e-03
4.419071135604106179e-03 1.345640379963987951e-03
3.748757440321054488e-03 1.451690346549141869e-03
3.482319555386525177e-03 1.111951572765868717e-03
3.240127064012809574e-03 1.363106571895866381e-03
3.669773933392009389e-03 1.495299388277354560e-03
3.792091583355687145e-03 1.294215610926011204e-03
4.353394272374838843e-03 1.328683648276715503e-03
2.965571635618971264e-03 1.411607076231998631e-03
4.175149699016439744e-03 1.508037150168438281e-03
3.296948825111076752e-03 1.288178790867523663e-03
3.110781884221014513e-03 1.541162581964690415e-03
3.781244051846591701e-03 1.472422131990131638e-03
3.199594221572986570e-03 1.253556699171553407e-03
3.563829688688617981e-03 1.244086467567820332e-03
4.902300979192016593e-03 1.339467664967452197e-03
3.902564634414712030e-03 1.082151139127907925e-03
4.051969605215794031e-03 1.273762543273779376e-03
2.640008546094459261e-03 1.234112585508077018e-03
3.370190144684796600e-03 1.183723655333690982e-03
2.870240479959164023e-03 1.280914029848963763e-03
3.354682961064153496e-03 1.427531419545084116e-03
3.274180601184110539e-03 1.056340821998824056e-03
3.494054007429381239e-03 1.322101616837518135e-03
4.999962597180507458e-03 1.338691506053213800e-03
4.037516817558879645e-03 1.283230123384806283e-03
3.368835553191433779e-03 1.305857803712852025e-03
4.181669955431520196e-03 1.653507356536163464e-03
3.603155629191361585e-03 1.413296131989591215e-03
3.620403887131446764e-03 1.439721850470680352e-03
3.731734759939258662e-03 1.628597743794539488e-03
2.821586327362287077e-03 1.198707402241514430e-03
3.657530595791127354e-03 1.407418192690349477e-03
3.318294323026022442e-03 1.269525719368098807e-03
3.163578395401845603e-03 1.179126555575006749e-03
3.807874348599200442e-03 1.464370823299993712e-03
4.336250297904690326e-03 1.235934559733927558e-03
4.841043015717724600e-03 1.305822233254360590e-03
2.796943253015587733e-03 1.175042935360984904e-03
2.838253946648794292e-03 1.243921261609558064e-03
3.975291609147598403e-03 1.281558821181319040e-03
4.068135326407327015e-03 1.288045982145032218e-03
2.794292975254068778e-03 1.173963427911874861e-03
3.225789972597680952e-03 1.440601897258534086e-03
3.212545640692718741e-03 1.306106816466347026e-03
2.884394653231664267e-03 1.228159952908234459e-03
3.838321526617369511e-03 1.284817669567022650e-03
3.911698999132003605e-03 1.335438765404772321e-03
4.128863343929149027e-03 1.030291789989452346e-03
3.286316699556130969e-03 1.363101483297664718e-03
3.353513845864115970e-03 1.436587356536304406e-03
3.063154682808671807e-03 1.351874108484347027e-03
4.054056680098137855e-03 1.462742113086201159e-03
3.585138707763642265e-03 1.106147133232629606e-03
3.408718982292295932e-03 1.277790203222527784e-03
3.513628018750978178e-03 1.346047376769828399e-03
3.157541407003280724e-03 1.317507511750460030e-03
3.589933362725619519e-03 1.430619917931004589e-03
4.288373744359639736e-03 1.415245892998345497e-03
2.557601228790228141e-03 1.306152412399936560e-03
4.791345371435533178e-03 1.184158186598112438e-03
3.130203816963492321e-03 1.314608726733953927e-03
3.343416715490503746e-03 1.398917820908806165e-03
3.752926172923390195e-03 1.330840509476516548e-03
3.669933794724989599e-03 1.183220998849667709e-03
4.267429288315083280e-03 1.144607573743368530e-03
3.212461116255014518e-03 1.159156889357750367e-03
4.204441014996678112e-03 1.290324232749798846e-03
3.874257472553591618e-03 1.297422412708978219e-03
3.125862984132464408e-03 1.216551604233292484e-03
3.646141602346648133e-03 1.319303000443580471e-03
4.590288659260481803e-03 1.316284970121904714e-03
4.285891878858025424e-03 1.212236416164225910e-03
3.571996461378698293e-03 1.229897519482352512e-03
4.207513070533241972e-03 1.359823412795145743e-03
3.880295366475986028e-03 1.306432475268832919e-03
3.521446648446822838e-03 1.314780920194370557e-03
3.649327359509715353e-03 1.320637585348394044e-03
4.046984282394690963e-03 1.278957891458803097e-03
3.717220998402906602e-03 1.231899866017367902e-03
3.335634841883624961e-03 1.415825594972637460e-03
4.085070092949270350e-03 1.115275821596659186e-03
4.364646405858849804e-03 1.363635129310809433e-03
3.678926832742179798e-03 1.348582172665033175e-03
3.830296718849332885e-03 1.314486903847082808e-03
4.280602674688179995e-03 1.418879578176847605e-03
4.844314505823833945e-03 1.582393444371319770e-03
3.898017802790154380e-03 1.393258370821059706e-03
4.100009790749655804e-03 1.287990934043634246e-03
3.098548786283426837e-03 1.366242536283425587e-03
3.602975852178598101e-03 1.463398082131959089e-03
3.803783901899062195e-03 1.449498038306133458e-03
3.846999333113999744e-03 1.532239690024492316e-03
3.440825343548285526e-03 1.109428692990214018e-03
3.182416952892552602e-03 1.243248694820730648e-03
3.823026079028410754e-03 1.188275292462229052e-03
3.592941136363636632e-03 1.287020952380952144e-03
3.618597065444738043e-03 1.243125376934749778e-03
3.223372962879130551e-03 1.454928465220553351e-03
3.782401819542158001e-03 1.296744193971381123e-03
3.405158687727934640e-03 1.364787957914268858e-03
3.890107023115579182e-03 1.343471436544850777e-03
3.246039065427943054e-03 1.268351676320483368e-03
3.219791231167739957e-03 1.212276697255276932e-03
3.625634488051200123e-03 1.316726816280487915e-03
2.895608090979316998e-03 1.093869915017290154e-03
3.275819922101307329e-03 1.446260451225361973e-03
3.239230717596462347e-03 1.355798037248202642e-03
4.167885759482048078e-03 1.381250610301319346e-03
3.210267067340613709e-03 9.199303468938240056e-04
3.846190055325457522e-03 1.630518308600567047e-03
4.201071846092857900e-03 1.290756057909237843e-03
3.234763891452682814e-03 1.222986876800667786e-03
3.151971027920131424e-03 1.365226609180975395e-03
2.953129446088101438e-03 1.378152889311542919e-03
3.629484894941833843e-03 1.324218510611922372e-03
4.040585331595358126e-03 1.202142484419034844e-03
3.781719345410679018e-03 1.345084064552874411e-03
4.121131770227486925e-03 1.418317846672396791e-03
4.134384648900882309e-03 1.293345108084556277e-03
3.416475497569273524e-03 1.366605213349815799e-03
3.169774206784298654e-03 1.037353613844574970e-03
3.412381115332479599e-03 1.210152261789018994e-03
3.284209357152292289e-03 1.448950098910535425e-03
4.039434227100530822e-03 1.365039066323033403e-03
3.335181630390766060e-03 1.281393933402574879e-03
3.962237656242053284e-03 1.542271849846500254e-03
3.656259883318862744e-03 1.455735857466482685e-03
4.499099116399081673e-03 1.403654638683911153e-03
3.325853808853170349e-03 1.302198378905059743e-03
2.867102193506468073e-03 1.414400058831007242e-03
3.876955730386244612e-03 1.341237855246267367e-03
3.545924051305184271e-03 1.443724152519758721e-03
3.964523420341978417e-03 1.362209314512890634e-03
4.621278206302244750e-03 1.252520328150983405e-03
3.325104508649968232e-03 1.066512345205642863e-03
3.473978829908075817e-03 1.266667754760314761e-03
4.048027480490518082e-03 1.290483250186135085e-03
3.721162988925962901e-03 1.362087860928959089e-03
4.330139784345012760e-03 1.269557005089692707e-03
3.176838618856417905e-03 1.412248196138325262e-03
4.321328677355809611e-03 1.158220790292679341e-03
3.236612731332999190e-03 1.225107280793081514e-03
3.686885339791433694e-03 1.394419560024234492e-03
3.762626625241987776e-03 1.242073207055273540e-03
3.734414879514412824e-03 1.121467020866211877e-03
3.635320395622390361e-03 1.436902597817909860e-03
3.372660997625526440e-03 1.447495813503094563e-03
4.149515264497190964e-03 1.264179981224436596e-03
3.452072584962736709e-03 1.364036681967967669e-03
4.109751316456623955e-03 1.398073114031742276e-03
3.476034674325789893e-03 1.338236651485368934e-03
3.655234997384890216e-03 1.289593462993355579e-03
4.437933683597015608e-03 1.384162506195419111e-03
3.970867191666665498e-03 1.170309679151943470e-03
4.113654988892137022e-03 1.160453063616824357e-03
3.508479541020511922e-03 1.246909509918339145e-03
3.055512046347896252e-03 1.079822368821300137e-03
2.829785373427214524e-03 1.099066790651295191e-03
3.437670394249906902e-03 1.436059449092836867e-03
4.010440076692562555e-03 1.349979304830475164e-03
3.069485610620857965e-03 1.282463064958757303e-03
2.677184769742952525e-03 1.221681592156128454e-03
3.572350276670754627e-03 1.539847943405547263e-03
3.851549942383677289e-03 1.310422292078710065e-03
3.753314371879816220e-03 1.331555698272256314e-03
3.787431581153637757e-03 1.454035950085674420e-03
3.626645122389313483e-03 1.545127827127158520e-03
4.093550689163861014e-03 1.316033543871438860e-03
2.786264449597562840e-03 1.175340425980105552e-03
3.573736222755303452e-03 1.369766220367908075e-03
3.105688357395452320e-03 1.105457074681345537e-03
2.719974416129100365e-03 1.292431171037864779e-03
3.661867690868918137e-03 1.464351077706800650e-03
3.576436636775922901e-03 1.220841514500537080e-03
4.443632458938684242e-03 1.388271629658119647e-03
4.242987924030019314e-03 1.299123597029296345e-03
4.031678854650765434e-03 1.221159487061830194e-03
2.891767461822244457e-03 1.403107669679989206e-03
3.558911371724684126e-03 1.408017013888631036e-03
3.322694341522577748e-03 1.216854227086972993e-03
3.148921617162344939e-03 1.598913242203970622e-03
3.483322780425942688e-03 1.265742885024009846e-03
4.636542149252523108e-03 1.413019296208867497e-03
3.422288504917513508e-03 1.103431058414311135e-03
3.552274968051051009e-03 1.306032769238137537e-03
3.304893911988076357e-03 1.435583836034619613e-03
4.594897941612162071e-03 1.192268510892505618e-03
3.893886099214748445e-03 1.391069428248116642e-03
3.352055938041464001e-03 1.062127237665574670e-03
4.252535970582357536e-03 1.247515070843151696e-03
3.323152871323291953e-03 1.307778597200698941e-03
3.748882754831363035e-03 1.312842918061603997e-03
3.651790230673600257e-03 1.182955589112802235e-03
4.083103426885030182e-03 1.236904733843700041e-03
4.347148156813967525e-03 1.590420017431984183e-03
3.798921908516295857e-03 1.408278721426229306e-03
3.857697444675387000e-03 9.801633948161021619e-04
3.852421481853234367e-03 1.237082693244147009e-03
3.483808395008914163e-03 1.137383163756267284e-03
4.544980387951542966e-03 1.400631322194445007e-03
3.613579199655635350e-03 1.162249735996928081e-03
3.759466308140467072e-03 1.250427027992404754e-03
4.203506898357963623e-03 1.252522466123530886e-03
2.728075056536221829e-03 1.421763456078449896e-03
4.152317189407405545e-03 1.501512759327813069e-03
3.192351217388193774e-03 1.276718570628530142e-03
3.674428047767102756e-03 1.171439240753762009e-03
3.942367679470089141e-03 1.210266954171993576e-03
3.337564963384710010e-03 1.362975125830958928e-03
3.742410533757845915e-03 1.481510172861302214e-03
3.304460095487936084e-03 1.353277753320298671e-03
3.838366158157894073e-03 1.200572618832050284e-03
2.816825310510627425e-03 1.353939136742874152e-03
