2.077419137517942400e-03 1.211527642015191664e-03
1.998130623607949439e-03 1.121746535355463590e-03
3.283032649204878188e-03 1.089122472213730885e-03
2.414968720899871024e-03 1.253023350218890808e-03
3.535340449380164254e-03 9.883229668626832606e-04
2.328010994458334839e-03 1.426247439004203928e-03
1.984853197763900273e-03 9.553373496324665381e-04
2.446699162856879120e-03 7.684924433733105733e-04
3.355150667367943779e-03 8.282643612699505838e-04
2.776023672288659063e-03 1.224002151725889090e-03
2.596433469428259273e-03 7.479606903105817965e-04
3.369624244223171083e-03 9.457262145043706780e-04
2.574011836605045404e-03 7.223049126471447080e-04
3.009474961898601399e-03 1.079268029304744159e-03
2.078558141947148795e-03 9.661116340223968330e-04
1.853916168338140026e-03 1.044981371774837860e-03
2.493471976184350510e-03 9.138309590587268818e-04
2.140447603932315798e-03 9.766586521977760772e-04
2.492522053969602278e-03 8.373215151885930957e-04
3.205270503451697079e-03 1.132896677117002865e-03
2.624234537680130482e-03 1.256923739826127078e-03
3.341834788365286805e-03 1.048706949226232716e-03
2.777675394020749471e-03 1.180509584143791873e-03
2.683586122699547095e-03 1.039357382634095500e-03
2.325696986687938311e-03 1.007141259240194441e-03
2.373134277806501595e-03 1.069711726875918712e-03
2.500746939053673668e-03 8.841600177085214354e-04
2.841785094481062181e-03 1.019599593269881078e-03
2.318402956668489442e-03 9.694625255553503606e-04
2.891374823215746813e-03 1.130043712827544233e-03
2.143165462350314111e-03 8.267111279178259017e-04
3.325628184324204081e-03 9.827377771288775456e-04
2.033204914742696347e-03 1.026817773295432860e-03
2.040738916947249740e-03 9.509016109605533977e-04
2.366676463462776686e-03 1.265411844618079392e-03
2.988182914046121161e-03 8.315707799145302106e-04
2.979329589427531268e-03 1.143661983558402501e-03
2.151918293087576838e-03 9.657005129863231252e-04
2.527591374908753821e-03 9.122343962645838031e-04
2.117186768561507473e-03 1.220677278027261243e-03
2.634541343658027175e-03 1.001066458846009474e-03
2.760157456519098194e-03 1.313933389787957104e-03
2.496766540503286749e-03 1.171935121769665565e-03
2.512429782588377399e-03 1.002680833173784022e-03
2.544535632592353179e-03 1.156502060347167375e-03
3.598340951959297200e-03 1.109656599257971251e-03
1.600448886723503409e-03 1.018214473768038397e-03
2.226483985506505850e-03 9.994655620501678543e-04
2.380173983521003105e-03 8.476908090249256214e-04
3.820155056330579949e-03 1.329181756713250246e-03
2.151035132158310697e-03 1.164813005326808442e-03
2.804685615455780861e-03 8.000825870589441287e-04
2.331370036291104380e-03 1.057974185136271918e-03
2.266061285123111523e-03 1.065743876575145441e-03
2.823692412529183599e-03 8.449524412448114648e-04
1.702383487503710165e-03 9.690789450786324935e-04
2.060830082074859536e-03 1.154151411071142582e-03
1.955829757829056961e-03 9.918770923878813661e-04
2.223058072076298033e-03 1.003068191836776471e-03
3.652776843408684412e-03 1.066107196116085993e-03
2.646249095868539059e-03 9.739619126015261084e-04
2.308854992204863784e-03 8.371752282874623998e-04
2.752201300664457000e-03 9.788533208664768493e-04
2.951927923756087705e-03 9.540390502521028850e-04
1.501141434157052647e-03 9.952970687602492525e-04
2.304271985719017792e-03 1.085566201394752702e-03
2.685957149050947467e-03 9.437918352411969834e-04
2.771975904432026107e-03 9.397068818940552916e-04
3.168214727402189190e-03 1.320535652647288711e-03
1.924656829572067357e-03 8.279472359039893696e-04
2.100466889396660538e-03 1.023428956176035323e-03
2.543945552066818189e-03 1.381289722645847413e-03
2.101377859484181067e-03 1.138109926353482416e-03
3.364508629821535632e-03 1.356186103388954626e-03
3.503261598325872923e-03 9.329498131053128723e-04
2.755533176048863102e-03 1.510891918053127543e-03
2.447737919857680220e-03 1.093478386162989547e-03
3.537965938701182877e-03 7.902269080889380223e-04
2.913087916011505765e-03 9.156632494805082376e-04
2.237150057206480688e-03 1.091579321697160303e-03
2.229798413691511452e-03 1.051951416163754253e-03
2.238253505349039902e-03 1.300268061068234494e-03
3.174610004021138909e-03 8.363243778351815965e-04
2.377535883150747043e-03 1.171363707540359986e-03
3.135853427802957200e-03 9.451806141708068770e-04
2.807310724457478743e-03 9.692258709797800433e-04
2.550910454275499145e-03 9.020173454587181302e-04
2.398364694686112939e-03 1.312282212910533073e-03
2.782644651692707961e-03 1.123602985026042091e-03
2.213476225296405909e-03 1.169249457378953314e-03
2.620522111652471686e-03 1.103700896254547568e-03
2.406857860214923692e-03 9.572313548709531633e-04
2.828508685765096162e-03 1.283666836824565085e-03
2.127368168900696088e-03 1.138759056190863633e-03
2.176828750272670390e-03 9.942920485571211334e-04
2.243639619789881273e-03 1.445096856007062423e-03
2.537578181789983209e-03 1.381221865796570039e-03
2.943862415762656289e-03 1.215933729865219899e-03
1.774886792854331059e-03 1.095092445875773786e-03
2.491916975049654568e-03 9.719806724137697394e-04
2.126937799252997738e-03 1.077863792032781893e-03
1.655510641922613600e-03 8.388520925829367168e-04
2.765240224607138850e-03 7.966982603214247706e-04
2.073314821023683214e-03 9.940192352442952465e-04
2.493654339968200823e-03 9.955060306444695525e-04
2.847045475763599828e-03 9.721818224897907064e-04
2.724919203492811269e-03 9.499158486274416084e-04
2.409889161123095029e-03 9.618128054994114608e-04
3.090039084483315029e-03 8.285383644890742050e-04
1.932682781096945390e-03 1.084039335422901443e-03
2.399441484253220409e-03 9.876074645257448478e-04
3.241375181823415164e-03 1.020245221069131887e-03
2.740486640077425835e-03 8.370821307936064746e-04
3.095251481809680513e-03 1.045547224800041832e-03
2.024869193391229567e-03 1.083969828501733313e-03
2.561292226275095618e-03 1.165693118373652224e-03
2.642978184252923069e-03 1.219278328331747496e-03
2.737681530873056074e-03 1.030995810117362127e-03
2.210291069103157736e-03 7.457975845934168352e-04
2.779647539750493106e-03 9.846082007518937220e-04
3.570322839749721488e-03 9.246224824675477365e-04
2.952540023833619132e-03 1.137134038354153335e-03
2.384905135506700576e-03 1.078721439115883996e-03
3.542155579157091165e-03 1.038383635760864671e-03
3.295040528429783386e-03 1.068096745834426920e-03
2.573361401717486237e-03 7.889985363010499665e-04
2.729203125652329611e-03 9.538129346412941093e-04
2.629850327486295443e-03 1.067047784285465786e-03
3.303869032077900742e-03 1.001238776344375503e-03
1.976871750698981980e-03 9.039312497989421269e-04
3.441092651675564836e-03 1.082003398428811429e-03
1.913930408585932550e-03 1.073547025118909556e-03
2.910530610974582273e-03 1.099511779805753672e-03
2.712387116261533952e-03 9.702070374388271608e-04
2.219698326929902838e-03 1.022683676126638543e-03
2.903317774509128150e-03 8.459654415292765283e-04
2.305407565014305077e-03 9.671470279323392911e-04
2.937348486464809623e-03 1.101072332690410842e-03
2.731300388796000476e-03 1.161576301494412870e-03
2.294670682619490403e-03 9.934361878876894498e-04
2.507290438978643492e-03 1.024950830082939400e-03
2.719212726086956116e-03 1.011243064556961767e-03
1.951838573177069837e-03 9.069016443651408852e-04
2.684441347645194834e-03 8.301298619108220993e-04
2.009772154570074135e-03 1.037372916391035701e-03
2.175064925475482698e-03 9.546153431864286233e-04
2.406930389131915760e-03 9.633096167066665036e-04
3.590537271531887668e-03 9.047116028528531329e-04
2.856103159072371188e-03 1.042694682642397296e-03
3.244316914889988981e-03 1.242695169362682773e-03
4.581870226525325447e-03 1.146467346999850484e-03
2.047662967366198437e-03 9.712226876534139127e-04
2.970891358406935884e-03 1.016600739299457256e-03
3.716402087881664779e-03 1.217752363594922730e-03
2.531625050827524936e-03 9.528623147470733062e-04
3.407479770565936296e-03 1.291864572519636507e-03
3.163313737777466352e-03 9.610162756886417041e-04
1.930449538804381851e-03 1.083339771981927822e-03
3.113918835585552814e-03 1.111374544928114176e-03
3.073281076200669662e-03 9.625873824129787702e-04
2.723414077572354746e-03 1.027386895485435728e-03
2.523981665780788367e-03 1.049151374326346732e-03
3.453357762400045220e-03 1.101235831018798151e-03
3.108601153781997452e-03 8.570127737070298542e-04
2.007453541224785663e-03 9.559609854075681000e-04
2.631413039606552394e-03 1.336417242357444994e-03
3.039804650748953539e-03 1.455029927161728513e-03
3.399288313265604738e-03 1.097476727415048993e-03
1.892946066267968061e-03 1.090159630097756356e-03
2.194266385024987859e-03 1.048457332829332705e-03
2.979173818223605514e-03 1.005216640804250773e-03
2.179874894829203838e-03 1.099185845947052561e-03
2.797124226729964889e-03 1.258553994680310919e-03
2.129689855175688658e-03 9.814007722348200378e-04
2.086888355756165696e-03 1.087264891602521743e-03
3.776067200443090216e-03 1.237594557109133412e-03
2.170448575205917354e-03 8.955027943559432796e-04
3.085147572306609545e-03 1.058204883752074648e-03
3.679331620843362492e-03 9.625062469515724894e-04
3.325876378262077222e-03 9.197788588701254122e-04
3.850256940104165772e-03 1.353101186135912889e-03
2.550536977998198868e-03 8.623639891678774871e-04
1.837441500740224663e-03 9.939426112590590400e-04
3.086339301905333642e-03 8.044395235008222275e-04
2.141464195801439339e-03 7.583598888858949106e-04
2.512473641041959842e-03 9.224112573080505599e-04
2.819484558823528390e-03 6.619632812500002902e-04
2.908737224333610063e-03 1.254725008424520350e-03
1.819080396618112747e-03 1.083414955305127747e-03
2.558315789055611456e-03 1.008352373262636848e-03
2.648750030209632601e-03 9.173364783143725257e-04
2.244213641093292712e-03 8.545689326393105011e-04
2.428498648333245885e-03 1.038793226914495969e-03
3.105553226542486205e-03 9.687873932091522295e-04
2.476880674807073815e-03 1.083996035010184470e-03
2.842932298163979021e-03 1.077605826899022054e-03
1.863647028158102546e-03 1.073295541722710028e-03
3.098426987198814493e-03 1.139291112474122855e-03
2.442293247897337101e-03 1.142330716350065199e-03
2.911465505728167476e-03 8.277921663561874435e-04
2.971498055379421469e-03 9.357959077690170815e-04
2.449400641730769233e-03 9.886377120064005625e-04
2.936051202716390834e-03 8.903717213226601751e-04
2.778072056555852803e-03 1.075284646838542716e-03
2.208738155143458431e-03 9.302662553024416362e-04
2.165973713907617341e-03 9.166758182847208405e-04
2.861504552726100090e-03 9.658500495126228196e-04
3.117191883112986443e-03 1.059432023944203516e-03
1.954821515051901985e-03 8.640104207612457404e-04
3.198865444196811233e-03 9.772220608461853249e-04
3.203503470968843258e-03 1.473065485578609187e-03
3.313713176974610996e-03 9.129377813867156979e-04
2.336845079737589516e-03 1.060182437006473985e-03
2.495666216586756893e-03 1.213417892917806372e-03
1.908895102108790470e-03 1.336871207874134899e-03
3.151180196005916746e-03 1.176629017113701948e-03
2.759417247239387069e-03 8.544447316559512047e-04
2.514639636587040396e-03 1.194366702027117302e-03
2.346634873372779699e-03 1.254465635955055941e-03
2.170161210135712528e-03 8.768280264671298807e-04
1.657282758771517995e-03 7.819240927482218936e-04
2.509137450926504295e-03 9.146657235031406975e-04
2.110172049122806953e-03 1.298215625806450847e-03
2.491061938565270785e-03 9.051842392419405612e-04
2.587362307647414223e-03 7.868833017814057945e-04
2.461709192767025291e-03 1.047664290785902752e-03
1.946864329268292509e-03 9.181931818181820202e-04
2.161666407302858563e-03 1.126035840206486257e-03
2.094347050022832106e-03 8.156952553987855238e-04
2.367771349809556607e-03 9.011103575543618748e-04
2.615283854921593952e-03 1.038848732953029635e-03
2.777474512856321909e-03 8.541646694558746632e-04
2.492874137931034174e-03 1.073577343750000291e-03
3.283407388256532732e-03 9.516991018590311617e-04
2.021480774374310747e-03 9.099805117124645142e-04
2.331324545906926071e-03 9.532593429277166344e-04
2.928451362615239802e-03 9.725973044393724327e-04
2.246933501446764757e-03 1.073881687370153472e-03
2.644974271701464735e-03 1.058246744508203017e-03
2.645426163815512571e-03 9.056507059400552501e-04
2.622008312196082679e-03 9.856199923736193389e-04
2.634871967813771400e-03 1.011849845199542727e-03
2.945262148282461103e-03 1.267159927922176504e-03
2.664258747851862980e-03 1.089018951116909380e-03
2.770268458776261114e-03 8.443352683598732630e-04
3.573136702823690499e-03 8.730241345176798949e-04
3.043376644736841153e-03 1.252060096153846322e-03
2.231678359988842515e-03 8.942415786215251973e-04
2.312637839433293908e-03 8.358838711793254491e-04
3.010223532647129767e-03 8.866023151723163116e-04
1.723588092378393853e-03 9.687939881395466607e-04
3.286010845965617235e-03 1.014809259772481717e-03
1.474696672853607199e-03 9.263312195615614961e-04
2.922463520833775124e-03 1.040964324793013573e-03
2.647834221981913705e-03 1.123156431446769741e-03
2.934880490421167606e-03 8.214763493168725401e-04
3.227682098196349436e-03 1.053686135553189192e-03
2.579064790039757409e-03 8.729224295753627372e-04
2.450955123212758893e-03 1.081077615537753963e-03
2.344525545342103588e-03 1.096903600897659739e-03
2.178704970369228604e-03 1.183246804337799917e-03
1.663892536951266151e-03 1.064389200114692182e-03
3.315071099045520213e-03 8.989500763182478680e-04
1.953092279167966761e-03 1.028972230218802965e-03
2.541855919371500787e-03 1.298925632888871771e-03
2.982136574968020058e-03 1.083306458365167462e-03
2.529271306409888818e-03 1.099320679209183239e-03
2.290785769491948936e-03 8.677396068105239961e-04
2.298906766776844576e-03 1.010730296188607977e-03
1.588305288459842092e-03 1.228090406822491751e-03
2.383110708406687393e-03 9.165001739182937176e-04
2.745400220167963558e-03 1.043914060494304614e-03
3.183464680556497874e-03 1.352659167793399814e-03
1.673141885129561177e-03 1.070638054252791771e-03
2.878933574319630668e-03 9.187701236154050899e-04
3.478118226506328112e-03 1.041143376366852847e-03
2.272524637852381749e-03 1.163670354894983522e-03
2.458466509100707201e-03 8.283771588676070450e-04
3.131607343147021442e-03 1.088287893015072762e-03
2.506146426726075377e-03 1.024111601876594863e-03
2.844289575132982317e-03 9.341859376798202115e-04
2.933822961219881460e-03 9.683752020302552072e-04
3.069187193067896870e-03 8.906427340464424195e-04
2.436438110019918061e-03 1.037172969576486640e-03
1.925597196057174864e-03 9.555274934044246998e-04
2.982476712117485169e-03 1.106482399948172449e-03
2.461432692927836147e-03 9.043917158357368726e-04
3.049229241140816605e-03 1.024577975226856341e-03
2.935021041624625519e-03 1.109222887243994189e-03
1.517622453874390483e-03 1.172250999113256219e-03
2.685472571182731701e-03 1.063656632954294726e-03
2.376476656000000177e-03 1.004325886769230451e-03
2.464930869216577780e-03 9.222386919710099263e-04
3.605496851175662206e-03 8.829497120493575791e-04
3.388647009570223793e-03 1.377318758775732555e-03
2.127673703859602611e-03 1.025647388070128523e-03
2.039270170433764903e-03 9.770448508963336907e-04
3.140948559703751405e-03 1.002674381699215911e-03
2.593576205341585530e-03 8.726515646926647028e-04
2.309484918592971756e-03 1.176174633412982104e-03
3.433397933681332261e-03 1.102217828660205078e-03
2.903722584264694859e-03 1.090323728551693830e-03
1.605234485821238144e-03 1.132963540771631753e-03
2.709974141400721404e-03 1.480334905710724552e-03
3.709288103582298810e-03 1.165962884728329431e-03
2.359378552608971252e-03 1.276852901043996555e-03
3.120201255957382857e-03 1.461004433384939386e-03
2.569784204065034272e-03 1.000928245631670273e-03
2.521046767509202337e-03 1.258131501642994077e-03
2.860160116047047452e-03 9.487948678200984259e-04
1.893761532293652614e-03 1.285946169328730992e-03
2.976326184576602758e-03 1.061860507909433669e-03
2.304147736360903122e-03 1.079905539275013895e-03
2.570058862355776696e-03 9.194864702388906444e-04
2.069584638741309591e-03 1.188677967604869455e-03
2.182458532599346104e-03 1.322890385320321400e-03
2.996418194193738605e-03 1.214056435704990783e-03
2.702738228683147174e-03 1.069642520663097044e-03
1.912351167032813430e-03 9.968809879045813921e-04
2.782035726644671494e-03 1.019877406627627166e-03
2.204056105351352018e-03 9.554957785571963590e-04
2.750646144941536458e-03 8.616788059221735597e-04
3.155861484974270634e-03 9.010705257365049124e-04
2.732799476482386265e-03 1.052915272628431086e-03
2.654679793476768732e-03 8.473040420334031295e-04
2.839952939610879742e-03 8.086047545883077309e-04
3.382440906591574394e-03 9.072989269857318403e-04
2.423411684782608537e-03 1.022465544871794781e-03
3.387238011638574100e-03 1.310037107721601394e-03
2.734994312845959782e-03 9.467132176524921264e-04
2.922040688195120996e-03 1.155571175999999933e-03
2.497448390696414226e-03 1.164962068670076425e-03
3.270680148771220371e-03 1.309696017618123274e-03
2.204428279582085811e-03 9.888308616865897072e-04
2.134676889112434566e-03 1.097767628724961560e-03
1.773828660438092316e-03 1.273543316507026995e-03
3.694198790831849325e-03 9.294138702662088419e-04
2.437125219336761048e-03 1.140331292272264404e-03
2.105649658233570750e-03 9.775947370458870286e-04
2.199849043562044412e-03 1.188567987661422664e-03
1.803455915610982030e-03 9.086664694249825319e-04
3.095901514183090064e-03 1.135967618542968027e-03
2.317579017404356768e-03 8.260272691526089573e-04
2.905176425374689231e-03 1.149817485245239633e-03
3.149318157067279231e-03 8.262214531547960525e-04
3.185597185781301448e-03 1.117395387644408520e-03
2.972523777497721072e-03 9.790035217809368081e-04
2.554141693668711237e-03 1.046104219382789453e-03
2.858878995338699509e-03 1.322693397562137944e-03
3.161628044756841557e-03 1.295972135586612953e-03
2.435893263531657606e-03 1.028972309615870011e-03
2.618395827513413619e-03 9.837608843315968563e-04
2.642786112077967833e-03 1.127690882522730011e-03
1.818361477605227395e-03 9.348489418705239074e-04
2.855938547756679997e-03 9.172514561913304833e-04
1.937617937545308517e-03 9.794422549957390069e-04
2.159719484820844543e-03 8.342165710679313702e-04
2.970856669685655472e-03 1.157165357207534748e-03
3.448884147429236938e-03 1.005020603916505261e-03
2.329485307329963624e-03 1.209333646988407012e-03
3.212610367428017557e-03 8.026590975867494999e-04
2.223180154837228924e-03 8.297717536612897156e-04
3.180826776355834534e-03 9.896669523249811834e-04
2.221211585107369085e-03 7.380594097048351647e-04
1.930685117613617973e-03 8.530059690040119004e-04
2.582895032202304608e-03 8.201318948766678696e-04
2.324252790722713177e-03 1.135912155961446655e-03
3.432362724130113077e-03 7.352978231037211312e-04
2.219862502898502753e-03 1.188569546549297787e-03
2.519462681142856618e-03 9.131795973711050217e-04
3.203524804922509416e-03 1.153443451853339990e-03
2.275857201699618866e-03 8.912690296566073370e-04
1.623188802197631257e-03 1.046798294294794957e-03
3.527261008870029562e-03 1.193926548176999121e-03
2.487034742871922343e-03 1.058853849667159555e-03
3.255958202310782045e-03 9.738478836833316032e-04
2.207326821495594546e-03 9.144040107126273544e-04
2.511515334943188824e-03 9.252890366465544268e-04
2.961151850748092174e-03 1.066669679242047714e-03
3.194051992060506495e-03 1.067446296486456369e-03
3.090576356749311776e-03 8.088333913813456396e-04
2.256743892893093087e-03 1.544098339646559400e-03
2.504848883289699252e-03 9.167574804914665251e-04
2.999690327401431222e-03 8.956804662903189006e-04
3.040025879232828489e-03 1.101688860002060424e-03
2.795453601821668715e-03 1.334284284066413438e-03
3.307846179470486352e-03 8.478032727244542944e-04
2.895364118160262488e-03 1.095272291864003884e-03
1.909164941140958005e-03 9.802885565622994520e-04
2.620960656672641047e-03 9.730061956712168607e-04
2.258133596887803348e-03 1.088233629578226223e-03
3.011051776644610867e-03 9.694259837421591265e-04
3.674859670561291761e-03 8.147926552052166347e-04
2.438094160911493790e-03 9.740382552614226634e-04
2.587812279768977614e-03 1.084277044869650557e-03
3.230088862031696342e-03 1.142594539507936621e-03
2.220264465424938612e-03 1.120360665161377299e-03
1.983522524722687759e-03 8.182675121913599806e-04
3.593291828367343229e-03 1.055258050398325377e-03
2.579204754222561013e-03 8.344437336622121792e-04
2.633161167769771781e-03 1.284664004418284563e-03
3.025645090922310463e-03 7.534223804921876813e-04
2.180607443336474074e-03 8.616354329409781250e-04
2.722198261462885956e-03 1.012116662891480827e-03
1.981786894922671263e-03 9.053102317574053580e-04
2.308913481959008404e-03 7.331982527437786064e-04
2.292234627267569682e-03 1.198696112987259919e-03
2.201929322449283893e-03 1.027447510843138749e-03
3.499213010204082087e-03 1.112356292517007253e-03
2.929725925374717602e-03 9.175870459180122127e-04
2.192791521958537514e-03 1.011016061471312847e-03
3.112698157391894337e-03 8.553643542558474807e-04
2.742901661353579820e-03 9.897682200211760026e-04
3.131829495713786462e-03 1.090366871684452432e-03
2.701603859850095542e-03 1.145319758295911200e-03
3.114126705325201503e-03 9.675158300254424297e-04
3.520670542115512686e-03 1.092695296596824872e-03
2.412648274262302849e-03 1.044626576810818398e-03
3.263412588776284495e-03 1.026989124632823229e-03
1.878578770649063550e-03 7.956901220004144841e-04
3.268331321473142131e-03 1.417562776849381730e-03
2.147203855399090408e-03 1.095548429867176368e-03
3.375295757053641509e-03 8.965732165791897050e-04
3.517980166291761589e-03 1.003813149485039899e-03
2.110721700692444035e-03 9.226728724612442327e-04
3.311278167597203441e-03 1.064000878864809112e-03
2.349639255377508357e-03 8.231667650119600969e-04
2.719815701493444489e-03 1.059027486743607804e-03
2.275635078327455443e-03 1.269822227696319143e-03
2.764691017259215001e-03 1.035345948375050815e-03
1.868082352509845391e-03 9.433063583587266831e-04
2.705606017127096773e-03 8.447683666364558686e-04
1.544544358734917765e-03 9.836972868929030542e-04
2.466998739034774544e-03 7.931372485709181543e-04
3.572984328496480420e-03 9.910718358568234784e-04
3.532590853956291480e-03 1.296269398116677929e-03
2.174729573994755184e-03 8.984251319321136763e-04
3.042008139418518522e-03 7.958957911008124851e-04
3.091612910754468896e-03 1.316622475721337254e-03
1.972938931002299594e-03 1.504455101409995013e-03
2.152478098165694527e-03 9.061002104366209977e-04
3.104125441298026013e-03 9.961760686848248475e-04
2.408712381793607065e-03 1.087242363982404963e-03
2.429695231742337071e-03 1.000064719952129108e-03
2.685848711579420615e-03 8.126107628614723027e-04
2.465597253638336390e-03 1.035901817238410504e-03
2.092834204831049271e-03 1.150078605103652856e-03
2.709109665366897339e-03 9.074027467719940386e-04
3.747891575041481169e-03 1.232122623085698913e-03
2.567024385227201482e-03 9.302907798538080078e-04
2.919328593766945881e-03 1.135888443255206022e-03
2.204062231517312821e-03 8.716450021949106964e-04
2.326421454255734982e-03 1.028624934914861575e-03
3.027319332228869952e-03 1.169596048754369209e-03
2.799055909065933153e-03 1.007696736006289317e-03
1.993539839801075370e-03 8.992080302385673744e-04
2.323312046009369611e-03 7.588962703084363394e-04
2.080008977372511860e-03 1.057436093259323147e-03
1.554107221333033599e-03 9.081608070186790753e-04
1.563346838794277488e-03 8.954805776666815639e-04
2.955459336145034241e-03 8.275454708366016465e-04
2.514171290817446020e-03 1.096805002079727191e-03
3.353126945994809073e-03 9.851247961176578909e-04
2.430361661415332032e-03 1.142856364805163111e-03
2.942614902600303606e-03 9.971972371174192464e-04
2.981549840013407362e-03 1.041239781662877447e-03
2.010507188839775767e-03 8.907736474240239826e-04
2.561170470180187519e-03 9.687357668544134938e-04
2.567315800819846335e-03 1.006693285720212374e-03
3.000714763580113013e-03 8.819270155507576365e-04
2.656631453456597802e-03 1.308511625870391803e-03
4.049932943361242432e-03 1.042176936713570552e-03
2.925373953650079253e-03 1.019746784009185024e-03
3.019489997105550237e-03 1.111872991262907338e-03
2.533162444404476587e-03 1.002026383798417138e-03
2.651266832812503201e-03 9.581074931232373736e-04
2.970852749688644885e-03 9.660273208965146005e-04
2.641845878804741088e-03 1.079832350211959230e-03
3.132093059694577696e-03 9.059913456831240322e-04
1.810059927997097499e-03 8.083204822993863680e-04
2.003412459449382173e-03 1.072377422034178664e-03
1.801459115828110170e-03 1.247195005658619611e-03
2.397371074946976714e-03 9.609603898336423243e-04
3.527410511261760279e-03 1.279437186100004353e-03
2.711890945369924491e-03 9.750964843075213360e-04
2.602495756136249776e-03 9.695777235639827137e-04
2.282980876267323451e-03 9.187570905166232487e-04
3.278548450607427292e-03 9.317748630705722721e-04
3.330390062325513153e-03 9.767428661582942383e-04
2.204994721217361925e-03 1.374842410611302589e-03
2.703298862862179089e-03 1.006153664588642664e-03
2.470558433676429706e-03 1.100793947422430523e-03
2.028524608810179652e-03 8.363793138300175791e-04
2.551352807053925646e-03 9.081444713208535998e-04
2.606414813580246181e-03 8.571425334876544167e-04
3.406721001826172601e-03 7.538271283457670564e-04
2.925942565516019382e-03 1.113599217065527934e-03
3.139387868724452611e-03 1.108543877297750750e-03
2.431256100878592501e-03 1.303848878988640367e-03
2.773155590624079830e-03 9.114203704982932032e-04
3.429036476713134135e-03 1.118875079654310569e-03
1.953474788183575880e-03 1.115099805003868507e-03
2.000433558898195765e-03 1.124398004336478636e-03
1.860548804939140578e-03 1.033751041172851874e-03
2.466189305607686434e-03 7.832350751810008204e-04
2.756583457131593379e-03 1.140372693755031244e-03
2.546382928722109879e-03 9.511050736611665170e-04
2.471281089358128621e-03 1.383997722320717220e-03
3.350912820603863668e-03 9.299007961775110701e-04
2.723490033096312435e-03 9.352362421127053066e-04
2.873584336138194310e-03 9.872327088831986657e-04
1.853008607719210631e-03 1.227323817078816281e-03
2.749313057314376526e-03 1.126726014239228489e-03
2.173110946533710151e-03 1.198522929385620805e-03
2.151774758039274107e-03 7.404198600800907795e-04
2.378931387365340686e-03 8.828863873653415616e-04
2.495037090809747605e-03 8.635319710391672161e-04
2.763366718154696474e-03 7.319974620127477939e-04
2.052618099203345169e-03 9.789591936353687560e-04
3.038580186251224440e-03 9.832913430581433772e-04
2.860627223796849243e-03 1.015628802963764246e-03
2.672856833637698732e-03 1.276401203760327762e-03
3.917845972564446173e-03 8.980800066986945442e-04
3.310472659766101194e-03 1.043872522374430546e-03
2.149323861194461522e-03 1.056365454041649629e-03
3.028741977056596379e-03 9.832767007604589337e-04
2.436829662209989266e-03 1.030441492001907093e-03
2.266472408405554445e-03 1.060636429757147187e-03
1.963171261809593202e-03 1.044186976336050751e-03
2.570050724474325955e-03 9.975766390367957204e-04
2.393219757667322794e-03 1.202363286010692473e-03
3.269263784466447213e-03 1.230107551042185872e-03
3.692119986513751981e-03 1.015148641748405941e-03
3.062016216090045900e-03 1.171157656725913378e-03
2.841215522490363708e-03 1.053835149109988390e-03
3.814687925630205496e-03 1.179137605800781741e-03
2.846481564261626671e-03 9.193528747693010660e-04
2.641341783423564911e-03 1.202310783655184635e-03
3.052007109536670777e-03 1.169185150362236220e-03
2.963959559003831457e-03 1.106673701932366690e-03
2.736544420876834728e-03 7.898430135816187194e-04
3.348417658108835890e-03 1.372133102076488961e-03
1.770308705853458750e-03 9.373943930630454675e-04
2.505904261321618195e-03 8.500504877367125438e-04
2.948516340611315178e-03 1.120594639592601685e-03
3.073568694854561956e-03 9.752118531571275437e-04
2.990661911720673277e-03 9.632128313023541766e-04
3.720701223225543388e-03 8.697385620455785893e-04
2.934535414478720277e-03 1.141385306418716541e-03
2.356564671286852288e-03 9.350770408904481240e-04
2.041016196356491060e-03 1.217880693730835542e-03
1.603257015212983944e-03 1.125727200874997820e-03
2.245016473705609746e-03 1.476183505869351669e-03
2.033524871506747073e-03 1.074558867463620447e-03
2.978232405693326517e-03 9.667135219992872321e-04
2.532851954387788877e-03 9.934396428901435053e-04
2.563999244822064063e-03 1.163774124164053403e-03
2.375390432592974256e-03 8.607985973122681900e-04
2.876128427943690398e-03 9.384768688929187065e-04
3.283020569615187258e-03 1.070448118522798232e-03
3.445879419443559095e-03 1.061213348014987141e-03
2.707688941546174989e-03 1.361466188902227823e-03
3.363184285819542478e-03 1.255512167240446396e-03
3.231916379958765448e-03 1.560635302293324807e-03
2.161275032359466931e-03 9.902738304363898573e-04
2.730108011509933819e-03 1.070186225961427835e-03
1.738127772902198090e-03 1.018281910833232409e-03
1.964169969059629834e-03 1.013156511247245142e-03
2.828890952852923871e-03 1.283815021480374987e-03
2.683156391331514411e-03 1.161851050655285508e-03
2.379653695072670230e-03 7.882380652723631684e-04
2.582283182271251799e-03 1.074744673563869483e-03
2.433585880012815051e-03 1.102973312663953469e-03
2.222197287614459133e-03 9.380013241197603753e-04
2.223179348029857578e-03 1.281225825958899568e-03
2.574063813880545989e-03 9.186701544926824392e-04
2.392499666784730483e-03 8.804245399549481431e-04
2.873490885815001891e-03 1.126666273411902619e-03
2.521548783905485421e-03 1.270504232511757235e-03
2.528647962325516335e-03 1.105798109363908838e-03
3.280784483637755409e-03 1.160037944032456638e-03
3.743139540327210420e-03 1.106956169483592611e-03
3.562921367065586837e-03 1.008649753340685974e-03
1.916005490418547924e-03 9.093375721049766448e-04
2.724876918005540282e-03 9.960955712563141808e-04
2.328897111891664248e-03 1.096328963615737480e-03
2.699789135367814796e-03 1.232711034400993822e-03
2.672139331309483345e-03 1.175784857936166151e-03
2.080716009622210396e-03 1.078554434236242898e-03
3.298873116716361312e-03 1.018713617820883946e-03
2.424345167241543156e-03 9.777529180850649208e-04
3.022270351444435697e-03 8.594538165176186404e-04
3.322478407347116344e-03 1.316092920334129912e-03
2.460701970019377790e-03 8.584335237658186112e-04
2.773930261477714886e-03 1.515892180195602817e-03
2.201639967314465533e-03 9.720353619364308041e-04
3.156341487051980352e-03 1.136010238625099946e-03
2.558258215011361900e-03 1.073283288499605678e-03
2.269958650230862948e-03 9.115923538798259649e-04
3.408488222879543263e-03 1.510050491623458934e-03
2.836669233231734269e-03 1.166811212154451795e-03
3.249558222798922587e-03 1.082639298650316323e-03
2.344912263839800479e-03 9.626676443679243111e-04
2.557069490924709660e-03 9.322305409140285585e-04
3.552302632601190852e-03 1.288047828730043204e-03
4.092839180847889641e-03 9.275796787554967853e-04
2.427415484907453208e-03 1.117207255425522582e-03
2.290994636231322591e-03 9.713824168422917132e-04
2.695005882643865432e-03 1.459371352285975887e-03
2.657257984451216835e-03 1.031347248425079719e-03
2.551592087621012538e-03 9.232757345610086847e-04
2.457047244340575514e-03 1.097505287706604339e-03
2.708948389110860371e-03 8.149394249264774528e-04
2.779855980803960964e-03 9.684389327752223643e-04
2.115473965818404946e-03 8.578641938129601043e-04
3.619385850480110085e-03 9.240102850039190767e-04
2.517686567014457838e-03 9.959435277005033050e-04
2.375466113861717053e-03 8.802114841385921644e-04
2.976318319719506444e-03 9.550822462885064090e-04
3.246105294110361496e-03 9.066723055057214920e-04
2.739068276114254175e-03 1.003794516851330742e-03
2.734310807854487078e-03 8.911303688056952535e-04
2.801305946623043434e-03 8.883681158322592059e-04
2.269424315620765555e-03 7.825523491865308710e-04
1.653245548851193245e-03 9.413019324037097619e-04
2.183858591584781489e-03 9.769053602922644734e-04
3.192708572050087252e-03 1.020472991082686104e-03
3.147759737844669451e-03 1.156071751964271284e-03
4.237089914043574643e-03 1.044726449636071376e-03
2.615676703636858353e-03 9.540372478545460508e-04
2.669763513361315607e-03 1.178634378022970584e-03
2.753029231306973294e-03 8.537828297918216049e-04
3.809931776105440673e-03 9.582817322457933603e-04
1.951317254093194991e-03 1.304491087336694154e-03
2.913853293733909694e-03 9.694397900350367392e-04
2.591116421686467507e-03 1.056513442369861472e-03
2.737876522754209910e-03 1.114677527506888546e-03
3.854827311722529206e-03 7.723586274428222067e-04
2.420347121467363721e-03 9.586924461426886857e-04
2.394410239853710706e-03 1.039400249237163246e-03
2.483591150449714589e-03 1.285868370708843087e-03
1.981438169685860277e-03 9.392796805300886653e-04
2.305317402582807238e-03 1.476202377115913176e-03
2.875178690382384876e-03 1.063470471507773534e-03
2.916762705745523047e-03 8.723307660738942532e-04
1.914740895427770621e-03 9.416427622813833276e-04
2.559390741983278133e-03 8.704211596588222076e-04
2.407255385487529122e-03 9.979122453043338080e-04
2.192949964420566437e-03 1.072043662337232757e-03
3.617808705555290542e-03 8.808650226070762488e-04
2.093390974363347479e-03 9.683039740199161569e-04
3.309338399280815652e-03 1.148436142336371930e-03
2.645249816102879844e-03 1.138237285085509946e-03
2.408406919331821695e-03 8.707790845322133880e-04
2.866935547660162589e-03 1.081323214145619776e-03
2.376348044702292998e-03 1.024406274615979537e-03
3.658429063523558310e-03 1.121557588355207892e-03
2.389103802650573670e-03 7.967197701949698535e-04
3.207190819347969634e-03 1.325452234641043107e-03
3.628540578090739318e-03 1.198239879332976690e-03
2.843176012440864521e-03 9.695908572178903043e-04
3.528923775992438925e-03 1.120918150992439299e-03
2.155514234418089408e-03 9.861323213401331292e-04
2.641305408200522471e-03 9.022519283020528132e-04
2.364709090844439171e-03 1.177141200936181360e-03
3.202738604485403252e-03 1.278324454157816125e-03
3.439736852312071710e-03 1.298256519300487613e-03
3.002152897762298649e-03 8.825206179758401243e-04
1.964693690945722507e-03 8.234170149743572651e-04
3.051433677399160299e-03 8.520493533898362880e-04
2.599862326354867702e-03 8.013621578912555332e-04
2.669188681523443872e-03 9.060496498842702303e-04
2.797300526819923149e-03 1.053589187523700952e-03
1.891622830218065441e-03 1.366743487106414790e-03
2.289829631721463071e-03 9.203645689419654927e-04
2.219260196228134679e-03 1.098722640621285296e-03
3.064099914295907463e-03 9.111789375092612048e-04
2.218968793293780908e-03 9.554386755226884284e-04
2.553503042226139622e-03 8.716220284111632442e-04
2.775661317467269500e-03 9.318151232500684715e-04
3.028270776530980583e-03 1.079474887826661986e-03
3.164816599394836266e-03 1.250666887364810858e-03
2.300287153829633311e-03 1.385063217275920308e-03
2.146024770924557980e-03 1.067065644657021846e-03
3.035902104695154934e-03 1.119520041291373466e-03
2.265380360055243431e-03 1.040238305712593448e-03
2.747360287361312603e-03 9.423723006858255452e-04
2.926551073407203385e-03 1.165701365804863070e-03
2.894528814162281374e-03 9.651433974956144524e-04
2.211518589877618964e-03 9.451037906822489301e-04
2.786128772294213952e-03 9.259119295881677999e-04
2.000814523465624644e-03 1.001170450062183279e-03
3.434527850623471119e-03 8.809528045552888782e-04
2.716647676683184298e-03 1.032994316994938514e-03
2.984913131191445357e-03 9.009554838931850117e-04
2.930786905565063803e-03 9.815693207323344157e-04
2.649505979938270635e-03 1.053714590827338742e-03
2.787266475482265589e-03 1.009544845135212053e-03
2.536575383865540597e-03 1.108983828843469353e-03
2.823956650344107422e-03 1.059447884622427647e-03
2.589439706483998276e-03 9.589982977154600007e-04
2.979790041256696800e-03 8.683696321859993164e-04
2.211295496330553754e-03 8.790452603033643234e-04
2.467750533295567320e-03 9.850286960383736277e-04
1.918454612480830152e-03 1.035045009092746583e-03
2.724056149527807110e-03 1.246525576314915775e-03
2.545343247022961372e-03 9.089175419727284948e-04
2.675041514973112728e-03 1.192711872830970422e-03
2.514744819487467649e-03 8.531361816137137581e-04
2.031746878493618201e-03 1.041691123027203630e-03
2.629303476579443813e-03 9.725134407921234413e-04
2.115718074793009398e-03 7.759385252324255827e-04
3.349498939697968108e-03 9.403095072431030561e-04
2.513505824521459868e-03 1.114288549875695061e-03
1.757544024830980361e-03 1.089214503171512293e-03
2.721837167594309478e-03 8.591037297677694929e-04
2.612177453875372864e-03 7.843617191199331101e-04
2.226851165173591995e-03 7.811485755998105003e-04
4.018045604700881852e-03 1.001809009590566395e-03
3.593179923017608690e-03 1.209205032666733123e-03
2.448939316714753185e-03 6.795125433583521900e-04
2.464912300694993737e-03 1.037521621753683060e-03
2.534518873006826913e-03 9.859900892905427983e-04
2.596697859719441712e-03 1.033748266937806626e-03
2.042462615741447943e-03 1.080864770641342580e-03
1.249734295875704103e-03 7.980498460784147966e-04
3.150173907748068589e-03 1.083688874405344975e-03
1.795867162257272758e-03 9.527523665925616064e-04
4.007169337858064104e-03 1.048697650435897978e-03
2.406427466174278045e-03 8.827932299009137252e-04
2.774588792349627457e-03 1.031711194216875698e-03
2.204939020811225951e-03 9.009966993570977774e-04
2.355045670417534043e-03 8.196360147737621806e-04
2.927812359158102253e-03 9.835143741854259197e-04
2.482561927867719172e-03 9.358311880612515000e-04
2.670004113663435995e-03 1.153232219044129968e-03
2.070862236985319092e-03 7.811273268529865749e-04
2.498703908272278690e-03 1.098711701628347481e-03
2.865574852909161339e-03 8.268834953014681790e-04
2.275473657758836192e-03 9.474974640375157138e-04
3.027681674268347268e-03 8.746375892667312708e-04
2.926880835385128020e-03 8.596301198216226838e-04
2.973387131808505161e-03 1.133661041950854466e-03
2.614118354715270088e-03 9.424848053058782404e-04
2.579427015909518950e-03 1.283023769833738529e-03
2.474561341580742112e-03 8.441435065931490473e-04
1.448841394698472231e-03 1.022219875892845659e-03
2.617520288226327704e-03 1.194756070606340162e-03
3.335580995326825615e-03 1.212020370368961479e-03
2.702852188961464910e-03 9.619114584626778418e-04
2.367630914067420621e-03 1.241791429757117165e-03
2.682137158139224608e-03 7.562986872231668026e-04
2.295324288465662010e-03 1.010063848640554811e-03
2.857041793626868918e-03 1.047864360902992301e-03
2.710687118682149864e-03 1.189581576137263433e-03
1.617515120417560614e-03 1.096127227846836142e-03
2.549983555020797141e-03 1.101455243617288334e-03
2.246083881730988850e-03 9.878218631807081720e-04
2.766205036437245461e-03 8.651682902297447861e-04
2.818110846505658944e-03 9.297497453343519678e-04
3.537606148862175622e-03 1.453172310490056379e-03
3.091791141957375959e-03 1.076991022142183285e-03
2.993829034961699269e-03 7.963957199706543644e-04
2.190928922542913996e-03 1.247091849893341335e-03
2.309490986176490276e-03 7.906628476483516018e-04
2.243032797504374877e-03 1.065235579167836833e-03
2.534603610697731824e-03 9.998373630811464765e-04
2.509716712314308609e-03 9.818477210636648248e-04
3.315124732476193870e-03 1.121731969091789832e-03
2.314429822860565502e-03 1.168937350180399969e-03
2.734556827586510572e-03 1.038159764649448881e-03
2.282223555054356968e-03 1.193582150406372793e-03
2.592731503727509820e-03 1.112040112394288007e-03
3.036034894629877513e-03 8.469566835559104966e-04
3.017005562438296144e-03 1.172977789694547128e-03
2.687334629206368855e-03 1.008531830543044506e-03
3.252099299323195618e-03 1.177710454596114006e-03
1.997086526437262619e-03 9.276984929885887746e-04
3.195433147727055976e-03 8.130230910176734988e-04
3.815659731954785302e-03 9.028818833153289935e-04
2.034019715297449068e-03 1.174743930753726273e-03
1.780715026439947442e-03 7.229218032598712287e-04
3.445533178895263809e-03 1.055218110328964842e-03
3.092347212410433491e-03 8.969445813041119391e-04
2.790136393792076123e-03 1.049671058415228234e-03
2.813792435451235256e-03 8.726533319182674291e-04
2.021464583002832369e-03 1.025693761702791817e-03
1.844283250063757842e-03 1.305929882943715264e-03
2.222028798621833619e-03 7.722501670319417049e-04
2.171216221004763653e-03 7.712561819795976268e-04
1.867610433787485549e-03 8.973109329915279070e-04
2.831826654743933077e-03 9.122721582404370259e-04
2.622524663911095580e-03 1.188282647054493026e-03
2.836958440320668049e-03 1.113699817727488049e-03
2.523751894767165167e-03 1.111321889587159328e-03
3.201132003651514183e-03 7.790953094985909747e-04
2.252323043899941493e-03 1.082234704520228675e-03
2.522082227592790243e-03 9.567898299319725283e-04
2.527497223829045653e-03 1.176660518626735253e-03
2.862390996648996218e-03 1.179871436602602467e-03
3.883055608108108413e-03 8.105963192182410494e-04
2.500901667566837565e-03 1.072269828661062772e-03
2.455619059612064448e-03 1.278809583177075533e-03
2.104454235992047478e-03 1.050748590830758670e-03
3.616705513851635728e-03 8.742150394992590249e-04
2.280774782831775267e-03 9.966658604392889236e-04
2.990146815431641864e-03 1.172454798085031079e-03
2.340692934838682713e-03 8.968606234422139530e-04
2.824092916867099439e-03 8.086801529986663512e-04
2.518858506887772328e-03 1.234612857177791586e-03
2.659016272734675713e-03 1.270709406238077757e-03
2.863826389981744686e-03 7.508676581189039972e-04
3.530084445427829343e-03 1.156381950006584846e-03
2.473529162830367598e-03 1.259740554287761384e-03
2.350213324296242939e-03 9.522762228389772526e-04
2.974303216421589607e-03 8.094603413235771684e-04
2.424502680772090430e-03 9.228029673796987178e-04
2.708855328882158516e-03 1.027427483867708298e-03
2.778751191870093475e-03 1.018767800261701374e-03
2.339767702640074571e-03 8.840271015193406886e-04
2.736180552999660336e-03 9.003901623504944208e-04
3.241681929345498290e-03 1.014140631633921779e-03
2.113260233326229916e-03 9.884860709855035083e-04
2.329042869763580086e-03 9.462045264274871826e-04
2.271480471630133585e-03 1.469358174196307805e-03
2.232722414466172672e-03 1.140150839205142808e-03
2.441107425933980880e-03 1.080352674471993148e-03
2.250922864458283854e-03 1.210916516595397351e-03
3.220103362068965289e-03 9.890077816901404317e-04
2.246071375891062726e-03 1.138224267246202128e-03
2.342079975317734944e-03 9.222971164124304589e-04
2.194458463287524055e-03 9.119784332243400030e-04
2.677717346127606209e-03 1.110554420343713537e-03
1.910346400722635679e-03 1.031772278290739872e-03
2.898000196052886134e-03 1.041992203840170486e-03
2.253661809036978155e-03 1.228548917412936297e-03
2.675847051044034312e-03 1.125546516875676863e-03
2.739668551544869896e-03 9.982665125377774510e-04
2.625749389062498069e-03 8.263067190257350697e-04
2.756649798520941982e-03 8.028772425769706809e-04
1.747791252000086872e-03 7.612090306856352353e-04
2.177419984688567546e-03 1.043471807982842333e-03
2.909180879008298800e-03 8.227324174698381681e-04
3.068960383921987001e-03 1.117143823638298752e-03
3.194164018171679643e-03 1.103208656294691172e-03
3.049319572788857565e-03 1.179082456386741900e-03
2.483522319993034834e-03 1.126806767939453075e-03
3.656969472239918542e-03 1.113780666520993758e-03
3.406157717345616436e-03 1.071344251825630560e-03
2.780339978847496708e-03 1.191414832347656742e-03
3.000831793592281110e-03 7.885483195393530121e-04
2.858890744648142409e-03 1.331837596146625982e-03
2.560522414538802128e-03 8.896999262896845839e-04
3.267565224742698896e-03 1.099919263781740141e-03
1.705858217173905579e-03 7.815506158090718093e-04
2.389491397327614484e-03 1.238101581080031880e-03
3.067656775081725132e-03 9.367674621046262907e-04
2.920392971735517092e-03 1.289698476763847515e-03
1.942605820302040296e-03 7.976586264615490030e-04
2.018136015810202775e-03 1.066801735530413953e-03
2.326278601023050972e-03 1.075399520791201716e-03
3.142346719937532621e-03 9.013871349491200426e-04
3.055037767486521848e-03 9.171396604565672326e-04
3.185134375548815625e-03 1.071058758264864475e-03
3.391615883231750492e-03 1.077147974329059578e-03
2.791468973299322722e-03 1.165530518235867756e-03
2.831661909878017188e-03 1.240688764273622244e-03
2.331814014869429234e-03 7.698108800731911930e-04
2.541091464155491482e-03 9.409372558112404430e-04
2.366752550347305667e-03 8.585846429189188589e-04
2.411750899964653413e-03 8.404109437234103842e-04
3.158177479546007797e-03 1.089526500860871173e-03
2.096134503347549336e-03 8.609427237312848201e-04
2.019593806375672481e-03 9.558516910593969559e-04
3.245526117833518430e-03 1.093554160535352643e-03
2.042170103162044715e-03 1.003523087811892612e-03
2.764940784086839746e-03 1.249859601291141526e-03
2.626120138698619447e-03 1.345306592951172426e-03
3.129174036134395147e-03 1.249696316226989483e-03
2.412611935399383654e-03 9.288087466800790289e-04
2.692614223070411393e-03 1.050917523936212294e-03
1.556822615419500540e-03 9.861282857592623512e-04
3.047382469299958659e-03 9.395232857669831529e-04
3.313154615396171534e-03 8.361239423387583801e-04
2.890815307806781937e-03 1.100748679277295571e-03
2.931386190728551243e-03 9.265233999167320602e-04
2.471708631862146351e-03 1.053263727158656017e-03
2.796063885618652305e-03 1.142207611108848105e-03
1.993210209703715364e-03 1.197108807330469083e-03
2.404876023986262431e-03 1.118331267548161546e-03
3.042237949564534361e-03 1.029361654532746483e-03
2.803890804431412396e-03 9.295125041013794142e-04
2.308954727710376548e-03 9.476215155340930079e-04
2.521370416299665088e-03 8.765768636041825282e-04
2.644011406644455886e-03 8.761219509419203647e-04
2.354303233418366097e-03 1.014706914562435100e-03
2.297996252851030978e-03 1.008559766364544542e-03
2.789893413096072861e-03 1.018932046844874505e-03
2.768711464304301258e-03 8.040216523537962318e-04
2.086548897443799531e-03 8.401618632823097546e-04
3.029848516546332533e-03 9.329292419469217921e-04
1.911832201430034356e-03 1.073199780888924862e-03
3.055114009178783001e-03 1.105088803583362776e-03
3.486625498434527733e-03 8.786203159147820598e-04
2.481746159846821061e-03 1.025306784604854745e-03
2.957213460272630975e-03 1.148154215632123890e-03
2.257291932327351418e-03 9.240411042126515408e-04
2.362886397786316279e-03 9.605046018861390644e-04
2.910641515180529149e-03 7.566306694211874257e-04
2.885533298220191618e-03 8.960364574328640594e-04
3.042961667748691253e-03 1.219092879803804859e-03
1.981705220081771655e-03 9.193462157238259857e-04
2.225940446465480942e-03 8.321991005600296422e-04
2.548719554785157122e-03 1.106490202972490282e-03
2.943246843390675063e-03 1.076618066347944823e-03
2.787471506699615558e-03 1.094965911989527561e-03
3.691761405950878382e-03 1.109505936548205087e-03
2.283270332244106363e-03 8.687434997257155065e-04
2.616318324372759845e-03 1.165430304551539438e-03
2.432151177037844472e-03 1.055863178698974655e-03
1.914729383351660092e-03 7.865825492300866206e-04
2.284153982340371945e-03 9.967575967830264502e-04
3.332175175465694212e-03 1.066015983882084113e-03
3.261398028480817952e-03 9.252813467720339595e-04
2.545099353087390808e-03 8.300535668843477075e-04
2.594803685013186926e-03 9.830955668591798407e-04
2.638272900481511071e-03 1.132379519099179204e-03
2.506200741983161204e-03 9.976485083482056117e-04
3.268182681188786486e-03 9.779596501875286330e-04
2.162429186052676304e-03 1.008314594310086342e-03
2.951490369491576848e-03 1.080877743496883037e-03
2.629412448337157138e-03 1.066697124386406471e-03
1.640787631720771501e-03 9.711982009227520087e-04
2.659311361577711488e-03 1.453016819177953885e-03
2.589571616962379336e-03 1.054548712384688553e-03
3.296574262521162393e-03 9.763464630027998432e-04
2.432506449814048066e-03 1.130143463544024465e-03
3.136637249719095941e-03 1.149433083052429135e-03
2.672419017596727557e-03 9.621512463595419899e-04
2.014492433585553851e-03 9.758935753652633839e-04
2.249629446723640236e-03 9.740573530817144346e-04
3.163227477890916302e-03 6.631869253062465169e-04
2.434454322720489179e-03 1.077053703129615637e-03
2.472684273096787538e-03 8.505486975467130067e-04
2.370249401619009370e-03 1.257721277204795199e-03
3.215163118055407512e-03 8.799603172149517323e-04
2.470332924500661352e-03 8.677407045439910560e-04
2.387240138677521398e-03 1.170565689073119024e-03
2.271033394629382550e-03 9.603641524349702547e-04
2.416932238191169587e-03 1.033777327240719161e-03
2.388153361433106598e-03 9.729181097829433947e-04
2.024621673150393819e-03 9.234661154797024719e-04
1.870493181728311418e-03 9.732018820505458113e-04
2.276782315079176923e-03 1.063522344366397065e-03
2.465541910867011070e-03 1.073190317165013778e-03
4.989768353916802443e-03 1.285104101985015939e-03
2.523857721909090676e-03 1.147234451895522535e-03
2.534099977722039342e-03 8.345817295468572084e-04
2.536550665240592910e-03 8.713445078015399914e-04
2.266128363226466765e-03 7.994985178656424532e-04
3.459670822967195886e-03 8.313562196018112367e-04
2.533189110211722054e-03 1.178254435486879954e-03
2.378629875747127753e-03 1.150999763683736681e-03
3.479095158375848217e-03 8.767357833758499886e-04
2.880228166018472709e-03 1.074036878750141448e-03
2.959327798594751837e-03 1.014356753550687022e-03
4.158884122149876864e-03 1.369029683152053929e-03
2.836720178277858228e-03 1.089249736548535087e-03
3.494988015167293290e-03 1.009395443105208078e-03
1.691183935546938496e-03 9.503610352500996500e-04
2.325622600331837906e-03 8.716110531021826991e-04
3.348999125198317932e-03 9.292164652915235875e-04
2.256899333589644334e-03 9.824004559241005831e-04
1.406100481750433570e-03 8.476433967461096276e-04
1.846785225368488938e-03 9.414986154613691829e-04
2.568209109354724178e-03 1.156932883538272982e-03
3.082076240834908873e-03 1.315649477362224734e-03
2.182038730835413748e-03 9.147392184961195515e-04
2.440635933458326721e-03 1.297805935282108237e-03
3.416127104088268092e-03 8.454497570031809135e-04
2.178431120740878871e-03 9.079405355871777820e-04
3.021629845441863287e-03 1.115509640221117428e-03
2.457536074453431883e-03 7.894053560388992856e-04
2.078470915874290267e-03 1.032400523318533631e-03
2.486933670661337428e-03 1.328766254376464442e-03
2.673136494535370122e-03 1.389361438556867235e-03
3.281444808079188747e-03 9.970883590346038376e-04
2.231988513234304736e-03 8.596505753694179061e-04
2.869296689692422443e-03 1.113456460946397669e-03
2.200333952882303507e-03 1.286504656007304197e-03
2.330903140713471312e-03 8.122281707582664845e-04
2.507628720014522423e-03 1.192402670664329803e-03
2.560974014040839821e-03 1.020389293614208052e-03
3.002510444700699343e-03 1.433235836424282634e-03
2.401655297014976785e-03 1.131579219077615819e-03
3.151227194348118696e-03 1.025102554420242746e-03
1.992040754155966886e-03 1.109153915484408859e-03
3.056144041782581523e-03 8.518012391935849813e-04
2.832853593436103403e-03 8.372821034261544249e-04
2.848538338804205896e-03 9.470442298955605636e-04
