-2.109619686800894879e-03 -6.187290969899666678e-04
-3.214473684210522250e-03 1.383701188455013569e-04
-6.657276995305163106e-03 4.187500000000003394e-04
-3.599214145383106481e-03 1.911689419795222509e-03
-2.964370546318290112e-03 6.050308914386587833e-04
-6.205069124423961274e-03 1.456857402361489600e-03
-5.755528255528253277e-03 2.172442941673716503e-04
-2.937499999999998272e-03 1.490982867448152876e-03
-2.087443946188342545e-03 1.061722912966252697e-03
-5.274999999999998440e-03 8.059397884458911320e-04
-4.324468085106381726e-03 1.894206549118390356e-03
-1.109979633401221230e-02 9.713790112749406415e-05
-1.117788461538487833e-04 2.028854824165928449e-05
-1.058056872037911860e-03 -1.648114901256732658e-03
-1.670258620689657643e-03 1.524030354131537248e-03
-2.678398058252428292e-03 7.534246575342472534e-04
-6.567796610169495536e-03 1.037234042553191165e-03
3.579812206572782025e-04 -1.222524977293369718e-03
-4.078021978021979625e-03 -3.102225886232481186e-03
-9.556025369978857556e-03 -4.792792792792779162e-04
-1.136579572446553676e-03 4.222821203953288044e-04
-5.059382422802855515e-03 1.243177387914231593e-03
-4.022975929978115164e-03 2.201252236135957472e-03
-3.499005964214706253e-03 -7.864450127877227947e-04
-6.858560794044664746e-03 1.578971119133575161e-03
-6.865763546798023080e-03 1.460231980115989439e-03
-2.782608695652174970e-03 -6.977547495682199672e-04
-2.996376811594202681e-03 5.365217391304366330e-04
1.944903581267219900e-03 -8.053691275167863079e-05
-5.216507177033493335e-03 5.927240461401971170e-04
-3.525301204819276338e-03 1.667478091528726020e-03
1.134989200863926930e-03 -1.099424815119143294e-03
-5.119346733668336466e-03 -5.182667799490127788e-05
-2.487804878048780095e-03 -3.555555555555545968e-04
-6.950226244343890927e-03 -8.346333853354001066e-05
1.314214463840398129e-03 -9.960801393728217594e-04
-1.551587301587303196e-03 3.069293478260868690e-03
-3.155462184873951588e-03 -2.120808254514186704e-03
-5.930751173708917641e-03 -1.124457935819598610e-03
-1.074441964285714410e-02 8.684210526315797301e-04
-1.060362173038222446e-03 -7.451838879159353949e-04
-2.961456102783724138e-03 -6.648258283772281053e-04
-4.053452115812940866e-04 1.233822260569459000e-04
-1.357308584686751647e-04 -8.323117338003494436e-04
-1.873150105708247352e-03 -1.164639850327408395e-03
-2.961373390557939071e-03 -8.270060396893873320e-04
4.597701149429375270e-06 3.942652329749143784e-05
-3.649543378995433011e-03 4.751332149200709768e-04
-7.173645320197039217e-03 -9.581911262798634664e-04
-6.320224719101115614e-03 7.243195785777077319e-05
-3.662004662004660245e-03 -4.220970537261699643e-03
-8.238826815642454060e-03 -8.759825327510913735e-04
-3.086405529953916652e-03 -9.380677126341856057e-04
-2.633403361344538798e-03 -1.117823479005999139e-03
-4.953658536585365223e-03 -3.046328671328663181e-04
-4.013033175355446361e-03 1.011560693641619076e-03
-2.354430379746838813e-03 -5.034752389226750200e-04
-7.205741626794258739e-03 6.205802357207625955e-04
8.462365591397840543e-04 -4.196750902527062919e-04
-3.770791075050709904e-03 -8.819444444444431196e-04
-4.744419642857139637e-03 8.185520361990957557e-04
-3.172151898734175413e-03 -8.581138487680469774e-05
-1.638127853881277390e-03 3.152266894781869397e-04
-6.849056603773578944e-03 -1.072351421188628929e-03
-3.564876957494401716e-03 -3.832781456953633517e-04
-6.208436724565757556e-03 1.709813084112149668e-03
-2.914285714285716478e-03 -1.534317984361423639e-03
-7.372065727699527934e-03 4.852941176470596213e-04
-1.629781420765023803e-03 4.341290893015056470e-04
5.714285714285721220e-04 5.206812652068137015e-04
-1.619842829076619884e-03 -1.432502149613069540e-03
2.355053191489364477e-03 -3.422876949739924959e-05
-1.267042889390519213e-02 -9.335083114610663504e-04
-1.820247933884296598e-03 -1.659556313993168020e-04
-7.967120181405893189e-03 2.172893136403128336e-03
-3.405275779376501846e-04 -3.111933395004623949e-03
-6.442982456140348459e-03 1.064999999999999974e-03
-4.482142857142856415e-03 8.596408317580342493e-04
3.862559241706134167e-04 -3.915189873417720436e-03
-1.675392670157064548e-03 -3.739242685025821267e-04
7.348008385744233054e-04 2.502291475710360447e-04
-3.270491803278688728e-03 5.790861159929699270e-04
-3.702380952380950486e-03 -3.044715447154463118e-04
2.135416666666671310e-03 -6.599156118143449136e-04
-4.756157635467976423e-03 -1.215670436187387988e-04
-5.666309012875537891e-03 1.487946799667507099e-04
-1.604591836734692431e-03 3.925152306353364229e-04
-5.114882506527414913e-03 1.999999999999999608e-03
-6.090243902439023208e-03 -5.268959435626093283e-04
-4.666299559471361220e-03 -1.237378210806022293e-03
-5.139344262295079437e-03 1.004065040650406384e-03
-3.821518987341771586e-03 -2.091723549488054210e-03
-4.340497737556560549e-03 -1.181049069373942342e-03
-6.463615023474175540e-03 4.680105170902713039e-04
-5.681592039800994164e-03 -1.739894551845336376e-04
-4.825688073394490858e-03 1.235970561177553943e-03
-5.079710144927532083e-03 1.528481012658227702e-03
-8.242092457420914856e-03 1.947253705318222148e-03
2.284122562674135342e-04 -1.672932330827064278e-04
8.172804532577921744e-04 1.323805460750854951e-03
-6.372043010752681709e-03 1.139107611548557117e-03
-6.273913043478259940e-03 4.487394957983202874e-04
-1.841176470588234970e-03 -2.320942883046217846e-04
-2.318069306930689490e-03 1.137575236457437659e-03
1.925925925925961978e-04 1.027953110910732111e-04
-4.365740740740739478e-03 3.535583941605842362e-04
-5.770270270270268058e-04 -5.597014925373132487e-04
-4.875294117647060131e-03 -7.315068493150679672e-04
-3.652127659574461692e-03 -2.999121265377855099e-03
-8.669154228855731337e-04 -6.106115107913674808e-04
-2.650574712643678169e-03 3.543103448275864483e-03
-9.980237154150064063e-05 -2.038390379278443455e-03
-5.177536231884055304e-03 -4.303278688524543675e-05
-7.507766990291259504e-03 -4.003542958370241581e-04
-8.641686182669767969e-04 -1.281569965870307326e-03
-4.206858407079643383e-03 -1.528013582342876688e-05
-2.292941176470586137e-03 -1.398799313893652656e-03
-5.894946808510630708e-03 5.197841726618712601e-04
-3.177105831533481341e-03 -1.446414182111200502e-03
-1.200704225352111458e-03 1.541258169934641223e-03
-6.260593220338985616e-04 -6.434745030250632256e-04
-5.164733178654289623e-03 8.919270833333339810e-04
-1.913098236775817931e-03 6.344860710854967247e-04
-3.655606407322654385e-03 2.953410981697177063e-04
2.055147058823530472e-03 1.416740478299380237e-03
-7.325436408977558690e-03 4.436997319034862038e-04
-2.351774530271394555e-03 -8.872026251025424493e-04
-4.131840796019903977e-03 -1.965202982601488551e-03
-4.430523917995446599e-03 -2.847341337907370357e-04
-7.016455696202530956e-03 -5.166512488436629308e-04
-5.923319327731089469e-03 -1.739720034995623742e-03
-8.082191780821890723e-04 1.458767361111110985e-03
-4.567385444743938053e-03 -2.333914559721008558e-03
-1.564102564102565164e-03 -1.862691960252933678e-03
-1.928235294117641632e-03 1.313475760065735539e-03
-4.123867069486404288e-03 9.293577981651387045e-04
-6.268611670020116967e-03 9.280701754385972668e-04
-5.509501187648453181e-03 1.909254267744840987e-04
-1.092298288508556682e-02 6.890611541774324666e-04
-4.595959595959585656e-03 8.259548611111116158e-04
-2.169851380042463196e-03 -1.449333333333331121e-03
-2.245901639344262228e-03 5.755760368663599604e-04
-6.773182957393476984e-03 -6.315323294951285258e-04
-3.845183486238533659e-03 1.722382324687802202e-03
-2.961111111111110975e-03 7.880485527544349575e-04
-1.006382978723403994e-02 -3.581687612208248354e-04
-2.309471365638764064e-03 -1.878980891719734170e-04
-3.906344410876131691e-03 9.548769371011855056e-04
1.647058823529857160e-05 -2.260273972602731352e-04
-4.988425925925916993e-03 -1.525735294117644371e-03
-1.513888888888887969e-03 -5.336496980155303309e-04
2.485682819383260370e-03 8.414959928762173519e-05
-2.311728395061725828e-03 -1.225474031327287603e-03
-8.753026634382568083e-04 -7.609442060085830741e-04
-1.970408163265308273e-03 -5.464527027027013713e-04
-5.992134831460671669e-03 -1.490971625107481409e-03
2.036659877801426528e-06 2.495353159851300992e-04
-1.503504672897196422e-03 -1.647727272727263768e-04
-4.291262135922326026e-03 -1.999591503267971783e-03
-4.471544715447159021e-03 2.540256175663311439e-03
-7.799522673031019510e-03 8.329026701119733459e-04
-2.613772455089818144e-03 -6.887110362257787242e-04
-6.721881390593040413e-03 3.121338912133897361e-04
1.578313253012047970e-03 -3.662033014769765791e-04
-5.444805194805189819e-03 -1.255952380952380168e-03
-1.035242290748902838e-03 -4.610499576629963178e-04
-6.887533875338753241e-03 -6.935201401050785676e-04
-3.094650205761316844e-03 -1.447053406998156542e-03
-3.964059196617335072e-03 1.883824843610366982e-03
-2.416040100250625450e-03 1.165646853146853944e-03
1.311141304347824329e-03 6.783185840707970640e-04
-5.640931372549021217e-03 -3.051482701812188985e-03
-2.020481927710838892e-03 2.000821692686935004e-03
-5.925729442970823456e-03 2.087575496117343755e-03
-1.049479166666668828e-03 -5.049309664694276055e-04
5.340909090908654296e-05 8.910891089108922058e-04
-4.541845493562231967e-03 -2.029288702928857234e-04
-2.791457286432159034e-03 -3.804444444444442111e-04
6.339712918660611780e-05 4.564220183486245421e-04
3.237410071942715484e-05 5.494505494506846196e-06
-4.584521384928717629e-03 1.201067615658375922e-04
-2.952164009111618321e-03 -2.337398373983739890e-03
-5.331858407079603183e-04 -1.167948717948718088e-03
2.087500000000017130e-04 -9.449081803004998449e-04
-2.567627494456761403e-03 -1.312277580071165295e-04
-1.367579908675796343e-03 -1.596014492753622610e-03
-1.157681940700806128e-03 -2.464962901896117805e-04
-3.127802690582959146e-03 -2.746376811594202026e-03
5.385514018691577032e-04 1.649999999999998094e-04
-4.845433255269319256e-03 -1.076278659611991720e-03
-8.283516483516478041e-03 4.555229716520042241e-04
2.903797468354430821e-03 1.014625228519195873e-03
4.203431372549013977e-04 9.511312217194575975e-04
-1.208791208791211392e-03 -1.393939393939394198e-03
-7.767554479418884231e-03 8.189884649511976460e-04
-6.265151515151511780e-03 5.885321100917433480e-04
-3.710975609756095046e-03 -1.605902777777777277e-03
-2.672304439746298749e-03 -1.305054151624549007e-03
-4.048523206751059034e-03 -9.721461187214609518e-04
7.626146788990828930e-04 6.398940864960234339e-05
-1.724099099099104344e-03 -1.157229965156793749e-03
-3.684986595174260041e-03 1.257819481680071995e-03
-7.246361746361743884e-03 -3.704188481675381190e-04
-5.897379912663753068e-03 -1.296916299559470933e-03
-6.165168539325842183e-03 7.034540859309182555e-04
-1.096846846846844881e-03 7.047704770477054457e-04
-6.830927835051543197e-03 1.384263494967979307e-03
-2.826839826839828203e-03 -2.503655564581641450e-03
-4.214120370370368074e-03 2.359515260323159259e-03
7.880710659898466138e-04 -1.533575317604354837e-03
-4.775362318840575479e-03 7.395652173913055570e-04
-3.078384798099761174e-03 -5.610561056105511642e-05
3.191011235955055515e-03 -1.627615062761502166e-04
-2.283505154639173338e-03 1.026225279449699676e-03
-1.674584323040382433e-03 -1.599478714161598229e-03
-1.748283752860413766e-03 -4.844006568144495193e-04
5.220588235294074770e-04 1.437279151943463311e-03
1.848936170212769252e-03 4.065306122448986582e-04
1.351351351351329417e-04 -4.221170395869193654e-04
-7.808056872037895087e-04 1.300268096514755212e-04
-8.519693654266954908e-03 -4.743478260869573747e-04
-4.572274881516584857e-03 -9.423407917383763103e-05
-2.598233995584986120e-03 1.293163891323400455e-03
-4.148230088495580043e-04 -1.361208406304728613e-03
4.554140127388523591e-04 5.864726027397318013e-05
-4.869393139841693419e-03 2.081863979848868045e-03
7.451403887688991647e-04 -9.289383561643863973e-05
-6.497747747747749901e-03 1.044995408631774203e-03
-3.219594594594594149e-03 -4.878706199460916982e-04
-1.060148514851484529e-02 6.095360824742294178e-04
-3.472972972972941425e-04 -5.676246830092979622e-04
-7.406249999999997037e-03 3.044041450777217354e-04
-4.818734793187350735e-03 2.584670231729065907e-04
-7.983651226157987982e-04 -3.361913357400717647e-04
-5.869411764705884278e-03 -1.106244579358194599e-03
-8.682642487046626084e-03 4.170008019246196438e-04
-3.284000000000003496e-03 2.213333333333334513e-03
-3.244510978043907944e-03 1.408771929824561816e-03
-7.269999999999997818e-03 1.337011884550096943e-04
-1.201923076923044599e-04 1.797787610619469394e-03
-7.028061224489771117e-04 2.195340501792129533e-05
-6.146844660194176503e-03 1.523305084745763980e-03
-7.147597254004574643e-03 1.302276559865093303e-03
4.122222222222227312e-04 -2.140350877192975711e-04
2.918918918918922672e-03 -1.255453020134227309e-03
-2.093201754385960647e-03 8.989501312335966120e-04
-3.397245762711864278e-03 -1.139880952380950812e-03
-8.387096774193546211e-03 -3.841807909604505900e-04
-5.732334047109209282e-03 1.824204946996474353e-04
-2.281879194630868392e-03 3.441722972972969261e-04
-7.650918635170598017e-03 -1.423354373309286417e-03
-5.463446475195823070e-03 7.502291475710365972e-04
-5.117456896551722881e-03 -7.887445887445874472e-04
-1.695214105793448663e-03 -9.890065146579791674e-04
-4.573232323232322843e-03 -1.397804054054053438e-03
1.319999999999995222e-04 3.728298611111112134e-04
-3.368143459915613931e-03 2.075812274368239892e-04
1.184729064039407925e-03 -1.225734639358858199e-03
-7.301255230125525825e-03 -2.950649350649349033e-03
-2.955421686746988446e-03 -1.556561085972836469e-04
-1.095588235294117077e-03 7.831491712707188725e-04
-2.322687224669601428e-03 1.501376146788990697e-03
-3.473429951690819566e-03 2.822862129144846819e-04
-5.195979899497486787e-03 6.656387665198236058e-04
-4.637892376681615816e-03 -1.449752883031291595e-04
1.193621867881545888e-03 -5.007867820613680571e-04
-2.914814814814816694e-03 -9.838998211091245887e-04
-9.989082969432312459e-04 7.533572068039391710e-04
-8.751764705882344314e-03 -3.568702290076325901e-04
-1.383767535070138310e-03 3.126593033135093621e-04
-2.644230769230771329e-04 -6.079199303742386469e-04
-4.151282051282048982e-03 -1.177863910422050162e-03
-6.732937685459938412e-03 -1.088532883642495241e-03
-5.841121495327102585e-03 -3.351931330472087355e-04
-3.367864693446086070e-03 -1.607460035523977648e-03
-4.444844124700238729e-03 -1.134940778341793225e-03
-8.606557377049117979e-04 2.043057996485077592e-04
-2.607242339832864172e-03 1.790909090909102112e-04
-3.982532751091700553e-03 -7.619246861924677339e-04
-4.164210526315789349e-03 -1.306260575296107470e-03
6.631455399061105633e-04 9.257845631891442172e-04
-1.642655367231636620e-03 -3.763345195729535957e-04
-2.179948586118248682e-03 1.019327731092437668e-03
3.769689737470166210e-03 -1.309204647006255006e-03
-2.549898167006106955e-03 7.341827768014070514e-04
1.587301587301598684e-04 1.901639344262295210e-03
-5.867303609341824322e-03 9.903846153846171483e-04
-8.900735294117641597e-03 -2.264480408858601194e-03
-3.567540322580644175e-03 2.326732673267333949e-04
-7.073286052009456447e-03 1.641283524904215037e-03
-2.871827411167515807e-03 2.697777777777788299e-04
-6.575999999999991574e-03 1.310169491525423145e-03
3.453634085213033375e-03 4.713758079409058614e-04
-6.617511520737319984e-03 1.710750853242329469e-04
-7.263982102908270004e-03 -1.909954751131220539e-03
-5.679104477611933433e-03 1.762931034482759229e-03
-1.857476635514015376e-03 8.490732568402478480e-04
1.072289156626509213e-03 -2.571113074204946312e-03
-1.517281105990786125e-03 6.682027649769585248e-04
-3.662568306010927695e-03 1.883445945945950073e-04
2.100840336134457594e-03 1.046613896218128603e-04
-3.793144208037825277e-03 -2.433547204399635607e-04
-2.931318681318681191e-03 -1.888080072793448016e-03
-2.116279069767423111e-04 1.189307624890447454e-03
-1.166226912928765161e-03 -1.086564472497733878e-04
-1.759640102827764131e-03 9.009009009019519260e-07
-6.083333333333325148e-03 7.360360360360359427e-04
-2.541044776119404970e-03 8.372600349040128839e-04
1.515000000000002889e-03 1.832907075873828426e-03
-1.454965357967688002e-04 -5.984215413184771530e-04
-6.117096018735359436e-03 1.640833333333333120e-03
-1.939675174013916203e-03 -5.626702997275194202e-04
-5.320512820512818611e-03 3.426961602671119243e-03
-1.915632754342430763e-03 -1.423611111111101413e-04
-3.636971046770602276e-03 -7.277874564459906265e-04
-3.350148367952515520e-03 -9.111553784860557288e-04
-4.423232323232321149e-03 -4.675446848541857533e-04
-2.847727272727270872e-03 2.383390705679863057e-03
-3.841121495327104712e-03 -2.086040386303773201e-03
-2.980769230769230848e-03 7.807017543859651187e-04
-6.839050131926121233e-03 -8.723981900452475831e-04
-3.528669724770641843e-03 -1.025696864111497837e-03
-3.629032258064519243e-05 -2.437050359712214834e-04
-7.667431192660546097e-03 -4.163747810858139833e-04
-5.206601466992663227e-03 -1.940433212996216320e-05
-6.082788671023961653e-03 -2.646006655574041893e-03
-2.875000000000000819e-03 5.217391304347827798e-04
-1.374999999999990054e-04 -2.558487247141599200e-03
-2.292194092826998694e-03 -1.327426160337552303e-03
-3.138775510204082440e-03 -3.973063973063962724e-04
-2.593317972350224574e-03 -1.783390410958903124e-03
-6.847826086956564507e-05 -1.385104450499545720e-03
-4.505422993492409246e-03 -9.525021204410515909e-04
-7.230958230958222169e-03 -1.986807387862794989e-03
-5.628571428571428094e-03 5.534511784511797743e-04
-2.174778761061945277e-03 -5.423594615993518840e-05
-4.777108433734939853e-03 3.998330550918206372e-04
-1.854114713216951666e-03 -2.208767361111110567e-03
-6.808857808857811215e-03 4.793906810035950845e-05
-2.897172236503856805e-03 -1.159603246167718307e-03
-7.783289817232366507e-03 1.748135874067934350e-04
-3.774346793349168516e-03 -3.022321428571410904e-04
-3.521739130434780023e-03 1.925088652482269966e-03
-2.229347826086956665e-03 -3.432282003710566075e-04
-5.508158508158507438e-03 1.621841155234657978e-03
-1.003614457831326565e-03 1.568342151675485669e-03
-3.631931166347990639e-03 -4.941569282136882473e-04
-4.957537154989393206e-04 4.986301369863019826e-04
-8.482837528604117092e-03 1.008620689655173467e-03
-2.769337016574581738e-03 -1.522952295229522413e-03
8.587962962962951115e-04 -3.287366548042696085e-04
-6.815363881401610181e-03 1.009659613615457047e-03
-4.934999999999998416e-03 -1.933937823834196981e-03
-8.483749999999994768e-03 2.198630136986302538e-03
-1.103389830508474424e-02 -6.711880261927021668e-04
3.214446952595938038e-03 1.578596802841918199e-03
-7.648514851485084835e-04 7.012448132780077200e-04
-3.505420054200543336e-03 9.148550724637654382e-05
-2.363070539419085889e-03 -2.134046052631571584e-04
-1.937965260545903255e-03 -1.807658058771149804e-04
-1.001008064516127746e-03 3.848739495798321779e-04
-2.375302663438252394e-03 -5.344537815126043602e-04
2.604166666666784741e-05 5.265251989389933352e-04
-4.025164113785555109e-03 -1.806887532693983835e-03
-5.692399049881231854e-03 8.200171821305847356e-04
-1.033157894736841213e-02 3.747870528109033977e-04
-5.273809523809527833e-03 2.893772893772897131e-04
-7.148910411622278437e-03 7.136237256719187494e-04
-1.432394366197178512e-03 -5.546001719690277047e-05
-1.104966139954855408e-03 -4.949679780420844066e-04
-7.708061002178642242e-03 2.522906793048973386e-03
-6.955223880597004131e-03 2.366444866920152084e-03
-4.346153846153842475e-03 -4.041994750656164540e-04
-4.108647450110864373e-03 -1.838954468802696599e-03
6.478873239437015743e-05 1.447022767075306767e-03
-1.600213219616202680e-03 -5.267075306479847112e-04
-4.312356979405036067e-03 -1.060235507246375195e-03
-3.318302387267904347e-03 -2.171256454388984652e-03
-3.630769230769234721e-03 3.558685446009388510e-04
-3.188131313131310676e-03 1.632751937984495353e-04
-5.981308411214952998e-03 2.664329535495181187e-03
-5.660049627791557784e-03 1.232053422370617962e-03
-1.609339407744873668e-03 -1.625531914893616099e-03
8.873417721519019207e-04 -1.200833333333333483e-03
8.583333333333298745e-04 -2.318258664412509076e-03
-2.217494089834516971e-03 2.549818840579714044e-04
-3.189376443418019593e-03 9.803921568627595585e-05
-3.961538461538461654e-03 -1.921819787985865318e-03
-4.223749999999995737e-03 8.079800498753128904e-04
-8.358208955223833843e-04 4.328081556997229922e-04
-9.185110663983927538e-04 8.618307426597590550e-04
-1.074660633484119830e-04 -7.281144781144778880e-04
-3.244318181818181979e-03 -3.728584310189345195e-04
-4.521042084168334918e-03 -2.158730158730156820e-03
-2.159235668789809791e-03 1.399328859060402705e-03
-1.291666666666664706e-03 -1.622486288848261414e-04
-7.404231625835182989e-03 -1.426576217079008778e-03
-4.568807339449539040e-03 6.677796327212088320e-05
-5.266743648960737524e-03 -1.650877192982456868e-03
1.119096509240244787e-03 7.699037620297540809e-05
-2.306919642857143543e-03 -5.125673249551165401e-04
-7.642018779342721856e-03 2.034676663542641425e-03
-7.714120370370363376e-03 7.122117847993182259e-04
-4.640388768898482709e-03 -2.285714285714274827e-04
3.064965197215773016e-03 4.207373271889396451e-04
-8.758099352051845234e-04 -2.002042483660130059e-03
-5.963350785340315423e-03 1.875000000000000581e-03
-3.741596638655459491e-03 1.367194004995837906e-03
-2.101415094339622626e-03 7.749537892791128705e-04
-2.787114845938377331e-03 1.067291311754684727e-03
-5.804556354916064198e-03 1.894028595458368668e-03
-6.905919661733609695e-03 5.829015544041482491e-05
-3.068181818181820592e-03 -1.411091549295772230e-03
-8.365079365079376109e-04 7.703287197231840737e-04
1.317961165048548919e-03 -4.537743850720943513e-05
-7.013485477178423369e-03 -1.106956521739129633e-03
-8.448477751756434256e-03 1.996897163120568350e-03
-5.898325358851672605e-03 -3.604852686308492428e-04
-8.419661733615222549e-03 1.380691399662733326e-03
-3.559278350515460328e-03 5.967604433077614701e-05
-5.282366071428563729e-03 -4.273127753303965692e-04
-7.498858447488583254e-03 -3.811619718309848049e-04
-6.745283018867921469e-03 -7.660034602076106446e-04
-2.277904328018226596e-03 4.560530679934589694e-06
-6.320537428023026948e-03 -9.016754850088169650e-04
-7.893905191873586136e-03 -3.897540983606551470e-04
-3.764462809917357242e-03 5.798736462093873880e-04
1.813747228381370992e-03 -3.994413407821217053e-04
2.061611374407637466e-04 -1.118838028169012733e-03
-6.731249999999999387e-03 4.940530649588371182e-05
-6.748226950354604438e-03 7.986607142857164851e-04
-9.663580246913584804e-03 2.513066202090604015e-04
-1.834277620396598503e-03 1.600563153660499198e-03
-3.380102040816326944e-04 -1.295434198746642446e-03
-3.570469798657714775e-03 1.091983122362869766e-03
-3.569868995633185185e-03 -1.637630662020905922e-03
-1.845898004434587359e-03 -9.893048128342225779e-05
-4.252336448598136183e-04 3.717228464419476230e-04
-3.875968992247061717e-06 1.909906063193850603e-03
-3.343373493975900293e-03 1.093390804597702340e-03
-3.578475336322872995e-03 5.673166202414115086e-04
2.387228260869564585e-03 -5.327102803738268983e-05
-9.185750636132333129e-04 -7.796052631578941853e-04
-6.802511415525112383e-03 1.963404605263158360e-03
-9.662162162162117032e-04 -1.584959349593494495e-03
-8.265765765765759401e-03 1.161420863309353289e-03
5.127118644067809672e-04 -1.134178321678321576e-03
5.538461538461582345e-04 2.432385874246339400e-03
-6.750652741514363148e-03 1.072048611111124140e-04
-3.450819672131147549e-03 8.333333333333445541e-05
-2.589743589743593623e-03 -1.089238845144356946e-04
-8.575555555555555015e-03 3.626126126126137986e-04
-1.763097949886105898e-03 -8.016493055555541473e-04
-5.494805194805191251e-03 -6.604609929077831488e-05
7.155555555555532642e-04 -9.675502742230336758e-04
-6.731578947368417436e-03 2.017699115044254310e-04
-8.411275415896479757e-03 1.052973977695168548e-03
-4.830626450116007158e-03 1.336452762923352007e-03
-7.593984962406027505e-04 5.563943161634109756e-04
-5.273041474654377447e-03 2.063839701770737479e-03
1.925531914893617537e-03 1.662174303683767776e-05
2.590579710144930246e-03 1.002115059221658864e-03
-4.744034707158345174e-03 -5.109190172884433331e-04
-8.707482993197259791e-04 4.400826446281000913e-04
-2.669916434540389391e-03 4.601576182136603234e-04
-3.712239583333330848e-03 3.105175292153611582e-04
-4.913793103448274753e-03 5.492589363557277414e-05
-6.510593220338984320e-03 2.102076124567478488e-04
-4.786312849162007235e-03 8.286307053941913137e-04
-6.131999999999996828e-03 -3.568447412353913041e-04
-3.899999999999999821e-03 -8.514460999123568772e-04
-2.276029055690100315e-04 -4.230452674897108682e-04
-5.768898488120948777e-03 5.759005145797611381e-04
-5.326693227091634092e-03 -8.962930273609874370e-04
-3.253638253638252431e-03 6.788321167883216165e-04
-9.103194103194097797e-04 1.595706618962434596e-03
-4.534090909090906021e-03 5.862510674637065860e-04
-5.063852813852810428e-03 -2.323187108325841131e-04
-3.684073107049606107e-03 -3.680679785330953982e-04
-3.775330396475769668e-03 -1.159600997506230797e-04
2.322344322344322733e-03 4.778129952456430449e-04
-4.973529411764706504e-03 7.457482993197279281e-04
-2.035490605427972988e-03 8.361456483126107880e-04
-9.773049645390066709e-03 -1.181327800829875315e-03
-4.716035634743875014e-03 1.891322662173556732e-04
1.097387173396676156e-03 -9.160139251523066782e-04
-1.677455357142855876e-03 -2.796402289452177637e-04
-5.724137931034521849e-04 1.181688804554080659e-03
-1.378881987577636626e-03 1.563114754098361876e-03
-7.815461346633408718e-03 1.390504704875963459e-03
-4.368421052631577851e-03 -6.412556053811585587e-05
-4.326086956521736637e-03 4.249413604378426816e-04
1.188139059304704759e-03 1.516493873704052951e-03
-2.283369803063455081e-03 1.456286427976685553e-03
-9.319070904645471859e-03 -2.592912705270950607e-06
4.216867469879553246e-04 1.684100418410042080e-03
-7.031746031746027858e-03 2.098597359735974305e-03
-2.472477064220187162e-03 4.422066549912444028e-04
-2.256292906178485567e-03 -1.146230323115161615e-03
-1.823728813559322495e-03 -1.167565139263252588e-03
-3.137413394919170203e-03 -1.501826484018264646e-03
1.284584980237199155e-04 -1.258992805755383703e-04
-8.260171306209842385e-03 5.802364864864878458e-04
-6.855555555555553106e-03 -2.956751985878123634e-05
-1.177165354330705601e-03 -1.324528301886791553e-03
-3.149425287356323166e-03 -2.216557911908645026e-03
-4.704166666666666392e-03 3.563268892794385699e-04
-9.364269141531317633e-03 8.439897698209723352e-04
-4.131868131868127875e-03 6.636280765724712196e-04
-5.753968253968256945e-03 -1.181943171402382274e-03
2.723933649289104249e-03 1.322001888574224762e-05
4.024532710280378719e-03 1.685639229422066041e-03
-4.812958435207822031e-03 7.324444444444444188e-04
-5.630296610169487764e-03 5.571553228621288923e-04
-1.774414062500001034e-03 1.113739763421292637e-03
-5.460385438972157994e-03 -8.217866909753864142e-04
-5.193277310924365731e-03 -6.449407474931621908e-04
-1.159497816593886566e-02 5.716753022452517258e-04
-5.386792452830186165e-03 -2.962962962962865075e-05
-4.164456233421746749e-03 3.931265716680647096e-04
-7.647191011235952504e-03 1.163311985361390995e-03
1.835164835164839272e-04 -7.423043095866301488e-04
-6.418181818181815067e-03 9.402852049910906580e-05
-2.324016563147004652e-03 -6.349999999999988466e-04
-2.132450331125825254e-03 5.177111716621202457e-05
-3.296420581655481585e-03 -8.382867132867119660e-04
-5.516375545851528485e-03 1.311453744493392901e-03
-1.443271767810024421e-03 -7.122144112478025983e-04
-3.532921810699583918e-03 1.600171969045571926e-03
-2.681609195402299538e-03 1.260608856088561236e-03
-4.087765957446806014e-03 -1.205827067669172159e-03
-8.975388601036261502e-03 1.016253207869975521e-03
8.585365853658523828e-04 -1.471784232365144340e-03
-6.484374999999987328e-04 1.081282952548331044e-03
-4.667553191489354388e-03 4.498239436619716632e-04
-4.442940038684721482e-03 1.524280575539569164e-03
-3.980549199084659241e-03 -8.114111498257836706e-04
-1.682004089979548082e-03 2.515012510425354390e-03
-2.120495495495485806e-03 2.115911035072711929e-03
1.049999999999999285e-03 7.826643894107601206e-04
-7.128078817733985058e-03 -1.550298380221653075e-03
1.158079625292740122e-03 -1.576446280991735966e-03
2.997858672376883500e-04 2.699255121042830503e-03
-3.361855670103091904e-03 -1.716300940438870038e-03
-1.129722921914356809e-03 -1.984732824427470422e-04
-4.727984344422698007e-03 6.991279069767462190e-04
-1.900763358778619636e-03 -2.232283464566928600e-03
-2.581424936386767302e-03 6.855400696864111547e-04
6.782700421940899334e-04 -1.495967741935483710e-03
-3.681927710843370481e-03 3.469750889679724384e-04
-3.601941747572817449e-03 -1.162545787545787770e-03
-5.497560975609750399e-03 1.093589743589742794e-03
-4.727163461538460600e-03 -4.281984334203639661e-04
-4.236252545824845638e-03 -5.692239858906513383e-04
-2.611827956989248856e-03 -9.722955145118718830e-04
-3.410891089108906982e-03 -1.142348754448397263e-03
-7.248226950354604015e-03 5.370370370370370402e-04
-4.594791666666665428e-03 -1.535682023486900812e-03
-6.146391752577321822e-03 1.222673893405600010e-03
-1.669527896995706738e-03 -9.303571428571422771e-04
1.491247264770241120e-03 9.605911330049267394e-04
2.550925925925926104e-03 1.511335012594534407e-05
-3.566591422121895196e-03 7.305914972273571057e-04
-3.606741573033698839e-04 1.094843462246777172e-03
-4.235915492957744756e-03 -2.708962739174224522e-04
9.135514018691586868e-04 1.511226252159060222e-05
-6.382034632034630332e-03 -1.004212299915753460e-03
-1.605633802816901256e-03 -5.606190885640573943e-04
-4.811111111111107154e-03 1.123019182652210254e-03
-6.081395348837200301e-03 5.922541340295934794e-04
-2.554651162790694784e-03 -4.935842600513244780e-04
-3.359173126614978504e-04 1.520870337477796914e-03
-5.601648351648349199e-03 4.467680608364947933e-05
-1.236771300448429901e-02 2.054016620498615251e-03
-7.998765432098769654e-03 -7.079610073111281638e-04
-4.558312655086848610e-03 -1.493716337522440953e-03
-2.481432360742706535e-03 2.451162790697672162e-04
-1.645038167938932651e-03 1.606986899563314869e-04
-6.201133144475924446e-03 2.185039370078727865e-04
-9.189526184538649497e-04 2.196836555360430750e-05
-2.433982683982678120e-03 -1.978279386712094527e-03
-2.687499999999996749e-03 -7.026688907422835775e-04
-2.877577319587630317e-03 -9.502262443438947597e-05
-2.700234192037472437e-03 -2.108423686405336978e-03
-1.120424403183022978e-02 1.231408573928260411e-03
-4.177752293577984694e-03 1.051011029411766558e-03
-4.363049095607235590e-03 1.161751563896351878e-04
-3.614814814814814627e-03 -7.835144927536222140e-04
-3.232179226069247912e-03 8.309859154929673914e-05
-7.351598173515975013e-03 6.822916666666680677e-04
-6.610714285714280533e-03 -5.029215358931550788e-04
-3.094036697247708016e-03 -2.600749765698218119e-04
-7.090804597701145552e-03 5.407407407407415888e-04
-6.497530864197530003e-03 3.496332518337412704e-04
-1.724409448818900112e-03 1.760647359454854503e-03
-4.571601941747576413e-03 4.125109361329840573e-04
-3.388888888888887899e-03 6.277630415561456095e-04
-1.321978021978021528e-03 9.881474978050914029e-04
5.437219730941675756e-04 -1.371961805555554871e-03
-4.792771084337349094e-03 4.795474325500444289e-04
-2.338775510204085112e-03 5.017482517482533145e-04
-3.225806451612782063e-05 -1.309914129586259822e-03
-5.698757763975147508e-03 2.383720930232585981e-04
3.965476190476192875e-03 -3.073394495412835989e-04
-2.206349206349206629e-03 -1.739208633093523469e-03
-1.033105022831047690e-03 1.037795275590553193e-03
-3.468085106382975437e-03 2.650822669104106849e-05
-4.113636363636361849e-03 -4.656357388316145914e-04
-2.306561085972846838e-03 9.826086956521737185e-04
-2.684510250569471183e-03 2.719665271966541752e-04
-4.512387387387390043e-03 1.659519725557462343e-04
-7.843434343434336348e-03 2.346973572037511137e-03
-2.783057851239662765e-03 -4.603312990409763020e-04
-3.570362473347543988e-03 -3.440812720848049778e-04
-7.007731958762883871e-03 1.045576407506717680e-04
-5.255294117647058526e-03 2.114402917046490863e-03
-5.994949494949484460e-03 4.569939183318855180e-04
-1.252821670428896743e-03 -1.888341543513954903e-04
-1.532019704433492573e-03 -1.229261622607110121e-03
-7.665999999999998336e-03 -7.556818181818170197e-04
1.399538106235563182e-03 -1.242530755711773261e-03
-8.877336448598128690e-03 1.652511415525115355e-03
-2.458024691358023407e-03 -8.671268334771341712e-04
-5.678217821782171985e-03 -1.361940298507455097e-04
-2.717761557177613904e-03 -6.792777300085976744e-04
-7.553435114503812518e-03 -1.266981943250212669e-03
-1.734090909090908869e-03 -1.397819063004846363e-03
-5.262979683972907920e-03 1.460434782608696852e-03
-4.639359698681733146e-03 -1.397621070518265856e-03
-1.653543307086570359e-04 -2.389380530973422799e-05
-2.991183879093192461e-03 -1.011739130434782547e-03
1.336561743341405789e-03 -1.185311699402220474e-03
-8.434027777777772933e-03 8.707375099127682679e-04
9.292929292929177562e-05 1.310592459605037477e-04
-3.256550218340609031e-03 -3.898104265402835451e-04
-5.193973634651602271e-03 7.845699831365940966e-04
-1.242459396751738245e-03 2.255454545454546166e-03
-3.735294117647054539e-03 5.259159964253812877e-04
-3.144989339019174657e-04 -1.571929824561403002e-03
-3.608179419525063981e-03 2.649812734082406711e-04
-2.656887755102042663e-03 -9.455017301038060387e-04
-3.355233853006677446e-03 -1.675042589437817416e-03
-4.382086167800453534e-03 6.801270417422874580e-04
-5.807339449541285177e-03 -2.753222836095758647e-04
-4.060606060606061427e-03 9.628975265017699096e-05
-1.242045454545454442e-03 -1.803996598639456351e-03
-6.493961352657002042e-03 1.905511811023622099e-03
-2.100840336133989327e-05 1.416596814752725140e-03
-2.514705882352938869e-03 1.737458193979933780e-03
2.111246943765280118e-03 4.982608695652182692e-04
-5.514880952380946458e-03 1.140696608615949592e-03
-3.981521739130430490e-03 -6.157718120805348539e-04
-1.713470319634700792e-03 1.634724857685009979e-03
-3.683035714285707489e-04 -1.389206868356500021e-03
-6.285377358490532159e-04 3.963636363636374033e-04
-7.562992125984244890e-03 -1.067152103559870996e-03
-4.774436090225552898e-04 2.837727272727273882e-03
2.972636815920397832e-04 -3.233695652173912286e-04
-3.858552631578943994e-03 1.882504288164670578e-04
-2.828089887640447466e-03 -2.972332015810255179e-04
-4.479729729729724566e-03 1.917232597623090822e-03
-6.268924302788842981e-03 -9.023831347387705794e-04
-6.611675126903512672e-04 -1.604444444444450436e-04
5.996093750000011831e-04 -3.145851154833190395e-03
-1.781651376146787310e-03 6.751269035532999566e-04
-1.716704288939051824e-03 3.047750229568413436e-03
-4.606382978723401814e-03 -3.512653061224488282e-03
-6.632075471698106219e-03 -2.615384615384608942e-04
-5.883747178329565460e-03 -9.613804437140506239e-05
1.751121076233186011e-03 -6.604184829991273115e-04
3.879391100702571978e-03 -7.958297132927881837e-04
-3.693269230769230874e-03 -1.470848056537102117e-03
-3.628378378378374885e-03 -1.323554065381391713e-03
-6.876367614879651952e-03 -1.500859106529209286e-03
-4.375846501128668152e-03 -8.416666666666663445e-04
-1.788135593220340630e-03 1.080033698399325776e-03
-2.619256017505467056e-03 -1.178082191780811013e-04
1.704275534441804501e-03 -1.273722627737226918e-03
-5.167458432304035225e-03 7.402210884353753418e-04
-4.659793814432987812e-03 1.386894075403952837e-04
9.999999999999995871e-04 2.890737410071941675e-03
-6.382978723404228970e-04 -3.425619834710746676e-04
-6.149144254278741777e-04 4.932216905901112055e-04
-3.358407079646014495e-03 2.513181019332181546e-04
-5.325925925925924925e-03 9.872013651877147543e-04
-7.631634819532905067e-03 -5.892857142857007977e-05
-2.762755102040816320e-03 3.294329432943287695e-04
-3.580708661417318639e-03 2.155219780219781028e-03
6.109839816933677111e-04 1.241949521322890460e-03
-9.509868421052629708e-03 4.490161001788920900e-04
-4.185785536159603720e-03 -5.725225225225222172e-04
-2.929336188436826739e-03 -7.799819657348941926e-04
-3.434988179669030452e-03 -2.538428693424423475e-03
-4.480366492146593826e-03 5.749306197964864588e-04
-6.163120567375887822e-03 -1.793257514216081532e-03
-1.935483870967742584e-03 -6.080717488789233504e-04
-2.249999999999996361e-03 -1.067796610169490651e-03
-4.839130434782611470e-03 -1.114005123825789843e-03
-6.829931972789117511e-03 6.784820683903256293e-04
-3.299776286353485444e-04 -9.746376811594207375e-04
-1.274030172413792746e-02 1.944551591128254727e-03
-1.441805225653206620e-03 1.771784232365158245e-04
-1.079611650485438803e-03 -8.281979458450046665e-04
-4.273611111111113442e-03 -3.772084805653702373e-04
-7.194444444444443414e-03 -3.273219116321012347e-04
-1.644986449864497624e-03 -6.750936329588000471e-04
-5.495495495495491840e-04 8.397058823529407641e-04
-3.445344129554652086e-03 4.118673647469467359e-04
-6.045454545454542229e-03 -1.925704526046104822e-04
-2.160148975791433088e-03 -2.497879558948244618e-04
1.527083333333334719e-03 -1.306003584229389934e-03
-2.091880341880340832e-03 1.608163265306132713e-04
-7.159624413145272129e-05 -3.826530612243390891e-06
-2.209251101321580649e-03 -1.302447552447549004e-04
2.591836734693877056e-03 -1.810717797443460106e-03
2.624728850325405032e-04 -1.640444444444443504e-03
-3.524193548387091496e-03 3.949243098842377384e-04
3.315565031982965565e-04 -1.506606110652351609e-03
-6.040045766590384883e-03 4.024390243902546547e-05
-3.560396039603956793e-03 2.544529262086698824e-05
-4.181697612732096676e-03 -5.555066079295150954e-04
-3.512415349887133224e-03 -1.295664206642066279e-03
5.527638190954708861e-05 7.798372513562399884e-04
-4.105700712589068803e-03 -9.918107370336663904e-04
-5.012406947890826227e-04 -1.427297056199822796e-04
5.600000000000271644e-05 -1.115097856477166105e-03
-1.497854077253222551e-03 4.626168224299200281e-05
-1.844155844155843200e-03 -7.729705619982155367e-04
-1.609657947686115361e-03 -4.312602291325683210e-04
-5.687353629976578742e-03 2.451465201465200753e-03
-3.711920529801320499e-03 6.682163989856306809e-04
-5.862579281183929146e-03 2.802357207615595400e-03
-3.426470588235289941e-03 2.605118829981739820e-04
-5.578431372549019426e-03 2.479491386382281972e-03
4.279749478078825723e-05 7.389140271493217652e-04
-1.512727272727275177e-03 7.443609022556398926e-04
-5.248648648648645068e-03 -8.112745098039212581e-04
-4.315502183406119859e-03 9.135180520570954955e-04
-3.263473053892212115e-03 -2.476272648835195164e-04
-4.716704288939048417e-03 1.105263157894737641e-03
-2.228506787330311188e-04 2.503059440559440244e-03
-7.206647398843926688e-03 -1.009657594381033663e-04
-3.393088552915768993e-03 3.727189781021895921e-04
-4.722222222222236475e-04 -7.882352941176466645e-04
-3.898678414096900364e-04 2.750653879686141678e-04
-9.913580246913534719e-04 1.353484466834592318e-03
-3.847477064220182746e-03 1.387206661619985347e-03
-7.213097713097709265e-03 -2.452079566003616609e-03
-1.734177215189877685e-04 -6.028667790893765604e-05
-1.227053140096617551e-03 1.837073981712391928e-04
-3.028153153153153362e-03 -1.419803600654663675e-03
-4.137075718015662158e-03 4.133685136323790913e-05
-2.438423645320197345e-03 -1.730932203389830065e-03
-4.472081218274107269e-03 1.616268382352941541e-03
-2.503703703703701565e-03 -1.387387387387384340e-04
-6.241025641025639559e-03 -2.414874551971317787e-04
-9.061298076923074429e-03 -1.763740771123866282e-04
-6.877944325481792111e-03 8.526863084922019047e-04
2.719858156028368522e-03 -2.404891304347830721e-04
-2.660539215686274789e-03 -2.106837606837606066e-03
-5.383254716981125156e-03 -1.708801498127331727e-04
-5.549145299145296327e-03 4.588235294117667257e-04
-1.655507559395243741e-03 -7.768595041322310475e-04
-1.479166666666665089e-03 1.448863636363637887e-03
-2.721784776902886737e-03 1.422764227642276530e-03
-5.431442080378251665e-03 -2.122448979591738853e-05
-2.805299539170501028e-03 -4.318592057761730515e-04
-6.339181286549703392e-03 1.619047619047620434e-03
4.203084832904884004e-04 4.016460905349812822e-04
-4.349999999999997966e-03 -1.686637931034482962e-03
-4.558047493403690267e-03 -8.476027397260243925e-05
-1.625333333333333448e-03 3.258181818181818921e-03
-4.127562642369015170e-03 3.125506072874506135e-04
-2.238372093023255089e-03 1.069084628670121263e-03
-8.879310344827620301e-04 1.051136363636364984e-03
-4.174999999999999892e-03 1.966414777497901226e-03
-3.666666666666661828e-03 -1.124999999999999481e-03
-3.117913832199547923e-03 -9.206349206349200053e-04
1.336082474226802513e-03 -9.863636363636352645e-04
3.121475054229933335e-03 -1.721052631578946519e-03
-5.497584541062799403e-03 1.820194862710371154e-04
3.857938718662956286e-04 1.124472573839661827e-03
-1.153674832962134312e-03 -1.202307009760425005e-03
-7.213776722090258116e-03 4.173657718120806089e-04
-3.869212962962960151e-03 1.415505226480836317e-03
-8.135910224438901162e-03 -1.690763052208833902e-03
-2.215746421267893174e-03 -2.124781849912728640e-04
-2.780219780219778981e-04 -2.594001790510294669e-03
-3.415632754342433179e-03 6.755691768826617254e-04
-6.620253164556961362e-03 1.284467713787084417e-03
-6.648148148148146086e-03 3.137424373379447138e-04
-7.210999999999996926e-03 8.028419182948498762e-04
-4.223713646532433960e-03 1.731135822081017375e-03
-3.792343387470993761e-03 1.857856494096277091e-03
2.774647887323940113e-04 1.776342975206611626e-03
1.485680190930789048e-03 -1.936651583710407437e-03
-4.753232758620691036e-03 2.216312056737596459e-04
-9.904988123515469541e-04 5.751391465677228805e-05
-5.646835443037964176e-03 1.011743450767841734e-03
-4.410081743869214213e-03 1.020887728459529513e-03
-1.831339712918655938e-03 1.186390532544378444e-03
-7.354978354978352999e-03 1.669597989949748573e-03
-3.798947368421050613e-03 6.334144363341462271e-04
-2.751068376068378004e-03 -1.240989103101425035e-03
2.151741293532338176e-03 -4.417840375586856781e-04
-8.377777777777758311e-04 8.392226148409900064e-04
-4.813829787234021615e-04 -8.654844290657443288e-04
-2.238461538461541164e-03 2.218664226898444010e-03
-4.754807692307688391e-03 -2.502085070891394171e-06
-1.068459657701704632e-03 -1.249999999999995418e-04
-2.973621103117515038e-04 -6.139854486661257878e-04
-1.695767195767192972e-03 5.399082568807347503e-04
-3.455456570155898601e-03 -1.056381118881117957e-03
-8.678970917225950835e-03 -2.453468697123512552e-04
-7.355198019801972853e-03 -2.189141856391895182e-06
-1.809615384615388461e-03 1.584048027444254995e-03
-2.367205542725171058e-03 3.425196850393706118e-04
-2.200385356454719922e-03 -9.019776440240750504e-04
-4.027839643652557540e-03 -7.535842293906805638e-04
-1.936936936936934934e-03 -4.978012313104655459e-04
-3.230279898218826971e-03 1.057466442953020362e-03
-4.249999999999995969e-03 -5.594812164579604074e-04
-2.370860927152314800e-03 2.786057692307692280e-03
-1.152811735941317549e-03 -2.134733158355204099e-04
-2.716417910447763671e-03 1.111559139784947317e-03
-5.501170960187347705e-03 6.657534246575350957e-04
-2.645308924485124599e-03 8.135451505016732350e-04
-1.394897959183670185e-03 -6.029684601111993418e-06
-8.075791855203620292e-03 3.542958370239288009e-05
-2.902073732718893611e-03 3.373786407766998156e-04
-7.858490566037731537e-03 2.279166666666678789e-04
-1.612903225806453997e-03 -2.068661971830875200e-05
-2.178654292343384664e-03 -1.119639794168095616e-03
1.833976833976854934e-04 -9.901960784313725526e-04
-4.469594594594594392e-03 1.775749063670411902e-03
-3.875912408759126827e-03 1.674532502226179324e-03
-8.878140703517580640e-03 2.291288566243205693e-04
-1.759756097560974614e-03 5.088044485634852544e-04
-4.764044943820226231e-03 1.919460343417825864e-03
-2.387096774193546087e-03 4.064609450337511591e-04
-4.897094430992734830e-03 -6.307558644656801250e-04
-3.643010752688172118e-03 7.374999999999998744e-04
-3.220090293453725834e-03 -7.401032702237370347e-05
-1.806264501160091207e-03 5.325443786982254771e-04
-4.636865342163351902e-03 4.519386106623597991e-04
-4.683870967741928827e-03 5.573221757322187764e-04
-2.915417558886508262e-03 8.197845249755147164e-04
-5.946590909090906582e-03 2.035087719298252673e-04
1.510321100917433497e-03 1.523913043478260926e-03
-9.860139860139874660e-04 2.417886178861789696e-03
-1.070726915520629638e-04 8.808007279344844424e-04
-4.470883534136539834e-03 1.177472984206151627e-03
-8.894495412844035526e-03 -1.568831168831168578e-03
-7.761968085106380442e-03 -2.685185185185183683e-03
-7.671517671517666869e-04 -5.826086956521723441e-04
-9.663682864450124158e-03 1.593521897810219702e-03
-9.177173913043477904e-03 1.680948419301166305e-03
1.658567774936059013e-03 3.872932985204539957e-04
-1.548283261802572367e-03 1.102889667250438405e-03
-7.750582750582745914e-03 -6.907838070628755578e-04
2.451048951048952207e-03 -1.954749103942651778e-03
-3.256351039261014030e-04 9.784710017574696755e-04
-3.611471861471857170e-03 2.317115551694180157e-03
-8.258799171842646711e-03 3.248269896193775575e-04
-7.919878296146039970e-03 7.656921754084286677e-04
-8.845528455284549715e-03 -7.451584507042248061e-04
-4.915865384615386146e-04 -3.302286198137142253e-05
-3.404076738609112477e-03 1.289893617021291663e-04
-2.555710306406686581e-03 1.008920606601250523e-03
-1.870026525198948027e-04 -2.856506238859177855e-04
3.071134020618556011e-03 1.208820882088209757e-03
-4.422879177377892108e-03 -1.297107800175277038e-04
-2.240165631469977561e-03 -3.982898289828978107e-04
-5.779310344827585065e-03 1.197654213727193748e-03
-2.410173160173161456e-03 -3.685092127303176736e-05
-3.036750483558996617e-03 8.183538315988801877e-05
-4.318287037037037146e-03 1.210573476702509225e-03
-9.046391752577296035e-04 -1.641891891891889910e-03
-1.873549883990721079e-03 1.957857769973674576e-04
-2.923976608187115313e-05 -4.472573839662433528e-04
3.373239436619723114e-03 -4.259574468085101408e-04
-4.201680672268946304e-04 5.151384083044987724e-04
-5.943965517241371968e-03 3.441203281677320349e-04
-3.737057220708448705e-03 -6.464135021097043793e-04
-2.908805031446536765e-03 -1.471586089906693786e-04
-3.605769230769243438e-04 -2.693646649260227348e-04
-5.661324786324787965e-03 1.149489322191273293e-03
-2.394636015325652485e-04 3.869529983792557642e-04
-1.811279826464206157e-03 -3.524522028262657173e-04
-3.366972477064224690e-03 1.072793448589627087e-03
6.982758620689648700e-04 -1.444903581267217504e-03
-2.852441613588111140e-03 -3.647058823529411987e-04
-9.883177570093467593e-04 3.904049295774655783e-04
-1.833333333333331781e-03 -9.801477377654650453e-04
-3.169745958429561264e-03 8.301056338028176647e-04
-5.242816091954020756e-03 9.508196721311478221e-04
-4.641489361702120023e-03 1.797006548175863940e-03
-8.143552311435516347e-03 -8.697282099343945803e-04
-6.851258581235696553e-03 1.234834558823529310e-03
-6.733870967741940276e-04 -5.507054673721344497e-04
-3.140765765765766125e-03 1.221105527638192360e-03
-3.395711500974662404e-03 -2.311562224183583234e-03
-4.887139107611552027e-03 -1.706637168141592878e-03
-4.733595800524932097e-03 -8.300970873786411245e-04
-1.065058823529411482e-02 -3.717605004468269416e-04
6.643518518518520604e-04 4.040723981900455012e-04
-1.967123287671232630e-03 -1.143336127409889935e-03
-6.828798185941040849e-03 1.078313253012048610e-03
-2.287755102040816158e-03 1.588936170212764884e-03
-1.592485549132949003e-03 -9.780265339966820546e-04
-3.446933962264149554e-03 1.420145190562620144e-04
-3.096009975062343628e-03 1.369973190348526678e-03
-5.675141242937849391e-03 -1.546312178387648827e-03
-4.078947368421056117e-03 -5.438165438165442310e-04
-3.120512820512821948e-03 -8.256802721088428052e-04
-5.762910798122060406e-04 2.240773286467482596e-04
-8.419239904988114198e-03 -3.414522058823523548e-04
-4.997752808988759933e-03 5.956561922366000825e-04
-3.602393617021273659e-03 1.193123938879456095e-03
-6.555555555555552319e-03 1.783042394014962891e-03
-3.632894736842105354e-03 -3.010955302366343390e-03
1.475888324873097894e-03 -8.493044822256558355e-04
-1.958333333333331025e-03 1.166958041958042486e-04
-3.327505827505830051e-03 1.068859649122807500e-03
-4.807788944723616516e-03 -6.565176022835375125e-05
-6.752759381898454372e-03 -1.048307184145333372e-03
-1.267981438515080207e-03 -8.463241806908748839e-04
-3.737623762376234872e-03 -4.819819819819721557e-05
1.969437652811735322e-03 -1.610859728506777223e-04
-2.650234741784041753e-03 -7.798960138648108854e-05
9.163179916318025392e-04 -4.801210025929117452e-04
-6.336283185840700313e-03 3.447684391080627531e-04
-3.465025906735748600e-03 3.889860139860148395e-04
-5.060240963854824189e-05 1.364995602462621598e-03
-3.046038543897211168e-03 -3.846153846153813082e-05
-4.409512761020879974e-03 1.061869844179651754e-03
-4.417056074766350163e-03 4.338299737072750161e-04
-1.644278606965168983e-03 3.626482213438744643e-04
-7.956719817767653191e-03 -1.519446845289542172e-03
-1.484679665738160379e-03 8.382616487455204959e-04
-2.122004357298474479e-03 1.827782290820478773e-04
-2.850678733031709487e-04 -7.978533094812163221e-04
-3.654786150712825178e-03 -7.666382252559710356e-04
-6.791540785498493063e-03 1.684919966301544789e-05
-6.803921568627449047e-03 1.831597222222234450e-04
9.030303030303026522e-04 -1.061600719424459893e-03
-5.494252873563215504e-03 1.165285832642914748e-03
-6.034210526315789483e-03 -9.799658994032395612e-04
-6.159653465346531451e-03 -5.218646864686459549e-04
1.030266343825661903e-03 -1.471067644661781153e-04
-5.763157894736842431e-03 -4.851007887817694207e-04
-5.382812499999994373e-03 8.290349417637274182e-04
-4.461111111111104068e-03 6.512042818911682664e-05
-1.089537223340039836e-03 -5.938581314878885620e-04
-3.170600858369095401e-03 4.695833333333348180e-04
-2.730403800475060972e-03 -1.064878892733562643e-03
-6.213665943600864272e-03 -1.253298153034293483e-04
-1.850277264325319226e-03 5.125523012552306084e-04
-5.632734530938118475e-03 -2.008438818565382608e-04
-3.944562899786788028e-03 -1.968130921619293261e-03
-2.114155251141554542e-03 1.009349955476402305e-03
-2.724806201550385946e-03 -6.429889298892985279e-04
-6.332298136645961133e-03 -4.606334841628941358e-04
-6.746315789473679263e-03 4.605034722222231492e-04
-7.186397984886650284e-03 -1.144444444444443374e-03
-5.206043956043925926e-04 4.047410008779639542e-04
3.561151079136707308e-04 6.732629727352687369e-04
-4.157718120805366062e-03 8.100456621004570486e-04
-4.514192139737988746e-03 -1.192721257237384707e-03
-3.534334763948491793e-03 -1.950354609929079149e-04
-8.686252771618626842e-03 -1.264438943894388538e-03
-4.088235294117647731e-03 -6.624343257443075523e-04
-3.458705357142853338e-03 -1.457739791073120201e-04
-1.534412955465588998e-03 4.149034038638467112e-04
-1.696312364425162957e-03 -1.572128227960818301e-03
4.753521126760577864e-04 -1.647257383966245145e-03
-3.116091954022984830e-03 3.280445969125216814e-04
-6.275114155251138373e-03 1.620719929762952241e-03
7.637075718015684132e-04 1.771281169389522846e-04
-5.473790322580612041e-04 1.305153707052440337e-03
-9.882005899705030658e-04 3.617594254937171001e-04
-2.473922902494325293e-03 -1.548634812286673863e-04
-6.691283292978209528e-03 -4.580786026200871870e-04
-3.806209850107065539e-03 2.036082474226806301e-04
-3.650224215246635710e-03 -1.421188630490895245e-05
1.072139303482589918e-03 -1.346082089552237552e-03
-3.841743119266055693e-03 -1.533636363636363539e-03
-4.739606126914657977e-03 1.445422535211269427e-03
-1.606194690265483902e-03 1.166086956521739191e-03
-2.903846153846154857e-03 1.070251517779706191e-03
1.271948608137046972e-03 4.820359281437127806e-04
-2.613537117903924883e-03 -3.985637342908428097e-04
-4.340616966580978717e-03 1.752534562211981650e-03
-9.400452488687751186e-04 9.138959931798818328e-04
-4.221330275229352030e-03 -2.386724960254370601e-03
-2.446952595936798241e-03 -1.107540702656382254e-03
-1.224373576309794980e-03 3.479005998286216679e-04
-7.779411764705875844e-03 -6.975417032484627000e-04
-1.250509164969447517e-03 2.693791946308726759e-03
-3.333333333333332680e-03 1.649520488230166605e-03
