-1.955578512396687063e-03 3.406357388316149683e-03
4.808176100628940020e-03 2.197953736654804750e-03
-4.169260700389101904e-03 6.974248927038619863e-04
-1.414634146341459901e-03 2.295570698466785147e-04
1.347457627118650017e-03 5.259740259740261145e-04
4.947368421052636064e-03 1.255346449957228877e-03
-2.837837837837826308e-04 2.133967156439066631e-03
3.737268518518523878e-03 2.889711613406079939e-03
1.271889400921668049e-03 2.670267934312877973e-03
-4.497946611909640208e-03 1.626570915619389695e-03
-3.947368421052625635e-03 2.235753317720530053e-03
5.773195876288759716e-04 1.593929450369156037e-03
-1.043388429751999414e-04 3.171029668411865041e-03
-2.594936708860756062e-03 1.970512820512820232e-03
7.304250559284164532e-04 1.618386816999132496e-03
-1.105813953488364847e-03 4.357084357084353514e-04
-2.410194174757273374e-03 1.162488809310653582e-03
5.608407079646061597e-04 2.463184931506848859e-03
5.261506276150713186e-04 2.335433070866142422e-03
2.039029535864978187e-03 -1.170912078882501469e-04
-3.267543859649047941e-04 2.392121754700085937e-03
1.011387163561078403e-03 1.122486288848262813e-03
-1.595789473684205810e-03 2.640287769784172445e-03
1.467105263157902168e-03 7.578558225508322298e-04
1.500000000000000465e-03 1.264072847682119359e-03
2.451171875000004129e-03 1.802721088435363546e-04
1.845804988662137118e-03 2.268416596104996189e-03
1.390466531440164152e-03 2.160964912280700229e-03
4.013221153846157144e-03 2.305444355484388263e-03
2.253638253638259783e-03 1.047104580812445321e-03
2.633540372670813666e-03 2.226762820512819766e-03
-5.684782608695614949e-04 1.195951417004047397e-03
1.791836734693888402e-03 2.862541528239202510e-03
7.009456264775494345e-04 2.263431542461004278e-03
2.822125813449026435e-03 2.423519009725903523e-03
2.764058679706605463e-03 -7.840501792114750899e-05
-1.477707006369419077e-03 3.608119304059644017e-04
3.327981651376154225e-03 1.801427371956338319e-03
-1.103773584905650557e-03 4.962216624685139750e-03
2.331828442437927206e-03 1.879786286731966122e-03
1.023941068139969796e-03 3.547297297297296627e-03
5.871848739495849363e-04 1.331743278404162387e-03
-1.540513833992088362e-03 1.130124777183599090e-03
1.215246636771307462e-03 3.912831858407080088e-03
-5.302540415704377723e-03 1.832773109243696769e-03
3.539627039627041716e-03 -1.378676470588632008e-06
-2.713004484304854338e-04 2.513574660633483438e-03
4.937644341801395928e-03 2.083904109589042406e-03
-3.929273084479189404e-05 1.240501212611156085e-03
1.206131078224106706e-03 7.344771241830065243e-04
1.058558558558563142e-03 3.347641509433961753e-03
4.002320185614887576e-04 1.358227848101267211e-03
1.369803063457334606e-03 6.519567027477086345e-04
-7.491421568627445321e-03 2.530419880034274951e-03
1.383886255924175485e-03 7.381956155143337044e-04
-2.641447368421043999e-03 2.659090909090909127e-03
3.047560975609759585e-03 1.668307967770814391e-03
1.674549549549553219e-03 1.965741543798785098e-03
2.132093933463802618e-03 1.734869015356819977e-03
-4.045801526717552297e-03 1.888786764705883622e-03
3.267045454545507025e-04 1.478444632290784816e-03
-7.909441233140587476e-04 8.611111111111115386e-04
-2.523965141612192001e-03 3.364853195164075120e-03
-6.519565217391299142e-03 6.061946902654862662e-04
4.198588709677426693e-03 1.131599999999999967e-03
2.869098712446361502e-03 2.460310965630114338e-03
1.427015250544668573e-03 7.460905349794232089e-04
-2.292475728155333754e-03 2.017227235438883576e-03
3.047722342733209322e-04 1.026940639269405915e-03
6.390736342042762329e-03 3.243313201035375251e-03
1.743847874720365993e-03 3.033416875522138446e-03
4.818777292576422941e-03 8.638655462184872263e-04
5.156682027649774069e-03 1.065127782357789795e-03
-2.230349344978161449e-03 1.319015846538781336e-03
-2.902941176470580364e-03 2.473029045643154039e-03
2.627032520325206164e-03 1.849326599326598644e-03
8.958333333333357192e-04 2.756888168557534990e-03
1.241610738255036293e-03 2.160583941605839949e-03
2.000000000000000042e-03 2.760940032414911389e-03
-5.774999999999993680e-03 -2.734439834024900867e-04
-2.088007736943902834e-03 2.677814029363783689e-03
7.756563245823441853e-04 2.232924693520140901e-03
-5.718556701030916116e-03 1.514987510407993189e-03
3.076559546313805370e-03 1.495028997514498111e-03
1.326576576576582586e-03 4.326513213981254412e-04
1.395759717314535946e-04 1.524432809773122082e-03
1.369281045751637909e-03 2.952490774907750269e-03
1.638372093023263924e-03 3.049999999999999326e-03
-2.491106719367584474e-03 2.319685039370078528e-03
-1.295285359801481764e-03 1.788761279737489940e-03
-1.802040816326522634e-03 9.347133757961779152e-04
-5.546038543897145517e-04 1.092627599243854719e-03
-2.058441558441551945e-03 2.576175040518637483e-03
2.805611222445248253e-05 8.983739837398372566e-04
1.727897838899807850e-03 2.339511373209771095e-03
-2.493801652892558510e-03 2.226953124999998899e-03
1.892644135188873734e-03 3.070247933884297925e-03
-3.017578124999956059e-04 1.582082965578110369e-03
2.946954813360305324e-05 1.195961995249405184e-03
9.937500000000026607e-04 6.982097186700778578e-04
-1.540816326530609166e-03 8.868995633187766285e-04
3.692660550458721960e-03 1.490541702493550268e-03
6.645435244161415579e-04 1.479345955249568648e-03
4.271300448430498907e-03 2.342500000000001265e-03
2.389705882352944830e-03 1.445773524720891760e-03
-8.272946859903325834e-04 2.366479550922213123e-03
7.045060658578901390e-04 2.141986062717771318e-03
-8.056112224448850169e-04 1.705327868852457834e-03
1.520547945205484542e-03 3.230835486649437371e-03
-1.069915254237232671e-04 2.484629294755876308e-03
-7.128378378378291908e-04 2.472131147540982277e-03
1.465324384787479277e-03 2.015931372549019732e-03
4.885882352941180000e-03 2.011074651353568152e-03
-1.742256637168137666e-03 1.492379339542762454e-03
5.553278688524653341e-04 1.562292358803986803e-03
1.991606714628305248e-03 2.402145922746780089e-03
-2.349019607843131664e-03 1.751087902523933105e-03
7.410153677240506706e-18 2.057952622673433259e-03
5.829596412556126020e-04 8.775241439859514945e-04
7.663286004056796621e-03 2.461433756805806242e-03
-1.168356997971598974e-03 1.763392857142857253e-03
1.244245524296678932e-03 2.955706984667803893e-04
7.116379310344833967e-03 2.943349753694579889e-03
-9.820675105485178382e-04 2.415667808219177162e-03
1.120041753653454319e-03 1.279828326180257715e-03
-4.514056224899589201e-03 2.657106164383562542e-03
4.090200445434302723e-03 1.869178662150717922e-03
5.089887640449506116e-04 1.350377200335289418e-03
2.840862422997953059e-03 1.515638963360143102e-03
2.776104417670689859e-03 2.703240740740738262e-03
8.534675615212571238e-04 1.891341256366723149e-03
-6.795131845841464134e-05 3.617455138662316327e-03
1.494565217391309814e-03 2.747435897435896324e-03
3.703883495145638728e-03 1.507207207207206029e-03
-4.951171874999963198e-04 1.013900955690704396e-03
4.347826086956523527e-03 2.172000000000005090e-04
2.613585746102457461e-03 2.355209187858899912e-03
1.930327868852462544e-03 1.091894060995184535e-03
5.281674208144800965e-03 3.162553191489359764e-03
2.512404580152676099e-03 -3.353413654618486229e-04
-2.209411764705875546e-03 2.973045822102425313e-03
5.954009433962272058e-03 2.021566901408448566e-03
5.702850877192983808e-03 3.842446709916589286e-03
-3.830851063829782306e-03 -1.527896995708161697e-04
2.410931174089073290e-03 4.156223175965665338e-03
-3.208154506437762340e-03 1.989157631359465654e-03
9.912087912088004497e-04 3.002544529262086200e-03
2.279807692307697295e-03 3.533692722371967101e-03
-1.936224489795913524e-03 -1.417942176870748677e-03
-1.249422632794447083e-03 1.799913194444443826e-03
-1.296296296296233430e-04 3.941126997476871591e-03
-9.861111111111075297e-04 2.091599642537978962e-03
2.436194895591649052e-03 2.890710382513660397e-03
2.557000000000007184e-03 1.593749999999999681e-03
-3.283582089552162511e-04 2.085199999999999727e-03
-1.744339622641504243e-03 1.118090452261307150e-03
-1.524449877750601789e-03 1.393133047210298996e-03
2.134831460674857729e-05 1.662037037037051917e-04
8.599088838268822803e-04 2.892444101773321632e-03
2.988066825775658950e-03 1.216712580348944684e-03
-1.110878661087858973e-03 2.443161634103018908e-03
9.649122807017579059e-04 7.130177514792907217e-04
-1.983758700696025307e-04 3.137596899224805169e-03
-3.956521739130427172e-03 3.106343283582089793e-03
1.633056133056138507e-03 1.277265100671141212e-03
2.049568965517244590e-03 3.425595238095235397e-03
1.938423645320200587e-03 1.951996601529310199e-03
-3.964497041420069075e-04 2.327477477477478233e-03
-3.777669902912612725e-03 -8.981880931837784698e-04
2.282075471698117794e-03 1.238075657894737109e-03
-4.073170731707312885e-03 1.767274107820804687e-03
6.849686847599172068e-03 3.272136474411046179e-03
-2.735042735042669663e-04 4.883303411131060048e-04
-1.377637130801680600e-03 2.496512641673933382e-03
-1.326262626262619381e-03 2.574110671936758084e-03
5.957175925925932598e-03 2.386915077989600325e-03
4.591334894613587070e-03 1.876712328767124634e-03
-2.125835189309572323e-03 2.304791481810114853e-03
2.610091743119268958e-03 1.556770395290159401e-03
3.021153846153853961e-03 1.598367346938775078e-03
-4.376937984496118324e-03 2.879155435759206925e-03
-3.772727272727217029e-04 1.290282392026577451e-03
1.340122199592671398e-03 6.251145737855168943e-04
1.473392461197347474e-03 1.137902559867878067e-03
4.411992263056101204e-03 1.272441651705566055e-03
-3.057777777777772547e-03 -1.263157894736847487e-04
4.773863636363641187e-03 2.607256778309409613e-03
4.491764705882356559e-03 8.723228995057662324e-04
-3.762781186094004771e-04 6.860158311345640556e-04
-1.300236406619337942e-04 3.369663941871026223e-03
5.694214876033061590e-03 1.489139515455305176e-03
4.632352941176478070e-03 2.128249566724437370e-03
4.706477732793531293e-03 2.614442567567566971e-03
1.669117647058828520e-03 6.157368859283935542e-04
-3.149425287356281099e-04 1.831360946745561481e-03
3.535181236673780487e-03 1.165896487985211734e-03
-3.558823529411758810e-03 2.402644230769229901e-03
2.630188679245287504e-03 8.007745266781408520e-04
7.157258064516182220e-04 1.371282922684791345e-03
-3.961462450592883114e-03 1.791107382550336143e-03
4.604395604395637763e-04 1.973577235772357164e-03
5.016355140186923821e-03 9.432387312186956167e-05
2.336879432624121896e-03 2.100086655112652200e-03
-2.320541760722337303e-03 3.849838969404185789e-03
5.225897920604923204e-03 2.456081081081080801e-03
3.066225165562915921e-03 1.042832909245123901e-03
-2.883008356545952756e-03 2.171526586620926326e-03
7.292576419214035930e-04 1.472196900638104294e-04
4.252427184466082413e-04 2.157205240174671530e-03
2.343201754385964772e-03 1.754670999187652705e-04
5.266763848396507387e-03 1.256368118323746745e-03
9.875565610859748846e-04 3.229493891797555020e-03
-2.161885245901578776e-04 1.763803680981594884e-03
2.300619834710747845e-03 2.565587734241908408e-03
-4.941634241245089964e-04 8.990036231884058256e-04
5.408388520971944678e-05 2.118802619270344564e-03
1.086909871244635516e-03 1.071542130365660088e-03
-4.987421383647787712e-03 1.228671943711521445e-03
9.809523809523866024e-04 3.614155251141551537e-03
4.513986013986023491e-03 4.006286672254819048e-03
6.793349168646119814e-04 4.745275267050124281e-04
1.014008620689660096e-03 1.388025594149908289e-03
-5.522312373225147543e-03 1.175446049277823705e-03
-5.909999999999995986e-03 -1.384548611111112762e-04
4.591584158415917220e-04 3.510557432432432831e-03
-5.576059850374059761e-03 6.058768656716413421e-04
-3.027777777777773335e-03 8.150572831423877904e-04
2.034278959810880555e-03 2.410760034158837724e-03
-3.190582959641251846e-03 4.916036943744751982e-04
1.050595238095240009e-03 1.471516213847502393e-03
9.781659388646325465e-04 2.183199285075959617e-03
-1.169411764705878673e-03 2.194161260426318559e-03
2.220588235294121762e-03 9.582616179001726166e-04
1.233527131782950542e-03 2.844677137870851012e-04
1.537572254335267978e-03 2.829545454545453944e-03
2.515873015873024750e-03 1.500419111483653270e-03
-1.695979899497483028e-03 3.998309382924766786e-03
-1.550308008213545320e-03 3.890350877192981765e-03
3.619238476953916782e-03 3.250414593698174905e-03
3.231527093596066325e-03 2.429734361610969701e-03
-2.136674259681086395e-03 2.942070665571075005e-03
4.919786096256700521e-04 1.035776614310646810e-03
-9.710144927536178269e-04 1.521929824561403738e-03
-2.222471910112353271e-03 9.969775474956820566e-04
2.506122448979600410e-03 2.294776119402984569e-03
1.163377192982462636e-03 7.307359307359302105e-04
-3.162473794549263903e-03 2.500843170320403604e-03
-1.708888888888882409e-03 3.774016468435496710e-04
2.700592885375498967e-03 1.325716845878135552e-03
9.568788501026736755e-04 2.464442493415276367e-03
6.785132382892061081e-03 2.873688458434220817e-03
4.693877551020440809e-04 1.302843966179860870e-03
-2.575829383886251312e-03 -4.013722126929685353e-04
6.206896551724210963e-04 1.367500000000000659e-03
-9.333333333333277944e-04 9.285714285714280177e-04
2.037280701754392697e-03 1.386585365853658641e-03
3.306941431670291833e-03 3.556085918854413625e-03
-4.268765133171903946e-03 1.770973154362415116e-03
-1.966666666666659537e-03 2.460869565217391197e-03
3.372188139059309128e-03 1.134768740031898366e-03
1.696153846153848534e-03 5.467937608318890891e-04
-2.890199637023589240e-03 2.083552055993000401e-03
2.322826086956530141e-03 1.189701897018969994e-03
-7.241697416974127817e-04 3.012658227848097900e-04
9.928278688524634459e-04 8.935986159169536204e-04
1.975868725868733158e-03 1.706249999999999867e-03
2.969565217391310213e-03 3.118856121537084795e-03
8.516068052930107464e-04 -1.267965367965368266e-03
1.139874739039670746e-03 1.683070866141731089e-03
-1.937639198218197667e-04 3.975481611208387940e-04
2.462686567164241416e-04 6.725563909774436066e-04
1.138104838709681809e-03 1.213350785340314457e-03
2.823779193205962624e-04 8.301642178046674111e-04
1.144654088050320664e-03 1.507225433526011805e-03
-1.960167714884690580e-03 3.187613843351576388e-06
-1.096223021582730947e-03 1.188417618270798913e-03
9.892703862660959246e-04 -1.220735785953185157e-04
3.555418719211827106e-03 8.551693404634579066e-04
-2.428425357873202541e-03 2.062962962962963491e-03
-1.232876712328709898e-04 1.755691768826619535e-03
1.137745974955277004e-03 5.675253708040589378e-04
-2.708436724565751845e-03 2.186426116838485929e-03
4.973460721868367025e-03 1.311813186813185796e-03
5.496078431372552857e-03 5.759162303664926933e-04
-1.914634146341460345e-03 2.537815126050421092e-03
-1.021252796420576460e-03 2.488026424442609918e-03
1.174736842105266387e-03 2.894278606965174864e-03
-2.307183364839311083e-03 2.090989399293286064e-03
5.312500000000040497e-04 7.954739538855687235e-04
2.345555555555561226e-03 1.535433070866141407e-03
-1.328385899814465195e-03 9.851694915254231594e-04
-3.452127659574463336e-03 2.521015761821364821e-03
1.972222222222228503e-03 7.119416590701911152e-04
2.614130434782611489e-03 1.016886326194397930e-03
5.227272727272733177e-03 2.204736440030555938e-03
4.160792951541855689e-03 2.333068362480127285e-03
-1.845430107526875108e-03 2.027893422148209848e-03
-8.632653061224420613e-04 3.484505862646564579e-03
1.633196721311476430e-03 3.854545454545461403e-04
-4.857731958762882135e-03 -1.065235342692001527e-04
4.698259187620894284e-03 2.001219512195122081e-03
2.112938596491230510e-03 3.424350940017904929e-04
-3.678427419354834017e-03 9.780629139072834297e-04
-2.516891891891889169e-03 1.472865123703112492e-03
-3.799533799533738165e-04 1.282062391681108166e-03
1.544491525423734952e-03 1.966059602649007556e-03
2.068522483940048780e-03 3.030467445742903755e-03
-1.411637931034474651e-03 2.070081967213116114e-03
7.297297297297344627e-04 1.098183391003459400e-03
1.760194174757285547e-03 2.520408163265307113e-03
1.833003952569175164e-03 1.089136490250696690e-03
1.016355140187001068e-04 2.003445305770887742e-03
2.814220183486245384e-03 2.423348017621146811e-03
3.317865429234375285e-04 2.914682539682539146e-03
2.281798245614038469e-03 2.191252144082334638e-04
3.296774193548394471e-03 2.464061096136566618e-03
-7.565656565656529242e-04 2.475568660488626938e-03
-4.379474940334121720e-03 3.319787985865723951e-03
-2.487124463519309152e-03 4.070351758793974532e-04
5.908045977011561504e-04 8.834431630971992981e-04
3.546099290780205509e-04 1.501298701298701271e-03
-9.491525423728764104e-04 1.263755458515283770e-03
1.589473684210528179e-03 2.931323283082075360e-04
3.323717948717956096e-03 1.861197511664074372e-03
8.831325301204844165e-04 -2.588477366255146923e-04
1.648185483870972081e-03 2.009887005649716937e-03
-5.757505773672047869e-03 1.397386253630203455e-03
3.138625592417072351e-03 2.527038626609443266e-03
1.193406593406601138e-03 2.940434782608695747e-03
2.263541666666674113e-03 1.254514187446259229e-03
-2.699999999999994939e-03 1.436552274541100585e-03
-3.678498985801209424e-03 2.412280701754384194e-04
1.333333333333420133e-04 1.630084420567919643e-03
-1.128177966101686020e-03 1.965013286093887993e-03
3.158536585365860801e-03 1.882988298829881132e-03
-2.087954110898653480e-03 2.830196749358425239e-03
-1.948443579766528846e-03 2.179365079365079127e-03
2.878723404255323359e-03 3.171797004991681618e-03
-2.601377952755899985e-03 2.933104631217839028e-03
-7.300215982721354685e-04 7.528991971454060276e-04
8.222698072805205731e-04 1.210592160133445267e-03
-1.038878842676309398e-03 1.083840139009556447e-03
9.627906976744231597e-04 2.867699115044247161e-03
8.960526315789477808e-03 6.862068965517244311e-04
-7.086021505376301211e-04 5.750199521149233252e-04
1.470198675496696807e-03 2.542988313856427325e-03
-2.262499999999993683e-03 1.704450041981528429e-03
1.947552447552454045e-03 1.034201954397387157e-04
2.561135371179046240e-03 2.399501661129566955e-03
3.718426501035205882e-03 2.846882399368585309e-03
-1.767782426778186165e-04 1.424006908462865928e-03
2.333001988071571088e-03 1.712085308056872455e-03
2.089641434262956045e-03 2.360944206008583259e-03
-2.465665236051490117e-03 2.458719460825610579e-03
1.729330708661425391e-03 2.260697305863709674e-03
-2.627753303964751406e-03 -1.796945193171709627e-05
1.018162393162399095e-03 5.351257588898523368e-04
-7.559055118110208317e-04 1.818979933110368352e-03
1.528915662650605876e-03 1.717044500419814563e-03
-2.973947895791580458e-03 2.069647463456577349e-03
4.176401869158885213e-03 2.752185314685314139e-03
1.500000000000004368e-03 1.906821963394342333e-03
1.945134575569362843e-03 1.229237288135593287e-03
-2.749452954048134650e-03 6.583904109589044018e-04
-7.389027431421439640e-03 -4.003189792663478463e-04
1.863636363636370693e-03 2.501204819277107888e-03
3.593117408906938638e-04 2.520887728459527809e-03
2.715010141987834590e-03 2.501623376623376711e-03
3.336497890295362506e-03 1.931500872600348806e-03
-3.369140624999916256e-04 2.392703862660945213e-03
2.853754940711467070e-03 8.183060109289610595e-04
3.251046025104607686e-03 2.593855218855219049e-03
-2.131696428571378346e-04 2.428923582580113857e-03
-8.147268408551015762e-04 6.190257352941180629e-04
-6.835129310344816370e-03 3.056059356966199080e-03
4.040000000000004525e-03 3.783807829181493141e-03
6.258064516129036026e-03 2.549522154648131787e-03
-3.564727954971756170e-05 8.317051509769090006e-04
-2.253796095444680122e-03 -2.295570698466799242e-04
8.317757009345830375e-04 2.874456993918331812e-03
-2.605617977528085997e-03 9.008298755186723355e-04
3.068322981366466886e-03 2.658636363636362587e-03
3.181914893617025526e-03 2.175401521555367455e-03
8.649237472766932965e-04 1.782083333333333653e-03
-2.905940594059402016e-03 1.522401433691756168e-03
-2.332644628099168633e-03 -6.724611161939662710e-05
4.374725274725278432e-03 3.028130671506352664e-03
-3.858808290155430962e-03 2.620719929762949877e-03
1.302863436123351650e-03 3.158847736625512107e-03
3.244552058111415359e-04 1.736819727891157628e-03
-4.626262626262558648e-04 1.980046047582502671e-03
7.452127659574470792e-03 4.534710017574691658e-03
-4.066390041493732083e-04 2.893412625800548255e-03
7.385496183206108345e-03 1.032986111111112179e-04
-9.670781893003723470e-05 3.981149012567337703e-04
2.342369477911652922e-03 1.256433007985804018e-03
-3.781837160751555862e-03 2.285283993115318213e-03
3.279017857142862719e-03 2.631089459698846781e-03
5.875831485587663374e-04 2.886323268206040512e-05
6.692477876106275262e-04 2.234253666954271605e-03
6.496437054631861189e-04 1.484751203852327896e-03
8.872180451127898619e-04 2.457034540859310764e-03
1.328025477707011357e-03 9.205004035512506701e-04
3.329383886255986237e-04 2.359463850528026058e-03
1.947698744769883012e-03 2.999603489294210609e-03
-2.855599214145375375e-03 2.060816681146829515e-03
1.669623059866967574e-03 2.051112943116241254e-03
4.068736141906880224e-03 -1.381993006993006848e-03
-3.218923933209596783e-04 1.092516447368420711e-03
-2.173120728929381004e-03 1.443362831858406060e-03
3.913348946135836864e-03 1.152173913043477672e-03
3.143002028397569227e-03 3.933518005540160992e-04
-2.121124031007744389e-03 1.575063613231550419e-03
3.258620689655178284e-03 2.487072945521698591e-03
-1.019628099173549868e-03 -5.979667282809613760e-04
-5.400516795865623575e-03 2.348472336911642134e-03
-2.400621118012417898e-03 1.723387096774195047e-03
-3.787276341948305185e-03 1.316420664206641080e-03
4.995423340961108877e-03 2.043333333333333200e-03
-1.129828326180252768e-03 9.158878504672886018e-04
1.342217484008529152e-03 1.329651656754460981e-03
1.370000000000005979e-03 1.920609462710506400e-03
2.857142857142866248e-03 2.995610184372257158e-03
1.503968253968259892e-03 2.153753026634380903e-03
-1.179653679653672443e-03 1.193701466781706740e-03
3.806451612903306858e-04 1.804541768045409282e-04
3.058897243107775755e-03 2.156303236797273669e-03
-1.795857988165675684e-03 3.711459192085736925e-03
1.078021978021985851e-03 3.229365079365077110e-03
6.209349593495979867e-04 1.626475548060707117e-03
4.655532359081482742e-04 2.054347826086955122e-03
3.580786026200876403e-03 1.720031545741324865e-03
-1.267467248908292618e-03 2.356282271944922218e-03
3.532710280373887622e-04 9.059753954305802600e-04
-1.389013452914793483e-03 -8.404074702886292394e-05
-9.263485477178389806e-04 1.079597438243366792e-03
1.530567685589524426e-03 2.311287477954144121e-03
4.417330677290844630e-03 1.098191214470283861e-03
2.741448692152921411e-03 1.328278688524589350e-03
5.672093023255819592e-03 1.485611510791367065e-03
4.591116173120732280e-03 1.352693602693601704e-03
5.392197125256677909e-03 2.193615257048093636e-03
2.964876033057890705e-04 5.464135021097039002e-04
5.782786885245908524e-03 9.995531724754248143e-04
6.607142857142928993e-04 1.757083333333332720e-03
3.256335282651078283e-03 1.524160524160523243e-03
1.150462962962964242e-03 1.255025125628138642e-03
3.238045738045747073e-03 3.116867469879518703e-03
-9.105263157894680779e-04 3.215289256198346473e-03
2.509825327510922712e-03 2.817333333333334449e-03
3.030737704918037932e-03 2.103214890016920358e-03
3.098684210526320322e-03 1.157599309153713738e-03
-7.926078028747380157e-04 2.261800699300697652e-03
5.245803357314156833e-03 2.797690333618475973e-03
4.477626459143974752e-03 1.069361702127658107e-03
1.238554216867473199e-03 2.271929824561402453e-03
-2.508830022075053678e-03 -1.656626506024106371e-04
-4.628898128898121557e-03 -1.094402673350053384e-04
-1.242105263157892905e-03 -5.004428697962898199e-05
-3.115751789976128720e-03 1.330220713073004954e-03
-6.316916488222074208e-05 2.380915438324282193e-03
2.360788863109052928e-03 3.331636980491940042e-03
-6.971677559912802663e-04 1.385856079404465622e-03
-6.481481481481427085e-04 -2.529313232830816957e-04
-3.014018691588738570e-04 7.960339943342780280e-04
3.151709401709407426e-03 8.705583756345178573e-04
2.119863013698633416e-03 7.553897180762842800e-04
1.512422360248451324e-03 -1.223628691983110286e-04
4.423963133640572074e-04 8.791254125412527017e-04
-3.455922865013768674e-03 7.060414788097377605e-04
-2.782560706401763367e-03 1.221508828250401045e-03
-3.834661354581634621e-04 3.438362068965516820e-03
3.606593406593413403e-03 1.634821428571427322e-03
9.828767123287742401e-04 6.821739130434768730e-04
5.967741935483875625e-03 1.549239033124439821e-03
-1.719957081545062192e-03 9.729183508488276630e-04
-5.475206611570193399e-04 1.768976897689768452e-03
1.496000000000004054e-03 2.242384682332462711e-03
2.612419700214181173e-04 1.778665413533835451e-03
-8.195991091313947416e-04 2.980967486122125358e-03
-1.818807339449531393e-03 1.812241521918940383e-03
2.571428571428580837e-03 2.364516129032258503e-03
-1.364583333333290653e-04 4.298427152317881896e-03
6.180722891566270936e-03 1.016313932980598186e-03
-3.672645739910310528e-03 2.137520525451559825e-03
6.428414096916307795e-03 3.014307228915661958e-03
-1.649462365591392206e-03 2.745984784446321193e-03
6.297872340425585873e-04 2.448782535684298177e-03
-4.679569892473112516e-03 1.698063380281690125e-03
3.866666666666671026e-03 9.021922428330509877e-04
-2.507430997876855094e-03 4.738421955403081557e-04
-8.732106339468244209e-04 3.230935875216638629e-03
-1.881873727087569025e-03 3.286764705882352748e-03
3.293721973094175873e-03 1.702679343128771618e-04
2.794007490636707305e-03 3.037974683544304526e-04
-2.456382978723395741e-03 1.943587662337662239e-03
-1.938775510203811318e-05 2.608255451713394849e-03
2.113281250000007949e-03 1.148871527777777738e-03
3.020474137931037674e-03 2.261224489795911233e-04
-8.551136363636292282e-04 -5.791666666666665233e-04
4.210884353741501177e-03 2.245115452930725695e-03
8.453389830508531259e-04 1.011460101867571720e-03
-1.407766990291256298e-03 2.429895245769540194e-03
6.810344827586215996e-03 2.787658802177857276e-03
-9.868951612903209460e-04 2.543074324324322809e-03
2.906504065040656747e-03 1.543644067796611473e-03
4.890000000000033209e-04 1.933799342105264408e-03
-3.541573033707857369e-03 1.317863397548159603e-03
-4.289827255278302041e-04 1.121083827265028981e-03
6.206543967280246698e-04 5.080168776371308528e-04
2.932558139534888024e-03 2.942159383033417230e-03
3.237777777777781259e-03 2.871674491392799990e-03
1.724137931034557436e-04 3.785194174757277631e-03
2.927318295739359151e-03 1.926527455529775069e-03
-1.698296836982957948e-03 9.730447987851180772e-04
-2.069646569646565234e-03 9.588344125809437901e-04
-1.547109207708773863e-03 9.386432926829275545e-04
4.303944315545328450e-04 4.055069930069928746e-03
5.579868708972202188e-05 2.682044887780548042e-03
-8.078651685393206877e-04 1.349880857823669003e-03
4.946517412935327526e-03 1.388175985334554573e-03
2.807875894988070675e-03 8.593750000000021185e-05
4.485781990521331940e-03 2.394801980198020194e-03
-1.507337526205447141e-03 1.128536782538399827e-03
2.738095238095252350e-04 6.714912280701756725e-04
4.112603305785129254e-03 1.063643292682927557e-03
-8.514099783080185998e-04 2.258664412510566141e-03
8.440082644628138855e-04 2.177002583979327499e-03
-5.033864541832663679e-03 1.303140096618356268e-03
5.315884476534324908e-04 1.710696920583468878e-03
8.127572016460967363e-04 1.837283500455787590e-03
2.899390243902448538e-03 2.746307558644656924e-03
6.109936575052920702e-04 2.007562277580070536e-03
1.167346938775513585e-03 1.102415026833628671e-03
-2.973733583489650582e-04 1.608154506437766817e-03
7.659751037344407314e-03 2.881834215167548927e-03
-1.869877049180322616e-03 2.604484304932733803e-03
3.803879310344864201e-04 4.773148148148133362e-04
1.995565410199560876e-03 2.123220640569394285e-03
5.016355140186922953e-03 1.567248908296942685e-03
3.321199143468961477e-03 2.390794979079495768e-03
7.410901467505316698e-04 2.980553154710457488e-03
5.347872340425538495e-03 -8.103130755064459634e-05
3.420948616600794773e-03 2.269163763066202495e-03
1.494011976047910197e-03 2.226785714285713265e-03
6.123913043478266920e-03 2.323646496815284616e-03
3.739726027397262918e-03 1.377049180327867854e-03
-2.740449438202240389e-03 3.052991452991453067e-03
-4.347826086955939277e-05 3.169974115616910025e-03
1.754128440366975504e-03 1.763846153846152301e-03
1.514739229024948718e-03 1.446186440677966036e-03
1.167708333333342206e-03 3.696817420435510437e-03
1.878323108384457761e-03 1.096682847896440424e-03
4.836124401913883056e-03 2.768252666119769279e-03
-1.487999999999996487e-03 1.828740157480314519e-03
-2.065384615384612595e-03 -4.887218045112775959e-04
5.724220623501199805e-03 1.685413005272408350e-03
3.756493506493511266e-03 2.484958979033727137e-03
1.127348643006295285e-04 9.669387755102048588e-04
-3.243902439024387921e-03 6.605424321959752626e-04
-1.949612403100772252e-03 3.215034965034964561e-03
4.271855010660987467e-03 1.234430604982205077e-03
1.755511022044090692e-03 3.062898089171972853e-03
1.477924944812363797e-03 1.316552901023891045e-03
-2.976543209876537054e-03 2.539743589743587854e-03
2.101931330472109772e-03 3.303675856307433656e-03
6.816406250000049422e-04 1.532198712051517815e-03
4.139639639639644715e-03 1.717233009708736937e-03
4.784023668639056544e-03 1.778481012658226623e-03
1.951193058568333714e-03 1.048695652173912626e-03
3.303501945525298602e-03 2.194275802254985839e-03
-8.488612836438851972e-04 1.848471986417656509e-03
1.862500000000005861e-03 3.008974358974355647e-03
-2.211764705882346676e-03 1.347598253275108767e-03
-2.790123456790119440e-03 1.480252100840335908e-03
2.313793103448278776e-03 1.785229202037351198e-03
2.455696202531646669e-03 1.567901234567900927e-03
6.954545454545460643e-03 -9.734513274336332274e-05
1.923822714681444829e-03 1.260208926875592628e-03
2.323185011709606989e-03 2.612627986348124015e-03
1.336933045356376425e-03 2.015486725663716543e-03
-8.379446640316188339e-04 9.481939163498101118e-04
-5.866807610993647094e-03 1.871978513876453813e-03
-4.102713178294564028e-03 1.929151624548734604e-03
-1.345022624434382211e-03 2.161510464058234715e-03
1.578373015873019798e-03 2.497916666666666948e-03
1.475393700787409846e-03 8.124999999999997459e-04
6.288421052631582887e-03 6.179916317991627096e-04
2.960850111856827300e-03 1.289532293986636602e-03
-2.383299798792756514e-03 1.823920265780730032e-03
1.617204301075270308e-03 2.047217537942665287e-03
2.926503340757243173e-03 1.225848563968668292e-03
4.770531400966246914e-04 2.394092827004218587e-03
3.248299319727895266e-03 2.053826745164002900e-03
2.277912621359224048e-03 1.735486508585445302e-03
-1.578740157480312345e-03 1.222376973073350907e-03
2.103411513859283592e-03 2.679912663755456854e-03
8.979400749063722953e-04 8.046251993620419591e-04
-5.683602771362580852e-03 -1.200980392156863336e-03
5.801310043668124299e-03 2.671132238547967944e-03
1.692239858906530213e-03 3.202747710241464745e-03
-6.399132321040907050e-05 1.255430060816682290e-03
1.777517564402812189e-03 1.702838063439065987e-03
2.267073170731713581e-03 1.210937499999999341e-03
1.259036144578321590e-03 1.776050420168066510e-03
3.468085106383008939e-04 1.964581416743330783e-03
1.643835616438359950e-03 2.163401602849508287e-03
-9.555555555555537853e-04 1.702826267664172026e-03
-6.403455284552848036e-03 9.671417260490888269e-04
-4.232283464566876058e-04 9.866220735785951896e-04
2.853070175438602099e-03 1.809559939301969402e-04
-1.116071428571368905e-04 1.251381215469613700e-03
-1.010101010100708251e-05 3.657106164383559961e-03
1.174518201284798988e-03 3.038526672311598481e-03
-1.079059829059774252e-04 2.734729493891797664e-03
-1.532157676348543498e-03 2.077932731747332649e-03
2.787104622871051929e-03 9.620938628158839717e-04
7.883295194508049006e-04 -1.415012942191533124e-04
2.350574712643683888e-03 2.791005291005291093e-03
2.671361502347425077e-03 1.044849023090586339e-03
3.171936758893323057e-04 3.278013582342953133e-03
-1.962890624999926933e-04 1.849001663893509902e-03
3.945945945945949357e-03 2.414767932489451929e-03
5.303784860557774969e-03 3.017521367521364909e-03
3.774390243902440642e-03 2.183893195521101598e-03
1.691239316239323987e-03 2.182885906040270014e-03
-1.907142857142854865e-03 2.862903225806451204e-03
-3.653761061946898727e-03 1.501356238698011141e-03
2.679752066115708483e-03 9.800693240901209215e-04
6.304487179487186510e-03 1.106175972927240765e-03
2.977130977130978701e-03 -2.790404040404043085e-04
-2.308602150537630415e-03 5.309417040358734886e-04
8.499043977055487911e-04 6.391339214113870302e-04
1.062801932367155207e-03 1.956628477905074208e-03
2.883529411764711864e-03 3.089052287581698589e-03
3.049450549450554923e-03 2.149240393208221370e-03
-1.883561643835613255e-03 2.155656482246077858e-03
4.073255813953492732e-03 1.790523690773066596e-03
-4.575280898876396204e-03 1.528936170212766244e-03
-9.111969111969040304e-04 1.940990990990991384e-03
4.992374727668852201e-03 1.941396508728179338e-03
-3.371396895787136336e-03 1.941480891719745555e-03
1.169509594882730749e-03 2.162052117263844712e-03
-4.060606060606055355e-03 2.700327064595256857e-03
2.945744680851065771e-03 2.799339388934765985e-03
3.138613861386142269e-03 3.414447134786116438e-03
2.474576271186443559e-03 1.331374321880651876e-03
9.977628635346865935e-04 1.887869114126097380e-03
4.588867187500005052e-03 9.314236111111105169e-04
2.255717255717262868e-03 2.491922455573503982e-03
3.086250000000004354e-03 3.533988533988517960e-04
-5.020964360586924625e-04 2.720636215334422403e-03
4.858193277310933998e-03 9.267277268942540093e-04
5.578638497652587888e-03 2.755715495342927861e-03
-7.709251101317680130e-06 2.027415143603134452e-03
-3.646367521367517486e-03 1.707899305555555820e-03
-1.470731707317066541e-03 3.855251921434673431e-03
6.604357798165137218e-03 1.915617128463476719e-03
-1.427374301675972531e-03 2.384777123633305233e-03
-1.953781512605036030e-03 1.874074074074075311e-03
4.147826086956529941e-03 3.084353146853145277e-03
-1.665254237288129593e-03 2.024866785079928316e-03
1.553398058252741006e-05 8.485385296722757929e-04
2.938073394495417049e-03 1.856954225352111607e-03
4.608433734939817875e-04 1.106198723792159314e-03
-3.482474226804117313e-03 1.738587424633936509e-03
3.166253101736975131e-03 2.385677308024157506e-03
-1.156398104265397419e-03 1.523311897106108433e-03
5.344398340248968093e-03 2.222466960352421049e-03
4.338445807770968839e-03 1.620583038869256648e-03
-3.019417475728148649e-03 1.533856317093311352e-03
2.253745318352064035e-03 2.218357082984072533e-03
7.050128534704376386e-03 -9.349220898258474213e-04
2.230158730158733702e-03 2.071150855365473664e-03
-3.734939759036084907e-04 2.844364937388182751e-04
1.317880794701989551e-03 1.832345469940728023e-03
3.556666666666670647e-03 2.304741379310344760e-03
2.577510917030569407e-03 6.840307429547401235e-04
2.714130434782615654e-03 8.795493934142149198e-05
7.488172043010762891e-03 8.703085904920766520e-04
2.426595744680859219e-03 2.355953372189840186e-03
3.907216494845398413e-04 1.258607198748043759e-03
2.079681274900405715e-03 3.422391857506360078e-03
4.979820627802698969e-03 1.076068376068374044e-03
4.843886462882101077e-03 2.437499999999998262e-03
-5.420570264765779168e-03 2.186533212010917989e-03
5.564210526315793888e-03 2.207156308851222857e-03
1.002178649237518346e-04 2.426991150442477790e-03
2.208045977011499541e-03 2.318022747156604259e-03
-1.162280701754369938e-04 2.865017361111109849e-03
-8.682008368200760853e-04 1.562499999999999653e-03
2.931415929203543252e-03 2.860048820179008494e-04
2.169934640522877892e-03 1.306057866184448177e-03
2.177062374245478365e-03 1.663568773234201095e-03
2.371951219512200264e-03 7.031249999999994319e-04
1.698189134808861462e-03 2.155759162303662844e-03
1.837416481069046714e-03 4.465329991645770034e-04
-3.593150684931497620e-03 4.021186440677960864e-04
-7.377819548872114729e-04 5.258467023172897940e-05
5.685654008438852536e-04 5.477016478751086433e-04
9.708333333333375422e-04 1.647959183673468201e-03
3.633403361344547059e-03 3.170000000000000075e-03
2.536585365853664693e-03 1.483319432860716975e-03
4.631991051454146732e-03 3.404518329070756796e-03
2.098233995584996951e-03 1.577519379844960924e-03
3.517321016166288696e-03 1.210162601626016670e-03
1.150326797385626621e-03 5.767999999999982993e-04
1.271186440678033068e-04 1.956224899598392637e-03
-7.105911330049181690e-04 1.525395503746877681e-03
7.266816143497765480e-03 1.740242844752817961e-03
1.708904109589045326e-03 1.756712774613506702e-03
-4.963235294117638099e-03 1.537706205813040017e-03
3.833333333333338762e-03 2.401360544217686493e-03
-5.871559633026927254e-05 4.537671232876711036e-03
2.217811158798286240e-03 2.663382594417076487e-03
1.355381165919290146e-03 2.114057239057238330e-03
-1.561135371178994612e-04 1.182512733446519377e-03
-2.201923076923070939e-03 2.010477787091366573e-03
2.867777777777784191e-03 2.957563025210081711e-03
2.058479532163748609e-03 1.427496038034864858e-03
-1.109523809523802872e-03 1.256476683937824855e-03
2.763092269326687233e-03 1.517376194613380067e-03
-1.716463414634140493e-03 1.316029143897993700e-04
2.674528301886793143e-03 2.603140916808149245e-03
2.598739495798326523e-03 4.719471947194716255e-04
6.224066390041542137e-04 2.234188034188031979e-03
2.506122448979596941e-03 2.537852112676054848e-03
2.501133786848078015e-03 1.618092691622101831e-03
-3.377823408624187613e-04 2.621702127659574378e-03
-5.356823266219231695e-03 3.439013452914796258e-03
2.215053763440866328e-03 1.693548387096774572e-03
-2.779904306220088925e-03 2.135039717563989164e-03
3.817647058823533685e-03 -8.238503507404525182e-04
-3.599585062240618673e-04 1.947603574329812666e-03
2.163135593220343999e-03 1.546328671328669980e-03
3.265432098765438072e-03 2.154648132059078409e-03
4.080942622950822600e-03 2.111637931034482558e-03
6.524468085106393568e-03 2.692307692307693498e-03
-2.432648401826477836e-03 5.698594024604567050e-04
3.056102362204732564e-03 2.199148936170211826e-03
-9.959183673469342718e-04 2.856192851205320224e-03
2.692307692307993537e-05 1.107531380753136625e-03
1.116071428571432196e-03 -3.423076923076916710e-04
-2.034858387799559892e-03 2.036734693877551017e-03
3.552823315118400650e-03 -4.433077578857628175e-04
2.374476987447746113e-04 3.286731967943008498e-03
6.323828920570276346e-03 6.903508771929830210e-04
2.750000000000006779e-03 1.017730496453900018e-03
-1.266592920353980288e-03 3.978279030910607771e-03
6.762295081967776352e-05 1.380616740088105691e-03
4.013761467890408161e-05 2.529461279461278113e-03
4.854771784232417850e-04 1.581521739130433953e-03
-4.089800443458978946e-03 9.709821428571427902e-04
4.529017857142858192e-03 1.599013968775678642e-03
-2.100737100737059084e-04 6.013745704467251136e-05
2.413202933985333226e-03 1.659420289855072662e-03
-7.253384912959349919e-04 1.963956412405700076e-03
8.471953578336602949e-04 1.730056406124092687e-03
-3.934354485776797410e-03 3.798076923076923114e-04
-1.863636363636357899e-03 2.865695792880258545e-03
-1.364653243847870892e-03 3.222591362126249795e-04
-2.162112932604729875e-03 8.252385082393756633e-04
-2.019047619047610858e-03 1.366995073891624996e-03
4.345603271983693779e-04 1.280303030303030264e-03
-3.061224489795875926e-04 1.894214162348877581e-03
-4.714566929133794863e-04 3.839826839826839650e-04
3.240534521158175310e-04 2.631834215167547838e-03
-1.807692307692301175e-03 2.572284345047922728e-03
1.631416837782343181e-03 2.173505798394290839e-03
9.838709677419408065e-04 2.525021570319240741e-03
7.186234817814187359e-05 1.430934656741107919e-03
-2.655434782608689145e-03 2.464285714285714430e-03
2.058455114822553209e-03 3.002827140549272755e-03
1.820448877805577747e-04 2.577515865820488930e-03
-2.153696498054470578e-03 2.899501661129567833e-03
-1.522522522522518854e-03 2.847141673570835040e-03
1.205338809034911139e-03 2.377893056664007101e-03
4.840110905730136623e-03 9.608555286521386005e-04
-1.753246753246748149e-03 1.435819601040763671e-03
-8.248587570621387097e-04 2.310466138962180473e-03
-9.852941176470542649e-04 1.909871244635192363e-03
-6.222707423580728717e-04 1.378283712784588409e-03
2.576687116564421124e-03 2.037653239929949119e-03
4.789414414414420833e-03 1.946922390722568468e-03
7.857142857143271355e-05 1.017114914425427908e-03
2.027533039647581425e-03 2.113676731793958860e-03
-5.951417004048507485e-04 1.489840989399293268e-03
-1.757847533632279522e-03 1.365228013029314187e-03
4.072164948453667896e-04 5.489323843416369893e-04
-9.295366795366727126e-04 4.533847472150812942e-03
-1.408136482939626594e-03 1.653197158081702806e-03
1.371212121212126182e-03 1.861692447679707835e-03
2.971982758620689453e-03 1.129480286738350709e-03
1.527472527472538075e-03 2.048267326732673786e-03
-5.378947368420977778e-04 3.062245728234337314e-03
-4.687363834422649846e-03 1.262732417138237280e-03
3.055555555555562221e-03 1.935929648241204717e-03
-1.608134920634917038e-03 1.926952141057928526e-04
4.467741935483879497e-03 2.783615316117542000e-03
-1.273755656108594217e-03 3.160648148148146805e-03
-1.556066176470584286e-03 7.679824561403502704e-04
-2.168466522678181522e-03 2.388316151202746532e-04
-7.534246575341611136e-05 -2.397020157756346538e-04
7.130750605326986171e-04 2.103930131004366592e-03
4.827235772357806650e-04 2.040315106580167879e-03
2.952586206896596201e-04 2.401147396293026350e-03
3.024948024948115365e-04 3.817753623188402910e-03
-1.998929336188431244e-03 2.056271477663231158e-03
8.324275362318854510e-04 8.641025641025641951e-04
-3.578521939953803032e-03 1.811898512685911240e-03
-3.005780346820787364e-04 7.596153846153851650e-04
3.659340659340699410e-04 2.156621392190150640e-03
2.147000000000002205e-03 2.445910290237467231e-03
5.118336886993609877e-03 5.928324697754748735e-04
2.331395348837212583e-03 5.574866310160431779e-04
6.670329670329753092e-04 3.642453591606133363e-03
6.417211328976042510e-03 3.064081632653060765e-03
-6.220095693779391930e-05 1.381083202511773156e-03
1.244877049180333987e-03 2.232548359966358368e-03
9.037328094302780391e-05 2.094190140845070530e-03
1.312633832976450518e-03 8.736888111888116122e-04
3.205747126436786065e-03 1.000408496732025894e-03
-3.408767772511841869e-03 -7.582236842105260534e-04
-3.307855626326958783e-03 1.788953009068423774e-03
1.099804305283758358e-03 2.950083194675540057e-03
6.366071428571499092e-04 1.283439490445860724e-03
-2.896475770925104054e-03 2.070666666666665101e-03
3.612394957983203290e-03 9.447194719471945466e-04
-4.425507900677192082e-03 3.669803250641583028e-04
2.721382289416840808e-04 9.962518740629681350e-04
1.469162995594719282e-03 2.512905911740216918e-03
-1.536956521739124906e-03 2.735294117647058855e-03
-1.494758909853240170e-03 3.096402214022137521e-03
5.284292035398231550e-03 1.818440292445165900e-03
-6.593406593396473187e-06 3.169483985765122590e-03
3.521794871794874104e-03 2.417557932263814189e-03
-1.210359408033824438e-03 2.545694200351494331e-03
2.691268191268191522e-03 1.050040355125100465e-03
-1.807471264367810576e-03 1.149458784346377030e-03
-5.276960784313718816e-03 1.290041493775932486e-03
5.249419953596293036e-03 3.008481764206955011e-03
1.267368421052641808e-03 2.503927729772190570e-03
-1.508888888888882535e-03 3.056828597616874539e-04
-2.391650099403574720e-03 1.224448078495501274e-03
6.175213675213775876e-04 1.247763864042927579e-04
-5.344086021505287630e-04 2.817781690140846486e-03
-7.247899159663195997e-05 1.053750966744006461e-03
9.778481012658278831e-04 1.852891156462585249e-03
3.294491525423731953e-03 -2.132601351351352337e-04
2.509469696969750534e-04 1.340082644628098766e-03
-1.823529411764701494e-03 2.491789819376015068e-04
3.175925925925929694e-03 2.879377431906615637e-04
-1.774193548387006079e-04 -9.586177474402733439e-04
1.322815533980649654e-04 1.706477732793521039e-03
3.184848484848490022e-03 3.166525423728812783e-03
2.728873239436626057e-03 2.954116638078901035e-03
2.293933054393314241e-03 1.126737530662304948e-03
-1.872065727699523917e-03 1.041666666666667086e-03
7.707468879668075016e-04 1.857335733573356462e-03
4.870203160270886004e-03 7.610797743755023156e-04
5.118012422360250849e-03 1.682526661197702436e-03
2.254318618042233657e-03 3.986497545008183853e-03
2.294784580498870127e-03 2.185765443151298313e-03
5.004716981132081161e-03 1.595473251028806279e-03
1.559610705596112040e-03 -3.994708994708998030e-04
-2.994407158836682233e-03 6.203623813632443227e-04
1.355882352941182450e-03 2.617437722419928368e-03
2.506550218340610967e-03 1.204680851063829293e-03
3.709327548807008412e-04 2.044943820224718028e-03
2.911963882618517820e-03 2.332914572864320819e-03
1.694860813704500120e-03 1.165545590433482524e-03
-3.464114832535876085e-03 3.796548956661315120e-03
3.483333333333336976e-03 -1.164874551971311663e-05
3.030681818181826023e-03 1.459094865100087892e-03
4.496855345911952850e-03 -6.636442141623486802e-04
1.516778523489937256e-03 1.805128205128205682e-03
-1.694736842105203892e-04 2.531172069825435734e-03
-3.752808988763990661e-04 2.363410596026475170e-04
-7.640918580375744224e-04 1.700320512820511273e-03
-9.396186440677910994e-04 2.707256046705586779e-03
-2.986607142857137208e-03 2.585365853658536280e-03
2.465859030837005625e-03 5.075000000000000301e-04
2.488578680203050106e-03 1.976441917140534747e-03
1.867187499999999490e-03 2.329847908745247363e-03
-1.772245762711858498e-03 1.326559546313800563e-03
-7.847082494969491245e-05 -9.107468123865366055e-07
3.463768115942034501e-03 1.856382978723403708e-03
8.929924242424252655e-04 1.400082236842106016e-03
-5.231213872832335670e-04 4.598180439727063027e-04
-1.035629453681705418e-03 2.052000000000000438e-03
1.207852193995386739e-03 2.129345189975748176e-03
3.531250000000044770e-04 2.731605351170567249e-03
2.636038186157520224e-03 2.146885521885520329e-03
2.308128544423443829e-03 2.631321370309951373e-03
2.710829493087559168e-03 2.040527803958529403e-03
2.469586374695937432e-04 1.743980738362760049e-03
4.277251184834128181e-03 1.267256637168140973e-03
-8.959183673469319495e-04 2.305752212389379410e-03
2.334851936218715113e-04 2.155386081982839375e-03
7.646118721461194097e-03 6.472392638036805887e-04
5.705284552845534679e-03 -8.382476832350466091e-05
-1.789094650205756828e-03 1.826522435897434812e-03
1.782101167315178333e-03 7.771352313167257352e-04
2.425675675675680737e-03 2.875408496732025608e-03
-1.367010309278347607e-03 2.149758454106279366e-03
1.276041666666674016e-03 -2.742358078602626873e-04
7.100710900473942468e-03 2.039984472049689163e-03
2.698198198198206287e-03 2.029608006672225726e-03
4.798264642082434965e-03 1.607843137254902398e-03
-9.465558194774292399e-04 7.320466786355471489e-04
-4.140786749478842464e-06 2.174315975286850427e-03
-9.088785046728921346e-04 2.766749379652606866e-03
-1.441860465116271989e-03 1.207627118644066322e-03
5.042828685258968560e-03 3.095555555555555387e-03
-9.639737991266314259e-04 2.068669527896996058e-03
-1.805555555555498010e-04 1.210389610389610900e-03
6.741176470588240016e-03 1.564978902953586539e-03
2.164959016393444916e-03 1.474760661444735228e-03
2.697215777262187541e-03 1.586730615507592982e-03
1.786975717439301435e-03 3.692810457516336052e-04
2.683741648106907022e-03 1.367378048780485767e-03
-2.606463878326989534e-03 3.034883720930232117e-03
2.365591397849942042e-05 2.340599455040872235e-03
-2.109131403118032645e-03 1.116169544740973655e-03
-1.713004484304923598e-03 9.283333333333332023e-04
4.173963133640557974e-03 2.170445004198152689e-03
-8.278688524590096815e-04 1.489193682460515384e-03
3.131634819532913647e-03 3.602227525855210451e-03
-5.957943925232975381e-05 1.462593516209475869e-03
-1.795258620689650815e-03 1.291499599037689234e-03
-1.300391389432478152e-03 2.474999999999998469e-03
-1.158878504672894091e-03 1.234003656307134408e-04
1.786199095022628254e-03 1.955993930197268225e-03
5.251953125000003580e-03 5.716878402903801141e-04
3.383771929824562659e-03 2.271671134941911658e-03
5.228855721393037455e-03 2.214689265536722972e-03
6.854838709678085320e-05 8.370078740157474353e-04
-8.050505050504991149e-04 1.420585625554567815e-03
-2.113689095127601735e-03 3.126666666666666917e-03
-3.053260869565213153e-03 1.670203735144312708e-03
4.422746781115887219e-03 3.471093749999998920e-03
1.143678160919545670e-03 2.396624472573834696e-04
3.562355658198620295e-03 2.434923201293451821e-03
-2.350332594234934541e-04 1.057586837294332508e-03
-3.144654088050269315e-04 6.615986099044319753e-04
3.498987854251014822e-03 1.707395498392283396e-03
1.675105485232069452e-03 1.257069408740359683e-03
-2.748344370860880312e-04 2.428695652173913644e-03
3.203592814371263465e-03 3.359402460456940853e-03
-3.002070393374249739e-05 5.546666666666673915e-04
1.752380952380998280e-04 6.509357200975867139e-06
-7.587901701323240128e-03 1.324312714776632646e-03
1.131313131313175992e-04 2.185892439594697492e-03
-1.744635193133043001e-03 1.542313664596273864e-03
-2.805133079847900879e-03 1.764382402707274748e-03
-1.214285714285671741e-04 1.129597197898424407e-03
2.070675105485239587e-03 2.420034393809113518e-03
2.807954545454551410e-03 1.119787717968157492e-03
5.041866028708139047e-03 2.056332236842103346e-03
2.928155339805830169e-03 3.070394207562349848e-03
-7.028061224489753770e-04 2.456331877729257731e-03
6.511363636363685968e-04 2.069883527454242401e-03
-3.185483870967735671e-03 1.459749552772809066e-03
-4.665991902833984089e-04 1.344076655052263772e-03
1.521493212669687480e-03 2.278756957328385239e-03
5.114107883817505191e-04 3.191212367778681770e-03
3.018367346938780321e-03 2.646214099216709966e-03
1.606846473029047888e-03 7.772321428571425531e-04
3.237843551797042752e-03 -9.266561514195598192e-04
7.982791586998150540e-04 2.834160463192721656e-03
1.138392857142865155e-03 1.380875202593190862e-03
-6.052350427350420420e-03 9.076855123674910800e-04
-1.999999999999968925e-04 2.377245508982034957e-03
1.718237704918038717e-03 1.582524271844659713e-03
4.424752475247529376e-03 4.991304347826081098e-04
3.937371663244357278e-03 1.646661031276415270e-03
2.101562500000007504e-03 2.707225913621262147e-03
2.674369747899164700e-03 2.096360628618690759e-03
8.297244094488265146e-04 1.864085667215816151e-03
2.581000000000002997e-03 9.698039215686262999e-04
-3.462239583333327157e-03 2.480586712683356242e-04
1.208835341365463141e-03 1.127265238879736212e-03
-2.281746031745986343e-04 1.365059221658207044e-03
5.054945054945083347e-04 2.496317512274957764e-03
1.294582392776526432e-03 1.612325174825174259e-03
3.510940919037203699e-03 2.372012336160368804e-03
-1.173694779116459148e-03 2.564058469475495074e-03
-3.737672583826403714e-04 8.543046357615892731e-04
1.947939262472894425e-03 2.157093124456048450e-03
4.234234234234293226e-04 1.736003110419906360e-03
6.195652173913083864e-04 1.202916666666666587e-03
4.697855750487374849e-04 1.880069025021569723e-03
2.452784503631965513e-03 2.345198675496686959e-03
4.002212389380538013e-03 8.836395450568673444e-04
-5.143737166324397403e-04 1.171672077922078200e-03
5.653923541247517226e-04 1.042096219931272581e-03
1.601995565410202537e-03 1.215596330275230119e-03
9.226579520697242862e-04 9.699074074074075019e-04
-1.430681818181811418e-03 2.274748322147649750e-03
4.486394557823133490e-03 3.199265381083564192e-03
