-8.920308483290474537e-04 7.723845428840735074e-04
-4.940047961630693188e-04 7.106666666666674971e-04
3.865740740740736324e-04 1.464285714285714843e-03
-1.399092970521540955e-03 3.999037536092403967e-04
6.356321839080479857e-04 2.270973963355833389e-03
-3.501404494382020626e-03 6.951219512195120536e-04
-6.905781584582423643e-04 3.730842911877394288e-04
-1.722466960352423858e-03 6.263786764705892062e-04
-4.030060120240482741e-03 -4.942119323241225560e-05
-1.705426356589122879e-04 5.768509840674783916e-04
-5.045454545454543076e-03 1.229766187050359985e-03
-2.395728643216078237e-03 -9.180018850141368402e-04
-1.463340122199590330e-03 7.921658986175121641e-04
-3.714757709251101381e-03 7.214891611687092006e-04
-2.840970350404310989e-03 1.572227399813607178e-03
2.130541871921191020e-04 6.167635658914736446e-04
4.518828451882845611e-04 -3.692162417374889234e-04
-2.221830985915492634e-03 9.009725906277631612e-04
-2.668918918918919956e-04 5.220941402497597961e-04
-6.178489702517041455e-05 8.084291187739464559e-04
-4.204545454545414074e-04 2.049751243781094100e-03
-5.165562913907246383e-04 4.822154471544716839e-04
-4.468614718614718172e-03 1.348591549295776295e-03
-2.215083798882680564e-03 1.024626209322780082e-03
-3.781725888324853992e-04 8.100739371534196667e-04
2.964509394572024947e-03 7.588179218303139689e-04
-3.028761061946902509e-03 1.002854424357755387e-03
-2.355555555555544176e-04 1.883868243243242953e-03
-6.147902869757173629e-03 6.680440771349862401e-04
-2.661691542288508469e-04 -3.221535745807495603e-05
3.145496535796767426e-03 1.873059360730594102e-03
1.496259351620933705e-04 -4.826484018264835633e-04
-3.272357723577232463e-03 1.275286757038581820e-03
-7.277667984189724326e-03 1.183702989392478337e-03
-8.866995073891318919e-05 -2.238360323886640600e-03
3.803964757709252936e-03 -5.947136563876525065e-05
-4.756989247311826062e-03 1.101941747572823983e-04
-3.313725490196077310e-03 4.295774647887328889e-04
-1.208757637474537974e-03 5.685131195335291080e-04
-2.858156028368790107e-03 2.445219123505974540e-04
-3.729411764705879533e-03 1.249283667621776126e-03
6.492537313432848950e-04 -7.759515570934250863e-04
-1.460824742268037289e-03 -4.680343511450385410e-04
-3.237209302325579074e-03 6.440080563947637006e-04
3.056085918854417952e-03 8.005808325266221400e-04
-2.676623376623377820e-03 1.144762845849802649e-03
-2.095918367346938458e-03 1.425985090521832274e-03
7.798804780876510048e-04 8.757170172084137623e-04
4.896313364055284627e-04 1.218867924528301352e-03
-3.807603686635946567e-03 -3.700787401574802036e-04
-3.699339207048458079e-03 -6.702898550724564362e-05
-4.863534675615210565e-03 1.742194891201513489e-03
-4.926923076923078737e-03 -6.713893967093228273e-04
-1.926940639269403071e-03 1.446534653465344523e-03
-2.660526315789473427e-03 2.731843575418996164e-03
3.204705882352940245e-03 1.722933070866141791e-03
1.062659846547317575e-03 1.801886792452848994e-04
-2.181912681912685868e-03 -5.114784205693296854e-04
-1.437901498929333071e-03 2.804444444444451415e-04
1.535632183908047311e-03 6.452671040299909344e-04
-3.728287841191064555e-03 1.868953386103782647e-03
-4.086009174311927561e-03 2.639246778989098527e-03
-1.545253863134653715e-03 -1.030010172939979218e-03
8.176229508196729409e-04 2.035852713178294519e-03
-3.979400749063674060e-03 -5.516431924882626240e-04
-2.725746268656716043e-03 4.467509025270807298e-05
-5.604477611940297116e-03 -6.657223796033860717e-05
-3.105543710021321357e-03 9.621284755512952026e-04
-3.054393305439328642e-03 -2.767034990791897558e-04
-1.201508620689655492e-03 -1.158841158841152416e-04
-4.409736308316427114e-03 -1.982111692844676538e-03
8.829545454545464694e-04 6.994459833795021054e-04
2.636659436008678779e-03 9.201213346814959317e-04
-1.036247334754793453e-03 1.418274111675127879e-03
-6.208791208791216700e-04 -6.862745098039135577e-05
-2.300407331975559428e-03 -1.191627906976743933e-03
1.623831775700936052e-03 1.783874045801526380e-03
8.508968609865487321e-04 1.390423572744014548e-03
-5.546719681908559001e-04 1.919191919191915070e-04
-9.889867841409642583e-04 6.360608943862996459e-04
6.998050682261239275e-04 1.142539964476021975e-03
-5.113053613053608094e-03 9.021071115013183520e-04
-2.714449541284396066e-03 2.301994301994302310e-03
8.564182194616978827e-03 2.238532110091742688e-03
-2.264563106796121678e-03 3.212689901697955903e-04
-4.269767441860463850e-03 1.533234126984126412e-03
-2.411434977578476562e-03 3.664512922465210099e-03
1.107558139534885839e-03 1.792368681863231155e-03
-6.764705882352908600e-04 -1.279999999999989100e-04
-3.616740088105725639e-03 1.621349446122874005e-04
9.427860696517424179e-04 1.436140018921475310e-03
-7.049891540129965789e-05 1.125245579567780464e-03
-5.767489711934158103e-03 -1.203900709219856606e-03
-5.641646489104112190e-04 -9.003741814780164346e-04
-1.703124999999996309e-03 4.377923292797015402e-04
-5.787589498806664911e-04 -7.644964394710073623e-04
5.379310344827588353e-04 9.388992537313440787e-04
-2.901918976545842747e-03 3.542471042471057106e-04
1.209112149532710467e-03 1.633147113594041015e-03
-2.046315789473684282e-03 -5.194624652455967625e-04
-2.559740259740258834e-03 2.682492581602375064e-03
2.691387559808622581e-04 2.285195277020890450e-03
-4.472222222222222050e-03 2.440094339622642366e-03
-4.379061371841155154e-03 1.124331550802138823e-03
-2.655172413793098658e-03 5.224719101123595456e-04
-1.721230158730157949e-03 1.150147203140333566e-03
-5.706263498920085414e-03 5.955473098330253201e-04
-5.212253829321662583e-03 -7.087286527514229497e-04
2.796082949308755384e-03 1.591633466135457991e-03
-3.242290748898677983e-03 1.762140287769784494e-03
-5.198177676537583773e-03 1.528024911032028685e-03
-1.644318181818180168e-03 2.327804878048780109e-03
-3.590551181102360524e-03 4.647006255585347341e-04
-1.605769230769228976e-03 3.140578265204387303e-03
-2.391650099403575154e-03 7.325692454632293585e-04
-4.101871101871095750e-03 1.041666666666677711e-04
2.755670103092783436e-03 1.671581769436997081e-03
-2.549261083743816175e-04 -1.892230576441088338e-04
-2.519379844961255562e-04 6.876237623762383646e-04
-3.825581395348834172e-03 4.206268958543990803e-04
-1.917808219178081947e-03 4.228598306679212052e-04
-6.271629778672032154e-03 -7.142857142857082407e-05
-2.458057395143485244e-03 2.523320895522403206e-04
-5.247630331753555706e-03 -5.869373345101417218e-05
-4.561611374407581465e-03 6.091515729265967313e-04
-9.598393574297163413e-04 2.693744164332402265e-04
-4.094202898550719852e-03 1.204245283018868162e-03
-1.924063116370807467e-03 1.000432525951557581e-03
-7.559579439252335324e-03 1.600000000000050750e-05
-9.217289719626168588e-04 -2.548586572438150412e-04
-8.216080402010021797e-04 3.330243902439025076e-03
-6.763440860215031271e-04 1.968541468064827920e-04
-4.441629955947134709e-03 6.519925857275257275e-04
-4.454451345755694805e-03 6.337662337662337093e-04
-8.623188405797091840e-04 2.061631944444463141e-04
-2.143401015228423630e-03 8.470695970696034386e-05
-3.715976331360945368e-03 2.792877225866918951e-04
5.000000000000021788e-04 5.237633365664404140e-04
-2.031486146095716570e-03 -3.781009409751914579e-04
1.083639705882356212e-03 8.614180478821372453e-04
-2.024330900243306516e-03 2.597222222222230902e-04
-5.532323232323230547e-03 4.213221601489763445e-04
-3.261000000000000443e-03 6.772046589018309269e-04
-1.512524084778419861e-03 5.639810426540283871e-04
-2.049065420560744737e-03 2.132119514472454683e-03
-1.840725806451611090e-03 3.589484327603643748e-04
2.325581395349097616e-06 1.601283226397799599e-03
-2.957831325301205419e-03 1.034995206136146489e-03
7.327586206896821806e-05 3.541666666666663126e-04
-7.692499999999999685e-03 -1.266432953549507428e-04
-5.539956803455731160e-04 -6.023054755043225766e-04
1.721846846846850207e-03 4.230387288977166364e-04
-2.165384615384613291e-03 1.111824014665445262e-03
-2.783524904214558157e-03 1.276851851851853233e-03
-3.701086956521739118e-03 -9.086629001883161634e-05
-6.628913443830568818e-03 -3.292572463768107262e-04
6.244680851063838392e-04 2.326704545454545432e-03
1.324324324324327364e-03 1.785285285285285800e-03
-4.550102249488754622e-03 -1.882247992863509919e-04
1.298989898989901795e-03 2.355191256830599725e-03
-6.771488469601665266e-04 8.847715736040614011e-04
4.401041666666687742e-04 2.855855855855861359e-04
-2.045662100456622362e-03 3.727598566308246110e-04
7.620967741935507148e-04 1.712679856115108430e-03
-3.497409326424729846e-05 1.897940913160251061e-03
3.039959016393445693e-03 -2.933597621407328833e-04
-2.129870129870125358e-03 -3.861111111111101301e-04
-4.481327800829869334e-04 -6.248927038626597187e-04
-2.668789808917194049e-03 2.378556910569105346e-03
-1.341666666666664186e-03 1.696261682242996215e-04
-3.678286852589640176e-03 9.507892293407620458e-04
-1.328638497652581728e-03 5.615314494074760644e-04
-1.515444015444011860e-03 1.358231707317073510e-03
-3.647696476964768647e-03 1.590582959641254372e-03
1.490825688073398264e-03 9.948979591836741229e-04
-5.827868852459013906e-03 1.036044362292053416e-03
-1.723427331887201564e-03 7.027027027027037869e-04
-1.658508158508157065e-03 6.648727984344426391e-04
4.356060606061051393e-05 2.070783132530121511e-03
-2.047661870503591618e-03 -3.514664143803203529e-04
-4.865256124721600330e-03 1.686842105263158462e-03
-2.936651583710407892e-03 2.870967741935493605e-04
-4.150617283950617034e-03 -4.775280898876396079e-04
-2.898520084566594962e-03 1.456456456456456036e-03
-1.356666666666665744e-03 2.458551483420594579e-03
-1.530398322851150416e-03 1.819117647058823058e-03
-1.712328767123225885e-05 7.989392478302799819e-04
-2.964139344262293769e-03 3.355140186915890480e-04
-4.879581151832458955e-03 2.319634703196350593e-04
-8.266826923076923614e-03 2.269793459552497169e-03
-9.129629629629633369e-03 1.784191829484902932e-03
-2.122911694510736143e-03 8.788587464920486706e-04
-5.660401002506268431e-03 -1.857142857142850940e-04
-2.408207343412527898e-03 9.324082363473594568e-04
-3.340956340956337776e-03 5.047080979284372573e-04
-3.997518610421835726e-03 1.507483629560336805e-03
-7.625502008032128930e-03 -1.114488348530883068e-04
-4.240118577075099697e-03 2.417794970987240752e-06
7.934508816120871405e-05 -9.803001876172610582e-04
-6.646586345381531868e-04 1.574271844660195653e-03
3.697752808988766064e-03 2.244985673352435564e-03
-1.829545454545455224e-03 2.100192678227363289e-04
-2.335648148148145725e-03 1.859375000000000350e-03
-2.508421052631576876e-03 4.359605911330052775e-04
8.753026634382545315e-04 1.140391791044776922e-03
2.554932735426008062e-03 7.875555555555560985e-04
-4.187089715536104935e-03 2.020735155513667548e-03
-4.486935866983373170e-03 4.030354131534569142e-04
-3.201535508637235773e-03 1.359724612736654147e-04
-3.130952380952377496e-03 1.976336546888702922e-04
-3.734966592427617534e-03 3.419413919413919617e-03
-1.453196347031960375e-03 -3.142458100558648856e-04
1.494987468671679729e-03 2.018270944741531927e-03
-2.838645418326684591e-04 3.406072106261861295e-04
1.098623853211007882e-03 2.355555555555555614e-03
-1.050505050505046948e-03 1.005036630036630673e-03
1.622994652406418168e-03 5.014436958614053525e-04
9.462616822429992627e-05 -3.176583493282146434e-04
-3.330588235294119036e-03 1.218264840182649083e-03
-2.785923753665719505e-04 2.536918869644483581e-03
-1.754859611231100128e-03 1.336042065009560628e-03
-1.296728971962603748e-04 3.528610354223439809e-04
-7.517730496453874783e-04 -9.493554327808480849e-04
-2.183720930232555587e-03 6.523929471032761333e-04
1.328320802005074949e-04 8.070422535211275962e-04
-1.206349206349204440e-03 8.086876155268026955e-04
-5.742138364779872037e-03 4.752024291497977107e-04
8.650442477876143545e-04 6.990740740740742894e-04
1.897494305239180289e-03 1.147867298578199823e-03
-1.925714285714283424e-03 -2.099627560521411473e-04
-3.320328542094453089e-03 4.124189063948203993e-05
-5.914974619289337619e-03 1.097656250000000324e-03
-1.996183206106870618e-03 1.623395853899308383e-03
-3.992890995260664488e-03 6.964944649446544759e-05
-3.418691588785045636e-03 -3.932702418506836659e-04
-6.374999999999999591e-03 4.974916387959868892e-04
-4.069948186528493488e-03 4.524236983842007593e-04
-4.743040685224838258e-03 -6.015037593984951273e-04
-2.699999999999999276e-03 2.409050576752447053e-04
2.193058568329719557e-03 2.275568181818181553e-03
-3.324009324009323443e-03 4.741541353383467721e-04
1.000000000000004358e-03 1.184331797235023496e-03
-4.620044052863434350e-03 8.404461687681871523e-04
-1.512585812356979963e-03 -1.005286343612334099e-03
-1.284198113207547570e-03 -1.326192794547225015e-03
-1.545638945233262325e-03 1.346698113207548493e-03
-4.435227272727275578e-03 7.436500470366887768e-04
-3.409604519774012132e-03 9.728209934395501326e-04
-2.887804878048782012e-03 8.605947955390332027e-04
-1.566598360655736604e-03 2.513719512195122883e-03
-7.277506112469437835e-03 -1.533057851239657155e-04
2.205607476635515832e-03 3.977272727272710600e-04
-3.167664670658680223e-03 1.493725868725869453e-03
-3.511904761904759056e-03 1.351754385964912307e-03
-4.213457076566127883e-03 2.574074074074076388e-04
-3.817567567567565871e-03 -2.293700088731128372e-04
-2.550091074681248913e-04 -4.694280078895475550e-04
-1.638655462184830051e-04 1.080246913580250903e-04
-5.132743362831857815e-03 1.588491717523975600e-03
2.018264840182648363e-03 -1.042163153070576644e-03
-1.156077348066297285e-03 6.208745874587467874e-04
-1.776283618581905562e-03 1.506938020351526655e-03
-6.421728971962616973e-03 -6.245370370370372697e-04
-3.904139433551198027e-03 6.757263355201504826e-04
-8.041237113402065206e-03 4.612546125461258815e-04
-1.775114155251137195e-03 1.911712511091393906e-03
7.302798982188342912e-04 -1.061700182815356443e-03
-1.117096018735363886e-03 -9.724072312083718948e-04
-1.389140271493214708e-03 2.973436161096837133e-04
-2.094594594594575152e-04 2.610738255033558108e-03
-2.492753623188402688e-03 1.617337164750957826e-03
1.788113695090438578e-03 2.449718045112781600e-03
-1.905010438413356783e-03 6.352087114337851139e-06
-4.043023255813955712e-03 5.815217391304354499e-04
-8.557692307692276595e-04 1.345802919708035208e-04
-3.317796610169487445e-03 -6.789631106679955850e-04
-1.840172786177104265e-03 9.090485074626869716e-04
-5.976958525345620402e-03 7.933398628795306331e-04
-5.886836027713625991e-03 -1.221161825726140146e-03
-2.481949458483751186e-03 -5.443510737628382782e-04
-1.164122137404561029e-04 4.420062695924774072e-04
-4.020737327188936457e-03 9.890219560878257474e-04
-4.869402985074627009e-03 8.219056099732860183e-04
1.575892857142860556e-03 2.370098039215687725e-03
9.913580246913591097e-04 1.264071294559100710e-03
-2.782273603082850624e-03 6.670135275754425800e-04
1.209459459459460030e-03 4.927042801556426668e-04
-2.365825688073391019e-03 -1.302657480314960365e-03
2.421052631578949656e-03 1.572957198443579539e-03
7.690531177829107142e-04 1.825900514579760622e-03
-1.952784503631958563e-03 -3.911330049261075334e-04
-2.717289719626167586e-03 1.025179856115107603e-03
-7.347098214285713129e-03 1.054776511831727716e-03
1.614942528735631953e-03 1.768161434977578994e-03
-3.091876208897480389e-03 5.477064220183491036e-04
-4.785371702637894985e-03 1.550099206349205829e-03
-1.869047619047618921e-03 1.169902912621363335e-04
-5.706930693069305754e-03 1.819561551433389757e-03
-2.835937499999998182e-03 -2.275254865616310339e-04
-3.513513513513511887e-03 1.428171641791045870e-03
3.388520971302459587e-04 7.069457659372027159e-04
-8.379052369077284691e-04 2.257180156657964936e-03
-2.607058823529409368e-03 5.090735434574979396e-04
-5.513189448441245012e-03 4.739761092150175398e-04
1.137383177570098006e-03 -3.732741617356996936e-04
-2.117270788912581619e-03 1.002734731084843351e-05
-2.182745825602969928e-03 3.586844809866403922e-04
-5.079196217494089810e-03 1.712041884816755104e-03
-3.378787878787879555e-03 7.947925860547220070e-04
-3.455813953488371445e-03 6.779580152671753172e-04
-7.933333333333339324e-04 -8.711711711711713239e-04
-1.424949290060847744e-03 -1.503864734299515445e-03
-4.843387470997682041e-03 1.080803571428571317e-03
-1.065268065268067717e-03 1.476855895196506775e-03
-2.855450236966819693e-03 5.905974534769840422e-04
-6.282608695652173308e-03 5.925196850393706170e-04
-6.403465346534653081e-03 -2.275775356244745897e-04
-1.173596673596669386e-03 1.029186602870813460e-03
-3.084295612009231840e-03 4.833984375000011341e-04
1.835443037974704731e-04 5.696202531645580677e-04
-4.492204899777280970e-03 1.433175355450237894e-03
-1.742382271468140070e-03 -4.385964912280688284e-04
-1.334558823529408958e-03 -2.080717488789231144e-04
-1.908163265306121736e-03 -2.273156899810963071e-04
-4.008474576271190207e-03 -2.537313432835806393e-04
-3.165735567970203346e-04 -1.294500000000000511e-03
-2.993827160493829284e-03 2.200252951096121762e-03
-2.168316831683166340e-03 5.758077879039074531e-05
-5.003667481662588123e-03 2.396293027360990124e-04
2.350000000000000960e-03 1.181564245810056086e-03
-4.168421052631573532e-04 1.788797061524335279e-03
2.146505376344086044e-03 1.285505836575874701e-03
-2.397312859884834311e-03 1.187378640776700148e-03
-3.397291196388263490e-03 7.032803180914513203e-04
-1.176595744680853988e-03 2.233802816901407640e-03
-1.227393617021275453e-03 3.570198105081828451e-04
-6.848137535816594670e-04 1.363723608445297679e-03
-1.349896480331262780e-03 1.560129509713228382e-03
-2.740492170022357384e-04 1.209453197405004976e-03
-2.937500000000002175e-03 8.146226415094345299e-04
-5.161383285302590003e-03 8.298791018998293413e-04
-3.252808988764041825e-03 1.290322580645169475e-04
-2.594026548672563257e-03 6.206730769230777963e-04
-3.587248322147650048e-03 1.592592592592593365e-03
6.487750556792873553e-03 2.280621572212077454e-04
-5.395184135977336946e-03 -2.474885844748850208e-04
-3.694444444444442473e-03 1.682234432234431306e-03
9.961832061068692963e-04 1.342329545454545641e-03
-1.607058823529410865e-03 2.470645792563607780e-04
-5.844017094017093768e-04 -7.491334488734825714e-04
-7.676399026763970363e-04 4.096834264432031112e-04
-7.142857142857141767e-03 9.383954154727807079e-04
1.562111801242235245e-03 -7.222222222222222975e-04
-1.040772532188840227e-03 3.437783832879199989e-04
-1.844537815126048733e-03 1.183412322274881917e-03
-2.795501022494888479e-03 8.862987630827800058e-04
-6.127906976744190541e-03 9.101382488479269712e-04
-4.743872549019603757e-03 3.128964059196618773e-04
-2.404564315352697174e-03 1.167955326460480645e-03
9.864253393665149000e-04 -1.236766121270450425e-04
1.726708074534163972e-03 5.221674876847266306e-05
-2.115482233502535576e-03 -3.449720670391064471e-04
1.940366972477063729e-03 9.876805437553106380e-04
-9.056224899598401936e-04 2.071499503475670093e-03
-2.260579064587930843e-04 6.803030303030307502e-04
-6.988843813387425781e-03 -2.025797373358348332e-03
3.501086956521741629e-03 2.142787996127782854e-03
-3.645833333333332090e-03 8.523379819524218217e-04
-3.088531187122724804e-04 2.667893284268769587e-05
-1.925465838509299061e-04 7.122171945701366016e-04
-2.292452830188678597e-03 -1.660698299015214989e-04
-9.192139737991264015e-04 4.859813084112155871e-04
-2.953237410071940430e-03 1.436036036036036911e-03
-2.446428571428572486e-03 5.667870036101081092e-04
-4.800000000000000447e-03 1.111162790697674176e-03
-1.645011600928069717e-03 1.938446969696971511e-03
-3.652392947103271642e-03 7.568331762488224443e-04
-2.495305164319246757e-03 5.643224699828479091e-04
1.036904761904763840e-03 1.621384297520662206e-03
-2.262273901808783873e-03 8.139418254764291738e-04
-2.947845804988658783e-03 3.692905733722129320e-05
2.261208576998074277e-04 9.223880597014924533e-04
-3.548997772828507268e-03 1.930890538033396475e-03
-1.449541284403668522e-03 1.254638218923933863e-03
-7.505070993914937357e-05 6.688481675392684732e-04
-1.376857749469214548e-03 1.231974921630094120e-03
-5.187633262260133403e-03 -3.741463414634141902e-04
-1.809302325581393705e-03 3.674121405750803426e-04
-5.129870129870123035e-04 1.150614754098360469e-03
-1.282805429864251759e-03 -7.129094412331404796e-04
-4.862385321100917007e-03 5.466666666666671970e-04
-4.664113785557984226e-03 2.305580969807877504e-04
-5.552884615384613178e-03 1.608558558558558730e-03
3.084008097165994496e-03 -6.896551724137837806e-05
-3.097374179431069789e-03 1.157666345226617162e-03
-3.989108910891089009e-03 1.027158098933073993e-03
-6.096196868008945877e-03 9.225684608120876193e-04
-3.925629290617850022e-03 5.910351201478751103e-04
1.470223325062031431e-03 7.352661596958180289e-04
-4.373650107991335577e-04 3.271028037383218011e-05
-1.248936170212763992e-03 1.117156862745098895e-03
-1.450216450216447071e-03 9.442870632684266276e-07
-2.460992907801420795e-03 2.954545454545463379e-04
-1.703974895397485350e-03 1.318637274549098624e-03
-2.152619589977219569e-03 1.214285714285714404e-03
-1.134361233480212666e-04 1.628440366972476591e-03
-1.865248226950354466e-03 3.874439461883405792e-04
2.761845386533665070e-03 7.712918660287082853e-04
-5.497737556561086867e-04 2.919431279620854467e-04
-1.341814159292038094e-03 1.689609236234458764e-03
1.449275362318871443e-04 7.765190525231726974e-04
1.676724137931036047e-03 1.757128810226155861e-03
2.159877800407334313e-03 6.988899167437564921e-04
9.509132420091333899e-04 1.590822179732313433e-03
5.806451612903250304e-04 8.657786885245923926e-05
6.535714285714283806e-04 1.401869158878456904e-05
-3.175572519083965685e-03 -9.876072449952332400e-04
-7.046370967741913448e-04 1.163896583564173531e-03
4.250559284116364441e-04 3.694349315068511737e-04
-6.552962298025100107e-04 1.524108003857280961e-03
1.994845360824744080e-03 1.090513068731849625e-03
-7.309711286089178592e-04 -4.900793650793647781e-04
-2.870238095238095404e-03 9.991610738255046666e-04
2.128395061728397073e-03 -8.526785714285700949e-04
-1.119904076738607781e-03 6.443108233117499821e-04
-3.553995680345568408e-03 -3.037795992714024517e-03
-6.429687499999998772e-03 -3.761384335154816330e-04
-7.781318681318686974e-03 7.028596961572840685e-04
2.542372881355937117e-04 -2.762331838565009563e-04
2.649784482758620920e-03 1.343098311817279497e-03
-5.607046070460700721e-03 7.765314926660919596e-04
-6.845348837209304718e-03 -5.492753623188405135e-04
-8.139534883720593637e-05 1.352941176470587575e-03
-3.764077669902907240e-03 8.902554399243143776e-04
-5.603244837758111427e-03 2.291666666666666245e-03
8.110882956878889523e-04 1.965484180249354499e-05
3.157327586206947379e-04 5.316455696202542543e-04
4.574688796680515543e-04 1.041030534351145009e-03
1.326340326340326578e-03 -1.114656031904287482e-03
-1.608272506082725206e-03 7.996438112199461988e-04
-5.303059273422562961e-03 -1.348727615457115912e-03
2.158505154639175829e-03 -1.738818565400842946e-03
1.720000000000001259e-03 1.835727109515264204e-04
1.131130063965884829e-03 -3.614457831325308896e-04
-2.208245243128961581e-03 1.639037433155078952e-03
1.029953917050691579e-03 -4.167459562321596390e-04
-3.231683168316830043e-03 -2.661596958174773981e-05
-4.168241965973511296e-04 -4.605142332415058373e-04
-3.437853107344629976e-03 8.633633633633635077e-04
-2.391552511415522692e-03 6.313220940550138020e-04
2.952755905513999021e-06 -3.315054835493509017e-04
-7.064102564102561592e-03 2.690476190476200915e-04
-5.399999999999998551e-03 1.687555163283319245e-03
4.313984168865433446e-04 6.311754684838168311e-04
-3.508687258687255128e-03 1.108007448789576511e-04
-7.778904665314393969e-04 8.189501779359436868e-04
-4.412790697674418006e-03 1.315340909090909668e-03
-5.463917525773173255e-04 8.956289027653880361e-04
1.992481203007542357e-04 3.028037383177578775e-04
-1.821345707656616721e-03 1.163745387453874640e-03
-6.712018140589537775e-04 -1.381039197812203062e-04
-8.551401869158869583e-04 -5.544337137840200718e-04
-3.696289062499999271e-03 -4.038984587488656376e-04
-5.732673267326730826e-03 4.803073967339100141e-04
-3.161257606490869461e-03 1.137640449438208855e-04
4.397094430992736121e-03 1.604787714543812020e-03
-4.252325581395347172e-03 1.823874755381606292e-03
-3.734117647058820925e-03 1.225675675675676072e-03
6.830601092894816217e-06 6.148373983739839968e-04
-2.328947368421051961e-03 -2.677514792899398136e-04
-1.178879310344825007e-03 -6.265402843601894497e-04
-7.436194895591632242e-04 3.800738007380071825e-04
-2.944214876033056545e-03 8.174757281553404016e-04
8.983451536642941718e-05 1.286976744186046776e-03
2.014893617021278061e-03 1.984653465346536329e-03
3.409706546275392738e-03 1.525674499564838799e-03
-6.067415730337087513e-04 -1.085086042064998944e-04
-3.348785871964678803e-03 5.823293172690767070e-04
2.877212389380533544e-03 4.360076408787015904e-04
-1.011389521640092357e-03 3.596135265700482753e-03
-3.175961538461538093e-03 -5.643056849953396103e-04
-2.875628140703518146e-03 1.874519230769232554e-03
-2.773809523809519541e-03 1.457507082152974124e-03
-2.947046843177188701e-03 2.842527582748244266e-03
-5.717439293598233774e-03 4.493307839388156733e-04
4.023605150214618282e-04 1.790471785383903822e-03
-2.841191066997475565e-04 -2.967863894139881440e-04
-2.936660268713996266e-04 3.072870939420552531e-04
-1.974698795180722475e-03 1.793070259865254873e-03
4.660297239915115104e-04 7.648467432950192997e-04
8.584905660377350773e-04 6.855140186915895323e-04
-1.481818181818180501e-03 8.218685831622172047e-04
-5.157957244655576520e-03 -1.285919540229884432e-03
-9.412650602409637635e-03 -1.971894832275603818e-04
6.647597254004590029e-04 1.056345177664974296e-03
-3.146067415730311617e-04 -6.071055381400202117e-04
3.232217573221784395e-04 9.157142857142866292e-04
-2.723719676549862887e-03 1.645023696682463904e-03
-4.022727272727272436e-03 2.650464919695689776e-03
-6.002178649237469715e-03 1.445557491289198651e-03
-1.013011152416323698e-04 1.654643823264210242e-04
-2.218045112781949989e-04 8.696461824953438842e-04
-2.941943127962080851e-03 5.517097581317765946e-04
6.161971830985944146e-04 -1.346332404828158203e-05
1.488120950323973705e-03 1.130434782608700703e-04
6.044943820224691223e-04 1.744508118433620849e-03
-1.730846774193549407e-03 1.272509578544062277e-03
-7.431421446384001281e-04 6.190476190476183532e-04
-8.803191489361711884e-04 6.115013169446896490e-04
-6.712701612903227040e-03 -5.632447296058659203e-04
-7.230142566191543523e-05 5.200523103748897575e-04
1.926977687627249485e-05 1.428779069767441854e-03
3.431876606683793309e-04 1.854003906250000075e-03
-3.886917960088691424e-03 7.195229681978812433e-04
-1.468397291196385989e-03 1.008945386064030378e-03
-1.311111111111071573e-04 7.394504416094214517e-04
2.720090293453712163e-04 -7.670286278381030151e-04
-1.491758241758240310e-03 -3.697694278394531454e-04
-2.836084905660379157e-03 1.669898430286242139e-03
3.685770750988184180e-04 2.506208213944604440e-03
-2.984288354898338019e-03 -1.914807302231237140e-03
-3.681159420289853088e-03 -1.009840674789127483e-03
-2.082608695652174869e-03 -8.995815899581558600e-05
1.052083333333328458e-04 1.198836081474297793e-03
7.084870848708527992e-04 4.805555555555560631e-04
-4.624069478908183692e-03 1.210549258936356731e-03
-2.901477832512313389e-03 -5.471950133570790010e-04
-4.712918660287119979e-04 -1.573529411764698020e-04
-5.558139534883721868e-04 1.867149758454106183e-03
4.461358313817343543e-04 1.328125000000000312e-03
-4.804733727810650556e-03 6.403743315508033914e-04
1.336405529953918134e-03 4.329089128305592111e-04
-4.413135593220339492e-03 8.964497041420123932e-04
8.779697624190091476e-04 1.033617424242424523e-03
-5.371194379391100275e-03 1.255895196506551627e-03
-1.784776902887135353e-03 2.104729729729728962e-03
-1.470149253731339997e-03 1.269159741458911151e-03
4.014772727272728804e-03 1.309257375381485096e-03
-5.583950617283949501e-03 1.695876288659794659e-03
2.411111111111112135e-03 -2.188961646398498485e-04
7.993697478991627090e-04 1.597129186602872127e-03
-6.266666666666666045e-03 -2.287093942054424403e-04
-3.559284116331094729e-03 2.079503676470589521e-03
-2.271186440677967332e-03 1.940125111706881818e-03
-3.497011952191233803e-03 -3.961748633879731544e-05
-8.050314465408788152e-04 3.606811145510844499e-04
-6.013647642679897584e-03 1.039719626168224406e-03
-2.123006833712985132e-03 4.919507575757574476e-04
-2.002298850574707901e-03 6.965811965811977624e-04
-4.781800391389433129e-03 1.344637946837764315e-03
-7.997762863534663104e-04 8.504442250740384046e-04
-2.910020449897751139e-03 7.229862475442043251e-04
-5.278508771929824213e-03 -2.734929078014172797e-04
-9.238227146814409051e-04 -3.276367187499986105e-04
-4.228089887640445500e-03 -8.799266727772716689e-05
2.271880819366856475e-03 -2.838221381267636305e-06
-3.477272727272729021e-03 5.469798657718132453e-04
1.177312775330399295e-03 6.472081218274117935e-04
-2.220873786407762639e-03 -6.836827711941632891e-05
-2.774107142857141963e-03 2.059725158562368194e-03
3.005263157894737421e-03 9.360834088848598786e-04
-4.301234567901231383e-03 1.930711610486891610e-03
-1.012871287128710822e-03 1.876777251184833775e-04
-2.130530973451328063e-03 1.351214574898785799e-03
2.351816443594661175e-04 1.927480916030537743e-04
-1.815589353612142491e-04 1.939496611810261279e-03
-4.976712328767120622e-03 -3.280141843971620978e-04
-3.018279569892470468e-03 -9.203373945641987177e-04
-4.380208333333330574e-03 1.552785923753665243e-03
-1.803030303030302628e-03 6.000000000000046908e-05
-1.892079207920789163e-03 3.889423076923076449e-04
1.237875288683601589e-03 5.804387568555758941e-04
-2.492227979274608957e-03 1.190935390549664177e-03
-2.171428571428572849e-03 5.276243093922657968e-04
-1.368990384615382996e-03 4.477806788511762260e-04
-4.114485981308411457e-03 5.784220532319385910e-04
-8.686974789915970175e-04 1.613636363636362881e-03
-5.421166306695447299e-04 3.438834951456311729e-03
3.114355231143553591e-03 7.586505190311425371e-04
-1.201923076923075472e-03 1.342371323529413085e-03
-2.555327868852455293e-03 4.313446969696976222e-04
-8.124711316397232805e-03 9.492682926829279890e-04
-2.133980582524267703e-03 -4.448275862068960286e-04
9.798994974874399196e-04 2.361598440545808943e-03
2.540229885057487336e-04 9.797608095676196317e-05
-3.035388127853881103e-03 7.376973073351911995e-04
-2.641843971631203502e-03 -1.497277676950997194e-03
-2.268722466960351822e-03 -1.644295302013419038e-04
-5.032066508313534463e-03 5.882352941176487420e-04
-3.190380761523045183e-03 2.021276595744689330e-04
-4.609254498714653037e-03 1.807835820895522388e-03
-2.789099526066345612e-03 -1.931352459016390168e-04
7.694610778443120892e-04 1.054657794676807075e-03
-1.312749003984061335e-03 8.048533872598589598e-04
-2.629453681710211196e-03 1.039156626506025291e-03
-2.102756892230575776e-03 -5.627906976744156053e-05
-1.044144144144139655e-03 6.331138287864545395e-04
-1.415730337078616782e-04 9.420620437956202546e-04
-3.562499999999995792e-03 9.596774193548394082e-04
-1.215909090909087593e-03 -3.308128544423301928e-05
2.928298279158702850e-03 3.286786786786785770e-03
-3.459821428571426254e-03 8.221674876847290302e-04
-4.842364532019701774e-03 1.081642066420665255e-03
-3.837807606263981663e-03 -9.065633546034639837e-04
1.406741573033708139e-03 1.850615114235501166e-03
-1.239361702127658770e-03 3.717228464419480025e-04
-9.521410579345065744e-04 -1.289370078740148377e-04
-1.152010050251253432e-03 1.842230695900857812e-03
-3.671052631578947296e-03 6.215277777777785707e-04
-3.046620046620050586e-03 4.774859287054419627e-04
-6.235827664399010682e-05 -3.141952983725129723e-04
3.509153318077805513e-03 3.229366602687136858e-04
-3.835174953959480208e-03 -2.445185891325069309e-04
-2.982142857142854649e-03 8.886036960985636271e-04
7.605263157894762496e-04 5.828625235404894618e-04
-1.462305986696230478e-03 1.669144981412640184e-03
1.384529147982067583e-03 1.658549222797927507e-03
-7.918660287081327786e-04 4.239894551845349168e-04
-2.928571428571427951e-03 -4.530411449016091591e-04
1.418300653594773298e-03 -8.979289940828403356e-04
-2.074398249452952953e-03 1.066568047337278355e-03
-1.415598290598289906e-03 8.824349442379179724e-04
6.312384473197786604e-04 -1.133144475920620667e-05
-5.331367924528304658e-03 2.595171773444764139e-04
-2.785555555555552839e-03 1.746478873239438914e-04
-2.283295711060949126e-03 1.518501387604070160e-03
-5.475388601036265332e-03 8.747731397459182013e-04
-2.042708333333334309e-03 2.144411473788328595e-03
-1.853932584269661274e-03 1.922084130019120372e-03
-3.403547671840349018e-04 5.850540806293018321e-05
-4.176610978519839463e-05 1.762886597938143843e-03
-9.518987341772140991e-04 1.172511848341232545e-03
-2.138686131386862213e-03 -1.636363636363647771e-05
-2.907635467980292966e-03 1.410997204100652600e-03
-1.032967032967028066e-03 5.121580547112464634e-04
-2.015981735159812389e-03 7.628384687208214368e-04
2.137176938369799632e-04 6.256015399422538200e-05
2.123287671232880654e-03 1.624875124875124581e-03
1.071428571428571265e-03 1.327074235807861220e-03
-3.977754237288136201e-03 1.382508833922263124e-04
-1.410714285714284458e-03 6.492537313432839192e-04
-4.042016806722687622e-03 -5.169811320754715608e-04
-1.825242718446601342e-04 9.325980392156860144e-04
1.822269807280517450e-03 -4.683364839319468934e-04
-2.305555555555549845e-03 1.326805918189730973e-03
2.406181015452543183e-03 2.406310679611650856e-03
-1.185995623632381214e-03 2.398557258791711422e-04
-2.633084577114426939e-03 -9.735349716446080543e-05
-2.148437499999998005e-03 8.107861060329077949e-04
-2.356997971602431321e-03 7.794676806083788696e-05
-1.437639198218259836e-03 -4.495213228894682903e-04
-5.122807017543843603e-04 1.427377220480668951e-03
-3.216699801192839884e-03 1.029751332149201129e-03
1.170798898071626201e-03 1.142794759825328452e-03
-2.451612903225808097e-03 -6.612903225806447379e-04
-2.734953703703701684e-03 1.770079435127978927e-03
-5.555555555555522618e-05 1.403661726242380961e-04
-3.505854800936763615e-03 -3.371062992125985398e-04
-1.883018867924524543e-03 9.173955296404285144e-04
-3.422077922077920459e-03 -7.647058823529411095e-04
-2.994923857867973628e-04 3.397260273972605598e-04
-3.127798507462684497e-03 4.420498084291193518e-04
-4.932562620423885155e-04 -6.128747795414389826e-05
-1.767386091127101221e-03 1.408284023668640063e-03
-1.524011299435031053e-03 1.093362831858407528e-03
-1.996887966804977363e-03 -6.284230406043430457e-04
-4.768585131894483714e-03 3.846539618856575416e-04
-6.387795275590550529e-04 7.551886792452831279e-04
1.425233644859841503e-04 7.039962825278819761e-04
-1.899613899613895613e-03 6.380857427716854534e-04
4.102822580645168449e-04 2.294309701492537254e-03
-3.509523809523810035e-03 1.443396226415095442e-03
2.119658119658120177e-03 1.357485604606526374e-03
-2.735099337748344000e-03 1.278552746294681942e-03
-6.877394636015288394e-04 2.264334305150634370e-04
1.938271604938272309e-03 7.323879231473015821e-04
-1.154791154791152399e-03 8.019417475728165016e-04
-6.161556603773587874e-03 2.089285714285713663e-03
-2.735576923076923905e-03 4.131455399061037819e-04
-5.750524109014676540e-03 1.625466417910447240e-03
-7.420871559633024708e-03 3.345421577515869768e-04
-4.833333333333326640e-03 9.560336763330215017e-04
-3.434878587196469116e-03 -3.938520653218050222e-04
-4.144050104384150121e-04 -2.615313653136515761e-04
-3.768623024830700455e-03 4.503929273084482702e-04
-4.063559322033896519e-03 1.926573426573426756e-03
-3.569937369519802367e-04 3.459621136590230626e-04
-3.086820083682009774e-03 1.251420454545454277e-03
9.726190476190470311e-04 6.402439024390250673e-04
-1.243486973947894583e-03 7.072710103871584575e-04
4.278242677824293573e-04 -2.742230347348279037e-06
-5.249500998003955345e-04 3.300653594771241119e-04
1.082022471910111874e-03 4.794144556267163158e-04
-3.163405088062622075e-03 1.111585944919279761e-03
-4.082456140350872349e-03 -1.357603686635944044e-03
-1.180170575692961535e-03 2.227969348659004228e-03
-1.655241935483868542e-03 -5.538771399798550146e-05
-1.876606683804620359e-04 7.871033776867967027e-04
-5.995670995670995124e-03 1.515624999999998419e-04
-3.990384615384610922e-03 1.016891891891891740e-03
9.424460431654649046e-04 8.177083333333333729e-04
-2.910156249999996513e-03 6.693396226415100972e-04
-3.174097664543495284e-04 7.382271468144059471e-04
2.348039215686274946e-03 1.060309278350516195e-03
1.123287671232877597e-03 1.292718446601941618e-03
-9.047619047619020289e-04 -7.717492984097197725e-05
3.353413654618475929e-04 -1.839303000967989961e-05
-6.659793814432966820e-04 -1.879259980525797911e-04
-2.275193798449609821e-03 2.735507246376809773e-04
-1.251599147121533213e-03 4.694174757281556216e-04
1.929975429975428099e-03 1.820370370370369764e-03
-1.366515837104073129e-03 9.510771992818680678e-04
-6.169154228855711769e-04 -5.753098188751184063e-04
-3.029411764705879865e-03 7.664809656453122405e-04
-1.639821029082772939e-03 -1.453687050359710924e-03
-2.146750524109012053e-03 8.085215605749495032e-04
1.331018518518516320e-03 1.478893058161350523e-03
-4.837398373983681069e-04 2.994296577946769459e-04
-3.502457002457002536e-03 2.743320610687032240e-04
-2.331877729257639514e-03 1.258767772511847939e-03
6.133056133056195847e-05 1.711518858307849687e-03
1.543427230046950883e-03 2.647959183673472450e-04
-3.657205240174670260e-03 -8.610842207163592766e-04
-4.857547169811320641e-03 -6.522131887985542758e-04
-3.767734553775742290e-03 -3.033216783216774242e-04
-2.504535147392289787e-03 2.138943248532289287e-03
1.279097387173401068e-03 2.024434389140272392e-03
1.141425389755011633e-03 -1.714422158548227070e-04
1.168831168831174034e-03 1.710027100271002470e-03
-2.822170900692842939e-03 2.866184448462924918e-04
-9.311974789915964876e-03 2.755656108597289789e-04
-2.294811320754715223e-03 -4.376579612468398171e-04
-6.618705035971213105e-04 2.287610619469027107e-03
-3.370588235294119574e-03 -1.243351063829787771e-03
-1.666276346604215553e-03 -5.793226381461665051e-04
-2.939240506329115002e-03 -2.163753449862004449e-03
-2.955145118733473958e-04 7.803156146179404846e-04
-2.951508620689654010e-03 7.767762460233309033e-04
-4.356060606060607222e-03 9.099813432835818184e-04
-1.394379844961236457e-03 1.674693106704439657e-03
1.297117516629725249e-04 -2.330508474576259653e-04
-9.348894348894332216e-04 1.959551656920078145e-03
-2.604046242774566561e-03 1.442199248120302861e-03
3.623481781376524909e-04 5.154494382022470214e-04
-1.627139364303175620e-03 2.850287907869493193e-04
-5.162601626016247039e-04 1.027263875365140881e-03
-1.184415584415583929e-03 1.169699727024568758e-03
3.129330254041598892e-04 1.198310139165009985e-03
-1.263698630136983990e-03 1.609255725190839427e-03
-4.243767313019389774e-03 -8.285994123408416600e-04
-4.287558685446007586e-03 1.452702702702703531e-04
-4.638253638253637609e-03 -2.005545286506465108e-04
-3.738611713665944674e-03 -7.923875432525940340e-04
-2.021472392638035218e-03 -1.744122965641952544e-03
-3.571578947368419122e-03 7.706463195691208882e-04
-1.232718894009191977e-04 1.636585365853659296e-03
4.612299465240628075e-04 1.075307377049179161e-03
1.157760814249395964e-04 8.979107312440656524e-04
-2.766597510373443140e-03 1.929942418426104124e-03
6.536016949152567050e-04 4.597644749754666027e-04
-6.634199134199106167e-04 -3.065862708719842072e-04
1.219512195121938750e-05 1.515194681861348289e-03
-5.995423340961092418e-03 -1.329401088929210587e-04
4.210526315789477059e-03 3.388998035363549084e-05
-2.058962264150944292e-03 3.492822966507188763e-04
1.740404040404044993e-03 -2.023923444976075201e-04
-3.291457286432160345e-03 2.212996389891697981e-03
-2.749455337690636780e-03 3.545618789521237939e-04
5.099778270509983244e-04 -7.894009216589859988e-04
-1.130272952853599499e-03 -4.464285714282248774e-07
4.513742071881623433e-04 7.340241796201094978e-06
2.617021276595745197e-03 -3.943396226415086712e-04
4.732142857142867696e-04 1.053536345776030954e-03
-7.039911308203982993e-04 7.771300448430495294e-04
-1.562807881773399131e-03 7.414874551971335510e-04
-5.000000000000001839e-03 1.440677966101700284e-04
-1.775555555555554527e-03 5.664172123479892847e-04
-6.289534883720929170e-03 -6.676750216076062817e-04
-2.713010204081631876e-03 8.545539033457256713e-04
-2.972972972972936861e-04 1.642651296829971807e-03
-6.646031746031745222e-03 1.217332123411978342e-03
-4.870062370062364955e-03 -1.916344294003867856e-03
7.021739130434792022e-04 3.226555246053859670e-04
2.864583333333379968e-04 -6.556997219647820504e-04
-5.686774941995359663e-03 7.881355932203386577e-04
-3.641447368421054862e-03 1.265873015873016051e-03
-2.148148148148145559e-03 1.228664192949907542e-03
-5.739754098360651778e-03 2.844905320108204703e-04
-5.393574297188758783e-03 2.465791940018743997e-03
3.443514644351462761e-03 7.867504835589942931e-04
-3.189330543933049412e-03 3.141049671977507417e-03
-1.885620915032678712e-03 1.339234449760766084e-03
-2.380952380952377264e-03 5.111214087117704969e-04
-4.520325203252032777e-03 -1.317877629063096169e-03
-3.181293302540419768e-03 -6.319819819819809652e-04
-1.494692144373672245e-03 7.301435406698566968e-04
-5.285555555555552024e-03 6.015544041450781015e-04
-1.033400809716600484e-03 1.114414414414414446e-03
1.232532751091705266e-03 1.450462962962964161e-03
-4.824634655532358818e-03 1.657235621521336091e-03
-2.858942065491179921e-03 7.932937181663836032e-04
1.225000000000001912e-03 6.849904397705536448e-04
-2.183297180043385424e-03 -3.947128532360983364e-04
-1.745436105476671617e-03 -5.702905342080597222e-04
3.106666666666667732e-03 1.928362573099415018e-03
-1.651884700665188143e-03 -6.085526315789464196e-04
-8.165322580644977714e-05 -5.256544502617798657e-04
-3.378435517970400457e-03 2.846887550200803956e-03
-1.287056367432150425e-03 1.651858567543064166e-03
1.752587991718427976e-03 7.268946395563772147e-04
-4.148960739030019620e-03 4.106463878326999540e-04
-4.331670822942644723e-03 -1.194420226678281579e-04
-2.891100702576111618e-03 4.665711556829050871e-04
1.729477611940299095e-03 7.736686390532545752e-04
-5.877750611246941245e-03 1.676578225068618005e-03
-4.821428571428584462e-04 8.503305004721440317e-04
6.884700665188473422e-04 2.897560975609759625e-04
-1.835443037974639408e-04 1.957609805924413054e-03
-4.453038674033150783e-03 8.062665489849959533e-04
-8.402298850574694330e-04 5.274527452745289167e-04
-2.064423076923078710e-03 -5.277020890099907947e-04
-1.225287356321838172e-03 2.422727272727273444e-03
-1.341356673960610339e-03 5.013452914798207944e-04
-4.660574412532622547e-04 6.312615955473110507e-04
2.077922077922091310e-04 -1.804073714839961101e-03
-3.463930348258703173e-03 -3.223014256619150474e-04
-2.903183023872676558e-03 1.491651205936919949e-03
-2.587499999999998655e-03 1.209375000000001681e-03
2.343908629441624706e-03 1.432683379758588641e-03
-5.256532066508311403e-03 1.240986717267552990e-03
-3.661320754716978175e-03 1.025878003696858634e-04
3.574757281553403443e-03 -2.272282076395691402e-04
-4.521111111111112031e-03 1.926267281105995856e-04
3.412854030501092425e-03 1.575115207373271528e-03
-4.060276679841896136e-03 9.570776255707766833e-04
-2.294784580498864055e-03 5.812206572769953311e-04
-2.357285429141715849e-03 -7.997870074547393454e-04
-4.848404255319149238e-03 1.313302752293578042e-03
-1.829427083333334163e-03 -4.566003616636489249e-05
-2.025842696629211268e-03 1.882407407407408594e-03
-2.050675675675674332e-03 3.323139653414885911e-04
-3.632075471698114071e-04 9.359756097560977418e-04
6.651480637813216501e-04 5.659978880675820868e-04
-4.965483234714002277e-03 4.760425909494230565e-04
-1.101136363636360995e-03 3.592321755027423494e-04
1.275641025641023694e-03 3.581730769230772162e-04
-1.964194373401537824e-03 -7.053811659192811773e-04
5.757575757575752800e-04 1.406336088154269909e-03
-4.463386727688791779e-03 8.547776726584673706e-04
-1.755896226415092033e-03 7.741273100616028000e-04
1.748962655601660155e-03 7.345090562440433285e-04
-5.458737864077667888e-03 3.100664767331439103e-04
2.219849246231155124e-03 2.063467492260061958e-03
2.326732673267324896e-03 2.960405156537752858e-04
1.205607476635514076e-03 -2.823275862068966866e-04
1.309374999999998040e-03 8.123167155425223621e-04
-4.353211009174309809e-03 5.992779783393508862e-04
-6.878605769230770536e-03 2.234445446348062511e-03
-7.461538461538428984e-04 -2.273998136067101436e-04
-1.326305220883530712e-03 5.923361034164362779e-04
-1.420537897310513798e-03 7.261280167890877364e-04
-2.152224824355967927e-03 1.016351118760757495e-03
5.463414634146365181e-04 1.208140610545791350e-03
-2.537757437070939197e-03 2.560214094558438446e-04
-2.355895196506547357e-03 6.449619771863115709e-04
-1.657657657657652609e-03 2.883522727272739444e-04
-2.737226277372263768e-03 4.647749510763290667e-05
-6.708428246013693362e-04 4.070716228467817521e-04
8.886255924170413775e-05 5.989871086556181837e-04
-2.361797752808989740e-03 -1.779513888888903871e-05
-6.698513800424585026e-04 -1.014492753623181767e-04
-7.974828375286053530e-04 8.162162162162161887e-04
-6.009302325581394530e-03 7.109768378650555389e-04
-2.013402061855668231e-03 -3.122087604846101027e-05
-7.851758793969875654e-04 5.746336996337010833e-04
-2.196078431372547671e-03 1.441202090592333699e-03
-2.868852459016391597e-03 3.567619047619049501e-03
-5.300207039337470919e-04 -8.228417266187019389e-05
-2.117841409691627059e-03 1.366322701688555893e-03
1.799418604651160632e-03 1.598864711447492469e-03
-4.060606060606057090e-03 -2.550607287449391095e-04
4.304347826086956687e-03 1.118034447821681385e-03
-7.596739130434776617e-03 5.054495912806553429e-04
-4.558544303797465794e-03 1.772296015180265492e-03
3.118497109826590553e-03 1.445539906103287262e-03
-8.077262693156733384e-03 -1.875946173254833954e-03
1.060646900269544401e-03 5.673327541268481352e-04
-6.355855855855851999e-03 8.523584905660387461e-04
-4.133771929824561590e-03 1.493659420289854614e-03
9.090909090909097406e-04 -3.738317757007792911e-06
1.184807256235829174e-03 8.567591763652649631e-04
1.788235294117643379e-04 1.901098901098901813e-03
-6.800453514739230113e-03 3.807296538821336126e-04
-5.266666666666659953e-03 -6.277617675312199049e-04
-2.774818401937045789e-03 1.175164473684210589e-03
1.070512820512820257e-03 -2.665036674816614881e-04
-1.229729729729733768e-04 2.503833049403749334e-03
4.833702882483404003e-04 6.586174242424239732e-04
-5.177108433734933096e-03 -2.133396404919574564e-04
-7.206208425720516482e-05 1.114889705882352771e-03
-5.462427745664699425e-04 3.788819875776411588e-04
-3.147916666666666918e-03 -1.168250950570342075e-03
-9.605911330049228905e-05 3.062381852551994909e-04
-3.200688073394490716e-03 5.083179297597044399e-04
-1.913402061855667751e-03 -6.922714420358139307e-04
-5.377659574468086727e-03 -4.420152091254667153e-05
-7.088578088578085731e-03 3.471943887775554472e-04
-1.224310776942354791e-03 9.641577060931896597e-04
-7.204176334106690734e-04 1.228372093023255909e-03
-6.800458715596331650e-04 1.851485148514853130e-03
-2.394255874673625710e-03 4.682107175295183773e-04
-3.521907216494845391e-03 1.003401360544217431e-03
-2.711934156378600653e-03 -3.113035551504094996e-04
-3.587999999999999176e-03 -1.437335670464501335e-04
-2.289728682170544000e-03 1.644927536231885739e-03
-4.494252873563217218e-04 8.832046332046338368e-05
-8.652482269503530355e-04 3.610859728506797648e-04
-5.268392370572199009e-03 5.315145813734724421e-04
2.215189873417742323e-04 2.435897435897448201e-04
-3.800959232613897567e-04 3.400549954170492507e-04
-4.393318965517237565e-03 1.037272727272728042e-03
-1.235915492957745344e-03 8.865313653136523480e-04
-1.683080808080807773e-03 1.388283378746594339e-03
6.209068010075577621e-04 3.078544061302684615e-03
-1.638954869358669447e-03 4.488372093023254160e-04
-5.382550335570466214e-03 9.197012138188622290e-04
-1.508733624454149146e-03 -8.419833178869328468e-04
-2.456572769953051152e-03 4.249530956848031750e-04
2.329836829836827352e-03 2.950248756218915762e-04
-2.795228628230612359e-03 2.144349477682811530e-03
-5.978021978021968563e-04 2.397533206831118074e-03
-7.071611253196917858e-04 -1.784660766961637516e-04
-5.310377358490564297e-03 1.369606003752346732e-03
-3.967194570135747049e-03 2.158043273753527773e-03
2.950106157112530533e-03 -5.487437185929641865e-04
-8.604797979797979696e-03 -7.115207373271888788e-04
-3.314942528735632509e-03 6.115459882583176691e-05
-3.048556430446196924e-03 4.524271844660203499e-04
-9.671179883937259553e-07 8.021616541353383638e-04
4.504219409282738296e-04 4.447852760736205661e-04
-3.493750000000002930e-03 -1.732276119402984286e-03
5.890410958904126896e-04 2.025341130604288616e-03
-2.970041322314046633e-03 1.187071498530852063e-03
-5.069498069498070032e-03 1.037921348314607001e-03
-1.574468085106385355e-03 1.237734165923283676e-03
-5.211640211640166786e-04 -1.674462114125344471e-04
6.880341880341904514e-04 2.126960784313725733e-03
9.872881355932198229e-04 7.631818181818189909e-04
-1.587529976019179606e-03 1.271794871794878828e-04
-2.935049019607843899e-03 -1.674876847290632351e-04
-3.994565217391294579e-04 1.392824704813806465e-03
-6.199530516431926708e-03 5.513636363636371593e-04
-3.798561151079133790e-03 1.990029910269192417e-03
-3.394662921348314162e-03 1.157115568290353370e-03
-4.480535279805355868e-03 1.068918918918920638e-03
-3.813793103448275771e-03 2.247800586510264719e-03
-4.733082706766914526e-03 1.112689393939393949e-03
-4.625748502994012600e-03 1.215596330275237573e-04
1.950913242009135471e-03 7.927631578947375805e-04
-4.808126410835211577e-03 4.422727272727284870e-04
-5.502512562814078530e-04 1.954209065679926496e-03
-2.964210526315787068e-03 1.227272727272727890e-03
-3.954048140043765584e-03 -9.871086556169413745e-04
-7.424657534246573501e-03 -7.317658349328201453e-04
4.418604651162806422e-04 2.907632263660019003e-03
-2.832061068702288950e-03 9.012287334593574971e-04
-1.269953051643189171e-03 2.535906642728911857e-04
-1.894607843137253783e-03 5.945701357466079591e-04
-1.375854214123006141e-03 1.512345679012362730e-04
-2.061926605504587826e-03 1.806722689075634469e-04
-9.158291457286440529e-04 9.592863677950598739e-04
-4.298979591836735517e-03 4.460654288240504259e-04
-4.328663793103446587e-03 -3.028846153846082977e-05
-5.562937062937064851e-03 -1.255915863277826203e-03
-4.084668192219672971e-04 1.522148916116873574e-04
-2.539215686274508624e-03 1.397558849171752580e-03
7.102425876010804578e-04 -6.723345588235283762e-04
-5.364640883977901675e-03 -3.598696461824955526e-04
-7.955032119914319261e-04 -4.920424403183018287e-04
-2.112048192771085603e-03 2.813439849624060820e-03
-2.927083333333321043e-04 1.470506912442396275e-03
-6.129032258064487718e-04 1.219946571682998512e-04
-7.254582484725052502e-03 -8.291079812206572858e-04
-9.978586723768687137e-04 -1.940144478844158644e-04
9.487179487179538508e-05 1.579286422200198471e-03
-1.243956043956046540e-03 1.381911902530459429e-03
-3.131067961165051377e-04 5.297324083250752385e-04
-2.451388888888889235e-03 2.331433998100666187e-04
1.633949191685909108e-03 2.523787313432836535e-03
-1.556263269639066070e-03 -2.744292237442916738e-04
2.292069632495200785e-04 6.549707602339190559e-04
-1.007412790697674587e-02 2.000479846449135062e-03
3.369803063457299411e-04 1.113880742913001551e-03
-2.175615212527962344e-03 2.456813819577736047e-04
-1.098876404494382149e-03 2.702312138728338396e-04
-5.845410628019305933e-04 1.198950381679389542e-03
5.730088495575266089e-04 7.397602397602412883e-04
-2.914351851851848096e-03 4.105166051660526704e-04
-3.015970515970516509e-03 1.932203389830508978e-03
-1.859102244389027091e-03 1.687271062271062392e-03
