1.497566930113725494e-03 5.104333188607159582e-04
1.613900199297448480e-03 4.953063873436539411e-04
1.390887819714037906e-03 5.049485812501071456e-04
1.332733494364987323e-03 5.270818425775845167e-04
1.722716362544875418e-03 5.076234422305014740e-04
1.386516432553442247e-03 4.937269111692771774e-04
1.687631683218960557e-03 4.787258705304377692e-04
1.669752265350576623e-03 5.167096101160608248e-04
1.592370631615887050e-03 4.674822203933724101e-04
1.506506436030424561e-03 5.434399027389878907e-04
1.264198438915796951e-03 5.654663352964990446e-04
1.699900820140866310e-03 5.633167129214999500e-04
1.175765544775059755e-03 4.962458806520354294e-04
1.384345420166815770e-03 5.023518871037160622e-04
1.439825159764090892e-03 4.787100710158675326e-04
1.834414187783838749e-03 4.830193361258986579e-04
1.919862394740252899e-03 5.455773990618844466e-04
1.906590547222746391e-03 5.103931655416468413e-04
1.429207376847134925e-03 4.730773398827761906e-04
1.598278450510113441e-03 4.828189416580303981e-04
1.713170392187686811e-03 4.841314241471021012e-04
1.609560380509797613e-03 5.493899963280142939e-04
1.856125256532518888e-03 4.742008010248561795e-04
1.756265201082710071e-03 4.783701125335444292e-04
1.750962693451796424e-03 4.903495239055398859e-04
1.468121732983606069e-03 5.282639673049952791e-04
1.681278384498491015e-03 5.150048593880459736e-04
1.228496103754599458e-03 4.902381780346878404e-04
1.687519665132727062e-03 5.117738887321085029e-04
1.498477561661310355e-03 5.316963324254304034e-04
1.689777886809411224e-03 5.288905965165029274e-04
1.633655741909181575e-03 4.878218606545341217e-04
1.484204424524261483e-03 4.612899020769660029e-04
1.027158963536873139e-03 4.461311459237326800e-04
1.373117291197295965e-03 5.226001015928322547e-04
1.742896330247869704e-03 5.054298552513237022e-04
1.264829077924365178e-03 5.421995843244983371e-04
1.393120983298038774e-03 5.158587060935914802e-04
1.451422698227920315e-03 4.843302512311565308e-04
1.403696066577994920e-03 5.249648711681236934e-04
1.480953293770279500e-03 4.704247794319319138e-04
1.637431647481344104e-03 4.113249005305962404e-04
2.050774347800089076e-03 5.497180220514839410e-04
1.182490825664152300e-03 4.928818973998053176e-04
1.414078063889384271e-03 5.435471000192806370e-04
1.240215850835365728e-03 4.705425636785601088e-04
1.607864449279815255e-03 4.986317239479078371e-04
1.553013921319708682e-03 5.363158031411584953e-04
1.617225956849512730e-03 4.982402656679541615e-04
1.508121777193111804e-03 5.240474083806444380e-04
1.598456579256828320e-03 5.360052619440693967e-04
1.502783182861264916e-03 4.539305752571472685e-04
1.956858173131296747e-03 4.760498886075911914e-04
1.480538901374744802e-03 5.279795736271010410e-04
1.549239359868482451e-03 5.184538634078584380e-04
1.275192912901593374e-03 4.297746853976025061e-04
1.712058577276043183e-03 4.773856098855809322e-04
1.816059096307717736e-03 5.328048285903570292e-04
1.400897036534223036e-03 4.692867063900330754e-04
1.443037942192851829e-03 4.949740241178691817e-04
1.901371778107625648e-03 5.063742455226098119e-04
1.336479615533738789e-03 5.666117177741144097e-04
1.378317631246373312e-03 4.782585025685250589e-04
1.415503331338905778e-03 5.477644876063015363e-04
1.311811605138949333e-03 5.073967795124964542e-04
1.139692131622778524e-03 4.558520791258075487e-04
1.641315890184856345e-03 4.640976081994058894e-04
1.250545085057297402e-03 5.328547259920310636e-04
1.481947568184244831e-03 5.342244055180953672e-04
1.627923341552169013e-03 5.030607375167918307e-04
1.368198681017469788e-03 5.088353337287154689e-04
1.628906013869449486e-03 5.454267117392249623e-04
1.307060947856254502e-03 5.245751615926641607e-04
1.525457870398470124e-03 4.535065143078836122e-04
1.468344892876349362e-03 4.892038713228164274e-04
1.297913354364827127e-03 4.742619585681644243e-04
1.578480353342904142e-03 4.916187588975309527e-04
1.549415351148864060e-03 5.967444741303822714e-04
1.284205935055276332e-03 4.740736151070778885e-04
1.708385327672597804e-03 4.949884903702356535e-04
1.783181057754172757e-03 5.068273392928835611e-04
1.518378303031733302e-03 5.079083647420204982e-04
1.609556933467895263e-03 5.323055649755774506e-04
1.535602244684369832e-03 4.668095322790612634e-04
1.863021619711642540e-03 5.106955183261809418e-04
1.607475129276574391e-03 5.337320491520620644e-04
1.870014579003053323e-03 5.409603794872740136e-04
1.487641840856139975e-03 5.231160372847130880e-04
1.397923281202457938e-03 5.009436159430588230e-04
1.179655636733942204e-03 4.716970068313645556e-04
1.460197937045271555e-03 5.325533183414291266e-04
1.769227588545305109e-03 4.617950962035110110e-04
1.468900046176384311e-03 5.291400986824031701e-04
1.597776386677631942e-03 5.281237109302593493e-04
1.476693530727595611e-03 4.629042579189165149e-04
1.243550873861613447e-03 4.744301796715134217e-04
1.716728303505192814e-03 5.357598661279887927e-04
1.361084223254995255e-03 5.559106042723623541e-04
1.441444848918850422e-03 4.688305904295924200e-04
1.494893921201008230e-03 4.843625652688049173e-04
1.824807186117802064e-03 5.185229090885761123e-04
1.789667924010858273e-03 4.682929191132191625e-04
1.553857489136481387e-03 4.972688029854988772e-04
1.999622786262892412e-03 5.488995586006410483e-04
1.703961347744592384e-03 4.932180322411997475e-04
1.872927038244898059e-03 4.565250358188582933e-04
1.691749289493387366e-03 4.417229805486984134e-04
1.188169933586121808e-03 4.978621432794560738e-04
1.280965769980116353e-03 4.944120091713361713e-04
2.050588601400352151e-03 4.721819803121979115e-04
1.057696156598108943e-03 5.477214039101385538e-04
1.481604405708556458e-03 5.313619191798519669e-04
1.436483875595039516e-03 4.748540793993875951e-04
1.281576384029084340e-03 5.143037372742948095e-04
1.652833867355329956e-03 4.532969896881894789e-04
1.156711700923916501e-03 4.604583017257498690e-04
1.313614046352159798e-03 5.073030465062483606e-04
1.757022036757711035e-03 5.351879636135544122e-04
2.140560979344615072e-03 5.007307071415787033e-04
1.323503935079636947e-03 5.191066914791687102e-04
1.578114833933435364e-03 5.274581225814482105e-04
1.440910372030541680e-03 4.635153760932147950e-04
1.423595152325427817e-03 4.727534156307507010e-04
2.060527746244908680e-03 4.720032384779706343e-04
1.773090283950617095e-03 4.651107849471238713e-04
1.316818166195733155e-03 4.678653318946307906e-04
1.167815115551472469e-03 4.975612498006763348e-04
1.725879028385928632e-03 5.191368661813312076e-04
2.180931614227482780e-03 6.066773004130826671e-04
1.137544917074594965e-03 5.287343446787562363e-04
1.441830304867907460e-03 5.299241924466220914e-04
1.552020425428088683e-03 4.560418027380971516e-04
1.972595279283897388e-03 5.200669762524337287e-04
1.381983479289940458e-03 4.628681849886135801e-04
1.467461713312096655e-03 4.869191991709328300e-04
1.435925486974322634e-03 4.810325164682779193e-04
1.331341671345489825e-03 5.148106327772613471e-04
1.362376121557222399e-03 5.205373439615322778e-04
1.378213197879590629e-03 4.677132523052271386e-04
1.880649366504799679e-03 4.401188716811245557e-04
1.601383176559604236e-03 5.358105629104226554e-04
1.132278035919678924e-03 4.441207371236729692e-04
1.703215116838957674e-03 4.358484679804409305e-04
1.230443279311860000e-03 4.681699240487024061e-04
1.583852324193341836e-03 4.604395034675763188e-04
1.653703214231635544e-03 5.131683203754780357e-04
1.428119994006852352e-03 4.523815683363965174e-04
1.429386757765422396e-03 5.284492633532348986e-04
1.159892465915833299e-03 4.801992328892916201e-04
1.597354291639179434e-03 4.985644926224064690e-04
1.455243802121878411e-03 4.977386141307493577e-04
1.332874448520188172e-03 5.012628289710375790e-04
1.607608348700899272e-03 5.263463016570345482e-04
1.216980746823674402e-03 4.951874225319328506e-04
1.371620935909116526e-03 4.885653734188687928e-04
1.487975144330556292e-03 5.068015748940133368e-04
1.303383796156657500e-03 5.339398903424712834e-04
1.162917835185292960e-03 5.079523842483413612e-04
1.006441445713220084e-03 5.041279170916826988e-04
1.493585971317300644e-03 4.800885866588426956e-04
1.376650791007975796e-03 4.836192065591638357e-04
1.561956044497918132e-03 4.861186623737946038e-04
1.760005991976693312e-03 4.370978163028772963e-04
1.541736553924018781e-03 5.404368402015249321e-04
1.258268659882702620e-03 5.103198288613891012e-04
1.794453629253670111e-03 5.256474149537837537e-04
1.681677488947263665e-03 5.250732339129200992e-04
1.753865418350132599e-03 5.482803632955762958e-04
1.183283396595015543e-03 4.820317586671050568e-04
1.723056281577600582e-03 4.954324932938567946e-04
1.405295799456212150e-03 4.793673261068834334e-04
1.084827845078062446e-03 5.375337011032050921e-04
1.652362448837821178e-03 5.141164011740753052e-04
1.676728714227189703e-03 5.406720539397931327e-04
1.314457123763481229e-03 5.523436322514814825e-04
1.725136350457147838e-03 5.390576399562661608e-04
1.565834180128984968e-03 5.291999426530602643e-04
1.531756404442889772e-03 4.876153263161783964e-04
1.693838205655567473e-03 5.291089579679480537e-04
1.732119078196436152e-03 4.910098200751847764e-04
2.061599802694769924e-03 4.893353383255932658e-04
1.651327339967219483e-03 4.586043285807232740e-04
1.584894108972195303e-03 4.791613923502768629e-04
1.635752146953264093e-03 4.963086760891946038e-04
1.470618503488469592e-03 4.830514556905238016e-04
1.624632827988179090e-03 5.109177119554824710e-04
1.496421347601023435e-03 4.613350702350421748e-04
1.692752711809247888e-03 5.038657328892433675e-04
1.489574443488329630e-03 4.822136200169299951e-04
1.399353773479016612e-03 5.387262247026825728e-04
1.505653003149525805e-03 5.603257756467912342e-04
1.676210358410898859e-03 5.289842158550225795e-04
1.759998174167878935e-03 5.512084762533576857e-04
1.286963501463471785e-03 4.713398851100640530e-04
1.644933938420715166e-03 4.671545097235486410e-04
1.127560814785251529e-03 5.802083235322281606e-04
1.283241751477608291e-03 5.425579666896722560e-04
1.633300405209279615e-03 4.984693088022174945e-04
1.598522692617117529e-03 4.361258701035974515e-04
1.637402678776041275e-03 4.890912295006794031e-04
1.375610033396675383e-03 5.317077302288205232e-04
1.966232894558753077e-03 5.123820107198488651e-04
1.439740485797206615e-03 5.413622912984143026e-04
1.646707988409766652e-03 5.727815975611482043e-04
1.271294712030444658e-03 4.866013835115828683e-04
1.524427572528236482e-03 4.819413697871246941e-04
1.555198967716737730e-03 4.946049626825168698e-04
1.177607792904637567e-03 5.011085748062223686e-04
1.313978040255259130e-03 4.781087544803931297e-04
1.563462384736701754e-03 5.228211042626981124e-04
1.331372866833004185e-03 4.726130718294749679e-04
1.326009930059106725e-03 5.008253764479439875e-04
1.357606860162099017e-03 4.838276217709756226e-04
1.552718241020208589e-03 4.172130424944211135e-04
1.743865129213402823e-03 5.508079407645785977e-04
1.960001643719774377e-03 4.979927002790006385e-04
1.361621815098638466e-03 5.016623338770729570e-04
1.664844066198116826e-03 5.099464485760981953e-04
1.233505945224973354e-03 5.256429062008292127e-04
1.339624458261994954e-03 4.628973685000037689e-04
2.172866353857787550e-03 4.334347178564693743e-04
1.339917719085000026e-03 5.421194020694868401e-04
1.048605387173372119e-03 4.696276413237397956e-04
1.542087927164232253e-03 5.028906732763008995e-04
1.695540448035255969e-03 5.040085597004296831e-04
1.293212237276739670e-03 5.044457136422984258e-04
1.610763700496575758e-03 5.035457086477116827e-04
1.167749934314764489e-03 5.371160399467247732e-04
1.403403422557071047e-03 4.866073192065038517e-04
1.455578500844908639e-03 4.651202484750111476e-04
2.233347937251489636e-03 5.496281459686558129e-04
1.464130155731174603e-03 4.794593459445920967e-04
1.587640750204225536e-03 5.286337674230252252e-04
1.640878173880634195e-03 5.260094730321242381e-04
1.697915115375411843e-03 4.900006668780990593e-04
1.459658283802116752e-03 5.248485588756500366e-04
1.371356628239217166e-03 5.139580259435065808e-04
1.779326082760024005e-03 5.077027624881568814e-04
1.403028270373025141e-03 4.488382138397718052e-04
1.497252369987778610e-03 4.753987207613949353e-04
1.746127467352125194e-03 5.529430721295141345e-04
1.191296860906209494e-03 5.637040757024594333e-04
1.571867082427677110e-03 5.001135280920920292e-04
1.180452989506631384e-03 4.938686528167115586e-04
1.574489595273654034e-03 5.486088052865236786e-04
1.538881278923754292e-03 4.499316507815555831e-04
1.436757167035974557e-03 4.551130125793201179e-04
1.420767605602294304e-03 5.061117918016420003e-04
2.102937035174856986e-03 5.355595102992358235e-04
1.229379418191117648e-03 4.665344279364541246e-04
1.110751960598029388e-03 4.510117860666788391e-04
1.184804537056079968e-03 5.167386138814929327e-04
1.464698683428977861e-03 5.006761181547243148e-04
1.737259547128679280e-03 5.229176362052121232e-04
1.499835253476092473e-03 5.705613148959413818e-04
1.201323812358642395e-03 5.283548452192605516e-04
1.816425494002873531e-03 4.433425987212696634e-04
1.616352512480672635e-03 4.930686650392573228e-04
1.805233404138446070e-03 5.105698002693622763e-04
1.757145532271047221e-03 4.365288026196678228e-04
1.889274974862384208e-03 4.741525904610762289e-04
1.365181916306382366e-03 5.566620347990006807e-04
1.957399692983518517e-03 4.917251849681385017e-04
1.378110852599665880e-03 5.237647525345396965e-04
1.341186036778693877e-03 5.128571514226311877e-04
1.763530983228318123e-03 4.921320574470684208e-04
1.939384197191557514e-03 5.163719675107719719e-04
1.225724677407018801e-03 5.326866801883265497e-04
1.344205418066243525e-03 5.037107313734948480e-04
1.364856868025355816e-03 5.326225860806270201e-04
1.623537878230960595e-03 5.048028901488199388e-04
1.258500448443249185e-03 5.137756997435440932e-04
1.220857393196426045e-03 5.160042306335466860e-04
1.246452001222242683e-03 4.723048489770147163e-04
1.166380354031568015e-03 4.971328755524077663e-04
1.482821309294100583e-03 4.859560510913726763e-04
1.454514658228529909e-03 5.547700827756405113e-04
1.215185648157266060e-03 4.996495698132907490e-04
1.457009826213830636e-03 4.749066365358259843e-04
1.093818968356578391e-03 5.343875177568734990e-04
1.427475196686879121e-03 4.445248118909467402e-04
1.805957953465345267e-03 5.299889568168335632e-04
1.455345624615682560e-03 5.316310594221353636e-04
1.147877868113638322e-03 4.670067108203568469e-04
1.748639809782608773e-03 5.197802235401464228e-04
1.517153665333921238e-03 4.755516125817498127e-04
1.661232873028317507e-03 5.721904206553099373e-04
1.447682832110508801e-03 4.968006393089188875e-04
1.616309571602119605e-03 5.158427616942124492e-04
1.474031680645783654e-03 4.924016262930761608e-04
2.110572696958429566e-03 5.045951317621589528e-04
1.107302617626947094e-03 4.907275856369696298e-04
1.118042356808200905e-03 4.861422249516616362e-04
1.518761178792476033e-03 4.817072024505842385e-04
1.716521962171372023e-03 4.769183273856272376e-04
1.460298346790637504e-03 5.317591801800572102e-04
1.404426001708561963e-03 4.899856012422274107e-04
1.307124492227862205e-03 4.741661243386713982e-04
1.748256073064320334e-03 4.758716852409697589e-04
1.338271145891661634e-03 5.224371827066674485e-04
1.434653014407195198e-03 4.990017616466422418e-04
1.472585855147090072e-03 5.135437792676969060e-04
1.803770488628920208e-03 5.306535987675079771e-04
1.385585675225161750e-03 5.091852488073176286e-04
1.541123056472458366e-03 4.930542923395359739e-04
1.593161032852516120e-03 5.510556867944253149e-04
1.382928054005972719e-03 4.588072750622789299e-04
1.435395731214509415e-03 4.524175585287779034e-04
1.524201859305918724e-03 5.448580023260790606e-04
1.580218269673415530e-03 4.981984426904048852e-04
1.744375719168382664e-03 5.153214727608335273e-04
1.584147246091222863e-03 4.832658305489941921e-04
1.477758090453181209e-03 4.937908782161503285e-04
1.169672781642472174e-03 4.646195889089624396e-04
1.842580167941301836e-03 5.069788980365939239e-04
1.988443130454511237e-03 4.858448591808533948e-04
1.849539275109458088e-03 4.998668243750554845e-04
1.883573183668831811e-03 4.634651731197928968e-04
1.392654788759708920e-03 4.350238093620446551e-04
1.322817812339642605e-03 5.088227857708149801e-04
1.413532046459832188e-03 5.357339088060493384e-04
1.025103825243406245e-03 4.962126430668229891e-04
1.656953029331929535e-03 4.670038776646115745e-04
1.309759021881115809e-03 5.308410562640415980e-04
1.763019306205609914e-03 5.044577970382544459e-04
1.220463744335209544e-03 4.542770301433717950e-04
1.635697751449523025e-03 4.387391737638975868e-04
1.385192538111633528e-03 5.270286179034822018e-04
1.270450446130968981e-03 4.823238396046501783e-04
1.318453055172313579e-03 4.648860977058143261e-04
1.435081200859775587e-03 4.782649077169562335e-04
1.223973398241831167e-03 5.412635112812183699e-04
1.957536441532026390e-03 5.005043652013616961e-04
1.351692575439533955e-03 5.274688342196466075e-04
1.256250281428790633e-03 5.250188020528178583e-04
1.409438914378954117e-03 4.823559030153185120e-04
1.745542889517291522e-03 5.096995967064577504e-04
1.203290263937326077e-03 5.083478301832903071e-04
1.403899474622562942e-03 5.132021171874794844e-04
1.837209546596194542e-03 4.899117326067917383e-04
1.755659117643076830e-03 5.138693495841738061e-04
1.492841140878147649e-03 4.530552200642233595e-04
1.382034268310956436e-03 4.736386986513608523e-04
1.497524099663731338e-03 4.910706317702738175e-04
1.568307676892193459e-03 5.106879427596897709e-04
1.590001231894010245e-03 5.510595782195789986e-04
1.626410619594164178e-03 5.166816967872526339e-04
1.436324076434921651e-03 4.895543850732222329e-04
1.331045206078180880e-03 4.781521508575400274e-04
1.743964004926034381e-03 5.044032956770993972e-04
1.746152670711021825e-03 5.150564600311398735e-04
1.461553267271212091e-03 5.123127802558636191e-04
1.514058297032719802e-03 4.959974040868540129e-04
1.617219896519088386e-03 4.446099499608472880e-04
1.240133772755049437e-03 4.439481563242848416e-04
1.591295785046893761e-03 4.724693726811819683e-04
1.485992107636623354e-03 4.753681335232617217e-04
1.369505395481196430e-03 4.744564222713194184e-04
1.722782381543620008e-03 5.236003413392014121e-04
1.455409789320705541e-03 5.321910720929074910e-04
1.623956346684550392e-03 4.723768467062157655e-04
1.322064976792028737e-03 4.627667499851256870e-04
1.321290139822534331e-03 5.117363288404685757e-04
1.294646009138730345e-03 4.854996351410506691e-04
1.475483043996198050e-03 4.919435735659513555e-04
1.190640519032093100e-03 5.073756191856571875e-04
1.606381822591512742e-03 4.954470990765363512e-04
1.479146588534966181e-03 4.823166068652971587e-04
1.241531477676395979e-03 5.123410036084853972e-04
1.167048722486772622e-03 5.356368478028352385e-04
1.094827004927993383e-03 4.793035983287943216e-04
1.540960153254067712e-03 4.937487363136255393e-04
1.821278631589431972e-03 5.339037479296628247e-04
1.467635820864369219e-03 4.702748091670136844e-04
1.481272865781315187e-03 5.306777825821737751e-04
1.301751221134174637e-03 5.495803924234608394e-04
1.615117042457088741e-03 4.814458504261716451e-04
1.510489037951722119e-03 5.725981643343342354e-04
2.770898890712671092e-03 5.172022263524105826e-04
1.384873902920059907e-03 4.776146235434725637e-04
1.365369306153179588e-03 5.654103694458515383e-04
2.105250961095514288e-03 4.638564986600822600e-04
1.407442985465241379e-03 5.026872286221920668e-04
1.837320184483369045e-03 4.974990174360221238e-04
1.793957087027378246e-03 5.145489637780803266e-04
1.657965739919957078e-03 5.375663280740889012e-04
1.534412117287047668e-03 5.484618558160620936e-04
1.594943543877951281e-03 4.806090726909443612e-04
1.656035604940742393e-03 4.644370779001912876e-04
1.665729375345463385e-03 4.956265270266810730e-04
1.533245960717523901e-03 4.900103877230238590e-04
1.259010739900448062e-03 4.945224385302843034e-04
1.591011373599221686e-03 5.235687471167452863e-04
1.568830173010448857e-03 4.694472658449811266e-04
1.837908923164112071e-03 5.285783879597676441e-04
1.480560241269841034e-03 5.081873173441736223e-04
1.766665279863864233e-03 5.091543234684699432e-04
1.196658628125676438e-03 4.945723183544627807e-04
1.471895508764884362e-03 5.179049979333460053e-04
1.401940507936165958e-03 4.571346912904976009e-04
1.214161557131722760e-03 4.758720028387709530e-04
1.290798055805110868e-03 5.338602256061229095e-04
1.731438311544268973e-03 5.229823341678801769e-04
1.665405881662464184e-03 5.136481263047748113e-04
1.167382911755768336e-03 5.075593661135766130e-04
1.669583563772567567e-03 4.698073328708879544e-04
2.019962336902266647e-03 5.026465041206239735e-04
1.441003161417729822e-03 5.151864565849457924e-04
1.645481730652445301e-03 5.413500181505302451e-04
1.358055703588371965e-03 5.263388487647103174e-04
1.610117105957321361e-03 5.272475805920839604e-04
1.447617825127299170e-03 4.564853192582278367e-04
1.435305342081379717e-03 5.194362676991588117e-04
1.583090182798285077e-03 5.120620502707018580e-04
1.577484126035682416e-03 4.688855953242390641e-04
1.383643520279883568e-03 4.768818010816696577e-04
2.101364982060196715e-03 4.813909734812690626e-04
1.715605677444832907e-03 4.607265960251235768e-04
1.236758745898553337e-03 5.466269982710414942e-04
1.603118917350249313e-03 5.462330618340157989e-04
1.638799160070928979e-03 5.289025047902547747e-04
1.278706805671828411e-03 4.939191724213040126e-04
1.537526961973066739e-03 5.185279126277630383e-04
1.734952052089312139e-03 5.388904653276803446e-04
1.899987226073575125e-03 5.526302274979504091e-04
1.578768021340094113e-03 4.612776414747662176e-04
1.526963474037310378e-03 5.545497127241950843e-04
1.411024064769279222e-03 4.920521731607681521e-04
1.077230098503501347e-03 5.194557125348145095e-04
1.552210001421538716e-03 4.876149154264537537e-04
1.710763795401531876e-03 5.033157150009205053e-04
1.317888435591485757e-03 5.259674228042636197e-04
1.149968765293174012e-03 4.993617770381408947e-04
1.666032153812493141e-03 4.903225941707504282e-04
1.852180705205568566e-03 5.667888490047743970e-04
1.664440303829679618e-03 5.264844055612817380e-04
1.661511454829358051e-03 5.345262405938671062e-04
1.513342913779183599e-03 5.054935648477510172e-04
1.754830227343640199e-03 5.141306971242440857e-04
1.648307124850611517e-03 5.359134733397340027e-04
1.233245616607698495e-03 5.303716362203134875e-04
1.694932464682904040e-03 5.455275335189494748e-04
1.498039537046723770e-03 4.689670919021933049e-04
2.095030767746912815e-03 4.686623333641206030e-04
1.564762238403534034e-03 5.093529661251104939e-04
1.436588214445377832e-03 5.553885408498070815e-04
1.327542469187833248e-03 5.276472030402740588e-04
1.593491117594953788e-03 4.586080386339457578e-04
1.319643524895645946e-03 5.108932082880173701e-04
2.077341202854577230e-03 4.854665044580742071e-04
1.385962702945035862e-03 4.795060882531229488e-04
1.195312254020119416e-03 5.372849950268755248e-04
1.395656082656918963e-03 5.098306813647581967e-04
1.144334243412708499e-03 5.112807478275963134e-04
1.607263045615066246e-03 5.144533443339220549e-04
1.218344994190232204e-03 5.056777905625960221e-04
1.640595802045206842e-03 4.834286250216743839e-04
1.347330121096056458e-03 4.893049860721763620e-04
1.973898454449081203e-03 5.015894946686164915e-04
1.605760585571655531e-03 4.707934342966953981e-04
1.274770156656892693e-03 4.770677657028892958e-04
2.439451695278812855e-03 5.180723329939945299e-04
1.563864658451325027e-03 5.187727118511083592e-04
1.321037566984624347e-03 5.027044378340253051e-04
1.408965002729985162e-03 5.493957952136463907e-04
1.520561189399750792e-03 4.625715911744164403e-04
1.535071086128279036e-03 5.363908313319351280e-04
1.436727304547888049e-03 4.572437945664100355e-04
2.002649948149119556e-03 5.123521006753986714e-04
1.928738592140469841e-03 5.356726437396584252e-04
1.484028633647765201e-03 5.231712574406552829e-04
1.253713782747252698e-03 4.790228843879096483e-04
1.346595710760406604e-03 5.464503375868329195e-04
1.767346752389732049e-03 4.773734076897167959e-04
9.260031099995809541e-04 5.121285348211333842e-04
1.667452023131146127e-03 4.313713051634426388e-04
1.454922895080338176e-03 4.777279256553007840e-04
1.311874646080875848e-03 5.357781275947316475e-04
1.255067206774767132e-03 4.470431149182113898e-04
1.626470615509922630e-03 4.739636048377021010e-04
1.671157659982347356e-03 4.776820419774247353e-04
1.722436325784900942e-03 5.088628876233992687e-04
2.129111768042860151e-03 5.235995448844593019e-04
1.012025233363203925e-03 4.562964010472661666e-04
1.079986643450356592e-03 4.584736916102141800e-04
1.622382334820467696e-03 5.291521769088439837e-04
1.531590396409328531e-03 4.841317251762086910e-04
1.704342928349124537e-03 5.140034962443032094e-04
2.105104293010241507e-03 5.079238557037399305e-04
1.473160247924771475e-03 5.202682038547655876e-04
1.776566037629250666e-03 4.606465936688659596e-04
1.021369641235891695e-03 4.858015685346632560e-04
1.434984577777136507e-03 4.546796744661228597e-04
1.446239655132852252e-03 5.422426588242081503e-04
1.580471243942270423e-03 5.033392727598943149e-04
1.504927327439110635e-03 4.988755436160996959e-04
1.388004662380844592e-03 4.705005795227508035e-04
1.960336098306451977e-03 5.851248914775061989e-04
1.977751643892010705e-03 4.995738489202652564e-04
1.749704102386308996e-03 4.694784966081173199e-04
1.286688021904375473e-03 4.911297755394603221e-04
1.271468527969570397e-03 5.354992007455923941e-04
1.447643928477708106e-03 4.945858248098908196e-04
1.674448109727027850e-03 5.146727371558152114e-04
1.319057664466940236e-03 4.891314518179987756e-04
1.619559308134156878e-03 4.750669682707272233e-04
1.668732778340426643e-03 5.003098954572437248e-04
1.498143885882431388e-03 4.709333419201282094e-04
1.873131076897861661e-03 4.860742442050274784e-04
1.737977066486451902e-03 4.802135759403512423e-04
1.347727086589771764e-03 5.435213357140817941e-04
1.318680526630924875e-03 5.030838466618951961e-04
1.025480278449377976e-03 4.921979331199417655e-04
1.491173706230536225e-03 5.765476230557075666e-04
1.890168038720277648e-03 5.357083749003916295e-04
1.334385033336528198e-03 5.092553654996943282e-04
1.289796014595514422e-03 5.135274811525317217e-04
1.476127364620897749e-03 5.376806934263715686e-04
1.746799144476413740e-03 4.930511406194156270e-04
1.471037976687258322e-03 5.321664207950202886e-04
1.507057684499287778e-03 5.145203149908060894e-04
1.854329900857910668e-03 4.920841239286035448e-04
1.570627104446788679e-03 5.091579399905558695e-04
1.968636547320309904e-03 5.126459070016825765e-04
1.364590136085968609e-03 4.671802494635637210e-04
1.406050879836378067e-03 4.882386610538939128e-04
1.827232022638469256e-03 4.600770740769465962e-04
1.287807123899649625e-03 5.568133167325040175e-04
1.708905281664959298e-03 5.249401814149684412e-04
1.567620090341602726e-03 4.525513967333735137e-04
1.633382314126223577e-03 4.936771374866030316e-04
1.764590398771962408e-03 4.771619933232444937e-04
1.755982407842607892e-03 4.705959150982144115e-04
1.365148814578501929e-03 4.818646368700068520e-04
1.628745403761221741e-03 4.696088576979320396e-04
1.406681490102405828e-03 5.232635854165703032e-04
1.584649077651396204e-03 5.094735303679869204e-04
1.606411107719235738e-03 4.887721664996287022e-04
1.859095516468143488e-03 4.923162597584886113e-04
1.711413964719628138e-03 4.635803676779433791e-04
1.736200983950986904e-03 4.884120282972911854e-04
1.154908919120554035e-03 5.125134565965156191e-04
1.737102572435184891e-03 5.033866834010841847e-04
1.546731482735696009e-03 5.782033580225432595e-04
1.146017151680593692e-03 4.803607815575363423e-04
1.236861054099696201e-03 4.959570682648570868e-04
1.302228698957229661e-03 5.439715340709577870e-04
1.435729323005089210e-03 5.017678812945663720e-04
1.531379869908421152e-03 4.734957906646874146e-04
1.524806276432024918e-03 5.663087153011988738e-04
1.329983520409189126e-03 4.969171909823446708e-04
1.230718914862109900e-03 5.179349458964735116e-04
1.168881108011309618e-03 5.466974993434942478e-04
9.210236795571740765e-04 5.017018630191944243e-04
1.546071903961476627e-03 4.965864037568945956e-04
1.868775863129341691e-03 4.893300074664299866e-04
1.389387301449762462e-03 4.934642555337545198e-04
1.194259954668808014e-03 5.540021536830945156e-04
1.587037065366997965e-03 5.253155060162787316e-04
1.789478702582437703e-03 4.996738966228914504e-04
1.263198319928071980e-03 5.175296899365678088e-04
1.495470844728804313e-03 4.577138461738499559e-04
1.381289124919110167e-03 4.886559492719781380e-04
1.312979315681939065e-03 4.968316255737514247e-04
1.182244657021506691e-03 4.779514111405892981e-04
1.576287026539552457e-03 5.422336845622273633e-04
1.473009632479723710e-03 4.995683172580870279e-04
1.407287806968354456e-03 5.271383715691953546e-04
1.499359692772747610e-03 4.991259557711979740e-04
1.413639936936850541e-03 5.022682914012554980e-04
1.670910790322156303e-03 5.316040447401721531e-04
1.794790525222708091e-03 5.319140659448067746e-04
1.186496428673948110e-03 4.523000322007208660e-04
1.508011677765596758e-03 5.324504848887472771e-04
1.511168410393067202e-03 5.015607756622443569e-04
1.587689608285986235e-03 5.356666521446515035e-04
1.085404822059183195e-03 5.031171374882685739e-04
1.693646295504287530e-03 5.621625987107787105e-04
1.258154562529753290e-03 4.996842973782385927e-04
2.099102932225347957e-03 4.905681524431285785e-04
1.353010670977468658e-03 5.167100546351041440e-04
1.441321919596258916e-03 4.887846401629539249e-04
1.442275301000835175e-03 5.723069110720104425e-04
1.531106113264672341e-03 4.727349667270915436e-04
1.666495379887190540e-03 5.360028838933136256e-04
1.636877565444463511e-03 5.149632395339818515e-04
1.456377845758895445e-03 5.636553866343845930e-04
2.097707862490593572e-03 4.768971996735976954e-04
1.382649632545453417e-03 5.527794218590941942e-04
1.778453456164166271e-03 5.252004447351032090e-04
1.192122087318648075e-03 5.688425188273303406e-04
1.723794828021565223e-03 5.227741796289251709e-04
1.409683385628824562e-03 4.737141531294055568e-04
1.519637019090399948e-03 4.926843937505223821e-04
1.194087716139678517e-03 4.557094863403321526e-04
1.612755323385087159e-03 4.328714550587826307e-04
1.280337135409458267e-03 5.657124748931840292e-04
1.270906506774396785e-03 4.923770809617704965e-04
1.322958794312208185e-03 5.007039257096619405e-04
1.774205164533367235e-03 4.858737790285513588e-04
1.033255821565794196e-03 4.753023817070265930e-04
1.710543639739526677e-03 5.203680785382600992e-04
1.548504003819520898e-03 4.799371394602514485e-04
1.513761208441398876e-03 4.628001703777489921e-04
1.326069129740973206e-03 5.116093798528306138e-04
1.622797238560820879e-03 5.090645397986860460e-04
1.197547010016047431e-03 5.091888318125790394e-04
1.611984683793872769e-03 5.563695479556322833e-04
1.617768425578261548e-03 4.794017385815730844e-04
1.990211362891135954e-03 4.951664471058626503e-04
1.474418723376929447e-03 5.453855417240675244e-04
1.952975807631430073e-03 4.887679555476877194e-04
1.403123815271570566e-03 4.710825022992417514e-04
1.665448463328545597e-03 5.317556102056115921e-04
1.506464309035795979e-03 5.007951239224716277e-04
1.454694975620491378e-03 4.955281098354178499e-04
1.386279518618001002e-03 4.412523003595445240e-04
1.139316657186379778e-03 5.264854623186975783e-04
1.305763919631822883e-03 5.155883600062642581e-04
1.515773487273372033e-03 5.731601569056384059e-04
1.705276121727062168e-03 4.802511790954059928e-04
1.676899109954032999e-03 4.616907313753407759e-04
1.963457574957304906e-03 5.376064598958959313e-04
1.327548698119715475e-03 5.293248651164505526e-04
1.760426105564151219e-03 4.666025412688128539e-04
1.330354180431743503e-03 5.025848538152365413e-04
1.466851858469832249e-03 4.818720159662099049e-04
1.611081881484488802e-03 5.422866293233732579e-04
1.216681442211911025e-03 5.603395723827639917e-04
1.476625164329211986e-03 5.061066467865855349e-04
1.370284974428295256e-03 5.577134189473423580e-04
1.111103269447502942e-03 4.848180280378018223e-04
1.673436103352269385e-03 4.871826328678098192e-04
1.104352234428073376e-03 4.934404995112312521e-04
1.793279311058071715e-03 5.336949734618906625e-04
1.270841540178007127e-03 4.711912659433391639e-04
1.499776710441301248e-03 4.525345172002675186e-04
1.357682405245121560e-03 4.672706996944409942e-04
1.095835846278194522e-03 5.115638989339084657e-04
1.338952457667656835e-03 5.023242245958754910e-04
1.525735386419392213e-03 5.545255053266259695e-04
1.577379199484493441e-03 5.135135137772204759e-04
1.415662723294875856e-03 5.121096367105017720e-04
1.307492919746953237e-03 4.998856232988655801e-04
1.394532007955328213e-03 5.350779936609999579e-04
1.632988679074077283e-03 4.695399508722799403e-04
1.714195048361584874e-03 5.335401402817898644e-04
1.264032570283653636e-03 4.820293770313049150e-04
1.992235945039229784e-03 5.343822211938823504e-04
1.453363980959555823e-03 5.103597433373541778e-04
1.395793579855462464e-03 5.402744429068930031e-04
1.972213111043040219e-03 4.704831289538028783e-04
1.553283173447658067e-03 4.724030242823907513e-04
1.729067539570904814e-03 5.100912220683993196e-04
1.858524737639399068e-03 4.956307211814415473e-04
1.491255359284982766e-03 5.075856046305886110e-04
1.363846052143953373e-03 4.723516404509963589e-04
1.421203504001979697e-03 5.110189857115722805e-04
1.381947604609584310e-03 5.002327727550827732e-04
1.307294557669694789e-03 4.881267788178597264e-04
1.598957379872607571e-03 5.836903092587201851e-04
1.689292567998322428e-03 4.698796784530197084e-04
1.325485375216851024e-03 4.819743393722283214e-04
1.397452439600479265e-03 5.400575151038352738e-04
1.704980977785324533e-03 5.302958213308794650e-04
1.295239815671498989e-03 5.157650075601340027e-04
1.805403046457361958e-03 5.157749884294165338e-04
1.860487009752016113e-03 5.530795296151547321e-04
1.999489117684779584e-03 5.407500547355315349e-04
1.727339094263122526e-03 5.063649961204135094e-04
1.458734565281370700e-03 4.771200664469902567e-04
1.183895358331596729e-03 5.059531332320941523e-04
1.363889478110918334e-03 5.200574739441422715e-04
2.175338343372974336e-03 4.686341488832545198e-04
1.429641259141204313e-03 5.119373861142779893e-04
1.411738781054738953e-03 4.956914626088977302e-04
1.532738517013409801e-03 5.361224508600190113e-04
1.218748844409902861e-03 4.664864097181583864e-04
1.457769245553549317e-03 5.457352284448897329e-04
1.656606629373722113e-03 4.929040692057366909e-04
1.809837891376309474e-03 4.924184585665376075e-04
1.499139539718597099e-03 5.203860405617674470e-04
1.391581694865088236e-03 5.305805361397340682e-04
1.430265045191807336e-03 4.691892168098220589e-04
1.302136514782403515e-03 4.867528162389545910e-04
1.833076493297551785e-03 4.698259966088101755e-04
1.961249195975317983e-03 5.070636689453572035e-04
1.417803470910212766e-03 5.316168735253571373e-04
1.425723373496910751e-03 5.456924461902617866e-04
1.521268545850036928e-03 4.583232802011819279e-04
1.528707956796882851e-03 5.012898891741467784e-04
1.933572481493842565e-03 5.143660673983443260e-04
1.465036919060109123e-03 5.786737875607367125e-04
1.681073186677108826e-03 5.249348793833773274e-04
1.087819816522069861e-03 5.003598125860376535e-04
1.582334993786426759e-03 5.139900017661903605e-04
1.306682432131913785e-03 4.799942726207507074e-04
1.447715156620692570e-03 4.940023018759202075e-04
1.798282739904761163e-03 5.031849355097785291e-04
1.453778873977569107e-03 5.225386312691387590e-04
2.107021230434489353e-03 5.154766926193650282e-04
1.500495107185583236e-03 4.804095932371664772e-04
1.274392116425893074e-03 5.094156706062372489e-04
1.722228759229162522e-03 5.272586723212032258e-04
1.164973377876069331e-03 4.823968928600533691e-04
1.489205343066947419e-03 5.288252816895937626e-04
1.192530924320680998e-03 5.264291726639822033e-04
1.377138506818311684e-03 5.354467857536666367e-04
1.508553958013947186e-03 5.314809069107011329e-04
1.575610147573246449e-03 5.435841148800501935e-04
1.145644328407171815e-03 5.000154611398137557e-04
1.606020965759848498e-03 4.996083124549897427e-04
1.488153947494320721e-03 5.182598576412758952e-04
1.714281217627710132e-03 5.187121532134951170e-04
1.216462968090995357e-03 5.204961082192254224e-04
1.427910039366872075e-03 5.160444375617302378e-04
1.388712833150294694e-03 5.060527664864231589e-04
1.270710808093818622e-03 5.160924666666580124e-04
1.487533278240519901e-03 5.197114753055100773e-04
1.413811393961529475e-03 4.687588755340109598e-04
1.758858657531662444e-03 4.877893357444881752e-04
1.260771856293940209e-03 4.918294024427626509e-04
1.736122954265087621e-03 4.963441339243553465e-04
1.221144239237235887e-03 4.646120108358413824e-04
1.504122245234423578e-03 4.417308598629589257e-04
1.448416869469958167e-03 4.880382388333535308e-04
1.555484858975670313e-03 4.977556903116252523e-04
1.267483858650359386e-03 5.232517858448593141e-04
1.931703403263774696e-03 4.920533163151196050e-04
1.599528388633529238e-03 4.857760374133220527e-04
1.368431798608926416e-03 4.237190796764828864e-04
1.991139582071190135e-03 5.141636278932205885e-04
1.753043371275966921e-03 4.888515367228414088e-04
1.514474648036288288e-03 5.269486662585516493e-04
1.776661293209896592e-03 4.776068041191824758e-04
1.290002914987499342e-03 5.164651289366829680e-04
1.315915209671281389e-03 5.095880309376975541e-04
1.532451674786326637e-03 4.932253680952549280e-04
1.792437576236539411e-03 4.767840512738159842e-04
1.858786512263798513e-03 5.263704233418128485e-04
1.607812645624943828e-03 4.687582344159456934e-04
1.191596811682432483e-03 4.424679956324250197e-04
1.565358963002795112e-03 4.944690724487192093e-04
1.803779104561257585e-03 4.689414974079113632e-04
1.232274606276690092e-03 4.797049989306107149e-04
1.906682125768098014e-03 4.817085524912551823e-04
1.262678352468058797e-03 5.118270004101704504e-04
2.348851122064919694e-03 5.389364985003376393e-04
1.587100148065417708e-03 5.549450113713149616e-04
1.650275420292122595e-03 4.847133913330176460e-04
1.525433916394940918e-03 5.264681440090373220e-04
1.492598658812090964e-03 5.025406009608512827e-04
1.654791722108213793e-03 4.992647081635912670e-04
1.792359088655891752e-03 4.833476676247248915e-04
1.810304105762550837e-03 5.172863625278095777e-04
1.417781514797860059e-03 4.959383128539714830e-04
1.603521732435514912e-03 4.997736750996409176e-04
1.401434129861990749e-03 5.424710685563404996e-04
1.662536819161136974e-03 5.189129210830760843e-04
1.925550061480793378e-03 4.153255449994005069e-04
1.581263520173973409e-03 5.061129528538196864e-04
1.765410828242461837e-03 4.647166364117787454e-04
1.570389190767259137e-03 4.513470853060783908e-04
1.878121049494970145e-03 4.734702839702210680e-04
1.169841696318506567e-03 5.477499986950014159e-04
1.591133323223249598e-03 5.298879582340374102e-04
1.874538121115681749e-03 5.162578184342188348e-04
1.413040187653322524e-03 5.162142457467424825e-04
1.516933860074835393e-03 5.251101963979268577e-04
1.476997005130117327e-03 5.303790362467132981e-04
1.843886720796582886e-03 4.820862954469451803e-04
1.880976394613810511e-03 5.367142495413998980e-04
1.881896070141370015e-03 5.464100652572506612e-04
1.540433494946450918e-03 4.541723634948781601e-04
1.502854892497267796e-03 4.853264401142684970e-04
1.336159537700980487e-03 5.427959203242057294e-04
2.093637665908311754e-03 4.673144411212387444e-04
1.593088305291344604e-03 5.071561101730987604e-04
1.523581001039722325e-03 4.407752773910533447e-04
2.289619029763433587e-03 4.963222476046406711e-04
1.199288055476650577e-03 4.925508962381463249e-04
1.197417200639594882e-03 4.434996446148334933e-04
1.689997998907971904e-03 4.890272456798180206e-04
1.523945640216210198e-03 5.355445207656715735e-04
1.648249604437432249e-03 4.983076354553015765e-04
1.301467980766034954e-03 4.640458385161605383e-04
2.022019929033022287e-03 4.869757319361027155e-04
1.618965693998281139e-03 5.042775746483511715e-04
1.716220617551378379e-03 5.271685455134984735e-04
1.682122714626346251e-03 4.977796094509320552e-04
1.677132341513498919e-03 4.775557867023859111e-04
1.723947063843596188e-03 5.452665928096486802e-04
1.748435688735589834e-03 5.255062540040955545e-04
1.525935207098764535e-03 4.881664703966378757e-04
1.369048211410732116e-03 4.996378777201118020e-04
1.497636700767982811e-03 5.561615058138549969e-04
1.124869228817152638e-03 5.143455603596611614e-04
1.775570885977495114e-03 5.244471690869570435e-04
1.319044487352935037e-03 5.124557053355773646e-04
1.251568219114681472e-03 5.029383633326365210e-04
1.372574851311574506e-03 4.541707479261768263e-04
1.791729034806229014e-03 5.066810329131645266e-04
1.386674140526818763e-03 5.035352608061074466e-04
1.403075959815490914e-03 5.194097636360302511e-04
1.483455985876682435e-03 4.844048194531232697e-04
1.430509921565241817e-03 4.604985356698382336e-04
1.483605034819992629e-03 5.078486683506547479e-04
1.905329515200468969e-03 4.735510270926063226e-04
1.861381474515687437e-03 4.731973220753863969e-04
1.562768249722704507e-03 5.406841882645116622e-04
1.350506826444260915e-03 5.246888492096234537e-04
1.605437038051109712e-03 4.995028671790221423e-04
1.258080258052143418e-03 4.538497711750040476e-04
1.261943122399850851e-03 4.967502170801452134e-04
1.114616446005413288e-03 5.029668711974675556e-04
1.685487888270248424e-03 5.529718804883214421e-04
1.736654984948013142e-03 4.667058391450954087e-04
1.566389628052950855e-03 4.866224693390698098e-04
1.700502866977716618e-03 5.090317492932596669e-04
1.881322657470270009e-03 4.746226771195965143e-04
1.461980830236850066e-03 4.755403949909244531e-04
1.284005027066572029e-03 6.026561736734273355e-04
1.201770331981262801e-03 5.300463940336756427e-04
2.168284854853994373e-03 5.132265959334758338e-04
1.450042446256367490e-03 5.051661041941745908e-04
1.717259943031547009e-03 4.653798910403416397e-04
1.478657835845652866e-03 5.525619348793178644e-04
1.362689658163493585e-03 4.982922312139320123e-04
2.073890864514610615e-03 4.835659746234415046e-04
1.469507236306162243e-03 4.813860299272972824e-04
1.640543956418504023e-03 5.020643178959125928e-04
1.653965996686650175e-03 4.980709593513030220e-04
1.534169012677629286e-03 5.451473621760622021e-04
1.459143200573275855e-03 5.017899791303299722e-04
1.298128961943370401e-03 4.441151792594239000e-04
1.129072262031567729e-03 4.924671008515625744e-04
1.291521168806418615e-03 5.647811215275062510e-04
2.047184913014105361e-03 5.472275346678901050e-04
1.372376728646249478e-03 4.641296564579814265e-04
1.880297684166842712e-03 4.765021627764682069e-04
1.221634901781194077e-03 5.257768809417004896e-04
1.446226103926309507e-03 4.647295502861407534e-04
1.541294286224453337e-03 5.247078580783638051e-04
1.582794657891492584e-03 5.457980780335567293e-04
1.653001064206838927e-03 4.714269067089573687e-04
1.728630054222239859e-03 5.078049515143065202e-04
1.741863223865868946e-03 5.103880375615766447e-04
1.895113020696354272e-03 5.099775023582475567e-04
1.455486179174270232e-03 4.121901305477797760e-04
2.055897919518540409e-03 5.541800754387836208e-04
1.291475882094036964e-03 4.909329332429849743e-04
1.445131501039071883e-03 5.021357968756819936e-04
1.828223920316115331e-03 5.066763695814835390e-04
2.083771872015007399e-03 4.958375256300031220e-04
1.289021038447207227e-03 4.809391244877849326e-04
1.749994249595642273e-03 4.781138897867449975e-04
1.679417566566832401e-03 4.785034583194411242e-04
1.472352377412754817e-03 5.414548026862194907e-04
1.349251454975571420e-03 5.014230541715583795e-04
1.157788385237529033e-03 5.910429658260224137e-04
1.446304082140355534e-03 5.263851939634579076e-04
1.805342386116762406e-03 4.953896507494363758e-04
1.604710285780571810e-03 5.594391930180853557e-04
1.513470437765718039e-03 4.614040346400174737e-04
1.277633641993253721e-03 5.055620719851464497e-04
1.674532960286389096e-03 5.672924175131305704e-04
1.159164965492069828e-03 4.683857800015509606e-04
1.461430951209821303e-03 4.498201996751656430e-04
1.504307077319199304e-03 5.108614891501095639e-04
1.441244623240930381e-03 5.128909830270368371e-04
1.394747316071634578e-03 4.866265654844040256e-04
1.488586789315776227e-03 5.393336935808733116e-04
1.403385024622293403e-03 5.513676150900784613e-04
1.516397198932722349e-03 5.174519488798137419e-04
1.359725596215073185e-03 5.002890927097437520e-04
1.304280500821142696e-03 4.884227502251500905e-04
1.773736662884142692e-03 4.873224055265122667e-04
1.599601630191457369e-03 5.243883846849221354e-04
1.604460282354591791e-03 5.464976098070146266e-04
1.469888612775868816e-03 5.528596660689814911e-04
1.918016796523254290e-03 5.012628829432014483e-04
1.566209226544860826e-03 4.991889453265070881e-04
1.786466816851144460e-03 5.312540893978021962e-04
1.777457796822689293e-03 4.784188319702448525e-04
1.476074023810970302e-03 5.143503042530491939e-04
1.434913374258095769e-03 5.117527530995938378e-04
1.495840158674452500e-03 4.805050860791708041e-04
1.110811116708308559e-03 5.501746038752834992e-04
1.507526231967336750e-03 5.201283436699218575e-04
1.284586444515753304e-03 4.953906445561382385e-04
1.311252221349922713e-03 4.933991013232098561e-04
1.239375580289949798e-03 4.914384229585776328e-04
1.183617266789391449e-03 5.381264405700808421e-04
1.738500786045382674e-03 4.958443492060464084e-04
1.392142470019198551e-03 5.382405662039222317e-04
2.108941027736782083e-03 4.683348090985957313e-04
1.357334370618387513e-03 5.159831403871629639e-04
1.786792114596656971e-03 5.528798360517157492e-04
1.987416539057825816e-03 5.094333487962620548e-04
1.935433093965296556e-03 5.030126365178104117e-04
1.790842983038020298e-03 5.431321962892654304e-04
1.702224035134197212e-03 3.990192540402564647e-04
1.333448506184036191e-03 4.591866872478207089e-04
1.292271433747891772e-03 5.472315751178202488e-04
1.539817521376797387e-03 5.503563246020240799e-04
1.687873188821647445e-03 5.047012974795170174e-04
1.202194965950029344e-03 4.995403747685224537e-04
1.496184462212448016e-03 4.734911270823083103e-04
1.593821894281254774e-03 4.748024122106850992e-04
1.351469398554447582e-03 4.352030781290972135e-04
1.827623850787617882e-03 4.757748197301799368e-04
1.112550786030072755e-03 5.656390990469481028e-04
2.232456624353191393e-03 4.997927067010304739e-04
1.461014442483759114e-03 5.337087054349328331e-04
1.604289364877355822e-03 4.652629790219498592e-04
1.278038126850833227e-03 4.754007969685591895e-04
1.533523536318491315e-03 5.643338825708991546e-04
1.818347124220040176e-03 5.150396833920354656e-04
1.738286274835207021e-03 4.876158205384371089e-04
1.716089869383613997e-03 5.341432574088269452e-04
1.435747580193608023e-03 4.469064747919370014e-04
1.378154610021510660e-03 5.119960049984837456e-04
1.431523732708390138e-03 4.861593745175517419e-04
2.217266526460280173e-03 4.800921402546065911e-04
1.926208321207495281e-03 5.053569576640343274e-04
1.416018710617883989e-03 4.805388567042799715e-04
1.808122329688806101e-03 4.745143940696160676e-04
1.285424339146827013e-03 5.135930467808658704e-04
2.219996429617991911e-03 5.055195462348368316e-04
1.550636947787029834e-03 5.061821039535691546e-04
1.509075385224685180e-03 4.583878670394664150e-04
1.542735150099134016e-03 5.056182577162552337e-04
1.590349045341222546e-03 5.661774629442199161e-04
1.271397633286825606e-03 5.496205496418413855e-04
1.752539589010266782e-03 5.559236668685699646e-04
1.869996530805007441e-03 5.051996598112876505e-04
1.287846423315467141e-03 5.011855258524393038e-04
1.326600962533737871e-03 5.211389509546455242e-04
1.709525041451878322e-03 5.056392164068676878e-04
1.415108223486323188e-03 4.873547165040677297e-04
1.664371969021210271e-03 5.116997051262911315e-04
1.722165029736848728e-03 4.741932717016888489e-04
1.488992824059100217e-03 5.053701689105825640e-04
1.640672012791566121e-03 4.896965862942895611e-04
1.829766632597985962e-03 4.839701317834335745e-04
1.448801033456134342e-03 4.539556085790077988e-04
1.805742229315733006e-03 5.329049525612796975e-04
1.545011423501186591e-03 5.760350525656862024e-04
1.592801793790184868e-03 4.831564919127133559e-04
1.733093739940748217e-03 5.113688172316386985e-04
1.546094163763782727e-03 4.361259492433201129e-04
1.538372643673001708e-03 4.959041086784157955e-04
1.488839552427404867e-03 5.040995854299678896e-04
1.603953635789878620e-03 5.077814231163963127e-04
1.223270632818994298e-03 5.103460000878506887e-04
1.531946012499773961e-03 5.044228861665501096e-04
1.693670858714635408e-03 4.095745635617501694e-04
1.597865121012133653e-03 5.218869904480070814e-04
1.243292929575558247e-03 5.259656234216296238e-04
1.657969764911009555e-03 4.758841449022525091e-04
1.214947444617119890e-03 5.288652939749796666e-04
1.374182553396082482e-03 5.330748076695870528e-04
1.860221720405632077e-03 5.068293374397610110e-04
1.769248240663458737e-03 5.224521467553435187e-04
1.568509942944610464e-03 5.093701482532424565e-04
1.603725054700800385e-03 5.454385169641619941e-04
1.429108006980548415e-03 4.787171406563143182e-04
1.500633173588482479e-03 5.030922758707154999e-04
1.568190990156350263e-03 5.186883446537051030e-04
1.223979603604904596e-03 4.993526059697771767e-04
1.882989729438396031e-03 5.204924799632869997e-04
1.775345480959785024e-03 4.850561908136314824e-04
1.808205018455055855e-03 4.753293341550774440e-04
1.333030908156198919e-03 5.248820143508890279e-04
1.281749933314654940e-03 5.308991125805494161e-04
1.831433616549729606e-03 4.762965120254145481e-04
1.404956531574223615e-03 5.002941748038822840e-04
1.620522474576513178e-03 4.716668800219568701e-04
1.510719295606878163e-03 5.124912151225476066e-04
1.897942824550196469e-03 5.434168468686573564e-04
1.617673795054230595e-03 5.297217500309990383e-04
1.356317814443347945e-03 4.557543671240076814e-04
1.519668367048084478e-03 5.339059354712523192e-04
1.217063538130236768e-03 4.729486478860598503e-04
1.254456961720431087e-03 4.887593358416057873e-04
1.887782937543356710e-03 5.516645446067196343e-04
1.622250446194777517e-03 5.087710577833180455e-04
1.982210929608585730e-03 4.907176180814034391e-04
1.859416566923757959e-03 5.739544686544110694e-04
1.276730734841809156e-03 5.150870411656455553e-04
1.198447178927696064e-03 4.796738539491209020e-04
1.445256557150361235e-03 4.495307025072611991e-04
1.785331969683427115e-03 4.774479683480192132e-04
1.412813563245096139e-03 4.859545392480306989e-04
1.543380453824641507e-03 5.049805874386991723e-04
1.690549874100057918e-03 5.082943273473032987e-04
1.355146614788913352e-03 4.968501516831217530e-04
1.555216055139049250e-03 5.354677551442554775e-04
1.254188171938757984e-03 4.939678140327751019e-04
1.641885865338045406e-03 4.590828834947363341e-04
