1.499038179635615907e-03 5.199469628189707900e-04
1.427484785909176410e-03 4.841423073552547055e-04
1.409720485032111420e-03 4.814360609984340766e-04
1.518805152263588048e-03 5.544456247668002333e-04
1.722828364384765666e-03 5.575339064836764549e-04
1.480240802953298324e-03 5.997824497503107628e-04
1.519362086985458779e-03 5.121482548994952047e-04
1.968880105413820143e-03 5.342788858202772743e-04
1.330118766268039397e-03 5.263325883808282323e-04
1.334226512287767100e-03 5.354526788668103774e-04
1.542570754068200729e-03 5.339049607268083050e-04
1.351975952404172506e-03 5.457824141324408782e-04
1.746602898010631661e-03 5.614350783004419705e-04
1.219407164442609529e-03 5.360226498373607193e-04
1.355966871435781724e-03 5.374795053278681950e-04
1.564690336541909232e-03 5.728026658331452064e-04
1.567672623017466382e-03 5.749331813287957482e-04
1.362175910919103576e-03 6.080924104162430555e-04
1.708271951023906682e-03 6.091217260558423044e-04
1.628255023110100532e-03 5.816317199426795708e-04
1.451449904026946239e-03 5.642820263102658581e-04
1.513199853845551349e-03 4.761881270831639268e-04
1.515560672775184302e-03 5.663069746570753528e-04
1.919112797354417680e-03 5.013477096351202748e-04
1.557935132338223805e-03 5.038846373528036880e-04
1.583722062211980223e-03 6.346962268993839619e-04
1.557512949823730780e-03 5.221219355405575229e-04
1.690858433428368878e-03 5.385052552980990623e-04
1.245809156445136859e-03 5.200182056894707937e-04
1.694664720706299784e-03 5.374208890736474273e-04
1.425316112421549973e-03 5.776336021145117095e-04
1.804657152297192962e-03 5.006841829392166647e-04
1.132601200846579826e-03 5.281096230335127154e-04
1.659611265245737773e-03 5.671946971925007032e-04
1.350336399392748632e-03 5.416975539842810300e-04
1.279526500547149316e-03 5.755467668511572493e-04
1.385536966566943166e-03 5.427149301971128260e-04
1.488883590604561874e-03 5.215907597075250231e-04
1.460772426883496372e-03 5.184637751849942517e-04
1.164553492446529330e-03 4.850646763589157090e-04
1.708249342651356733e-03 5.476553329075799486e-04
1.818043951063666062e-03 5.754871242832506435e-04
1.842216837160905738e-03 5.082692685528693907e-04
1.667901798858508269e-03 5.294705063415018056e-04
1.876392296956089440e-03 5.259480585164208076e-04
1.208391932227365680e-03 6.028176058045073196e-04
1.936605340101843270e-03 5.289162485920984470e-04
1.692558063371931223e-03 4.895037748673065686e-04
1.156751323996711754e-03 5.476508566628756226e-04
1.429162945308819384e-03 5.251799379743411766e-04
1.619713086899747219e-03 5.137239048911789157e-04
1.570745959561982517e-03 4.903711572476131221e-04
1.709867388294246697e-03 6.463985811575985669e-04
1.866660240182952107e-03 5.507168352063002018e-04
1.406798087052666410e-03 5.141526756487749174e-04
1.456009447948362944e-03 4.861366203923961696e-04
1.731345888037430936e-03 5.768659472355284860e-04
1.427357506333271509e-03 5.925337165770817567e-04
1.595129159073337436e-03 5.487166895155945598e-04
1.167765624877614358e-03 5.353452179050074110e-04
1.422481808858204987e-03 5.199606888246462773e-04
1.677460546353163424e-03 4.922977516514807960e-04
1.467236632449155130e-03 5.529524551761134899e-04
1.408078224184132737e-03 6.367102172550179792e-04
1.130145620304757147e-03 5.480994784903674708e-04
1.329104299484155796e-03 5.251588212136911946e-04
1.856854466026729156e-03 6.092196114024309985e-04
1.186997654986582081e-03 5.017628626390105689e-04
1.731484559895906912e-03 4.673381162227352426e-04
1.988112053026405961e-03 6.170077056072472560e-04
1.135495353350555450e-03 4.711883091143720002e-04
1.145978668066937245e-03 5.410979001775380196e-04
1.296046780609078596e-03 5.939034875451927034e-04
1.560931052919218047e-03 5.271149613848824782e-04
1.497592703639663309e-03 4.993133673347533623e-04
1.645030444445689253e-03 5.892465915520704329e-04
2.011856299064009902e-03 5.330256040592781970e-04
1.580580255545098586e-03 5.569076795405699049e-04
1.556733987339247068e-03 6.327389515238216345e-04
1.783982081255770921e-03 4.986468269822668959e-04
1.919812285656956330e-03 5.652454368281103862e-04
1.476097302080647388e-03 5.935047534154114538e-04
1.719841833222653365e-03 5.197571711108824391e-04
1.409765147370145057e-03 4.829511445918574942e-04
1.510691532258064433e-03 5.441005733944954568e-04
2.000328870269788093e-03 5.517084036402915845e-04
1.494160628051626350e-03 5.066168878969282792e-04
1.309031388189578569e-03 5.152912624565057168e-04
1.257918483329067754e-03 5.167708876070762182e-04
1.398421493737271940e-03 5.579836880099330564e-04
1.701233064974498350e-03 5.394184292169561983e-04
1.219459689352455972e-03 4.391791957982482653e-04
1.293548919025204946e-03 5.611588726422749246e-04
1.473870911418118665e-03 5.638795025441941788e-04
1.479512019270751762e-03 5.658963065866864624e-04
1.419439716304811026e-03 5.785904827549277502e-04
1.590743344906148929e-03 5.546028753502603350e-04
1.473836084869027457e-03 5.231124013661127108e-04
1.403045954954463496e-03 5.056021879167208822e-04
1.145704127881680716e-03 5.072249339169629910e-04
1.703307968938992016e-03 5.540725374955758967e-04
1.529052280415672815e-03 5.090640483270630987e-04
2.099351222259948462e-03 5.737521904942453422e-04
1.484110452998234483e-03 4.934954283847008041e-04
1.349315857059787526e-03 5.251632188250057905e-04
1.464426094253382235e-03 5.891432344500366217e-04
2.075145379458591312e-03 4.841073426813807270e-04
1.151197996413280949e-03 5.108462793029603386e-04
1.433813775688680099e-03 5.216254613793893996e-04
1.785000020552396502e-03 5.554534672149039412e-04
1.827058657133497684e-03 4.857939324924963483e-04
2.050225699006569778e-03 4.908751147806686855e-04
1.383803080714722956e-03 4.984753720357811566e-04
1.427179061611486954e-03 5.738998419126751030e-04
1.413818446069935175e-03 5.560994329120407453e-04
1.945728947439237825e-03 5.397491598967691772e-04
2.102777681387895878e-03 4.999442074810738759e-04
1.493223190746737969e-03 6.272837080097762048e-04
2.128462382346831949e-03 5.233669363943121771e-04
1.625379494176699274e-03 5.248434496739229783e-04
1.331874548798361391e-03 5.526120016867608255e-04
1.160755127684437319e-03 5.134205317628355884e-04
1.429668828595684511e-03 4.701719581958149785e-04
1.328537223349546183e-03 5.198803248379648117e-04
1.759119505360467193e-03 4.982677274584594021e-04
1.772929163435868483e-03 5.158384153684696712e-04
2.091209895394247585e-03 4.894732461795881428e-04
1.315613589429594091e-03 5.314176310511336144e-04
1.133310547450297988e-03 5.936406401320571584e-04
1.798924565506338944e-03 4.602920845540234003e-04
1.493718388629808455e-03 4.844654934532249542e-04
1.277844794360441343e-03 5.688919873235827795e-04
1.712135868151181848e-03 5.135548683030776015e-04
1.990918749314281137e-03 5.454920197051680133e-04
1.320076610369171326e-03 5.573587888571451734e-04
1.300387257402483730e-03 5.062126251797915326e-04
1.624039496409908270e-03 4.837518152031449348e-04
1.527165653552673167e-03 6.070675000090970403e-04
1.416760604269579667e-03 4.892646197738320787e-04
1.620640279780518863e-03 5.492919861801552617e-04
1.392314480983438156e-03 5.199388375480541941e-04
1.243387564700892262e-03 5.916987583259676522e-04
1.203469046992554576e-03 5.923703500832589808e-04
1.902717044797798450e-03 5.404189326428839035e-04
1.110387250816323012e-03 5.601356249623555376e-04
1.731532819260659349e-03 4.851456764035167249e-04
1.471743880967519387e-03 5.198840059640749082e-04
1.731211381119426461e-03 5.103190101459398244e-04
1.350198108849045382e-03 5.018935674501396119e-04
1.653613315163340912e-03 5.076581690992814765e-04
1.408894305407008656e-03 5.155902070656246446e-04
1.390848468192200371e-03 5.653142464180278305e-04
1.912457742583384976e-03 5.462670040622716978e-04
1.705900009434057913e-03 5.826023634182947962e-04
1.913667995417192005e-03 5.381676720707000757e-04
1.463673182776272386e-03 5.071503277558435645e-04
1.741087693509082079e-03 5.060656099654585547e-04
1.486068936511120500e-03 5.631099652697258090e-04
1.362887831894692581e-03 5.724479933531990842e-04
1.173399355417781027e-03 5.958627425647550820e-04
1.338877472065616234e-03 5.658013179413869760e-04
1.566769623764671182e-03 5.276866054514996749e-04
1.299200953677594932e-03 5.586656461619197251e-04
9.332574823085827741e-04 5.528016036661248002e-04
1.354181974382016570e-03 5.358732313782382621e-04
1.732416604217800003e-03 5.017676087336982909e-04
1.899191023635734155e-03 5.391696058402122406e-04
1.606994941746716027e-03 5.484641439837906283e-04
1.846048293371605961e-03 4.782749466522831418e-04
1.532236595889235062e-03 5.514815467976852967e-04
1.830167577795720289e-03 5.697940674759910352e-04
1.480316592612646639e-03 5.267552432843539871e-04
1.605600609336209307e-03 5.489272123453763606e-04
2.175694927379586904e-03 5.991931684746717481e-04
1.480299239488741363e-03 5.172533395200990631e-04
1.457540930436833923e-03 5.950767762793903164e-04
1.937093620115747138e-03 4.908762946559730228e-04
1.446079715581014002e-03 5.602296259805435294e-04
1.293997399447112829e-03 5.474131972173769357e-04
1.722223120317882116e-03 4.621571487107261201e-04
1.413866511480402688e-03 5.016050560672789859e-04
1.516092195112094801e-03 5.586115596843343415e-04
1.658732514923790674e-03 5.302223919423604097e-04
1.468072525993136803e-03 5.322710569030453861e-04
1.383772086280780390e-03 4.684377900820164541e-04
1.416672791149837813e-03 5.405680659322500622e-04
1.759061648601062313e-03 5.102124361798202491e-04
1.197831489202298575e-03 5.163539951054860709e-04
1.676292710216095152e-03 5.138161308299771159e-04
1.711016307029034674e-03 5.315449210388700687e-04
1.878490552546449154e-03 5.191404500863111776e-04
1.817518030376660343e-03 4.966132094703531964e-04
1.368558275544543750e-03 4.905100759560662976e-04
1.718657477070729446e-03 5.692202999460532938e-04
1.694608317679218009e-03 5.041133119229554991e-04
1.814819521240629719e-03 5.631161071331439432e-04
1.604886754693165196e-03 5.960683664853375736e-04
1.462680174019472716e-03 5.091197994901572798e-04
1.513163457684504323e-03 5.908744491305177376e-04
1.421949212962686157e-03 6.350205605591825427e-04
1.585084758525569021e-03 5.098965370822471912e-04
1.564275228208424767e-03 5.245464129060802873e-04
1.628482546875357172e-03 5.501901602761897700e-04
1.698216276971833494e-03 5.215048411614541836e-04
1.432278032817764935e-03 4.977210931452622422e-04
1.313678328315852351e-03 6.053329950543430513e-04
1.320511782886946150e-03 5.529041263483826067e-04
1.588392868862107581e-03 5.326246826888570395e-04
1.899820049102599571e-03 5.202373619697779356e-04
1.240650174279547867e-03 5.456094655160537241e-04
1.622809335345806259e-03 5.283851484579538604e-04
1.436825592836214445e-03 5.318095670959893662e-04
1.780989390872154705e-03 5.129860477540865984e-04
1.555191133008743164e-03 5.293778068564525653e-04
1.814108360683761110e-03 5.286241379122031412e-04
1.569968578556218269e-03 5.017704160147724510e-04
1.610882240260992854e-03 5.855959282549562514e-04
1.699919648512796238e-03 5.395851065570565590e-04
1.705291140853146476e-03 5.309601159386157215e-04
1.809537664912697118e-03 5.499729886381718967e-04
1.672811931903600904e-03 5.701275423018806188e-04
1.071900403741505269e-03 5.418113193951239626e-04
1.707905516693347843e-03 4.905753392500507249e-04
1.485970251567404147e-03 5.254674091901426550e-04
1.065341578310771481e-03 4.556697825788398560e-04
1.571620769842260387e-03 5.434754299876908218e-04
1.343698580630388545e-03 5.010619845889818704e-04
1.548787928821721829e-03 4.874011343890305480e-04
1.621674548522403312e-03 5.390910586286492504e-04
1.848454713747092054e-03 5.262099824075203809e-04
1.540703631873249074e-03 5.658291003990252544e-04
1.642429622913268864e-03 5.738601504891714016e-04
1.727225931980258360e-03 5.675442176082391666e-04
1.529129569756511450e-03 4.582820894939575065e-04
1.305179978944873143e-03 5.481344838367329742e-04
1.606364705126841997e-03 5.848020926662037466e-04
1.724646344147019077e-03 5.805175497328981041e-04
1.593329999758704742e-03 4.999077009811319283e-04
1.454594190919784999e-03 4.701229272407858985e-04
1.507965910310735862e-03 4.522667240476116847e-04
1.230477110271624083e-03 5.438579318678682644e-04
2.033521295464780186e-03 5.422630764518521955e-04
1.861758126846236889e-03 6.036111901968597721e-04
1.304713136308945131e-03 4.584219271586184694e-04
1.239811946498497368e-03 5.515890408758939312e-04
1.772666565476848071e-03 5.683724725386848703e-04
1.429007783743377422e-03 4.937271961238189110e-04
1.311183625264650005e-03 5.002443543943581013e-04
1.280402644212531122e-03 4.944436975481988992e-04
1.631432285624099610e-03 5.113796181697254344e-04
1.498007037552520106e-03 5.839564233174646905e-04
1.491585705534872412e-03 5.637083518959882644e-04
1.714276087184273944e-03 5.293232406002651349e-04
1.605344931265998429e-03 5.704146768745967273e-04
1.227542530872955924e-03 5.425300856234569445e-04
1.299329630263497751e-03 5.314848079068608053e-04
1.676078127990664624e-03 5.993078692704060769e-04
1.585098103063876723e-03 5.212958133899085571e-04
1.690061452744828037e-03 5.888961594308134888e-04
1.664495699415344211e-03 5.276508491692681645e-04
1.436952873952293368e-03 5.724254120654304924e-04
1.875619627593912413e-03 5.717028921591230496e-04
2.127179518942056303e-03 5.409787720159812095e-04
1.741656757985787047e-03 4.953037002913333832e-04
1.637967641364286055e-03 5.512373940801670391e-04
1.496105697000312462e-03 5.534948363163358148e-04
1.962675466465595413e-03 5.363993951272566637e-04
1.908609185669021303e-03 5.530419872835618629e-04
1.255234863912666702e-03 5.784028336005418887e-04
1.809331146655554197e-03 5.079794045117682483e-04
1.321467669961455885e-03 5.492541073914536907e-04
1.610045436839865115e-03 5.123429637303475274e-04
1.644204429514329940e-03 5.002515696092042644e-04
1.521643545219240889e-03 5.873805882483062709e-04
1.599925749046865638e-03 5.543655918714181100e-04
1.553309404136810935e-03 5.490485670546771998e-04
1.814842216696092815e-03 6.000764834688060651e-04
1.261992986489920325e-03 4.742994483051657969e-04
1.835602455504065653e-03 5.289446564102651691e-04
1.403561388572979350e-03 6.162391108358383166e-04
1.541113393620793933e-03 5.267267396747503079e-04
1.740298828308335264e-03 5.654187059892145035e-04
1.291659429604168768e-03 5.288534259774031179e-04
1.564797236600454222e-03 4.791998452147500543e-04
1.465987105205718028e-03 5.601139839196753309e-04
1.109221425221160661e-03 5.727194810224284487e-04
1.949608719536225334e-03 5.285749411608617809e-04
1.524452019778162106e-03 5.035057072367833631e-04
1.451962962926737480e-03 5.954958567440909577e-04
1.889230706231488643e-03 5.330846745802500248e-04
2.085603664390384398e-03 4.655710415744108706e-04
2.148412624621602856e-03 5.849706415279491223e-04
1.780654355834834692e-03 6.499136149407493731e-04
1.357468493261171621e-03 4.491589124757237894e-04
1.840315313401338004e-03 5.169888750051323872e-04
1.683416744848606917e-03 5.291156631105580323e-04
1.661241290973697543e-03 5.169335950827499146e-04
1.657216716177497065e-03 5.415518817679554515e-04
1.848522536780125352e-03 5.162427943501718842e-04
1.531949182149666558e-03 4.777690396460132645e-04
1.733246302297118463e-03 5.541796589127965253e-04
1.710693877147146259e-03 5.355061651655538060e-04
1.581363953645206332e-03 5.473897594663617748e-04
1.578118114369707380e-03 5.535069179105411375e-04
1.597414515922739118e-03 5.555864132741623451e-04
1.374277293315066166e-03 5.461607195943469616e-04
9.893938984534443246e-04 5.225099471869456245e-04
2.054717044097608986e-03 5.715028695447361192e-04
1.675705019293695103e-03 5.896387694145422461e-04
1.262869515504503248e-03 4.655422392860976595e-04
1.762766378654971990e-03 5.068688059878669961e-04
1.542641596432105938e-03 5.461329608137599967e-04
1.510952167196338240e-03 5.086283956040535403e-04
1.432015284825333048e-03 4.861938439469356090e-04
2.080140301407496038e-03 5.738652782207616506e-04
1.852082541714154557e-03 5.378367724147441230e-04
2.500708973188529687e-03 4.936589980765351653e-04
1.410402367504707492e-03 5.203947856609635655e-04
1.948960260589604164e-03 5.864916163053785500e-04
1.519976127558398879e-03 6.616535455351590413e-04
1.846423245967695895e-03 4.934855929540432834e-04
1.540306205122136257e-03 5.444869279204648084e-04
1.302586929463557443e-03 5.358219515986617585e-04
1.597047754964610019e-03 5.407883154074291784e-04
1.395737604646023764e-03 5.470957130962038773e-04
1.901314055457586742e-03 5.133679122574274015e-04
1.280023176757902510e-03 5.582856592536830555e-04
1.656324885674299993e-03 5.576851012638491239e-04
2.524824506644397174e-03 5.545663190605042972e-04
1.712735143984444762e-03 5.538484271678114452e-04
1.277764157263164540e-03 5.386372417046455694e-04
1.546446919223559181e-03 5.147352871480872063e-04
1.456129266405610696e-03 5.391091856084649766e-04
1.334036657315637933e-03 5.641190966116036700e-04
1.797664279455491549e-03 4.820303345013635023e-04
1.884633929293410594e-03 4.739976591453115562e-04
1.547775252275275255e-03 4.759889900837747283e-04
1.312941348083753205e-03 4.971317396593906424e-04
1.393984676509325577e-03 5.236446182638877615e-04
1.238234740152134626e-03 5.412840620737632879e-04
1.120511106085151113e-03 5.247755590953547596e-04
1.489522913967771325e-03 6.234411384316539129e-04
1.709788583830831616e-03 5.102622270685066175e-04
1.596492356547835013e-03 5.422375439394938081e-04
1.942340224779773869e-03 5.037417313976279417e-04
1.420506649521432931e-03 4.955750037995081776e-04
1.603703784195185294e-03 5.162846903887670889e-04
1.846731276310490440e-03 5.705535008350071579e-04
1.232213520366571679e-03 5.640152905320388156e-04
1.658445095346332537e-03 5.056115531575273731e-04
1.623785588161697499e-03 5.017253520908717150e-04
1.455536707892108976e-03 5.094600730967399150e-04
1.309061378039896298e-03 5.438978034849054543e-04
1.126669850233377040e-03 5.596198764281496959e-04
1.429997262004125986e-03 5.023055137322376138e-04
1.315293074723173760e-03 4.586634369031343268e-04
1.525569757233980438e-03 5.338429594731934711e-04
1.176342821732499029e-03 6.325945415729775393e-04
1.538971866907579882e-03 5.551044350118079914e-04
1.480643814075350987e-03 5.177030986844543799e-04
1.727112422926066178e-03 5.389070898381294848e-04
1.166664577564787645e-03 4.974402054831578678e-04
1.390024464729139840e-03 5.345132881426655673e-04
1.319042742838160646e-03 5.054159482837051933e-04
1.264005603767405983e-03 6.181155530886023970e-04
1.364781763861873734e-03 5.284383549872965005e-04
1.630120810521167854e-03 5.329884466697318822e-04
1.421441467230563768e-03 5.391622984531239081e-04
1.460061896679834461e-03 5.129423097398191434e-04
1.852095265468658557e-03 5.311596327169454748e-04
2.043059244934722091e-03 6.134156688667241272e-04
1.909477019158718801e-03 5.202930433222605067e-04
1.546726278004660528e-03 4.651210890055942166e-04
1.137513204617750196e-03 5.850921413180584394e-04
1.692372554842250416e-03 5.623902959716866809e-04
1.678193791364384095e-03 5.976582549426071077e-04
1.814419653888860217e-03 5.300908827132507894e-04
1.430093268354211368e-03 5.193388242545806527e-04
1.198622774613587565e-03 5.582669819078700871e-04
1.573477322574931819e-03 5.703871435333310530e-04
1.447356968273706777e-03 5.737759234884911913e-04
1.691447013636183981e-03 4.985588063532717714e-04
1.222401276485352321e-03 5.597485299058136679e-04
1.581096719079842262e-03 5.494637555432980991e-04
1.453936246184880715e-03 5.420282370167120922e-04
1.589578767967776739e-03 4.976195249777147630e-04
1.524435653295079041e-03 5.422077393198481343e-04
1.570645782298744518e-03 5.829476692114754065e-04
1.579960727400922093e-03 6.004206388167765505e-04
1.674073733997126631e-03 5.481198347247176385e-04
1.219495133921664467e-03 5.053242791296457502e-04
1.701088913346685948e-03 5.389157177989759104e-04
1.404784526854219824e-03 5.808445881226055856e-04
1.343999030082012420e-03 5.621963651427501788e-04
1.704900052928146970e-03 4.686515596196783387e-04
1.439022013627709725e-03 5.111801532779008646e-04
1.667553228036686326e-03 4.470472693129172947e-04
1.327390065218946686e-03 4.956873691044424036e-04
1.104053530269426047e-03 5.846865252957945524e-04
1.389137608018497670e-03 5.571791739467520620e-04
1.432461344473587783e-03 4.882569893579272982e-04
1.479408484863799266e-03 5.384926760217417395e-04
1.668852717904587739e-03 5.087890463137419552e-04
1.073918416091710010e-03 5.180145133883563673e-04
1.644635143017745193e-03 5.534321763546124146e-04
1.615625765212882516e-03 5.297108986598535315e-04
1.736997060915627684e-03 5.605994766102198818e-04
1.329898460534501090e-03 5.768863826341330157e-04
1.628645029351832342e-03 4.816857124512228887e-04
2.049654752549081357e-03 5.086048261139336198e-04
1.660279490301603969e-03 5.417502379490632533e-04
1.858180904320937436e-03 5.861711948661758442e-04
1.797900760874248651e-03 6.005603510052529492e-04
1.467343304168991502e-03 5.643463192292324246e-04
1.358196707818520041e-03 5.144968500836202786e-04
1.356852664459545299e-03 4.981014700301607690e-04
1.810796169169191609e-03 5.573404482148351744e-04
1.724592851845054833e-03 4.736979208831812080e-04
2.090308927364610807e-03 5.847587076978117034e-04
1.917208196967781818e-03 5.008059270562550047e-04
1.786836798216735311e-03 5.414540019589398701e-04
1.688551141751179095e-03 5.011905483935744652e-04
1.201944424404791838e-03 5.430619341503053511e-04
1.686448634442636778e-03 5.666616652636410380e-04
1.388036818832320786e-03 5.460737257779039230e-04
1.504748854713252844e-03 6.110666486284305416e-04
1.543213828761569447e-03 5.565811710174104138e-04
1.283672766390516395e-03 5.042866413964294066e-04
1.622352259685035060e-03 5.484738448755456693e-04
1.182041028875499642e-03 5.120114002683446609e-04
1.339587844343786667e-03 5.052798405900078360e-04
1.117296764704936787e-03 4.624312559361936433e-04
1.857451401677975801e-03 5.252419451726231866e-04
1.221777513992274803e-03 4.731501692548279619e-04
1.782701492914429576e-03 5.525502780462007149e-04
1.792038829334641030e-03 5.148422352102658165e-04
1.350311425688056725e-03 5.694598068234795786e-04
1.465181826575490207e-03 5.252737141711365460e-04
1.480174880649312054e-03 5.018153664391346433e-04
1.646652512873766861e-03 4.961629729063229662e-04
1.539139055946681881e-03 4.739383476501337527e-04
1.333468923639565852e-03 4.817863801192567613e-04
1.414728970948556010e-03 5.642645797219185584e-04
1.424255239263963382e-03 5.340757705507294091e-04
1.287353840830450166e-03 4.755569192812940165e-04
1.651585031926361630e-03 5.662217693144156643e-04
1.587023874748697645e-03 5.971982287230163944e-04
1.822597363590616184e-03 5.150496777617674530e-04
1.645697378606098514e-03 5.689476643500720110e-04
1.093406619425589272e-03 5.112322974240608850e-04
1.443245979499108026e-03 6.023261195110872577e-04
1.178697775195104757e-03 5.847310213035320815e-04
1.101659538030107938e-03 5.048768631026963240e-04
1.430908461071631228e-03 4.958403292925102476e-04
1.389526161089160326e-03 5.020141050028231224e-04
1.289951085817299132e-03 4.645859969963560764e-04
1.528882915968813889e-03 5.535523478802169446e-04
1.247558688141172691e-03 5.025355772785152723e-04
1.470587862873836164e-03 4.681708376442617991e-04
1.317531795692310258e-03 5.650711825863090256e-04
1.398322958480912714e-03 4.879721131985618890e-04
1.772405221395351822e-03 4.757899768843743449e-04
2.380239224462400629e-03 4.970540846885935149e-04
1.458059877488910357e-03 5.441368730142780250e-04
1.502281782779157091e-03 5.146686384492595240e-04
1.354041973021465539e-03 5.666584653967364970e-04
1.656157747365609185e-03 4.710343839409697323e-04
1.518253177158074676e-03 5.461007293380038289e-04
1.277990056318000726e-03 5.056552239940384150e-04
1.181278708560475500e-03 5.645541233585381086e-04
1.787364883879105160e-03 5.409468350757043811e-04
1.609257975086276701e-03 5.663057916249689388e-04
1.411662293191660996e-03 4.787973011152857447e-04
1.484573493567495350e-03 5.867505387445401139e-04
1.547578264772505111e-03 5.211349338687157849e-04
1.492043303255356996e-03 4.987402837667769071e-04
1.875037078804215511e-03 5.642832782588383389e-04
1.385075772669925589e-03 5.830775836748523615e-04
1.886090453969811601e-03 5.507878200929441394e-04
1.569731017196369970e-03 5.083598205223923295e-04
1.686918387695435576e-03 5.669726393415910675e-04
1.926957192618550859e-03 5.380051880975747708e-04
1.840402843601895251e-03 6.439101765316714758e-04
1.527501991691719097e-03 4.961735352390507069e-04
1.952898975339481709e-03 5.802537655905399411e-04
1.423271858129187542e-03 5.526606625376694320e-04
2.126209350774256428e-03 5.417901860345346755e-04
1.515379381533557427e-03 5.468018922617236786e-04
1.998032133863103608e-03 4.731387624559327092e-04
1.547894616728250463e-03 4.766884195844912973e-04
1.434163962752036531e-03 5.343974068846025485e-04
1.948234132580717098e-03 5.116016326684471281e-04
1.208098529101947699e-03 5.099094763361040374e-04
1.521749456886060210e-03 4.836099177545131978e-04
1.009506436217122395e-03 4.939114425257260053e-04
1.859145634064794141e-03 5.514691017840078324e-04
1.739537994193100876e-03 5.831218746987078087e-04
1.655763158252945453e-03 5.378629241652081814e-04
1.324943000379667953e-03 5.515514779374166990e-04
1.959482150442859363e-03 5.706056703478104260e-04
1.992925367300665569e-03 6.005545673097082131e-04
1.320314888807007326e-03 4.589067440421801085e-04
1.919549537777433907e-03 4.896773626098643297e-04
1.350424086478884626e-03 4.555429682002339856e-04
1.248491802213309897e-03 5.235223339331578248e-04
1.437044928805450905e-03 5.810619912301455024e-04
2.167945943503291669e-03 5.486587821845825570e-04
1.416452868495033388e-03 5.544721299666295535e-04
1.985438964169080906e-03 4.865261907888668931e-04
1.368154774361733271e-03 5.709727248737865319e-04
1.542561210314383115e-03 5.134641088651076182e-04
1.044521760080762947e-03 6.015355617858328527e-04
1.550458425107826112e-03 5.018457707317152154e-04
1.618983242410430108e-03 4.597335114846677010e-04
1.658583484410680120e-03 5.552754474049284659e-04
1.025602643826715055e-03 5.648542205997042443e-04
1.423227943626271521e-03 4.459403571232721194e-04
1.280885931133801192e-03 5.471669893205957950e-04
1.271322962334432921e-03 5.505625623277690846e-04
1.448500229596125450e-03 5.613309016757191908e-04
1.509158211094447938e-03 5.432547736132614094e-04
1.850511225444782630e-03 5.740520634451246138e-04
1.342503173568132839e-03 5.273014884918901524e-04
1.456979295917924886e-03 5.420758656933768365e-04
1.790533919318707066e-03 5.901074615482903435e-04
1.111570120790539989e-03 5.188584513097080006e-04
1.541912150844207234e-03 5.965552358125459460e-04
1.844429813592884547e-03 5.059681284500961319e-04
1.626135934243300683e-03 5.818848369236570735e-04
1.234320892118322913e-03 5.333897936141475957e-04
1.979178251494429722e-03 5.890482228716579800e-04
1.367679072627538649e-03 5.664996799247559679e-04
1.064523931280635452e-03 5.004739471795446263e-04
1.990029270547762075e-03 5.502662313445701213e-04
2.016497633932114609e-03 5.933675204091607780e-04
1.300165366494532033e-03 5.701295461768475124e-04
1.610159151199761374e-03 4.887382194927003369e-04
1.670447322267109517e-03 5.532583878408806619e-04
9.827450041559075353e-04 4.645169541984106565e-04
1.456571739525771604e-03 5.021609338215657315e-04
1.660767735052567050e-03 5.541876606497003494e-04
1.774676073252564159e-03 4.946535511939003727e-04
1.562110219125564066e-03 5.954436945865322498e-04
1.878151976602545140e-03 4.694806104934748760e-04
1.665105530446780958e-03 5.462683204408047858e-04
1.332353073925517930e-03 4.895102742867822728e-04
1.503424907809308578e-03 5.295902932103702934e-04
1.224200319371392771e-03 5.055526400464981562e-04
1.186968946845332442e-03 5.683734411126755218e-04
2.192376093649642515e-03 5.401134466788692912e-04
1.808115772167286821e-03 5.007357096716338321e-04
1.016740902933526911e-03 5.846536636286190454e-04
1.867523803704480628e-03 5.503711866566572729e-04
1.674977904055014464e-03 5.339193090387484714e-04
1.413839795323947393e-03 5.530613428835008715e-04
1.693922875524512747e-03 5.587970829125294726e-04
1.729215321515297551e-03 5.754598556983260603e-04
1.206932168173331351e-03 5.502676733283291908e-04
1.348450578267848705e-03 5.937942414752858666e-04
1.377921404881965245e-03 5.788369973434026334e-04
1.434247615442621818e-03 5.892292686587431803e-04
1.329064996684346843e-03 6.194990221056786419e-04
1.597840758711972049e-03 5.731075590684776020e-04
1.432081562521428288e-03 5.587416292499798902e-04
1.704658025365327631e-03 5.146360958163822370e-04
1.549814552910702952e-03 5.277308710684273669e-04
1.807990489824711161e-03 5.088197956153868136e-04
1.316335000024945398e-03 5.067689457817260452e-04
1.129603017685612163e-03 5.417604712241868041e-04
1.682738572407468458e-03 4.878959229270544051e-04
1.344563735064093586e-03 6.097415622103058864e-04
1.071304751708675694e-03 5.281243380445055152e-04
1.881017855895718684e-03 5.556440553085548227e-04
1.156138719504244726e-03 5.845455673648471693e-04
1.797594751113191624e-03 4.951962464604237318e-04
2.005962924241462032e-03 5.704061664152915677e-04
1.529384162681251018e-03 5.429946505670797934e-04
1.297611262277353428e-03 5.062598017527891649e-04
1.485184126789002978e-03 5.152919472023801935e-04
1.483786347674819449e-03 4.792468821997992816e-04
1.846073629036085531e-03 5.219254274920451415e-04
1.471042372759325239e-03 5.283948156924089725e-04
1.368308803552507891e-03 4.953574508586026026e-04
1.587552409949084115e-03 5.018119756435277835e-04
1.523413699616425710e-03 5.417813257329042679e-04
1.670417760058785219e-03 6.081481531288305577e-04
1.994105945237672779e-03 5.443218026183611587e-04
1.281156799692707328e-03 5.073643905107356761e-04
1.318179630231200179e-03 5.187658987872060352e-04
1.657479271432379508e-03 5.237867327751075629e-04
1.802755483909534258e-03 5.167831157604422902e-04
1.272435670753233267e-03 5.072932482669974784e-04
1.428446634363660659e-03 5.209755850745827676e-04
1.310422304005641730e-03 5.822443601465566651e-04
1.423952398235558492e-03 5.847180993441046873e-04
2.007623383410034670e-03 5.571528784613542177e-04
1.451495233410371238e-03 5.663879306146447088e-04
1.834499790264336027e-03 4.790236237539081412e-04
1.326150633319462526e-03 5.457677378008087910e-04
1.545445628195409645e-03 5.406861971236198022e-04
1.668179298285678812e-03 5.122127437965016657e-04
1.456064079739631967e-03 5.516542548855868670e-04
1.466152368407597044e-03 5.279832380761251016e-04
1.770956226773650818e-03 5.007771100388412047e-04
1.149879364010190832e-03 5.608423143735741375e-04
1.957391204317010525e-03 5.638338917258726339e-04
1.505072673568766178e-03 4.992953341978867811e-04
1.463459341035871055e-03 5.307420107049648636e-04
1.649179156652410844e-03 4.783363498113652541e-04
1.214665231474297384e-03 5.392985092903361533e-04
1.650948307402353094e-03 5.426778413763100762e-04
1.402482919261093496e-03 5.253136897498326789e-04
1.060690963815023652e-03 5.824586443915278754e-04
1.289808729908947012e-03 5.586912501518616217e-04
1.415442415686114048e-03 4.487519227736300230e-04
1.317997971074860285e-03 5.312002267547410788e-04
1.801028948262398816e-03 4.608404159137423697e-04
1.643483301197461990e-03 5.601763630021388846e-04
1.199097569609055116e-03 5.554299993545486289e-04
1.383077074504158836e-03 5.704212096874002481e-04
1.483142992903622179e-03 5.930039465958773532e-04
1.403321220666319761e-03 5.080359944888778552e-04
1.206934077409563787e-03 5.421798674381361326e-04
1.414103839907088862e-03 5.443011752171218092e-04
1.660156997290101067e-03 5.562703914517308241e-04
1.359296151450339321e-03 5.447622316633403796e-04
1.773922147364869698e-03 5.511583599192582941e-04
2.347320116446895925e-03 5.429780646261686246e-04
1.378678695225759709e-03 4.709619572020831051e-04
1.133475725948517986e-03 5.582335563623179713e-04
1.507233445641139626e-03 5.192324871481747775e-04
1.705387376613078012e-03 5.615286734981069427e-04
1.588384090165410054e-03 4.937166065851030568e-04
1.742655393884637652e-03 5.654421514217140192e-04
1.980128977513516148e-03 5.379815386290092176e-04
1.715365673156087241e-03 5.674189647642423253e-04
1.421357122670177881e-03 4.521013610279588850e-04
1.407906237425989460e-03 5.172713387918927890e-04
1.501195880633578953e-03 5.841287509048521346e-04
1.406640495771859347e-03 6.032903146124393235e-04
1.604650659111138715e-03 5.239388792680375537e-04
1.528846900955495476e-03 5.373899677664938828e-04
1.288797503047556248e-03 5.325223062091872465e-04
1.345117248093852811e-03 5.028505043994448446e-04
2.015091094522308921e-03 4.902057237673384475e-04
1.351040625675361748e-03 5.417239993939076135e-04
1.750566166346745030e-03 5.740272420340478176e-04
1.421178226592450036e-03 5.221981009512018015e-04
1.559380863333006831e-03 5.188007411324510165e-04
1.722118135099226207e-03 5.441951868712363973e-04
1.452331105372341776e-03 5.277122522994130835e-04
1.700260571147559898e-03 5.523555348911622122e-04
1.475198141114420543e-03 5.191281421727441661e-04
1.989287393654462933e-03 5.434610530281228742e-04
1.685748739400460064e-03 5.459708595836159891e-04
1.412933840995935332e-03 5.775891029792089163e-04
1.636367632284753317e-03 5.417773274265202639e-04
1.782879655156940002e-03 5.155288938709200056e-04
1.522578603619213116e-03 4.975556492319484778e-04
1.984341602565772161e-03 5.731179662269309796e-04
2.087557303615271680e-03 5.375434177949910131e-04
1.494069500132702176e-03 6.016423781161574138e-04
1.915875354605088175e-03 5.267332335574371029e-04
1.419589614994557847e-03 5.561937253825747184e-04
1.374464741582462476e-03 5.207752379845669629e-04
1.501766044592232766e-03 5.217760713843378395e-04
1.634569197554495545e-03 5.787681890433610558e-04
1.837664422748519055e-03 5.064400587195234211e-04
1.453445887603578568e-03 5.034179106533167875e-04
1.383442869868870646e-03 4.607367442833907797e-04
1.408999689257388983e-03 4.769165924817972651e-04
1.251725574205068232e-03 5.086633437512131685e-04
1.445917673028284268e-03 5.126916569927400654e-04
1.805969044116813435e-03 5.001031956059816133e-04
1.484233497397437207e-03 6.083251007569380042e-04
1.172023915134020114e-03 4.734310728753800073e-04
1.493567976024727300e-03 5.549317819948762325e-04
1.582797596282816029e-03 5.526371674271343595e-04
1.585298587454776623e-03 5.054392464154568295e-04
1.332374373544623070e-03 5.867161230243563659e-04
1.840487313197885838e-03 6.153240011932611941e-04
1.772220665379589883e-03 5.617387015685116128e-04
1.797228887682864604e-03 5.373434531589032191e-04
1.402635713145196708e-03 5.476563136639048431e-04
1.790323145952232419e-03 5.914193097883950609e-04
1.496326983391618000e-03 5.498232767860253712e-04
1.169782357840237763e-03 5.140725486317863436e-04
1.294450305234285704e-03 5.002416353520333647e-04
1.268954074125111303e-03 4.778507853574974463e-04
1.914797279493675366e-03 4.922564912230382094e-04
1.164366433676346365e-03 5.443470399195917591e-04
1.805754859130495821e-03 6.188071090497911965e-04
1.313105952536768387e-03 5.762992613712760283e-04
1.505389897200949158e-03 5.630581952187204905e-04
2.061216268936390782e-03 6.049808787200194621e-04
1.408808907254576479e-03 5.591511541419667960e-04
1.553788516299923995e-03 5.033050283734772940e-04
1.174348672442092215e-03 4.458656851274629966e-04
1.649224625439573528e-03 5.676386348769086156e-04
1.162950313919299244e-03 5.217556758340197642e-04
1.683059820148508556e-03 5.196705249050999256e-04
1.606887106454733035e-03 5.980617926248335981e-04
1.556857936306319402e-03 4.936220432618485150e-04
1.498118501899335349e-03 5.417786381172840860e-04
1.210566280335339953e-03 4.767805051877225999e-04
1.659348279184954828e-03 5.407506515944510280e-04
1.477845895360787015e-03 5.502715689456512968e-04
1.501708474352270607e-03 5.562290330476670234e-04
1.623368993709332518e-03 5.212494850395016149e-04
1.530402716939716946e-03 5.496521791342933111e-04
1.396953372240755838e-03 5.567237353713886359e-04
1.169696861027089705e-03 5.092761609592217752e-04
1.690427053270573271e-03 5.323356242617389728e-04
1.870586190799631557e-03 5.921584684572371582e-04
1.361299607674728955e-03 5.402778679807017760e-04
1.801608651900727959e-03 5.041286553001649972e-04
1.374863587279132699e-03 5.608620476797065079e-04
1.705114381631118179e-03 5.259480432174204597e-04
1.446083772071551574e-03 5.955461480095813366e-04
1.565091833356643033e-03 4.937889492103012846e-04
1.284708194136122833e-03 6.029600082437690982e-04
1.347571293189497085e-03 4.941450585522297757e-04
1.375275315686314351e-03 5.625113342228368202e-04
1.735060166932532108e-03 5.470418271641923477e-04
1.685039558217587543e-03 4.918793089543259606e-04
1.794741409896457576e-03 5.515749669624597437e-04
1.372519499135530646e-03 5.036938690529183232e-04
1.767539712416919991e-03 4.906554880085947949e-04
2.013346196820241588e-03 6.060603218428754378e-04
2.434464829553486132e-03 5.249900055048165731e-04
1.598708478602408039e-03 6.322809760224284981e-04
1.339332437502912089e-03 5.223654328867922796e-04
1.830580715565116763e-03 5.650847488261949393e-04
1.655240491735577267e-03 5.291706792123063293e-04
1.469382673462674713e-03 4.954725028647637749e-04
1.569189336315881958e-03 5.764907736584951557e-04
1.351417306813227324e-03 5.491748749540009992e-04
2.009961472765714376e-03 5.372265187909337379e-04
1.581364938657881490e-03 6.413535925125411980e-04
2.234521439902184721e-03 5.411619385791430811e-04
1.587697149902910290e-03 4.975767790414914807e-04
1.391628171331851706e-03 4.669297426180563375e-04
1.541850967126575647e-03 5.720170202604626551e-04
1.747351456604373738e-03 5.543185569859730103e-04
1.798735920658340887e-03 5.703713074740517173e-04
1.552323236831139536e-03 5.270253281713663598e-04
1.607431014738977494e-03 5.991065919395545218e-04
1.656576951577914654e-03 5.619778512207662538e-04
1.517451760812200305e-03 5.460734928868213106e-04
1.353901385792552437e-03 5.063519566515594468e-04
1.595140741619057063e-03 6.852009714281514195e-04
1.694788918492806142e-03 5.048192532465107770e-04
1.452383008223170641e-03 5.694344014659438865e-04
1.235163303647970109e-03 6.045408337369285448e-04
1.590193708177124526e-03 5.403029096578233423e-04
1.216183362798474443e-03 4.981488442678543190e-04
1.791806834075418929e-03 4.439820160843034233e-04
1.578176007605900212e-03 5.822303420947221118e-04
1.633800493845237196e-03 5.846880596849200751e-04
1.641681845527785243e-03 5.407721942943649043e-04
1.761042401708097765e-03 6.192426736564940774e-04
1.383688613254541438e-03 4.558510715773424248e-04
1.602553294481829163e-03 6.359827562253335441e-04
1.984530097277352814e-03 5.618037380371338364e-04
1.567666775730630667e-03 5.476709662122103851e-04
1.201043705781937830e-03 5.486485567794447023e-04
1.562508194226355914e-03 4.747570543615539087e-04
1.322726446789571682e-03 4.990547466161756457e-04
1.349970058987099960e-03 5.370413948363583073e-04
1.678009679487179251e-03 5.192036111111111331e-04
1.787777522940026944e-03 5.534720774473644422e-04
1.264460877869580217e-03 5.279628734692336667e-04
1.596700033029044069e-03 5.268628715423122897e-04
1.813836417851692360e-03 5.989298517378200282e-04
1.221509065602626376e-03 4.762664358163920726e-04
1.208238779002851959e-03 6.068931001728723349e-04
1.710943397089402301e-03 5.862255450671629599e-04
1.728321759259258874e-03 5.192312430011197582e-04
1.618918488318350606e-03 5.539465343860878284e-04
1.356591356882877724e-03 5.273916927813158137e-04
1.917222482899059825e-03 5.572786212699206267e-04
1.322439604633589413e-03 5.668803311733711364e-04
1.401769605387206052e-03 4.715318732153047743e-04
1.663296780801224546e-03 5.444287026204343944e-04
1.687412510363095431e-03 5.101537440604254209e-04
1.455512994793799154e-03 5.283103567758245297e-04
1.202507229990833681e-03 5.283698504981603926e-04
1.180524027637297468e-03 5.081207615464447547e-04
1.633167713978678518e-03 5.541976437861761496e-04
1.403984595990980574e-03 5.164386863762503556e-04
1.666375151165088147e-03 5.347794936478967405e-04
1.397016068591948584e-03 5.584953679269824989e-04
1.419807957225879868e-03 5.299910085594048683e-04
1.693971901077340842e-03 5.485603666305770461e-04
1.794443515868885319e-03 4.530572591484565283e-04
1.874335415516995788e-03 4.462593018624654820e-04
1.969218434553533792e-03 5.792525741981821010e-04
1.172332618010460620e-03 4.966085767229892972e-04
1.397567359027914336e-03 5.126306250670893726e-04
1.373824174671601020e-03 5.007312895790263672e-04
1.483484204602683511e-03 5.492161114928141618e-04
1.441095142653787530e-03 5.186004188844061400e-04
1.347765356265911854e-03 5.427611972196096785e-04
1.346294538142018410e-03 5.123181742626479280e-04
1.473688561161805950e-03 6.273310994088657569e-04
1.773342861145790978e-03 5.506420203520754437e-04
1.350404661433734967e-03 4.979981231573111025e-04
1.478468417711963686e-03 5.257980423870903209e-04
1.696598298316396658e-03 4.806840321170854609e-04
1.295514291898627662e-03 5.839297895229537006e-04
1.690864345693632829e-03 5.420722016523731816e-04
1.365393357205135815e-03 5.762310985186019875e-04
1.496850792702067922e-03 4.838136470810850418e-04
1.453788981346845494e-03 5.468483145971975287e-04
1.486138217157986817e-03 5.051461999130117545e-04
1.378467066971265963e-03 5.293897356917917846e-04
1.682988290629823004e-03 5.166614832939250270e-04
1.239867820225332498e-03 4.709075911692703386e-04
2.047652001649312263e-03 5.444182594219530670e-04
1.758881962966180870e-03 5.152595648921664715e-04
1.296284611701012087e-03 5.217709778931316645e-04
1.310696321561630922e-03 5.168098426152139494e-04
1.985376054880859907e-03 5.083290778076088442e-04
1.688669311745763599e-03 5.361684473314446255e-04
1.595737345323493175e-03 5.207018816163885497e-04
1.262066996070730293e-03 5.682325322464409348e-04
1.985642025805390513e-03 5.114338547254327315e-04
1.238512964795340397e-03 5.214724550366270145e-04
1.567909343361966390e-03 4.853776842197552875e-04
1.506123774206272930e-03 6.345765171792620667e-04
1.515245990963271861e-03 5.983446817441220953e-04
1.575425119332614842e-03 5.206350559039639447e-04
1.430585756674974474e-03 4.588680755486586088e-04
1.457301735768348414e-03 5.334297402241818409e-04
1.424321367493375234e-03 5.661347245983163910e-04
1.644661455975633506e-03 5.871088448187678161e-04
1.724452084051929278e-03 4.850224572460145895e-04
1.274276924306751331e-03 5.185110649046187174e-04
1.407874627412304333e-03 5.156677042354243512e-04
1.710302825493064446e-03 5.622922267796829666e-04
1.182259118458712848e-03 5.145232984658120899e-04
1.729997939102592827e-03 5.754951714495259952e-04
1.209068499869645017e-03 4.941877814535998448e-04
1.406120721360881688e-03 5.148301322804224849e-04
1.234937398271593193e-03 4.543566684412187699e-04
1.493405138355850164e-03 4.851515893634382242e-04
1.410002796348223736e-03 5.407453419211405172e-04
1.435929410652535916e-03 6.038922842437078600e-04
1.657466667351720560e-03 4.474007292712008066e-04
1.664864488309013941e-03 5.158538863605922724e-04
1.185032098643868173e-03 5.351028637393636430e-04
1.388721094414347747e-03 5.419685998071601968e-04
1.508402979045307332e-03 5.296589101718267040e-04
1.336176230502645083e-03 5.049027387788276085e-04
1.326495697569426936e-03 5.516157272686316934e-04
1.408771102811844393e-03 5.678179891392332772e-04
1.352817474818639567e-03 5.882587996368385469e-04
1.852498486252979453e-03 5.469373791780791786e-04
1.422443980975821856e-03 6.056413954698332833e-04
1.188145742826337376e-03 4.862061316851519184e-04
1.610593463385659929e-03 5.113891961153718864e-04
1.713498134763900274e-03 5.376507742459979118e-04
1.155758877529423261e-03 5.246209172147047427e-04
1.459170210451751380e-03 5.247261384777284062e-04
1.294310971705178248e-03 5.208150737674995890e-04
1.350386651330120124e-03 5.910700200848480277e-04
1.344378889568280389e-03 6.673795220901629398e-04
1.385190649936373286e-03 4.764238805814760254e-04
1.302424798407354929e-03 5.272642829727576920e-04
1.567533129019909851e-03 5.535524665130625707e-04
1.411600619682875594e-03 5.633732430000962157e-04
1.483666547716621211e-03 5.310519666312776745e-04
1.383293895057353820e-03 5.620867582330299093e-04
1.468536173583074233e-03 5.128336919847562535e-04
1.328525887103330352e-03 4.850906614648854481e-04
1.480850004786216263e-03 5.673308446796206323e-04
1.311400953491581589e-03 5.302087770189346577e-04
2.009825242368560791e-03 5.326223107281305739e-04
1.410230438557492569e-03 5.437070517890448852e-04
1.383230128110606375e-03 5.542822991498572464e-04
1.347979576352184312e-03 5.186404780890628129e-04
1.195478241083871218e-03 4.885230071551484744e-04
2.155396603651944798e-03 5.757894050217914408e-04
1.167960857041491817e-03 5.474803724719461183e-04
1.160761871920824124e-03 5.682660997523073226e-04
1.448758931871409975e-03 5.054661409687341784e-04
1.057174168301318979e-03 5.305960461150171191e-04
1.248745929825137565e-03 5.241057833358499316e-04
2.061708279087572700e-03 4.713163935123328521e-04
1.897209554800332590e-03 5.300336829514834102e-04
1.331874775036003076e-03 5.583458542047172899e-04
1.486023948482832801e-03 5.666218787078453186e-04
1.269911538999039064e-03 5.178056978775439278e-04
1.622539511671654364e-03 5.207626446503769426e-04
1.527099497471316823e-03 5.745992220242444404e-04
1.608694005726411889e-03 5.409746793444891386e-04
1.302858461466438467e-03 5.216289723136974385e-04
1.535216390752159850e-03 4.878619391310864517e-04
1.434542583777352219e-03 5.229521920447333366e-04
1.792564404158174555e-03 4.664649810618946304e-04
1.457906105037882821e-03 5.387227623916458503e-04
1.383198456958135807e-03 6.026468621062826053e-04
1.561568088992222820e-03 5.355412864633023531e-04
1.366168190742550080e-03 5.042465798708232029e-04
2.386285386064371152e-03 5.255546962121972849e-04
2.026510600446180220e-03 5.435531804331816385e-04
1.351906903757648737e-03 5.708401464770061729e-04
1.558193783368543462e-03 5.409378185272655133e-04
1.686816618078483846e-03 5.063296973605243851e-04
1.688659334862090220e-03 5.428174643218257973e-04
1.631198421490171694e-03 4.893172171712351689e-04
1.405792316560102893e-03 5.295615060969810625e-04
1.215901082915002256e-03 6.153574144555729129e-04
1.801205635608915927e-03 5.283744937042575635e-04
1.345597062239519770e-03 4.984854525385052672e-04
1.498567597801021053e-03 4.611820756697690383e-04
1.288627096936765994e-03 5.142509209773270121e-04
1.425867370360656573e-03 4.704692405156960617e-04
1.415081374929958282e-03 5.514137551216523282e-04
1.336026033294381498e-03 5.351899389805824577e-04
1.548908141358084842e-03 5.863631497238289397e-04
1.592991488578145154e-03 5.363759574032696872e-04
9.926196339089521630e-04 4.909331990668132015e-04
1.781565161606913543e-03 5.429062041510810321e-04
1.536259685328035095e-03 5.645569684483068120e-04
1.337104982790846301e-03 5.012630384605355933e-04
1.518075414104628649e-03 5.647982046652031156e-04
1.379211275507743117e-03 4.845250182802721258e-04
1.507435654640161202e-03 5.957409024409752313e-04
1.498606150558561912e-03 5.369323769542929227e-04
1.249809568585063526e-03 5.365179764012622783e-04
1.831637797587371691e-03 4.891536777935191023e-04
1.498978359588766735e-03 6.269779329878838068e-04
1.631682119735362651e-03 5.875480236551982628e-04
1.149679366170375944e-03 5.207439022818075892e-04
2.193766100676383668e-03 5.271787568555679100e-04
1.909898884920504213e-03 4.932934368823288247e-04
1.437990324700070752e-03 5.928893045253398218e-04
1.234678766854224556e-03 5.482600015791255690e-04
1.513257085744704796e-03 5.427534459763292025e-04
1.122904434313432964e-03 5.658008772561262320e-04
1.559135671739891697e-03 5.280165371118650426e-04
2.090336956977306357e-03 5.119405370691383021e-04
1.687818859345917993e-03 5.369469777689974462e-04
1.134475906149580307e-03 6.152935852922807253e-04
1.948423654665423993e-03 5.334681883713273754e-04
1.620991045080378461e-03 5.127185195062316592e-04
1.267925138363288099e-03 5.121764723987454844e-04
1.541015549721214475e-03 4.705781948865173309e-04
1.612896956271258741e-03 5.595126293008876239e-04
1.285418528276195986e-03 5.308088818507116120e-04
1.288065633104309559e-03 5.280537498912864442e-04
2.147196565896333786e-03 5.013104911490969071e-04
1.660789407127434385e-03 5.650477168501906976e-04
2.234363631774586266e-03 4.845190956674616241e-04
1.598618357649271961e-03 6.239871921759227455e-04
1.804454970711654761e-03 5.247275643888584624e-04
1.488679828058429031e-03 5.397782862771810866e-04
1.718827312179131966e-03 5.761649384154552550e-04
1.263495561731947311e-03 5.173875994537900039e-04
1.404192637368947404e-03 5.170510191684679537e-04
1.752064641380658011e-03 5.357620201472866822e-04
1.614696949128794756e-03 5.483830838375322375e-04
1.276324616049726328e-03 5.181654041081933159e-04
1.359516907630068609e-03 5.141697339352896889e-04
1.834589447333736644e-03 5.037321576697259161e-04
1.934068713450291625e-03 5.383365451388887188e-04
1.512577388550479527e-03 4.621753652998645211e-04
1.594924516120937823e-03 5.794165199503906009e-04
1.280839750617349072e-03 5.362943007683351358e-04
1.766206517952049289e-03 5.020567392788760370e-04
1.578399751472864048e-03 6.662099938668307030e-04
2.077006947438960350e-03 5.257963566608627685e-04
1.331835086479787487e-03 4.652883829261111296e-04
1.577245587672600809e-03 5.133451616063563474e-04
1.102567524990390830e-03 5.375929385104363974e-04
1.492904597321052622e-03 5.638315374800059124e-04
1.794717966628681322e-03 4.740077182177549939e-04
1.447980767818759281e-03 5.743796081377617983e-04
1.525206689293134377e-03 4.861533733981435331e-04
1.546627527891108285e-03 4.946541085045313936e-04
1.590388234955765218e-03 5.390233893846696012e-04
1.658015488829928455e-03 5.260373089722253327e-04
1.872104971166203098e-03 6.122658843719755743e-04
1.473890910737999174e-03 5.095365800002796784e-04
1.982859640607820707e-03 5.124265277330421241e-04
1.743931619254862229e-03 5.440592239154972039e-04
1.396012526769888854e-03 5.699790849862593212e-04
1.380274324928297720e-03 5.083484827698173331e-04
1.442429106558860323e-03 5.190481895146491264e-04
1.659776904120423887e-03 4.812147084094855229e-04
1.426916644491054570e-03 5.772857105251124601e-04
1.672262812732663818e-03 5.508817268114614115e-04
1.598212280544212974e-03 4.528081763151083658e-04
1.647291581152503454e-03 5.447434147629054294e-04
1.517884581770101871e-03 5.672261415287349054e-04
1.850212982889545745e-03 5.774083522589157878e-04
1.607598286602203138e-03 5.864342542188153134e-04
1.257139208574266148e-03 5.753050733428580676e-04
1.196443387727887065e-03 4.846158694801702433e-04
