1.101430340426655212e-03 5.682773477276550000e-04
1.430313147813528892e-03 5.017103194551664680e-04
1.172612321108901798e-03 4.701941674691635957e-04
1.322551448105499473e-03 5.549102533006186914e-04
1.251492045608882655e-03 4.814083098435168470e-04
1.186418549863567070e-03 5.538634301455117991e-04
1.143423504129881252e-03 5.209397774745330983e-04
1.232067729567812514e-03 5.300841316395352122e-04
1.426163393156956467e-03 4.567208338182496665e-04
1.222708482976907684e-03 4.878873343913190503e-04
1.252507383546178467e-03 5.185649054192195294e-04
1.255479253084738163e-03 5.384096674520523962e-04
1.245955490070332385e-03 4.923265371146949131e-04
1.279702462313999983e-03 5.295230331601000510e-04
1.570674572138650461e-03 5.195806058529960905e-04
1.351419039762341394e-03 5.576196643670220917e-04
1.303771362737058282e-03 5.014996121277092832e-04
1.298559443170716182e-03 5.115854679272103817e-04
1.005859010424135737e-03 5.052876923615706251e-04
1.390620069326867995e-03 5.201617267202619799e-04
1.119218988294180166e-03 5.596616996744919895e-04
1.444086316039036762e-03 5.981260172564896796e-04
1.059368223364756797e-03 5.185938362350316598e-04
1.491034320458678930e-03 4.573309806368486751e-04
1.247972025012095013e-03 4.943665749697071432e-04
1.064251823852982578e-03 4.834720094350263096e-04
1.249088937276515276e-03 5.082297718121668193e-04
1.352781562554626095e-03 5.574581318517145929e-04
1.417745563979397024e-03 4.561238656437055982e-04
1.210849745995253154e-03 5.301535343377682639e-04
1.267306833845529244e-03 4.262570423617708108e-04
1.386928394650491269e-03 4.387356531479960761e-04
1.368008092913970122e-03 4.930363487946357254e-04
1.354909159641209818e-03 4.446863196043963516e-04
1.316161604784049600e-03 5.207798141891943318e-04
1.364537216163610968e-03 4.588640695076879792e-04
1.410918760914618578e-03 4.995792540892591768e-04
1.296347614376954036e-03 5.580598424223813829e-04
1.433494249093037864e-03 5.519435495854150978e-04
1.180807123680322358e-03 4.917750846347684456e-04
9.574566470465317811e-04 5.141553781376611296e-04
1.236595177445511465e-03 5.379341408642371617e-04
1.187001252060047776e-03 5.823028319105140373e-04
1.060369093984113702e-03 5.214796393358897162e-04
9.532027365021706646e-04 5.517894401782623415e-04
1.273689792664224347e-03 5.006756634851959424e-04
1.277159326430758442e-03 5.418101309508159373e-04
1.108773868501489223e-03 5.117890930157715330e-04
1.262056175691275229e-03 4.856945679019113713e-04
1.222245971604636432e-03 4.529055353271955781e-04
1.157131731519778824e-03 4.817222246051517721e-04
1.607255456265115241e-03 5.746367003965710410e-04
1.458075839297986445e-03 5.508372021608849136e-04
1.364260787326704652e-03 4.700534346291505481e-04
1.195932057068805655e-03 5.344462397611131430e-04
1.031030266723480162e-03 5.278929167455331849e-04
1.177821080420011482e-03 5.381330591290422582e-04
1.367322403278841553e-03 5.970895676145885527e-04
1.250824831200530269e-03 4.945968728245794636e-04
1.264817629309531030e-03 5.230858663915973102e-04
1.296570415633884876e-03 5.171472917502709966e-04
1.375361414463741397e-03 4.878581767519666094e-04
1.037323765357044819e-03 4.361618234462901725e-04
1.157540612967520146e-03 6.120610859401977820e-04
1.426408293862726573e-03 5.064322791517189039e-04
1.224586343882240989e-03 5.122142765090638948e-04
1.308541872686594517e-03 4.784259894517403633e-04
1.092841242009229275e-03 5.207084319700598088e-04
1.290303379364572331e-03 5.008473536852646804e-04
9.664427362683828239e-04 4.948827086309625940e-04
1.150957574008573073e-03 4.558526876026048713e-04
1.418993709111976507e-03 5.376338327422695981e-04
1.390123138311693965e-03 4.868869514504515334e-04
1.312453818726038238e-03 4.946691397486821257e-04
1.238081592782384411e-03 4.955632540728877001e-04
1.197399133054575853e-03 4.806877849728321650e-04
1.205462502721753142e-03 5.233580429987789344e-04
1.223055302804045745e-03 5.263744482119799267e-04
1.216287546189499585e-03 5.266744413507902034e-04
1.268765057701327480e-03 5.575015181600610423e-04
1.123697416881673603e-03 4.630872151620959781e-04
1.338978941979089565e-03 5.644333167875482688e-04
1.204850151447636698e-03 5.488539713778869521e-04
1.239019095621969819e-03 5.220896069203573905e-04
1.578457825096049550e-03 6.058554943665763002e-04
1.180751584786193277e-03 4.994404697252885885e-04
1.235823694213476461e-03 4.865947013345340373e-04
1.231161662920004195e-03 4.797149426512035226e-04
1.221426527790275308e-03 5.002357262686218725e-04
1.323647035251207830e-03 4.937668356017700438e-04
1.119363237736581244e-03 4.747287356946547181e-04
1.127684282070912309e-03 4.861901955474138789e-04
1.416720912748226178e-03 4.377807781726563850e-04
1.164636151931168961e-03 5.205514706489284237e-04
1.262712533910452560e-03 4.874092234789662980e-04
1.326934065833156951e-03 5.231273022842056631e-04
1.191078620061499903e-03 4.838381420229961177e-04
1.387581886043840005e-03 4.976727309460795981e-04
1.223261411347869622e-03 5.542692528120552820e-04
1.224528335282571356e-03 4.696349761684945855e-04
1.009469694928555924e-03 4.611530610570146495e-04
1.486644050871693649e-03 5.101248088122961469e-04
1.270708001405040964e-03 5.306743904847108315e-04
1.378526951147602229e-03 4.472757448709543753e-04
1.309375518019343775e-03 4.555869710578551229e-04
1.303535699101276198e-03 4.742977314788289944e-04
1.269834600569053756e-03 4.953220051368586833e-04
1.327772810047433711e-03 5.062179947848557222e-04
1.151847007409896812e-03 4.287259030738523242e-04
1.324848610694420161e-03 5.326017605694396279e-04
9.504566901964897185e-04 5.153557093111773950e-04
1.460737992335270526e-03 5.090177230426564097e-04
1.475497525796831948e-03 5.100678780399451207e-04
1.010735333445989372e-03 5.061834561849650220e-04
1.021631787130696401e-03 5.337889722294729194e-04
1.519540986589386572e-03 4.853510220844488212e-04
1.265812267249239722e-03 5.001739977048228619e-04
1.367447133077460877e-03 5.252510211285639757e-04
1.028661364914286664e-03 4.765195313787488462e-04
1.508647705180791694e-03 5.318982421448742968e-04
1.400128647425246710e-03 5.236464644794375581e-04
1.262388339291597994e-03 5.783299322529556440e-04
1.107383197817798362e-03 5.058042412485420827e-04
1.158165129791348738e-03 5.168147628037152554e-04
1.058248518303060107e-03 5.271478734709940470e-04
1.099352730835563780e-03 4.984726079670698294e-04
1.068384640419503800e-03 4.774133083544837564e-04
1.343155928065681553e-03 5.432772399729523128e-04
1.650451506944917079e-03 4.441566182148032099e-04
1.300452133192495779e-03 4.150814813856733266e-04
1.082119490837845071e-03 5.169234986520510446e-04
1.256967276355959494e-03 5.344882946816485042e-04
1.048473957942932296e-03 5.701351644103328301e-04
1.198056337805812697e-03 5.725247093111164977e-04
1.311130545858499655e-03 5.571006750574659157e-04
1.149893384494819802e-03 4.529285079194425188e-04
1.318347387868646584e-03 5.542341945588691440e-04
1.365231583443949140e-03 5.211677444167337738e-04
1.083414178508284751e-03 4.597014507338424163e-04
1.331914906588219007e-03 4.374298994146174117e-04
1.043851761294435198e-03 5.755447143909739934e-04
1.170493941890362027e-03 4.546124799533765386e-04
1.075831381559905816e-03 4.661122760072461640e-04
1.161081930374442423e-03 5.484665013590140411e-04
1.179219790253196662e-03 4.477043058638488916e-04
1.014981202129547561e-03 5.210808654930673429e-04
1.241938265110450025e-03 4.577782553065275943e-04
1.284085148117517080e-03 5.417847144890617890e-04
1.346693262053813046e-03 4.805056872035138151e-04
1.478617519016455027e-03 4.696823113573388034e-04
1.162551571484960865e-03 4.790601257393202798e-04
1.275175453599048216e-03 5.207435430299426791e-04
1.151684584968673368e-03 4.967872470767354266e-04
1.171773112360900617e-03 5.315292672269730659e-04
1.456495921115722684e-03 5.170961626128699846e-04
1.324089873626960786e-03 4.634024177754905455e-04
1.224150149920325090e-03 5.534935327586091008e-04
1.323852273934532971e-03 5.261813817492495306e-04
1.108738827910098939e-03 4.229452866584063595e-04
1.199347289097219601e-03 5.115192815994440596e-04
1.503354090512212240e-03 4.760135335807333195e-04
1.615189524991202585e-03 5.348872952104013210e-04
1.165222035360385456e-03 4.844985575594826146e-04
1.207347888395530209e-03 5.281600522879753394e-04
1.177124839801605522e-03 5.025758908022762411e-04
1.061741178089791121e-03 5.547500233218794884e-04
1.382694962000375260e-03 4.969237120003753509e-04
1.302398725956379396e-03 5.521459276101681277e-04
1.052855969093107304e-03 5.427273279839205230e-04
1.067979888374875983e-03 4.794676405695764629e-04
1.120803611146818776e-03 5.470995037336462679e-04
1.259004980422832095e-03 4.785890956534536041e-04
1.306007713062737417e-03 5.367329111012138394e-04
1.192339537545565728e-03 5.257694335359962062e-04
1.232601268968360007e-03 5.106012741603166948e-04
1.433037382196364036e-03 5.315766823792231893e-04
1.074659773999982974e-03 5.231754929063397314e-04
1.175878952186838484e-03 5.408533461262325951e-04
1.461290463170492483e-03 6.201780646951434318e-04
1.114819788944339946e-03 5.598707566485080275e-04
1.365946409440627930e-03 4.759798231311041482e-04
1.076077389760319442e-03 5.246414847799313200e-04
1.466052399366595590e-03 4.991496391996111566e-04
1.437752508223993746e-03 4.653787901044884696e-04
1.276075839227511916e-03 4.970245632863923464e-04
1.509524674202381359e-03 5.534739290673662982e-04
1.374687733683284787e-03 4.919985598478683695e-04
1.133495415485458960e-03 4.799949140558509462e-04
1.022438726243141008e-03 4.545611583455871582e-04
9.725938088929001477e-04 5.266551869912938734e-04
1.428269942241633481e-03 4.623144170999999572e-04
1.285800771653371330e-03 5.606690867977174187e-04
1.423428667272002863e-03 6.014998462290637327e-04
1.306625036573770332e-03 5.213058002577530868e-04
9.834948423705796618e-04 5.344651147905438507e-04
1.181267281399068494e-03 5.127997170638219290e-04
1.165467479868755952e-03 6.374745998364756989e-04
1.202613944455166147e-03 5.372613646859869529e-04
1.593048611950256214e-03 4.833804337159163683e-04
1.544029267077269519e-03 6.158121572363149838e-04
1.361428775313984485e-03 5.094553980320361709e-04
1.273136302181831657e-03 5.055460663198963530e-04
1.250377899844608114e-03 4.968005429202040609e-04
1.532300946236914239e-03 5.394640310039976790e-04
1.389617372685915441e-03 5.817348575343999186e-04
1.321164872983722092e-03 4.674929822374697072e-04
1.299704701643142292e-03 5.984489039119858566e-04
1.266192351729792396e-03 5.875128580907949209e-04
1.246493114278434799e-03 5.517621983854564122e-04
1.303247224584378004e-03 5.778150591407611595e-04
1.495229650694188247e-03 5.004649906046148818e-04
1.467667343124777479e-03 4.704360815015046215e-04
1.120238020680646611e-03 5.135618122579622231e-04
1.153093065657842444e-03 4.994634000009128298e-04
1.361687341405429198e-03 4.891150196781903197e-04
1.506736107226435903e-03 5.074946250772531314e-04
8.592452398583440331e-04 5.491592975887262494e-04
1.408939949832003092e-03 5.337783622588867854e-04
1.259640456521112818e-03 5.131730872537747495e-04
1.212390491715181848e-03 5.017325861594642417e-04
1.385679340581105973e-03 4.846077416651166543e-04
1.301975331516498635e-03 5.918386234630833732e-04
1.393148914750335461e-03 5.357798905074969602e-04
1.134230097538244152e-03 5.260614551846450526e-04
1.301390028382160479e-03 5.167409793904431106e-04
1.373979405311906866e-03 5.022608093520231510e-04
1.549786714856739387e-03 5.914565723888878844e-04
1.413054620735528476e-03 4.660723118534866030e-04
9.776345659722230925e-04 4.519263608440170026e-04
1.245008810342956938e-03 5.230004933366872843e-04
1.203328127747450025e-03 5.034010474953635452e-04
1.109633983539644103e-03 5.163935748786553951e-04
1.159091086211841166e-03 4.708865471305626483e-04
1.361121250343298034e-03 4.228367281436132231e-04
1.011722517952140434e-03 5.065433146616288166e-04
1.274084733515165038e-03 5.280313497042341984e-04
1.316373448034627866e-03 4.964090059672830475e-04
1.511873127746483697e-03 5.322777259203119796e-04
1.163772056003237404e-03 4.813119557120163080e-04
1.502581687313673652e-03 4.785964241038831663e-04
1.334328166044074617e-03 5.289020109125731851e-04
1.192585726589383841e-03 5.034487164225583036e-04
1.114684815063844009e-03 5.411421385839335985e-04
1.483486263511478703e-03 5.069689059470704022e-04
1.405551111230485869e-03 4.968823454798913623e-04
1.257996570056608412e-03 5.337346450480596810e-04
1.251867350863541169e-03 5.353744163086887218e-04
1.303470507125942517e-03 4.670764122753157999e-04
1.272380345645617201e-03 5.595662376670225121e-04
1.150070359196525170e-03 4.946364085377007516e-04
1.385953639542437119e-03 6.075603121335912621e-04
1.323557409765155346e-03 4.917146338727462589e-04
1.489889170630753984e-03 4.956734792340275388e-04
1.466430201576802896e-03 5.511819144755537468e-04
1.225641250839646116e-03 5.174343806880186449e-04
1.050069377709441677e-03 4.923728495248207507e-04
1.190970183474814297e-03 5.207299442993789740e-04
1.047861205366623421e-03 3.970961541006177856e-04
1.107636393440858185e-03 5.038010645248105265e-04
1.400013816212506736e-03 4.569165237597697408e-04
1.034497772109869854e-03 5.098746918589499091e-04
1.395820856615227193e-03 5.161458376940128694e-04
9.984744614114210697e-04 5.346554116137815617e-04
1.172779923235882805e-03 5.427703564916413646e-04
1.360571276373197854e-03 5.704583468602222179e-04
1.284870862049535944e-03 4.611953144961104334e-04
1.182862085352106912e-03 4.502737418456592873e-04
1.322283700675686577e-03 5.348555614342417495e-04
1.103005073488392239e-03 4.802973895966103704e-04
1.303870102374480363e-03 5.007444244488044611e-04
1.421926835055744827e-03 5.850283411660694858e-04
1.029279303455076736e-03 4.484953646084459552e-04
1.134240881472226492e-03 4.556084965785019841e-04
1.433624840884718723e-03 5.369110278874034831e-04
1.173043495528276964e-03 4.981658284994872890e-04
1.204248601904393291e-03 4.704338394286595310e-04
1.205791168893701436e-03 5.197393468583612255e-04
1.319794917748428687e-03 4.803419853250675371e-04
1.158850749278190822e-03 5.423394761520095031e-04
1.096261412965389816e-03 4.613469939979045046e-04
1.354557188981302335e-03 5.505147249868078867e-04
9.832824769159746302e-04 4.937248071145110403e-04
1.459666877046084501e-03 4.398238986213935989e-04
1.079791238760746284e-03 5.722653284380064707e-04
1.171641093298305888e-03 5.792871997446010120e-04
1.214951166091554711e-03 4.791162903690958179e-04
1.356940459512214359e-03 4.495848902759824891e-04
1.276864670043712088e-03 5.173750316789319783e-04
1.087178780137717940e-03 5.662972980729064207e-04
1.004653034131789725e-03 5.497247381316557567e-04
1.329397177315382386e-03 4.507919861254155113e-04
1.323862283438061735e-03 5.096193196290144459e-04
1.125740179522979672e-03 4.084442137427282096e-04
9.825221063387223289e-04 5.269616769864184742e-04
1.108629112189149545e-03 5.214272363628625305e-04
1.616898497030486506e-03 4.666016422853513424e-04
1.396235824676240718e-03 4.828371973989126578e-04
1.260104736880702245e-03 5.079529616473267561e-04
1.228966742512257798e-03 4.710055181082461193e-04
1.261970525832000183e-03 4.739623868414965797e-04
1.380137318444927793e-03 4.658487609050849685e-04
1.494157368555947560e-03 4.818727480563706964e-04
1.281635398871898987e-03 5.318241101753694473e-04
1.126680602254286285e-03 4.908170623349632005e-04
1.406282421368318727e-03 4.912902424074516630e-04
1.299294642307441709e-03 4.780359281981288989e-04
1.103577811553394048e-03 4.679467505484126541e-04
1.003672869808457623e-03 4.567376863194183719e-04
1.125833687831469861e-03 5.457602371097173373e-04
9.807471242759219308e-04 4.899885606224870307e-04
1.289528422989572693e-03 5.430095554296301367e-04
1.489684314551298870e-03 5.020530808347494021e-04
1.570400218567737051e-03 5.385636032745555685e-04
1.214270876063814090e-03 5.492581061265374136e-04
1.326948646731203416e-03 4.343018827485736755e-04
1.369657594379140994e-03 4.803395632187988391e-04
1.485969230459129389e-03 5.557822779157325270e-04
1.070049037326222625e-03 4.672865595129449524e-04
1.297495026336703723e-03 4.709770234689475161e-04
1.219221478999743015e-03 4.966980809462532339e-04
1.121300767528416679e-03 3.856321900903310188e-04
1.111205388201878070e-03 4.857457643872415917e-04
1.224155878459025782e-03 5.700880874679957987e-04
1.090287040594173536e-03 5.348074299373761645e-04
1.000614137271980172e-03 5.449371794406542881e-04
1.179365720490269803e-03 5.081291173169204603e-04
1.204334355838776460e-03 5.084854726242016374e-04
1.395432358433348159e-03 5.391392193442862265e-04
1.093836371745137001e-03 4.935236377678976815e-04
1.073099265593462689e-03 5.508186288321683137e-04
1.241594986251214104e-03 5.378854325812111852e-04
1.237364235935243476e-03 5.267173048076617551e-04
1.087311817826713562e-03 5.244037515412423248e-04
1.268561624365268986e-03 4.583832613104130648e-04
1.356041968586213725e-03 5.264187080948029129e-04
1.202603505626039957e-03 5.028100062826178912e-04
1.096883559805687802e-03 4.926433001166826645e-04
1.191763181682497803e-03 5.057665703223312948e-04
1.139955717381764023e-03 4.850127057678272615e-04
1.149882600707232295e-03 4.944421902066527220e-04
1.131771009587479847e-03 5.267993085243147071e-04
1.327007932343006241e-03 5.081235392794214390e-04
1.057668817151780592e-03 4.968701607188970174e-04
1.392689282590419721e-03 5.332388686872108208e-04
1.572868026683391660e-03 4.840914679566449210e-04
1.267259373462515217e-03 4.704629218825981418e-04
1.512399449077163468e-03 5.336918457343480969e-04
1.182749494062607749e-03 5.113526352515672434e-04
1.156133808393406629e-03 6.088383394290246015e-04
1.001785987061114313e-03 4.477206104445781085e-04
1.123156641265530198e-03 5.290718008399979307e-04
1.163299630752341650e-03 5.465585875310188932e-04
1.391026060024352310e-03 4.797691520699130384e-04
9.528890599331041105e-04 5.464470764456068243e-04
1.414150333262970041e-03 5.438898112597367798e-04
1.351144102151113826e-03 5.331299607300044735e-04
1.533799776406257831e-03 5.755396931539937498e-04
1.339993619418574635e-03 5.244938614028456540e-04
1.025367163146614826e-03 5.186900583171589725e-04
9.968162230285652122e-04 4.830149805591848274e-04
1.200827152049686658e-03 5.037993403014908497e-04
1.295745614143197725e-03 4.989768163922606936e-04
1.273778596744916435e-03 6.157378313446334236e-04
1.149287574781685927e-03 5.574264072339814259e-04
1.139373709296157130e-03 4.314078578834705589e-04
1.458516064933294831e-03 5.013676351303385801e-04
1.075578500736302243e-03 5.067688903304622388e-04
1.282904647636093918e-03 5.004603346882943206e-04
1.264216672885841528e-03 5.026582228970110809e-04
1.164838378307443169e-03 4.073049578691505766e-04
1.291269396026975590e-03 5.478912395998072286e-04
1.375477885964055541e-03 5.877273096918942188e-04
1.202413304534668149e-03 5.291925192224193435e-04
1.243189290606113405e-03 5.049927608393377189e-04
1.380182512787043276e-03 4.829372832882230268e-04
1.258989037226219574e-03 5.364251330279231917e-04
1.221529458431205818e-03 5.361838195401467640e-04
1.080501474131683988e-03 5.473731574421668127e-04
1.025274814345304795e-03 4.574156952822789864e-04
1.288952450309043636e-03 5.043514967064345513e-04
1.148158425041269142e-03 5.000941345849826709e-04
1.130868583294193045e-03 4.833062339947459670e-04
1.337172323484459892e-03 5.957482234390351801e-04
1.106643961016886548e-03 6.005868334419709950e-04
1.355763542235804715e-03 4.548321423396890382e-04
1.302589220101726822e-03 4.338218446332589833e-04
1.317325353590696486e-03 4.883565597408670578e-04
1.484729580762168127e-03 4.720451723776055548e-04
1.146454630574634702e-03 5.214916082117528918e-04
1.145015722036869842e-03 5.034198157335769992e-04
1.100533860998187570e-03 4.838404991994807187e-04
1.306794253410167861e-03 4.804454476693596700e-04
1.198484297830792458e-03 5.298512180119756797e-04
1.212347728426504782e-03 4.398472151047783281e-04
1.222340685435959872e-03 5.340725842367102447e-04
1.390445185220741224e-03 5.174580040650930343e-04
1.107851002502316688e-03 4.839980008636884847e-04
9.635713492206133450e-04 5.054924776237175585e-04
1.067785501297903276e-03 4.839319163851888675e-04
1.070190942977773934e-03 4.382709333732604526e-04
1.132329195868286495e-03 5.629011830700316648e-04
1.571976114517988510e-03 5.345705979688781346e-04
1.189928883457458918e-03 5.525430054162865177e-04
1.362972757007020709e-03 6.150587555965219069e-04
1.460230215427751888e-03 5.137229632821615957e-04
9.442534990032619294e-04 5.147718163512647127e-04
1.483329443117194875e-03 5.896820837383166380e-04
1.015268787920573998e-03 5.335469224053257086e-04
1.328558822538681563e-03 5.203730694794040821e-04
1.376365139326004997e-03 5.396760066108792714e-04
1.300595996839163824e-03 5.682743939524827377e-04
1.128171573405378379e-03 5.179002001583446089e-04
1.288269928315354364e-03 5.762686639116695701e-04
1.108692926865402452e-03 4.770947357707823640e-04
1.217438665257773939e-03 5.249026617777616558e-04
1.114631082816701238e-03 4.677343911522934211e-04
1.523687373818986748e-03 4.762885702297531233e-04
1.074177940985895268e-03 4.848771828359581650e-04
1.528303006618078651e-03 5.014148591651770934e-04
1.015209676586564325e-03 4.685630055965079774e-04
1.263017084122350754e-03 4.639133431881509000e-04
1.168991372319441203e-03 4.377185213608752882e-04
1.099012585844735910e-03 5.025627708238976756e-04
1.362181260430805245e-03 5.380887292291505232e-04
1.294340274735861825e-03 5.065253601526642762e-04
1.253508884597916368e-03 5.159496192955623445e-04
1.264201167897465632e-03 5.077177848719042087e-04
1.287744679856360399e-03 5.498320676125228838e-04
1.353897610162581441e-03 5.271975388098501178e-04
1.458827237677647959e-03 5.343728722118893824e-04
1.130352675884789592e-03 4.354907455640335992e-04
1.297974122547570532e-03 5.046048395785571444e-04
1.074739856562465174e-03 5.559465038953114151e-04
1.272170838146875456e-03 4.563084993374774494e-04
1.432106225351538909e-03 5.406348666522577855e-04
1.273239727645935487e-03 4.447379246204744853e-04
1.644528784788555891e-03 5.185841711749564729e-04
1.310538201911979088e-03 4.904885067220759445e-04
9.784288149419025256e-04 5.196472813604209985e-04
1.482971169435641978e-03 5.073161189305912385e-04
1.279421994070453110e-03 4.529167057563805677e-04
1.397642343147396504e-03 5.239549082481146074e-04
1.535598578055586685e-03 5.112949589238188503e-04
1.304222372504055009e-03 4.684862152150523224e-04
1.178322945458858649e-03 4.789346172939173496e-04
1.241876504259134496e-03 4.732182764796926235e-04
1.204657402671893479e-03 5.791816889474868521e-04
1.282729020994379660e-03 5.238983824037854670e-04
1.328492010080866608e-03 4.708371984981223361e-04
1.399353865646899746e-03 5.488797764648485275e-04
1.245166409572703251e-03 5.429848797560625322e-04
1.269261393955831109e-03 5.073458265954807313e-04
1.030544333606316174e-03 5.377417306731766943e-04
1.162896714532153132e-03 5.459131437847761616e-04
1.166917500404942697e-03 6.008800698867426942e-04
1.299006475003488268e-03 4.792361745849938858e-04
1.217827820904809726e-03 5.409049969880085724e-04
1.121577526337234334e-03 4.318064149188697892e-04
1.618527557511389948e-03 4.663228000841420848e-04
1.180258233174387569e-03 5.022811467278240479e-04
1.070948639856715524e-03 5.195344622181268272e-04
1.072564180487410633e-03 5.001167591934656828e-04
1.218218167655710357e-03 5.568205859491956022e-04
1.228223279434186802e-03 4.641083642001047217e-04
1.375248502376518562e-03 5.942902951347667001e-04
1.324692810913484509e-03 5.125749751820692264e-04
1.127222062967543278e-03 4.501499571695523338e-04
1.180899761388112942e-03 4.974929351743867002e-04
1.090421517719184635e-03 5.200386059057592785e-04
1.236784611059759753e-03 4.785566003095444144e-04
1.333068961179665127e-03 4.793780508837045071e-04
1.441025332533002728e-03 4.689559268663437788e-04
1.162477866991391742e-03 4.928198571312497915e-04
1.227476365542655087e-03 4.573901396182173339e-04
1.245378161497143242e-03 4.859242323032432562e-04
1.214597999442534361e-03 4.737416892729178928e-04
1.402076545588618051e-03 5.377503889100085062e-04
1.583908655393150315e-03 4.760167680121396745e-04
1.247447473540948260e-03 4.806974470403122478e-04
1.254777243483820017e-03 4.752210486702434632e-04
1.559032658463285108e-03 4.558606221019437872e-04
1.083462448024948184e-03 4.895386011011013767e-04
1.179031024793835043e-03 4.677376906075501753e-04
1.231075589058006894e-03 4.831160645194708891e-04
1.421510092661313262e-03 4.949276568905613006e-04
1.159882011303391700e-03 5.369995086421309365e-04
1.310276885966849339e-03 5.088138747355163295e-04
1.035775206368270626e-03 5.691117469211973839e-04
1.381321765621761326e-03 5.416059237071922400e-04
1.041877115554529134e-03 5.399727501569095717e-04
1.192167138330898655e-03 5.375534036370210184e-04
1.316202110527545490e-03 4.980361541310837506e-04
1.383672952988974263e-03 5.218804820957596456e-04
1.754783716585830815e-03 5.708994841842948004e-04
1.355543474462405197e-03 5.220372373397246316e-04
1.239291914461142447e-03 5.550314093404824008e-04
1.240526600708789177e-03 4.483026046382192990e-04
1.028809972913116277e-03 5.631733115150052349e-04
1.226919232901874362e-03 4.712839333962682295e-04
1.054665613814243777e-03 4.346748352748326639e-04
1.309351179131906405e-03 4.838578465961303567e-04
1.230971997561505814e-03 5.044988456294998347e-04
8.909452687121623051e-04 4.531050944855368866e-04
1.203704444986021657e-03 4.797493629769357436e-04
1.293900440451604831e-03 4.762993585733902874e-04
1.378303449265830477e-03 5.559462771421126237e-04
1.355145395157008551e-03 5.197286685350066592e-04
1.269387899170365194e-03 5.416035837091333132e-04
1.121207984515544759e-03 4.766501888166201745e-04
1.273621139031530817e-03 4.115421144594351324e-04
1.298067699495211941e-03 4.915545969930280954e-04
1.151340782903885430e-03 5.460411759632642897e-04
1.129385881558505993e-03 5.254058659784485111e-04
1.349143115957709711e-03 4.554095141751676561e-04
1.166593201807191024e-03 5.166943518339882097e-04
1.425678270032315186e-03 5.595104654841060550e-04
1.449172603869116043e-03 5.299199269347557376e-04
1.105344460625497672e-03 5.089340384583633959e-04
1.194460501806311617e-03 5.133865237241546546e-04
1.145395349930362688e-03 5.227916003052163326e-04
1.073216503389363930e-03 4.656387645723084490e-04
1.075723611940473988e-03 4.661484939716499304e-04
1.197857331030496722e-03 4.496611381299037450e-04
1.370210896592108894e-03 5.213734777081375843e-04
1.145678552130102073e-03 5.689763348102052851e-04
1.204352527217899876e-03 4.777533410233285858e-04
1.412599822052961352e-03 5.343238272714867336e-04
1.230511323394703916e-03 4.926093925741163075e-04
1.445625990078340138e-03 5.572354935779029418e-04
1.131025404830750215e-03 4.810077375279115568e-04
1.301917422330453253e-03 5.181545008349083218e-04
1.305532477360866637e-03 4.270163029261638682e-04
1.208837565433812334e-03 4.640098266090267602e-04
1.254305352635682420e-03 5.293597938682158190e-04
1.589321663699487389e-03 5.298536165870251953e-04
1.101675596529128271e-03 4.647958584658722254e-04
1.319235382774181908e-03 5.514428548113344247e-04
1.306022424635818260e-03 5.364717443706059057e-04
1.173669077394291944e-03 5.082819694424457746e-04
1.155919169326653654e-03 5.879643966653291202e-04
1.170800373426640357e-03 5.622267424837597847e-04
1.438816640736258201e-03 4.984049366975359767e-04
1.359843603941009301e-03 4.913728952672493430e-04
1.411912266041947346e-03 4.681324671335993361e-04
1.116969581764160491e-03 5.514895747875969180e-04
1.094788397820055945e-03 4.947520267198911607e-04
1.316842031998194601e-03 5.133048562748078036e-04
1.284365715497727241e-03 5.101915713122194378e-04
1.253942595611228601e-03 5.249776928738758260e-04
1.339599024678335892e-03 4.706221625267077713e-04
1.278183831874459952e-03 5.158871760629764021e-04
1.392020030259425063e-03 5.123389441329738274e-04
1.325234899768245808e-03 4.865980403400241598e-04
1.183156812568172131e-03 5.241283769540878512e-04
1.297864161116649455e-03 5.262777495241433966e-04
9.459625379045924574e-04 5.210043307201146388e-04
1.228896596263352649e-03 5.003286101902624378e-04
1.427088543358600702e-03 4.588992483165465499e-04
1.116253599735722883e-03 5.059032028911796984e-04
1.234326936879642225e-03 5.248297364206355037e-04
1.149035095373211355e-03 5.189510868268534588e-04
1.395656145218418347e-03 4.674730411233883197e-04
9.938082356982516023e-04 5.673577962859563308e-04
1.411370618476989356e-03 4.925872760844532102e-04
1.394773585805702100e-03 5.378018324993901400e-04
1.201149612770387697e-03 5.392269896851711267e-04
1.357634921115263632e-03 5.229292752888031401e-04
1.287784094587361532e-03 4.906892789487451697e-04
9.531335872500969631e-04 4.304004150595109029e-04
1.199707333513610769e-03 4.757515763619469987e-04
1.421606485940213153e-03 5.516569171363132698e-04
1.188032117019332699e-03 5.233143055164262694e-04
1.124040638333308282e-03 5.099728614371417008e-04
1.432227285662331139e-03 5.313671355480054743e-04
1.134966134849719338e-03 5.350863299742170511e-04
1.180969062418844645e-03 5.158457812034969838e-04
1.412146045359722680e-03 5.200569132446119548e-04
1.426726212264977853e-03 4.775845195608713497e-04
1.225636913715021179e-03 5.383305171372003081e-04
1.142868216333848630e-03 5.007879768899756385e-04
1.307624740177009597e-03 5.450341643059901592e-04
1.300456446754703942e-03 4.502420026243428579e-04
1.247215051783606568e-03 5.030688673870790072e-04
1.358312924050563471e-03 5.537845689859978394e-04
1.026726713549865402e-03 5.937823083027510057e-04
1.178556342294875912e-03 4.554138557212983980e-04
1.260177834535737519e-03 5.273048306211045901e-04
1.210070737654646289e-03 5.407499477840118458e-04
1.071131408314811339e-03 4.715233490899914566e-04
9.721795604947760161e-04 5.277352872357311733e-04
1.144532538656944758e-03 5.224231757361487731e-04
1.488314357338905124e-03 4.924109670399660996e-04
1.325368815914401742e-03 4.752749884715739377e-04
1.185865540275522594e-03 5.392357422192303002e-04
1.275578367655818201e-03 4.987296160627907897e-04
1.157531432943283926e-03 4.689519318305238786e-04
1.095184929859791510e-03 5.973165563279786644e-04
1.115281197229222188e-03 5.056235698450624880e-04
1.210014555334967823e-03 5.208801742180995146e-04
1.174150138379623405e-03 4.395135059932403542e-04
1.070081288686653863e-03 4.729517884968078233e-04
1.068781941108062992e-03 4.361858643670676254e-04
1.124618655671244701e-03 5.170045915470241997e-04
1.290257765385174676e-03 5.817442012897227699e-04
1.320629514032987863e-03 5.302057176791747251e-04
1.261358295944900497e-03 4.595010864485965085e-04
1.501682090954046438e-03 5.203807007634808548e-04
1.106968580695535118e-03 5.094014016732968751e-04
1.227682940522996412e-03 5.467750385324124992e-04
1.070435773011946560e-03 4.834139747167303172e-04
1.174829614367170700e-03 5.013201303870735114e-04
1.041623306774415751e-03 4.566655324663170565e-04
1.407893191571531113e-03 5.420989651956217500e-04
1.050602161633347855e-03 5.094717148331018384e-04
1.267044812041182716e-03 5.029796951087666312e-04
1.086931942999880404e-03 5.805280206202570979e-04
9.259310008603169806e-04 4.542021527608163791e-04
1.460735912641577660e-03 5.609216279184819996e-04
1.273619725676041533e-03 5.810868937556176641e-04
1.116515977510575738e-03 6.120153829963938643e-04
1.400868984951106127e-03 5.718339365960806381e-04
1.303457513401591042e-03 5.890302974289511953e-04
1.286162643631467550e-03 5.472128487113402931e-04
1.387347788190543578e-03 5.593495768921528640e-04
1.115077443273279102e-03 5.072976745357502589e-04
1.081119514549093615e-03 5.206422296706506416e-04
1.263703321531954192e-03 4.696509714739004063e-04
1.249544679511890334e-03 5.150213035454955434e-04
1.276523437815959595e-03 4.982393239027661921e-04
1.174322781369925572e-03 3.915199030626795437e-04
1.495711263124573824e-03 5.487762685855759317e-04
1.198720056492376439e-03 4.659682177370711928e-04
1.429015402678384403e-03 5.150093252292124594e-04
1.261534168646792631e-03 4.639463446079779155e-04
1.487270079088336095e-03 4.074806210598982742e-04
1.304045820995233156e-03 4.516403323660707608e-04
1.310236457821426816e-03 4.384703723159245046e-04
1.247460710220890927e-03 4.842520566060762831e-04
1.293143912316243455e-03 5.392383240882423975e-04
1.128757775689669379e-03 4.858626960473697975e-04
1.416815416440150681e-03 5.454384094968428793e-04
1.220348368572670436e-03 5.277834234401284318e-04
1.508356012692868217e-03 5.218007728642679163e-04
1.031857468997730799e-03 4.466512889883811886e-04
1.333919554833232993e-03 5.474105137121270011e-04
1.219692627195791048e-03 5.049519867437070450e-04
1.448666802901435588e-03 5.341897175571859967e-04
1.293360008508471180e-03 5.614117423940002743e-04
1.230340804066888498e-03 5.580147150170409239e-04
1.406966911401217896e-03 5.085611124962896665e-04
1.214063960545601209e-03 4.892685721960860368e-04
1.163378786821946424e-03 5.242356514515304810e-04
1.074949912280838285e-03 4.567896012175475689e-04
1.069211407728895167e-03 5.683867865167730859e-04
1.231261954424482793e-03 4.821599505335732007e-04
1.555239982110306418e-03 5.293472956757218611e-04
1.181259666535474425e-03 4.886890018681116186e-04
1.313940132907551704e-03 5.190120191296363622e-04
1.013487641759381946e-03 5.212719097693309595e-04
1.058387583140942478e-03 5.290698716841706582e-04
1.348141570694646237e-03 4.604197423856111536e-04
1.419996240765751278e-03 5.286381565525932660e-04
1.080993045677807168e-03 5.286705635644333660e-04
1.449767331083457985e-03 4.669304535367174084e-04
1.535024200314711283e-03 5.520010968883600627e-04
1.311704471621397009e-03 4.870438989673040180e-04
1.207137724045900329e-03 5.033296671833432457e-04
1.319329077404391868e-03 5.254375434517261296e-04
1.241121989965195951e-03 5.407166092790636211e-04
1.293648749399000427e-03 4.916975904586025087e-04
1.309573130665425168e-03 5.685606801045739673e-04
1.159566526212018299e-03 5.307423022678234639e-04
1.243972365354358185e-03 6.089154464081180653e-04
1.301244188256661790e-03 4.493716405974589804e-04
1.356210483760801871e-03 4.725351039247093344e-04
1.133880233851899521e-03 4.603245441672072997e-04
1.228332466829291317e-03 4.582635835727455064e-04
1.224276021029698652e-03 4.815103903481096192e-04
1.128047117087765125e-03 4.682672582355742758e-04
9.387046478595757228e-04 5.284793835145328413e-04
1.041564739618465463e-03 5.248874685453631299e-04
1.048677094374830896e-03 5.105454726120546875e-04
1.402050155499582999e-03 4.985943634013853629e-04
1.434381981118895526e-03 4.759212519346427161e-04
1.430211550378019227e-03 5.151741747470797326e-04
1.160159544539208880e-03 5.323791337758643346e-04
1.510136935683730613e-03 4.767027865137010820e-04
1.171787618448866209e-03 5.670524542437053311e-04
1.283129622990772292e-03 4.877911439342832263e-04
1.441338501576696100e-03 5.220445871816686758e-04
1.320481725539267206e-03 4.850089803325679334e-04
1.285167274269040892e-03 5.599612688285724544e-04
9.677243190081726270e-04 5.177331312144903752e-04
1.148835341691195914e-03 4.649153577097357910e-04
1.396949822559920978e-03 4.672527798986756201e-04
1.463554299229560124e-03 5.632703122270378907e-04
1.350364192872117097e-03 5.888029637526652699e-04
1.069935896373152293e-03 5.010357489215101377e-04
1.037344046698104741e-03 5.276103677439986355e-04
1.197348426084625470e-03 5.550188634332930753e-04
1.438774645704308250e-03 4.600700595039850503e-04
1.294578152625615276e-03 5.378367039315227506e-04
9.549188657055525126e-04 5.235982225217432296e-04
1.311110850390776990e-03 5.542513764594548262e-04
1.262673559302712831e-03 5.127962822908121868e-04
9.677056107949037148e-04 5.625335190546764536e-04
1.451558914937469465e-03 5.646941453220617009e-04
1.210065087096767050e-03 5.560220583968305402e-04
1.392032915993962616e-03 4.791578456561260374e-04
1.182124861138206424e-03 5.240251767985315556e-04
1.297059732718376353e-03 5.269556691811881763e-04
1.295227130004934259e-03 5.575110114465240763e-04
1.233499532307370371e-03 5.548339017252567652e-04
1.068751300238989432e-03 5.264262026671803242e-04
1.087005868385269988e-03 4.377819077083774718e-04
1.119064081699260331e-03 5.416291065428731170e-04
1.218318297518452935e-03 5.565448086531293382e-04
1.262172387552330929e-03 4.524737152619246155e-04
1.150542387601137442e-03 4.941670507841534670e-04
1.185033566101108748e-03 4.999774622118679287e-04
1.415344915877612486e-03 5.642243564370532640e-04
1.176409186249501504e-03 4.777792553686410629e-04
1.265500882508303979e-03 4.975610413690955292e-04
1.307951094994570275e-03 5.356543935636181013e-04
1.118520935898020558e-03 4.722527408032603058e-04
1.324437274817991421e-03 5.396386887845175395e-04
1.071168162604237964e-03 5.367771116859593097e-04
1.394429414788927145e-03 5.689616001837464413e-04
1.251033981860204605e-03 5.757170225549308002e-04
1.297102728947678542e-03 5.199437511222032050e-04
1.334542381649684705e-03 5.070525507237524324e-04
1.240250278216303761e-03 5.299275793889309536e-04
1.271142330722170848e-03 4.751292927317948291e-04
1.383065521730353744e-03 5.052724862222557865e-04
1.102515281428059768e-03 4.467026239596215940e-04
1.092047013669619109e-03 4.526040156930924473e-04
1.139543632460635319e-03 4.774161390691855134e-04
1.087682792676016160e-03 4.814754856947199915e-04
1.046935783052005756e-03 4.697889694990886578e-04
1.281909678373615007e-03 4.753021186075919932e-04
1.370618298309515424e-03 5.457657065560347388e-04
1.341522925473546913e-03 5.377856212211535539e-04
1.233645630472792907e-03 4.625006555016718973e-04
1.408128929217389259e-03 5.475311074382287506e-04
1.165120887316020313e-03 5.280665654256261289e-04
1.032542946596587581e-03 4.482070591609320126e-04
1.233513747154342619e-03 5.175394644698205890e-04
1.611821737655350691e-03 4.654458876965313400e-04
1.299227423237202467e-03 5.318909792151963736e-04
1.494852578055433454e-03 4.777584789006190328e-04
1.161620679946295592e-03 5.798866355994202609e-04
1.151934085456366667e-03 5.419167743618189502e-04
1.361929791738358039e-03 4.662141972145094314e-04
1.181409798777208241e-03 4.480132080949165508e-04
1.364886228902856139e-03 4.910661199938060875e-04
1.400450104024478833e-03 4.811351103119746635e-04
1.112475668999070690e-03 5.436975350145685591e-04
1.441956806703628691e-03 5.135391159059509922e-04
1.062775019688687490e-03 4.652385672675531689e-04
1.185548323950935765e-03 5.107914501910075424e-04
1.223115912232967863e-03 4.828222618011128995e-04
1.141759840706994258e-03 5.625431496436757986e-04
1.308620804172426271e-03 4.865260231171007190e-04
1.462483554493801885e-03 4.710166886401429475e-04
1.013754953429935220e-03 3.998086934618326938e-04
1.217708942373486175e-03 4.620121917395982459e-04
1.254679617117117471e-03 4.927399193548387445e-04
1.286425349983019457e-03 5.404869708203258920e-04
1.097386626714420919e-03 5.519884771241799016e-04
1.533746295296376438e-03 4.843972269197045072e-04
1.150311002594291533e-03 4.827624542071945577e-04
1.378247756680892186e-03 5.266159335228894414e-04
1.463503238752133844e-03 5.542887359891350910e-04
1.220558147168031727e-03 5.091606320763742430e-04
1.243781871343965523e-03 5.374506526171573357e-04
1.322064360784234701e-03 4.764805369074298570e-04
1.042704281440441248e-03 4.484166080623644955e-04
1.269571935128727428e-03 4.707900545236563795e-04
1.181786549268705813e-03 4.824347450284502924e-04
1.287322187940458150e-03 5.185997771006739705e-04
1.318372198409627867e-03 5.095673268782820869e-04
9.720272052901577937e-04 5.398552926150182625e-04
1.226785519544479255e-03 5.215544394591714464e-04
1.352340752675045823e-03 4.824727374665702443e-04
1.460675288451013546e-03 4.603470568133852161e-04
1.142108934569862656e-03 5.012100048945249782e-04
1.110325600401111321e-03 5.453089960808705540e-04
1.221242544468522338e-03 4.624349356281028372e-04
1.259000133823104427e-03 5.598801503520290171e-04
1.285828618740551127e-03 4.740172220422834569e-04
1.174212414141579319e-03 5.176780150300523296e-04
1.298776941445698059e-03 5.256873862959463451e-04
1.215299791569844808e-03 5.530555635541861692e-04
1.211043632991158159e-03 5.007561390697069098e-04
1.226654119373290748e-03 5.232912138379852435e-04
1.205981150793651070e-03 5.447515896921016837e-04
1.308986429586134941e-03 4.662213502077903462e-04
1.043314116668764323e-03 5.378987676737360816e-04
1.484947300902063382e-03 5.019224888548293618e-04
1.142774656991628899e-03 5.165509316167509260e-04
1.589053772278159384e-03 5.428844614079712805e-04
1.242760499846986806e-03 4.844329178529573478e-04
1.188698029421120456e-03 5.107705878862058794e-04
1.078087240177948852e-03 5.215998672542565594e-04
1.148489758490999543e-03 4.612024390418090593e-04
1.174041449719009228e-03 5.022761640047226309e-04
1.431437814960955738e-03 4.883848000191622638e-04
1.288965040870795886e-03 5.657285732534455148e-04
1.220764122927276915e-03 5.610564487835802746e-04
1.500019926289742614e-03 5.098696920312719479e-04
1.179543663145078691e-03 5.382681432171921784e-04
1.047041886312984884e-03 4.669814081920587606e-04
1.489211129411765425e-03 5.253578564102564640e-04
1.291275706052240260e-03 5.124101218672143807e-04
1.257421134494742703e-03 4.992818721759081750e-04
1.333620738911347895e-03 5.253421636689678499e-04
1.398227235199096894e-03 5.807554331355882331e-04
1.061714510964141501e-03 4.719222198991994345e-04
1.095230356306488859e-03 5.230949126646727756e-04
1.010151040321642657e-03 5.528742076967382455e-04
1.024474143055556377e-03 5.264640633986930130e-04
1.201469011037137498e-03 4.284413027262259769e-04
1.377723280714446882e-03 4.636285095316816586e-04
1.299089058592356894e-03 5.062447405833834504e-04
1.247100404585670640e-03 5.302454750945607411e-04
1.270473995946196219e-03 5.349003248711606175e-04
1.302115386876260368e-03 4.408537571696302735e-04
1.264223348404560493e-03 4.483749876446803677e-04
1.372822726127990089e-03 5.230805724233792992e-04
1.168343351253317303e-03 4.855827860142256308e-04
1.499601546202385333e-03 5.210063206200518486e-04
1.061155387751443625e-03 5.161156432911837098e-04
1.216910208708935201e-03 4.658425897318828508e-04
1.233421465013043649e-03 4.800708934988520303e-04
1.063868163637162996e-03 4.377027045866109978e-04
1.216167702359508430e-03 5.719327068706242479e-04
1.319824517245448987e-03 5.306241508888326179e-04
1.201966939215752322e-03 4.664593195240087742e-04
1.125859618030976327e-03 4.814715231239359594e-04
1.264103880056767623e-03 5.584432828281827958e-04
1.140118484442507237e-03 5.513869677760948945e-04
1.296180697482844126e-03 4.423476815191873827e-04
1.179027994776009856e-03 5.618304310957285925e-04
1.346906481364025824e-03 5.560599883122687445e-04
1.537773453657579909e-03 5.383281195355091222e-04
1.520023680845751209e-03 4.892995304057591414e-04
1.140329483211439433e-03 5.672931297736939250e-04
1.189132336473812867e-03 5.187746819916098364e-04
1.027284094368656172e-03 4.487936996332347666e-04
1.007209727317078321e-03 5.019487795365752637e-04
1.110278755155560395e-03 5.336508852255697011e-04
1.171061358840170185e-03 4.616973656360820748e-04
1.448534865535294498e-03 4.784903019021527265e-04
1.195162328787575555e-03 5.372451472640512107e-04
1.288969273690378789e-03 5.344415850494050550e-04
1.371771997675353067e-03 5.159755005143636846e-04
1.243323867455012289e-03 4.637360877598553383e-04
1.058002583266474993e-03 4.824038909691580530e-04
1.322033781325274030e-03 4.554308380458595910e-04
1.116593359401680868e-03 4.541098004074827638e-04
1.332479504463190316e-03 5.357527461837720143e-04
1.613700904904399706e-03 5.641084753780984447e-04
1.305405587574485528e-03 5.234252541175802740e-04
1.339638191071305462e-03 5.619050243311866097e-04
1.374000448255402853e-03 4.987669370965530126e-04
1.152753774624905303e-03 5.049000860006957895e-04
1.347537491529928301e-03 5.635202362013145552e-04
1.174653073133380974e-03 4.915090983591254232e-04
1.132173019461132782e-03 5.236957611802193525e-04
1.483510828975617051e-03 4.255777549412824022e-04
8.477563130261694035e-04 4.972758698283145581e-04
1.353642585878185329e-03 5.653569349578031668e-04
1.076145772075885135e-03 5.945602894012319822e-04
1.113569158301589302e-03 4.608560452530812237e-04
1.369613654111506923e-03 5.455363223347161044e-04
1.240212964462889412e-03 4.626205126886571658e-04
1.307675448169596383e-03 5.010930956551598809e-04
1.185048623219470349e-03 5.419938351092178346e-04
1.329690626328531265e-03 5.422778796224544907e-04
1.333574766695163434e-03 4.866066311725349689e-04
1.212088915262813293e-03 4.880484174469304167e-04
1.384558579698993161e-03 4.688237844520013972e-04
1.123229680618685437e-03 4.640448491699858923e-04
1.212494892331048403e-03 4.961339262922352450e-04
1.199944053571862538e-03 4.722730381929886442e-04
1.341016849093522268e-03 4.766576314405191351e-04
1.097364470387595606e-03 4.967784515009152340e-04
1.334053184171424397e-03 5.056696363891693751e-04
1.155639672076346153e-03 4.950283458878873468e-04
1.324156039149849756e-03 6.038446944971568057e-04
1.131462458997750144e-03 5.443998953977044301e-04
1.221469923251289639e-03 5.268928332367748754e-04
1.111740319456905324e-03 5.150257960847668022e-04
1.322252565455056582e-03 4.617265883501313404e-04
1.156019951955087775e-03 6.171579500828629824e-04
1.065332779429255293e-03 5.271599124108814665e-04
1.245052368515899401e-03 5.194238332041181986e-04
1.167892076027534547e-03 5.367739806634519656e-04
1.198847771559136740e-03 5.014375064459994803e-04
1.095185097479243466e-03 4.564070352827713701e-04
1.608638363257258600e-03 4.975006711635409805e-04
1.376400308480344847e-03 5.398816097281168222e-04
1.337470897627633572e-03 4.868363446985481189e-04
1.105652458660687926e-03 4.521081141146495895e-04
1.171517839277772454e-03 4.763182415710959065e-04
1.282934810480756624e-03 5.103596495305955929e-04
1.382098543184532300e-03 5.164081697783392752e-04
1.347068418575002660e-03 5.658789568069665750e-04
1.188630343746231981e-03 5.184513193955606319e-04
1.218026040441237906e-03 5.190493272294541965e-04
1.302826532964521458e-03 5.112738102148109550e-04
1.314048208017887806e-03 4.321131106814614202e-04
1.223439493111522312e-03 4.460433778854753237e-04
1.551893968088105492e-03 4.594266347775043525e-04
1.482056122330433802e-03 5.056062211744124677e-04
8.743135392111728256e-04 4.824912353785688348e-04
1.437783717990258163e-03 5.866060685121442415e-04
1.278940352546611590e-03 4.248870587077488805e-04
1.194651476084599177e-03 4.818529681684455409e-04
1.216201313523544020e-03 4.888413733071837264e-04
1.139245746717699711e-03 5.220756813472632145e-04
1.242305939583179678e-03 4.983385654936750781e-04
1.103727690025782266e-03 5.452586715754177433e-04
1.271872661511162317e-03 5.119545584741999481e-04
1.118754618401170348e-03 4.888732602801830604e-04
1.145725349094630155e-03 5.150445320861613560e-04
1.309787590988456931e-03 5.046213538137275757e-04
1.261054755179685013e-03 4.765554339917857938e-04
1.118769169356463675e-03 4.913569022757183083e-04
1.422538187008219558e-03 4.966492749548482178e-04
1.073023645831808160e-03 5.293308296060628311e-04
1.075514943251255386e-03 5.340383807512549862e-04
1.196824541731110686e-03 5.187364180953132550e-04
1.017813627548785731e-03 4.785859444428775954e-04
1.455991881485227488e-03 4.989256123937458459e-04
1.006731530749619243e-03 5.158048429724369950e-04
1.029757068854951323e-03 4.921980858264556492e-04
1.288801175924900524e-03 5.122897042140546649e-04
1.314299727338353934e-03 4.863550128503873679e-04
1.151962385468291699e-03 5.133492105318293499e-04
1.458213406303778036e-03 4.859310416066576739e-04
1.151664605742775760e-03 5.269809454238194449e-04
1.127393423327565465e-03 5.637621133754308839e-04
1.193271583555778007e-03 5.358750583568386771e-04
1.111001248683788321e-03 5.269335220157102175e-04
1.339487166685835156e-03 5.942255532106574967e-04
1.326565021670744662e-03 5.433551315935013183e-04
1.333967397806821911e-03 4.767397096347781899e-04
1.177234507816911878e-03 4.593323874228373680e-04
1.317455197098430170e-03 5.453594823293278797e-04
1.475769449334504973e-03 4.399149044467562213e-04
1.175634985214547802e-03 5.259652014357963029e-04
1.226654012192603463e-03 5.159585770064435565e-04
1.153683832221671533e-03 5.368084177150795949e-04
1.191462809862271549e-03 4.962694166372079441e-04
1.177783541153918506e-03 5.215498092927191602e-04
1.266641111964825856e-03 4.601685031777748400e-04
1.214937410787636030e-03 4.743843835010023340e-04
1.481562907669192264e-03 4.853020540106552246e-04
1.248884613108698595e-03 6.411469996804602554e-04
1.440811468707942425e-03 5.250746977174943972e-04
1.263120360861179651e-03 5.060648313684308836e-04
1.347214706816111723e-03 4.721748921085557656e-04
1.076167524244956960e-03 5.133386566809819548e-04
1.481838966355905965e-03 5.186199203916761792e-04
1.421787522094632378e-03 4.858017329392199561e-04
1.104298529811915345e-03 4.858584544350303866e-04
1.322571849471472797e-03 4.801093031961814798e-04
1.195940934438145288e-03 4.427871184378723442e-04
1.492689244421239493e-03 5.388448867730715516e-04
1.215285847464699521e-03 4.690517571437885351e-04
1.324260960199794522e-03 4.656254071839804908e-04
1.119006699145633612e-03 4.563987128756104880e-04
1.053173347906778603e-03 5.227312498538457496e-04
1.404876253373858351e-03 5.460242543622440383e-04
1.122493640370263125e-03 5.494090198865523092e-04
1.446899172404630691e-03 5.265522337317274501e-04
1.416235061604677586e-03 4.891273522584796635e-04
1.360062928421140087e-03 5.122371352436875819e-04
1.395868080626997895e-03 4.879150105845475680e-04
1.324361658549610922e-03 5.256514148448666011e-04
1.102093472135687487e-03 5.492224782338094675e-04
1.500490999875945869e-03 4.606473221682380061e-04
1.278921620439750061e-03 4.254441869842431130e-04
1.444982446665331712e-03 4.934276914940316896e-04
1.158760838385050618e-03 5.707766012873767125e-04
1.263043043573377914e-03 4.752466039368585002e-04
9.180661873106197484e-04 5.637262341152704265e-04
1.195924968896362565e-03 5.367835243186993384e-04
1.181977658487262184e-03 4.781433840177208810e-04
1.033620168558718050e-03 4.986656886640356522e-04
1.464413734558636920e-03 4.708469228488609934e-04
1.307304334493040055e-03 4.797824157632220223e-04
1.173434651467793015e-03 5.201886997681675522e-04
1.055165126315080627e-03 5.508725587341702524e-04
1.171893078166667173e-03 5.193519323333334022e-04
1.107748713415497447e-03 5.794719907277054091e-04
1.306842864413729948e-03 5.200402900576878715e-04
1.259564877338942507e-03 5.681550372556823554e-04
1.086989233389214216e-03 4.822215833804401096e-04
