1.667080956650725905e-03 4.319136364653462161e-04
1.682809365594716998e-03 4.682575434033534826e-04
1.858174605747411195e-03 4.634297032651418791e-04
1.595886779749013757e-03 4.311612073513806953e-04
2.119966766563756953e-03 5.188270591872076775e-04
1.844324180388558958e-03 5.295568777963098519e-04
1.552053375049292040e-03 4.255559921029653057e-04
2.422492590881492221e-03 5.296222715446967681e-04
1.475020039198697086e-03 4.201129954746700814e-04
1.855391690183735322e-03 4.504868367626679946e-04
1.509475179399416252e-03 5.052371346664938454e-04
2.191579110543584192e-03 4.943913834086456020e-04
1.932426609608279763e-03 4.388155662700328778e-04
2.282408332576631692e-03 4.976294697413186259e-04
1.932824023991358249e-03 4.128038486158773284e-04
2.153160501640372353e-03 4.817799915017693013e-04
2.182352748990222090e-03 5.246711092449006606e-04
1.969712820009478053e-03 5.063547350897340754e-04
2.072681950801549301e-03 4.521730130781788891e-04
1.900046874266152165e-03 4.621603724883827828e-04
2.238911746515344012e-03 4.382476111035758445e-04
2.193824888234087878e-03 3.990438830529023607e-04
2.042263569165178420e-03 4.081627023582772235e-04
2.022238657309199245e-03 4.315554924172718045e-04
2.625364241938861996e-03 4.111964684465271315e-04
1.878511224663848966e-03 4.415491910069334249e-04
1.787608088899326694e-03 4.147653081255191221e-04
1.856464566866944171e-03 4.337832937060563058e-04
2.212486240412044058e-03 5.504890330718943247e-04
2.045410386000295205e-03 4.569006079254285231e-04
2.112472294736395233e-03 4.635801309656305963e-04
2.070654652610792994e-03 4.580194291919913478e-04
1.916419819486277166e-03 5.402298637634778784e-04
1.935586990723912838e-03 4.876789918245826028e-04
2.042426283278246744e-03 4.353670235254231808e-04
2.300364116229425878e-03 5.340327146449183691e-04
1.994174493863548180e-03 4.440163508157894895e-04
1.856183459137210204e-03 4.526023222727202028e-04
2.533349008030699647e-03 4.794637577284523167e-04
2.269787516622304071e-03 4.907014450413042274e-04
2.370556976140625154e-03 4.859153204100921880e-04
1.923117282593683058e-03 4.247316191883664018e-04
2.202068097130720735e-03 4.580299360069154638e-04
1.983338647734335641e-03 4.229400719353010448e-04
2.026420092395223548e-03 4.790301360220117145e-04
2.118724862108573980e-03 4.979225404184536201e-04
1.669752120010055321e-03 4.920710126095223253e-04
2.206367688814644956e-03 5.294850414889411922e-04
2.137185383034588635e-03 4.752779933621655516e-04
2.361934623339030995e-03 4.477249764258467912e-04
1.986305474391662079e-03 5.046695537275505900e-04
2.046138066398671147e-03 4.828322776551968905e-04
2.175232172303217301e-03 4.673345704922158813e-04
2.261972134417799488e-03 4.798628503363356408e-04
2.357076544175333750e-03 4.565002060198182672e-04
2.063854368681222653e-03 4.899255621089124721e-04
1.925699122198535262e-03 4.456508793276396912e-04
1.989565592501634124e-03 4.419015847786541802e-04
2.094167344916829116e-03 4.491579661266198909e-04
2.379714581148289869e-03 5.366709608163388679e-04
2.384048510928420822e-03 4.602713290262371894e-04
1.874359224697924684e-03 5.059251905264025486e-04
2.080715184094374635e-03 4.972970565515136407e-04
1.896001773000809652e-03 4.407644494794548599e-04
1.929616239402616971e-03 4.124596005018218276e-04
1.634570597756862141e-03 4.390851362873277519e-04
1.967285853287933841e-03 4.809905598542014516e-04
2.205749271966396356e-03 5.328339744938634511e-04
1.889852877746308821e-03 5.213745179885275177e-04
2.166405959799398099e-03 4.886600934336842112e-04
2.036786933395246142e-03 4.768523392768442976e-04
2.337042703715573339e-03 4.773560875539567213e-04
2.218360440928740952e-03 5.112276245290202446e-04
2.396076645305398548e-03 4.352093180923819024e-04
1.747178227367141012e-03 5.520468059940897678e-04
1.684868935526424296e-03 4.765316751939847970e-04
2.046897904242320123e-03 4.904338353488838951e-04
2.530528921882854113e-03 4.531396942405770535e-04
2.472523062464296664e-03 4.923959405852110270e-04
2.436599247945021515e-03 4.234502364873207400e-04
2.129588054782630222e-03 4.432283788883898930e-04
1.805048280831902940e-03 5.127980613167958980e-04
1.867761329516586877e-03 4.251125228560869904e-04
1.947737360340368170e-03 4.261651394204312511e-04
1.464558395457369894e-03 4.944529141457914417e-04
2.441813971791871509e-03 5.922268923112509889e-04
2.069518020415648130e-03 4.326238915290744501e-04
2.146223690156996711e-03 4.380150986618469079e-04
2.190464084777886573e-03 4.700377640982595175e-04
1.998186656266111652e-03 5.075046710940837175e-04
1.669134997644492260e-03 4.023152302789288867e-04
1.855094992753065141e-03 4.174377128683565163e-04
2.435661553337672980e-03 4.832733897648701653e-04
2.058563766388214408e-03 4.713768152975164236e-04
1.965798188890984389e-03 4.509303070862107294e-04
2.193268438944719935e-03 5.137495411027634840e-04
2.087247879042920459e-03 4.618974511905710287e-04
2.126365686857091455e-03 4.480791565928114078e-04
1.866957110075810481e-03 4.992878181466174625e-04
1.887023819236377346e-03 4.612640347278074561e-04
2.428781920075131617e-03 5.201636318149818706e-04
1.830993894736240987e-03 4.631865416275630920e-04
1.807545031355531047e-03 4.680366650438046562e-04
1.905727279602334847e-03 4.826042394149131633e-04
2.468635378915680356e-03 4.198246039521601582e-04
2.251510121817619330e-03 4.513667425501928575e-04
1.965098271156049195e-03 4.513267963976042171e-04
1.971437240436860455e-03 4.796658634815027127e-04
2.226302503512786034e-03 4.909256828681546206e-04
1.836619525596741099e-03 5.453512542240733420e-04
1.919663597953803497e-03 4.560414095343808742e-04
1.824694930902554446e-03 4.681099977854365495e-04
1.845915564056303240e-03 5.320841731081526462e-04
1.964264384738096270e-03 4.582862085685042333e-04
1.853461556312321554e-03 4.290258635556007589e-04
1.549861310473497856e-03 4.611579546850746634e-04
2.503330414151001479e-03 4.893906678611921598e-04
2.016691374851834178e-03 4.573172777727230079e-04
2.267233011067014067e-03 5.197267973936275584e-04
2.240063638757100201e-03 4.137776054564762883e-04
1.940484585675921738e-03 4.491568288034522810e-04
1.714874704334336860e-03 4.022586006188877514e-04
1.752183126521316683e-03 4.676835700069839835e-04
1.567405159990489403e-03 5.089683450895620114e-04
2.047132766112913678e-03 4.833108143511264418e-04
2.404697336279881890e-03 4.057781512167683044e-04
1.723778283717972322e-03 4.703025018820641986e-04
2.261109801319338003e-03 4.882690124056329956e-04
1.873780784663944517e-03 4.691142573235231885e-04
2.060267443128307660e-03 4.543134464802539444e-04
2.039561195942518352e-03 4.377227812868306222e-04
2.167300962034072239e-03 4.490149257776022236e-04
1.795282088938787799e-03 4.889266096408580739e-04
1.987673388296465424e-03 4.288552350483641404e-04
2.185914069476138557e-03 4.607020690825483380e-04
2.118944450995712339e-03 4.406172934195210205e-04
2.179831418085723289e-03 4.012546975564357677e-04
2.049388496214560405e-03 4.635131066041709444e-04
2.065115958917017151e-03 4.486130892367968213e-04
2.148519482598946258e-03 5.051354993026880430e-04
1.640112884328584529e-03 4.617923288289142248e-04
2.094971804963642343e-03 4.834059056935455624e-04
2.466735217931188568e-03 4.595785353905833585e-04
1.826402411552395652e-03 4.545769813144830075e-04
1.912037734762816240e-03 4.813718165153002201e-04
2.225983241673603827e-03 4.112589928627468370e-04
1.966228250143056862e-03 4.456073942436368051e-04
1.994672168363905568e-03 4.262738859507539109e-04
1.711807625505619825e-03 4.618487643418114148e-04
2.086103213789374401e-03 4.690836224852450121e-04
2.060335442516573242e-03 4.714622391980641540e-04
2.066379531745947754e-03 4.827139577188156684e-04
2.514775676041287097e-03 4.990489818026836236e-04
2.218919152658629414e-03 4.772852437327191558e-04
2.186282806298523503e-03 4.970705783112616813e-04
1.615047744395097309e-03 4.904002663249215285e-04
1.652272266164070804e-03 4.368328716916140809e-04
1.783576049481481020e-03 4.511203921011617646e-04
2.275673842849408515e-03 4.714749430862870622e-04
2.035803469206049540e-03 5.078017936123897791e-04
1.977772601607414530e-03 5.122445132829397214e-04
1.962419855962633641e-03 4.365015774607808536e-04
1.567639391375121559e-03 4.754807589227300199e-04
1.905552446168750627e-03 4.424809378108870853e-04
2.064384742443078641e-03 4.321860513220440389e-04
2.356420405877210009e-03 4.327183151227413367e-04
2.089363560866750076e-03 4.779266453661228922e-04
1.967360798979464215e-03 4.724370177018096667e-04
1.835340063269171127e-03 4.588498433623440422e-04
2.102365310303879083e-03 5.265960495601681958e-04
2.037129053034495135e-03 5.068357346691375592e-04
2.222251244604670026e-03 5.268256519046862372e-04
2.602398030108886429e-03 4.676102482132866523e-04
1.947346564521820755e-03 4.420736409461141297e-04
1.803925431332746056e-03 4.322844761801892567e-04
2.080312089960713751e-03 4.318481087940448751e-04
2.130472032822369830e-03 4.510641750511891371e-04
2.570612398999810519e-03 5.063989698602584279e-04
1.963733108298349080e-03 4.362151981674430639e-04
2.445800640618402220e-03 4.906846260351232841e-04
1.761944059867285271e-03 4.382294849650458725e-04
1.864091219026204954e-03 4.675169049605952445e-04
2.257620173103051103e-03 4.310966490229170686e-04
2.075284967901334324e-03 4.490381150697001530e-04
1.734164321106655216e-03 4.014737887884141528e-04
1.754992333318604629e-03 4.382009066115239988e-04
1.913062172708836044e-03 4.407887764356722212e-04
2.139465175170679294e-03 4.427526614695465957e-04
2.075039765544468839e-03 4.872717136105179036e-04
1.649634162105080961e-03 4.644964701920301195e-04
2.336304222312320881e-03 4.997447073178740758e-04
2.155403806293171732e-03 4.783954821143469828e-04
1.930374106080654135e-03 4.200632120794888240e-04
2.221601798721745992e-03 5.407244492726927471e-04
1.603297535174754828e-03 4.772527785135170027e-04
1.750552609500041421e-03 4.304998687005720743e-04
1.915477453072257294e-03 4.522501750314868239e-04
2.000322999189816080e-03 4.577728551056334445e-04
2.070161756884650490e-03 3.856992704971628984e-04
2.103964094467542997e-03 5.241328774208429747e-04
2.000443341455781371e-03 4.654157481322514093e-04
2.768070075396095696e-03 4.632106426815446251e-04
2.010504407114145544e-03 5.086415763581316829e-04
2.171547959869313173e-03 4.670629359209974084e-04
2.042232654967656227e-03 4.275857544249971574e-04
1.903155388056191038e-03 4.379516759324884835e-04
2.253761551597495503e-03 5.557571348430795583e-04
2.457738660085798631e-03 5.021181949563116934e-04
2.339811098773020813e-03 4.770851775512054312e-04
2.137845664139739928e-03 4.339711550818331812e-04
1.820835209950404099e-03 4.550159330883809953e-04
2.119150121957443910e-03 4.851516326858045891e-04
2.043070402845371773e-03 4.259625099428758477e-04
1.999960397652290282e-03 4.284835752635428124e-04
2.035394937073218766e-03 4.722392464962768977e-04
2.218107061249389219e-03 4.985050815092435805e-04
1.895540088481675357e-03 5.185423371104362286e-04
2.001963667459335464e-03 5.092095644399642195e-04
1.996940768565934419e-03 4.656058395820620341e-04
2.226828103897242946e-03 4.301993874975682452e-04
2.695129210746027067e-03 5.235941612895170629e-04
2.505409053381510692e-03 4.879405680951087905e-04
2.101979607174013238e-03 4.770614314261498287e-04
1.760492210766723305e-03 4.409206405152785928e-04
2.181024887082971472e-03 4.541935235546174995e-04
1.689702238505324606e-03 4.548875837021909216e-04
2.059529421429767866e-03 5.017151590527680434e-04
1.582102764354524713e-03 4.354660781389998493e-04
2.186448080840863208e-03 4.485989932782070565e-04
1.622799498536712636e-03 4.927783086010068675e-04
1.858014318943649983e-03 4.998933896898715779e-04
2.337326308846451265e-03 5.432891695806372611e-04
2.071945325427072826e-03 5.178142374748096865e-04
2.171023329443114505e-03 4.277876523804842175e-04
1.803845461693885915e-03 4.447415420698516957e-04
1.439038938056756093e-03 4.286157620910912712e-04
1.702365567661109479e-03 4.219148209344315576e-04
2.398506286824399637e-03 4.785191117512372825e-04
2.052436565823442284e-03 4.850251968707574744e-04
1.868568568792343225e-03 5.370955908820251867e-04
1.969139969083635346e-03 4.099478405540715742e-04
1.980011393112948281e-03 4.861375114390661576e-04
2.359892388305737977e-03 4.231345163320309279e-04
1.822028218933214065e-03 4.912825322621454946e-04
1.754721033840732835e-03 4.762836373661591253e-04
1.983361691930622932e-03 4.253630504123899741e-04
2.529141848762623060e-03 5.275789033453793034e-04
1.842615306603054282e-03 4.279986677460010888e-04
1.812062032591713534e-03 4.739666659894524784e-04
2.132385053840178506e-03 4.704861099856096442e-04
2.075580727133222603e-03 4.959554526537167732e-04
2.344299808485701339e-03 4.514404242836981282e-04
2.038237579277134108e-03 4.485194854960948573e-04
2.591370372178194038e-03 4.409403012614734126e-04
1.830003074566229678e-03 4.661862397322362309e-04
2.187949278716001030e-03 4.946990527511570951e-04
2.127751025865574647e-03 5.242501255427001270e-04
2.579873770323225669e-03 4.725573206052501615e-04
1.732703407901005225e-03 4.643829999774226440e-04
1.941778028681841965e-03 4.107361822829123758e-04
1.903257219844368183e-03 4.347262192839017715e-04
1.781701982961618686e-03 4.465866020951044695e-04
2.403753983954406894e-03 4.820759200193980082e-04
2.214579600812290050e-03 4.343056347190301660e-04
1.929725799957250371e-03 4.510814082402520280e-04
2.223896914046762270e-03 5.507916604588123342e-04
1.900966980080181536e-03 5.025625373535186867e-04
1.873093713950884026e-03 4.368688964848854370e-04
1.847108635599096875e-03 4.824577438412337715e-04
2.722759725857804795e-03 4.460380360424786271e-04
1.858913314448039670e-03 4.321138544420152707e-04
1.812489769860606932e-03 4.171235519902338870e-04
2.162471490532570737e-03 4.359262114573271259e-04
2.252929747720515581e-03 4.679613303885143179e-04
1.821353649945928622e-03 4.545188026374402364e-04
1.528516577982051271e-03 5.076046674305749332e-04
2.504592815464676183e-03 5.246306252859261150e-04
2.168006468437060942e-03 4.839786128566664369e-04
2.185347731008068992e-03 4.544184985143924168e-04
1.701889862184076136e-03 4.773748437584717560e-04
1.700582287939772248e-03 4.833125059959869282e-04
2.203785339718341771e-03 4.935512372030971756e-04
1.960989280109779343e-03 4.168704772337537747e-04
2.330441972440166088e-03 4.934000680131359886e-04
2.047798464062720088e-03 4.590074204657938468e-04
1.818956091206968455e-03 4.521994776010603966e-04
2.431105001409978282e-03 4.451025114439521933e-04
1.931574572155178408e-03 4.950959119989281751e-04
1.924772637479087471e-03 4.035200147356451440e-04
1.936398046309840059e-03 4.901980227737830339e-04
2.519081815545456092e-03 5.202265749807826476e-04
2.576729754903750880e-03 4.751517559669804665e-04
2.229498451576576810e-03 4.570608874555160480e-04
1.671425248638068288e-03 4.561530435161212566e-04
2.129504943306613756e-03 4.807565725429640375e-04
2.183903829455812254e-03 4.906270660528133827e-04
2.159677530494515541e-03 4.884717697977501542e-04
1.771817359313660823e-03 3.990662649082360848e-04
1.900401128567370855e-03 4.625289964603469350e-04
1.688451436440473056e-03 4.097360281507858560e-04
2.498588375391405832e-03 4.766057258481562735e-04
2.238429750333636916e-03 4.507835389390457454e-04
2.367997063097890351e-03 4.452766515687571025e-04
2.110048823000153922e-03 5.095479359033793778e-04
1.695673084377830649e-03 4.987392031542140424e-04
2.319141874282716793e-03 4.709651674657477048e-04
2.267069209089379953e-03 4.447083158849591254e-04
2.115789307497759758e-03 4.764818563389575969e-04
1.777484754243185017e-03 4.455031123946316131e-04
2.350083553442030692e-03 4.491861779097667986e-04
2.135867041377314830e-03 4.568590932279034222e-04
1.948083040416142197e-03 4.427728426151736211e-04
1.941979413679156396e-03 4.234984524993818940e-04
2.049278564241413438e-03 5.415395556207240786e-04
1.859865684883534910e-03 4.430066111250147631e-04
2.174449951871223943e-03 5.061869257868786311e-04
2.280827071193610497e-03 5.120566745580807169e-04
2.094633365552594530e-03 4.200662203054879090e-04
2.418486212327680251e-03 4.836709258871374766e-04
2.040432573372533490e-03 4.073388762894804673e-04
2.012269467146584993e-03 4.077767101615972192e-04
2.497892617147283185e-03 4.313542177223624952e-04
2.012073390136409363e-03 4.914174577863940395e-04
2.100036165677378504e-03 4.111318788024357338e-04
2.302469982385576229e-03 4.741386202539100612e-04
2.094697364865834559e-03 4.962420637771647932e-04
2.357546543569043369e-03 4.639354645307198349e-04
1.959770804042065568e-03 4.371621364821752249e-04
1.700394830577483564e-03 4.376724731349868167e-04
2.427176402241338401e-03 4.977224100431904040e-04
2.140055861224844994e-03 4.444539060824510206e-04
2.095059779197367463e-03 4.737766852737439714e-04
1.855920414545007531e-03 4.340436766052552806e-04
1.857194202054083696e-03 5.108799063332936791e-04
2.317107783877779201e-03 4.582222756094295841e-04
1.689879274131426360e-03 4.869395945028625011e-04
1.622635384386570843e-03 4.773513941776536700e-04
1.797543333865414886e-03 4.102362113218393884e-04
2.072903966109380502e-03 4.760484840640036362e-04
1.999797705067130320e-03 4.656808037503213987e-04
2.188524870045931419e-03 4.709138188059860085e-04
1.893403914233649172e-03 4.138739280520086004e-04
2.097305029034669463e-03 4.166972154678405624e-04
1.579547655611246437e-03 4.405886200463922180e-04
2.357163344667654453e-03 4.688592769119040156e-04
1.880152387464908851e-03 4.204539464213871095e-04
1.839018539027018539e-03 4.507987024864535861e-04
2.525164003317983356e-03 4.811698649361548035e-04
1.745751852728552080e-03 4.440999939119036712e-04
2.211773604896977771e-03 4.800324016593162410e-04
2.106602134541806035e-03 4.490541154872603261e-04
1.759400756094783077e-03 4.911311431883835787e-04
1.873994818254196958e-03 4.611600235126695228e-04
1.672017898989853514e-03 4.697765936448298910e-04
1.918575239158754487e-03 4.561542999956100697e-04
2.307307353717808710e-03 5.051078360677608951e-04
1.794527339205696055e-03 4.300883605968278079e-04
2.743980142815924481e-03 4.693919654114501560e-04
2.290165289488317255e-03 4.183851722114272607e-04
1.946764087853329345e-03 4.488994805595729288e-04
2.221063399673598154e-03 4.566276883103682059e-04
2.114559213043256877e-03 4.212304587958361516e-04
2.033430021946740565e-03 4.075878105715279205e-04
1.970846506289552005e-03 4.625262276134503277e-04
1.682737498982578251e-03 4.439511314590598298e-04
2.061698206218762815e-03 4.590022614772291585e-04
2.014781258294013125e-03 4.666779481561165858e-04
2.221082464399615208e-03 4.899063965294365866e-04
2.265416429945212810e-03 4.575599373394048934e-04
1.669302134639308712e-03 4.704922917127082774e-04
2.291268661196843755e-03 4.572387910607904424e-04
2.067459560968887018e-03 4.194294113747420224e-04
1.899816378227620582e-03 4.729885885368715595e-04
1.679462412614396698e-03 4.630110600824735990e-04
1.976181534824623422e-03 4.909317147067612276e-04
2.361248635724668907e-03 4.708054172687590176e-04
2.167655154147866883e-03 4.492042871118255023e-04
2.137139444314740521e-03 5.533765697493444463e-04
2.129279196254580710e-03 4.372550969633829071e-04
1.840111906298674089e-03 4.588393149396300416e-04
2.032821673673092765e-03 4.413567423033689535e-04
2.119997484454426429e-03 4.652679497560671977e-04
1.997151377170001789e-03 4.117026347066075941e-04
2.295311032739332912e-03 4.411922075675113290e-04
1.814629820936638658e-03 4.382661845730025877e-04
1.986482747394867701e-03 4.393538066911455977e-04
2.023425129903430597e-03 4.542031492227252424e-04
2.618127352154612803e-03 4.675952985959734793e-04
1.758960866409298206e-03 4.928464671687226694e-04
2.245513204947193961e-03 4.943322949341999971e-04
2.010196715871541417e-03 5.302785830503293921e-04
2.022402347343498982e-03 4.528213929028992958e-04
2.099908203610485833e-03 4.952622506938812383e-04
1.890048208680764801e-03 4.980517347105003437e-04
2.067535656564375036e-03 4.408989871239749601e-04
2.018407931388854337e-03 4.198872004902324075e-04
2.380528189410882622e-03 5.067697383163967482e-04
2.197705655258766402e-03 4.487534358710109196e-04
2.537502503278089849e-03 4.701027473219561285e-04
2.162508241057751503e-03 5.043673316160893292e-04
2.584191842898815421e-03 4.297013727946444902e-04
1.910199914831974726e-03 4.495559824202999787e-04
2.205712453728354231e-03 5.336200090291724329e-04
2.292440098765432220e-03 4.810272489800240174e-04
2.004452317876523598e-03 4.597207203661497570e-04
2.015116400412795324e-03 4.454590647593917969e-04
2.100780067675661958e-03 4.936149658206490098e-04
2.198489322944554864e-03 4.407569524959768325e-04
1.888617419016596797e-03 4.324530690889466554e-04
1.566373639658485712e-03 4.078762201704582498e-04
2.305161583057389278e-03 4.438435054808746857e-04
1.888894107996122364e-03 4.357873353055875831e-04
1.705733839059930335e-03 4.510421261397943248e-04
1.969627286565657324e-03 4.676874824079123869e-04
2.458206732872233059e-03 3.974993039144520865e-04
2.144861416570778383e-03 4.538628786762470232e-04
1.951779064832949830e-03 4.661076324629838418e-04
2.471518247279682647e-03 4.808032278889449898e-04
2.082083553571653992e-03 4.146585100065103171e-04
2.316249340632947455e-03 5.148445474733314049e-04
2.400626611520702888e-03 4.914584952556500311e-04
2.124053702761866374e-03 4.432837612213706507e-04
2.301116251791477177e-03 4.787033733064344036e-04
2.085756833568969734e-03 4.529657312733241189e-04
1.799761574358027701e-03 4.678440567513040432e-04
2.305046247606897490e-03 4.736832414204825343e-04
2.015811806057072383e-03 4.761443422699010745e-04
1.869013443296268281e-03 4.655111301116663909e-04
1.884963076209968374e-03 4.120686479576831404e-04
1.845596457761749208e-03 4.658589153529288005e-04
2.114779650366940215e-03 4.261322712378769043e-04
2.139518026317236993e-03 4.249138675351532687e-04
1.984007480320802101e-03 4.955771116044792139e-04
1.803060438719544410e-03 4.471105276376360232e-04
1.840290054449662946e-03 4.304970683094972816e-04
2.314567011394835609e-03 4.392244535963955735e-04
1.869341782987072155e-03 4.604868662562283926e-04
2.411010881027793144e-03 4.845859502705721338e-04
1.788320681442612551e-03 4.548804187010282844e-04
1.746445313460608930e-03 4.565192459426411012e-04
2.030972330678105803e-03 4.318512229242704292e-04
2.569006620311336132e-03 4.774659753336662040e-04
1.751334005476372184e-03 4.638538869796807488e-04
1.943185516826924190e-03 4.472042772032372351e-04
1.958458777819436190e-03 4.673760768982002968e-04
2.334257715981471332e-03 4.496356827923610492e-04
2.333020924692045042e-03 4.938088527136799254e-04
2.268578798100478761e-03 4.074668488660936733e-04
2.134356897800879227e-03 5.327921712525087328e-04
1.968126323684296110e-03 4.896455770154931443e-04
1.845607409969876383e-03 4.354712270665197669e-04
1.850076810694673262e-03 5.088225510478645939e-04
1.876316825720808620e-03 4.494463133785767161e-04
2.101927538802726356e-03 4.845410416324474976e-04
2.336235982949789580e-03 4.366361898192840552e-04
1.862478781189606152e-03 4.734596711032520934e-04
1.865007960456241355e-03 4.644666123116314329e-04
2.340186107089651125e-03 5.110688301134836417e-04
1.686589953548991126e-03 5.234291798611930566e-04
2.243356075167231550e-03 4.437688208824627908e-04
2.251284889244511891e-03 4.666206281479531957e-04
2.082047428283165507e-03 4.593127282111519926e-04
1.966410153622074729e-03 4.617937978199262820e-04
2.209080190951756995e-03 4.416257184746930032e-04
1.678831347816401968e-03 4.692989397948431210e-04
1.785427648278731932e-03 4.700319900923127553e-04
2.375251423752954699e-03 4.581796484338816408e-04
2.506925327533090185e-03 5.410486090031456840e-04
1.851209144429085155e-03 4.171380333878505929e-04
2.091560627126412553e-03 4.747841874514984015e-04
2.069982520724197427e-03 4.166524583574307810e-04
1.948933076222006053e-03 4.646263506751502608e-04
1.714740777145216206e-03 4.998439243868107269e-04
2.054362841545151388e-03 4.357157077196509884e-04
1.843350951965365154e-03 5.352036424684236682e-04
2.153092466622164632e-03 4.527760315825660469e-04
1.749359418230337108e-03 5.369741921785971045e-04
2.463131980380735709e-03 4.398770561917925690e-04
1.839945714313746990e-03 4.761329845343353928e-04
1.867302315539217305e-03 4.242808076761275544e-04
2.035400989026617691e-03 4.581928121671241961e-04
1.833335532629838628e-03 4.522061571674698211e-04
1.812152999014907725e-03 3.796214904202797609e-04
2.159545612061391714e-03 4.587177647927599710e-04
2.191640466061817519e-03 4.759242517471189387e-04
1.765329047354736829e-03 4.733116990448658521e-04
2.248425170266104677e-03 4.806747791425511492e-04
2.314891875337131248e-03 4.852926314765817605e-04
2.202912548767943426e-03 5.025583931587852132e-04
2.119009547745527144e-03 4.793977011262658280e-04
2.323346974152171694e-03 4.532710047379671708e-04
2.008518668032283939e-03 4.536528818307452790e-04
1.926574875336468148e-03 4.025061603882368832e-04
1.766613875513371864e-03 5.603506028953353672e-04
2.960164408731367700e-03 4.106602609509508723e-04
2.097881950044257898e-03 5.652081647678737020e-04
2.324308629254870188e-03 4.546933626491211195e-04
1.916098298894280180e-03 4.376546442456573046e-04
1.976804943782765889e-03 4.061220699412193460e-04
2.004690034617836753e-03 4.800048863560781812e-04
2.110125777616631264e-03 4.315098319652449109e-04
2.363893941714680785e-03 4.856831441186408951e-04
1.945556930278435209e-03 4.239351665710309612e-04
1.800994546486891753e-03 4.243666213400946324e-04
2.405934615298559263e-03 4.515278939641044725e-04
2.207373627983117651e-03 4.735351638839354737e-04
2.031266330020285293e-03 5.031865032843561153e-04
1.911928842237953664e-03 4.585979582321091531e-04
1.771736789928040397e-03 4.866555725464657587e-04
1.779548644103580738e-03 4.345561167848170647e-04
2.391381848845855300e-03 4.480889855721406872e-04
2.149346526157047514e-03 4.677062861068387116e-04
2.027701228048968407e-03 4.763888433351177293e-04
1.953105046209864830e-03 4.328364935984721821e-04
2.026550575036135254e-03 5.083633821449750180e-04
2.032148342723894951e-03 4.841034095106435992e-04
1.998368182560517851e-03 4.924325975084414917e-04
1.935291006844000851e-03 5.464761477507009465e-04
2.210624312913475088e-03 4.822960156227249612e-04
1.900235769274185920e-03 4.674301916695547550e-04
1.696279714462463773e-03 4.964580924834011144e-04
2.094808789301832747e-03 4.689935415263956795e-04
2.158807218945710087e-03 4.518359674287867516e-04
1.973083441366557493e-03 4.361244089745306470e-04
1.903584107094153472e-03 4.384723560267684769e-04
1.692734231293627906e-03 4.807382940549281706e-04
2.006792989535228795e-03 5.295896157551740775e-04
1.908294147278453371e-03 4.596081371736351028e-04
1.893510397380749992e-03 4.889341437744844018e-04
1.951092542381798085e-03 4.873518814116316322e-04
2.032141330078697343e-03 4.264936133702436046e-04
1.975834969041232771e-03 4.475003432696277104e-04
1.651563399229515105e-03 4.755785528788007851e-04
2.299963752839952625e-03 4.763399547630288314e-04
2.266459260213202296e-03 4.457474787732577199e-04
2.168813958489135187e-03 4.990278827617680669e-04
1.738297724529003392e-03 4.845432026760939921e-04
2.045015284857171559e-03 4.437920886632983107e-04
2.229868810088894270e-03 4.769418709032290766e-04
1.808689594173134348e-03 4.554775508605748502e-04
2.156064904332774534e-03 4.855018488563704474e-04
1.898272281021923941e-03 4.565519771939488872e-04
2.289187637983834851e-03 4.912366219514655193e-04
2.350527709555106769e-03 4.749394168771219212e-04
1.908569715996180681e-03 4.505984471355912731e-04
2.055982270046411483e-03 4.579135899502252867e-04
2.349201224044557626e-03 4.757063311980399699e-04
1.880975628604238115e-03 5.027636392335730134e-04
1.912180906096438418e-03 4.450786424427977009e-04
3.031860061914825634e-03 5.305581881237229642e-04
2.574550544079140350e-03 4.640479089860691784e-04
2.307135927524097980e-03 4.682189151388566842e-04
2.612145962707502003e-03 4.863556756186131398e-04
2.166259004740394949e-03 4.707500332028362365e-04
2.232558766845178875e-03 4.921474457412172276e-04
1.870278830412869719e-03 4.611475529567383622e-04
2.206758439949743373e-03 4.583567312395904589e-04
2.216695475035159076e-03 4.424766316682991795e-04
1.584110764409384434e-03 4.333869487947323565e-04
2.033775942049031917e-03 4.748936147113172706e-04
2.301404647151327702e-03 5.166007087951625170e-04
1.926072111433718616e-03 4.659246787883741889e-04
2.197349413324753680e-03 4.916889116240734294e-04
1.917876113381362674e-03 4.657370272436667171e-04
1.966644376960811121e-03 5.115050354825876689e-04
1.841682319797406740e-03 4.614751800980257759e-04
1.492502137458422834e-03 4.389987348700215655e-04
2.007564614568096810e-03 4.690970717264930970e-04
2.201175613031742650e-03 4.952152129307706933e-04
2.487771830028870455e-03 4.110651167572166968e-04
2.152181307790782851e-03 5.007445980206675067e-04
2.221069237919822727e-03 4.699459092012202126e-04
1.942204669809961511e-03 4.590070967098964301e-04
1.837001126815861630e-03 4.308007769283419284e-04
2.532510453879829523e-03 4.579084958118446861e-04
2.196965720393873403e-03 4.547846588669340081e-04
1.919356277435586107e-03 5.315677002338027330e-04
1.982733497575098723e-03 4.012355399481149225e-04
2.107678757497233324e-03 5.196122661359275571e-04
1.703152531821392791e-03 4.313684235554445228e-04
2.082880180837691237e-03 4.396280025467669012e-04
1.687415915449113702e-03 4.885046641160162599e-04
2.123923227799010341e-03 4.798979723274939273e-04
2.154586057550944914e-03 4.820948803853365413e-04
1.773515332875620978e-03 4.619413353841373467e-04
1.869087525999709462e-03 4.332480914503162965e-04
1.777735184263498462e-03 5.132385701268481377e-04
1.739669464809285573e-03 4.911212286251795140e-04
1.912969245479780207e-03 4.644907738039336553e-04
2.114589865359654212e-03 4.799659734102352322e-04
1.976896909743218380e-03 4.897561032119801322e-04
1.615347765393035243e-03 4.338080625445517226e-04
1.997795274999461697e-03 4.661346634403901830e-04
1.950685400406223331e-03 4.380281610400840200e-04
1.836077468124465819e-03 4.392912433847215217e-04
1.907405230622423974e-03 4.359830297925477451e-04
2.336218625725087344e-03 3.828600188901262833e-04
1.955455947301691991e-03 4.843734099992782539e-04
1.966105574230608919e-03 4.530959708025477642e-04
2.770741816882675828e-03 4.966404974221480832e-04
2.123989449382792435e-03 4.245628050388956993e-04
1.869878370344175414e-03 4.162396191980673827e-04
1.897092384563730432e-03 5.119656555891408849e-04
1.559454314134727177e-03 4.049870289116647734e-04
1.830207919482388593e-03 5.027291342647668840e-04
1.788022630980913574e-03 4.512505721864313105e-04
2.866246649591478943e-03 4.667053295217693932e-04
1.918355288959130772e-03 4.671416287528718349e-04
1.802293225390610423e-03 4.232820906898423314e-04
2.117236675635142222e-03 5.211581655166606800e-04
2.222524762138719349e-03 4.061151148589288700e-04
2.378706408117271277e-03 4.661334172438524556e-04
1.878875287391240916e-03 4.837227108267103332e-04
2.299563297399010494e-03 4.696688042216232324e-04
2.057941802898299258e-03 4.957541642302626872e-04
1.728485392606855971e-03 4.369980327175842496e-04
1.280038761200678931e-03 4.142196782172100533e-04
2.400443340621711327e-03 4.259102262117951654e-04
2.103839551735100892e-03 4.731993192303447890e-04
1.972129065473008074e-03 5.175530944697816303e-04
2.098381284754084752e-03 4.386273118251452678e-04
2.544951767015595726e-03 4.542200792083128397e-04
1.587130705053435087e-03 5.045592658868842516e-04
2.639024373769018137e-03 5.074609750914236715e-04
1.881555841117087038e-03 4.845386608377229374e-04
1.795712423132962785e-03 4.657430065642690557e-04
1.920622790038595826e-03 4.324126876409920732e-04
2.164854591489167885e-03 4.733326034039920019e-04
2.131993443685700589e-03 4.444343622304326139e-04
1.835479525087657703e-03 4.633519029683868325e-04
1.742535985963507153e-03 4.926314035782758264e-04
1.595374057347920781e-03 4.705396197763289613e-04
2.136934792709020443e-03 4.947168607959438269e-04
2.100564657314301590e-03 4.472092258669126911e-04
2.420034728612347266e-03 3.908499568347833055e-04
2.139759900325797614e-03 4.219599126046932750e-04
1.705656960168965659e-03 4.508635812450863191e-04
2.045732661738909521e-03 4.842814972615465895e-04
2.390187100528220945e-03 4.696707640981169669e-04
2.255539464439077022e-03 4.590659927922482965e-04
2.035169341218152992e-03 4.856708665288761093e-04
1.994189630726894702e-03 4.575674741214701981e-04
1.826817070943853117e-03 5.622769840160015027e-04
1.892105870970528601e-03 4.806704465811942697e-04
2.305666674043756626e-03 5.416660025947865826e-04
2.022878919590301566e-03 5.320061888894702697e-04
1.991673725429100698e-03 5.460485778010932536e-04
1.950374884338562610e-03 4.474034246245229066e-04
1.852233064670751397e-03 3.956742440774606013e-04
1.901704208448925810e-03 4.926011898123344246e-04
2.574690610874860383e-03 5.129265443559090105e-04
2.131889039987746714e-03 4.000874668607020952e-04
1.950571993769452481e-03 4.848465091109317835e-04
2.280392508516988076e-03 5.088256914492519890e-04
2.083663844667512938e-03 4.630277395940643470e-04
1.699617126910393707e-03 4.710384329094085285e-04
2.264358382978989403e-03 3.904704649636088682e-04
1.841464917703900406e-03 4.593665342989915580e-04
2.084511721553254475e-03 4.382169680721512031e-04
2.150408287119974417e-03 5.116852249292610936e-04
1.795637170269442960e-03 4.403241269685663245e-04
2.201887775096258038e-03 5.192874358300922887e-04
2.241012286784720229e-03 4.890331729235371889e-04
2.277563954936741037e-03 5.230775034899196171e-04
1.790673333860223326e-03 4.825884238436479448e-04
2.381788960343094678e-03 4.940430769021635646e-04
1.874808532854972763e-03 5.056685821731511828e-04
1.916236988678809592e-03 4.997366883697687123e-04
2.371474103427204452e-03 4.193122204951979189e-04
2.112703211330583305e-03 4.112179763139842646e-04
2.104536975237059244e-03 4.676130455891510762e-04
2.261880806237085307e-03 4.482435683195285067e-04
1.970499120816537018e-03 4.231154305592919451e-04
2.131684463482970329e-03 4.208575418736126708e-04
2.272949037076310141e-03 5.053359142554809860e-04
2.238931596316388190e-03 5.335029491943504409e-04
2.234522557788229304e-03 4.787826926990264732e-04
1.779248503122879280e-03 4.903862044544172539e-04
1.891107416496083877e-03 4.550741919359866630e-04
1.895283611139268742e-03 4.466953344009907761e-04
2.139526428391201086e-03 4.568528875203063211e-04
1.934908479992903871e-03 4.283328126016244623e-04
2.284245374377995470e-03 4.842948166296254893e-04
1.844452879893375722e-03 4.397585775066931830e-04
2.166300552568477863e-03 4.775346530730592803e-04
1.975422652597194281e-03 4.940311901187233092e-04
1.635268126711700212e-03 5.473929011477908892e-04
1.740448978886684076e-03 4.365981954337236847e-04
2.051959635279793515e-03 4.348002907269162259e-04
2.344723326322025337e-03 4.652366416089696779e-04
1.571433573938302167e-03 5.217635803167255124e-04
2.276113312435666929e-03 4.772561904436249127e-04
2.171314827651167362e-03 4.689700915018707277e-04
2.072004426017385985e-03 4.618437652284352267e-04
2.120480350039827960e-03 4.736020366774445524e-04
1.915151003174247460e-03 4.565171384823933924e-04
1.895917272555111078e-03 4.291643983551679704e-04
2.428063745835187717e-03 4.547756189002022278e-04
1.559438727146590566e-03 5.100161729244059861e-04
2.312509280624505757e-03 4.787673583618176566e-04
2.025597541051538716e-03 4.629744734588176185e-04
2.023327685914437339e-03 5.027180955866985840e-04
2.047860680094251620e-03 4.703732554238100366e-04
2.149556754000846517e-03 4.675006801850946424e-04
2.063483173436449301e-03 4.370472146148424771e-04
1.980570620794805826e-03 4.740533500626879261e-04
2.082661553165079688e-03 3.730384721187670564e-04
1.918278674284329584e-03 4.636954912895837472e-04
2.226466610860816219e-03 4.954761473312899742e-04
2.199594136012050175e-03 5.134394306110678279e-04
1.869142994136722014e-03 4.752879575722235186e-04
2.024755412161607839e-03 5.087902482073080723e-04
1.759369051378574566e-03 4.543377310588211969e-04
2.269380306377342428e-03 5.052686981581332084e-04
2.146918560976677267e-03 4.575456886409341099e-04
1.823701356367113608e-03 4.265110952349866411e-04
2.448479523261981854e-03 4.898706982102221663e-04
2.411588367002903861e-03 4.506721135386808959e-04
1.896474441270929075e-03 4.323438587925494073e-04
1.910797141825845225e-03 5.096788861748204362e-04
2.206341533734286486e-03 4.383560189284744992e-04
1.954096930515078403e-03 4.937182894811927925e-04
1.814829120389923733e-03 4.550560579870811893e-04
2.260399142582603885e-03 4.721808835523041785e-04
1.862100594965503727e-03 4.310064284575059108e-04
1.952460685687140143e-03 4.957609640877378484e-04
1.937557273095377600e-03 4.966717569158311894e-04
2.186520960950054729e-03 4.402687204282825753e-04
2.580695785370934123e-03 5.103703293743855210e-04
1.803288628163811661e-03 4.979472362224194410e-04
2.160153939123426754e-03 4.624460708713359100e-04
2.347582272520234211e-03 4.824114493050824242e-04
2.480432907379824352e-03 4.745139742193200450e-04
2.002934075318912616e-03 4.573147275683349584e-04
1.879167098425242079e-03 4.431618041429632310e-04
2.104415470105291171e-03 4.946224362980685373e-04
1.885331928987446287e-03 4.270623825992975382e-04
2.060191404144791263e-03 4.499170035672400724e-04
2.099291297968497189e-03 4.876765089157539777e-04
2.299091880649924580e-03 5.196461259329434538e-04
2.025720579984994444e-03 4.552641740258269354e-04
2.036280336525443917e-03 4.490524597096289482e-04
1.790353961356954716e-03 4.612855044089583670e-04
1.682151877799574783e-03 4.404910600601616454e-04
1.954319035128267417e-03 4.847164922477548718e-04
2.224414777601510605e-03 4.851716474671805175e-04
1.861694548268380458e-03 4.597616257125089240e-04
1.898178777864739999e-03 4.186531584868309771e-04
2.386117263712885829e-03 4.402269135142281259e-04
1.845849924789023239e-03 5.046696358303645038e-04
2.345160512539148923e-03 4.293907543665587286e-04
2.055171719903114719e-03 4.494001333620143302e-04
1.940446376850568731e-03 4.726841269732082770e-04
1.953808590056748274e-03 4.573216463194044166e-04
1.555701002327993529e-03 4.130775693673153148e-04
1.678108661884171807e-03 4.241483700038097687e-04
3.009232602164127295e-03 4.386056397294411935e-04
2.152147534171135797e-03 4.253665592253517828e-04
1.948451984400934381e-03 5.315979504306580844e-04
2.416576854950557539e-03 4.639116854472705143e-04
2.044230260101725493e-03 4.715737677634914879e-04
1.905560766795707161e-03 4.476473746681914560e-04
1.874341749256478763e-03 5.367159109347844183e-04
2.283772454756203933e-03 4.780845646639513783e-04
2.562748524740882800e-03 4.938824852347094676e-04
1.793368903383169748e-03 4.671623819067240971e-04
1.875780612212692936e-03 4.355018993984797137e-04
2.408657131656190102e-03 4.789657989624441971e-04
1.706212062406816179e-03 4.427472984885643856e-04
1.926272416988708026e-03 4.217926226323526749e-04
1.990611084294762780e-03 4.793560666701931930e-04
2.136729058115452527e-03 4.412949031858745129e-04
1.979162171140913962e-03 4.996127854779259473e-04
2.125441247007353856e-03 4.960964679810061758e-04
1.673122234571494367e-03 4.270764087877130188e-04
2.154339513726805360e-03 4.343063139634653863e-04
2.130731966373784238e-03 4.765045276606634170e-04
1.845449945435997160e-03 5.245450083005227717e-04
2.704817701781441104e-03 4.423152688716632517e-04
2.006689873792212066e-03 4.502516916253328336e-04
2.044207389132331534e-03 4.958474493904445595e-04
1.860688018046262934e-03 4.637541312097229152e-04
1.747249693344918135e-03 4.714572643737603469e-04
2.237952400368086424e-03 4.937084150906901562e-04
1.739218451001341148e-03 4.413253526660141832e-04
2.115657004698539255e-03 4.676807203866369480e-04
1.527846161040470260e-03 4.646434417863892536e-04
2.083783017343451404e-03 4.158175903957192585e-04
2.419023995544106100e-03 4.993661553260632120e-04
1.653346237745906711e-03 4.887792654446699919e-04
1.752584251503570530e-03 5.293511237962683288e-04
1.822078757587565143e-03 4.410319723330598110e-04
1.619587062716195108e-03 4.518328830195406185e-04
2.484469846810765173e-03 4.758282300378032306e-04
2.172176855939147305e-03 4.476642996728595137e-04
1.857529150936469611e-03 4.289303594574192351e-04
1.885900442811822182e-03 4.785186390394181584e-04
1.996951774640070253e-03 4.617887849628584708e-04
1.808612562248583869e-03 4.463909003779387781e-04
1.583564139656508342e-03 4.698620292668979686e-04
2.452206932077568517e-03 4.932598380047567479e-04
1.742325154576051909e-03 4.695766917831623618e-04
1.878666325497238511e-03 4.268438349222301951e-04
2.479488408020498209e-03 4.856599365869383148e-04
2.353341872833058981e-03 4.663839471970508384e-04
1.953962910704267267e-03 4.603508950254602623e-04
2.014534872827624529e-03 5.052991391120091992e-04
1.970560666234470043e-03 4.450258180740848083e-04
2.128611465529247834e-03 4.244497999612317795e-04
2.017866768086163786e-03 4.535852977288651095e-04
1.898955600015788704e-03 4.711605478956609511e-04
1.993824193033654543e-03 4.644426958831861674e-04
2.290089640055456913e-03 3.819827319789281025e-04
1.670075554687445530e-03 4.373672179231281941e-04
2.383325004692727917e-03 5.205797975523282885e-04
2.000841122066754438e-03 4.618811154153026183e-04
2.006294504863133984e-03 4.887470322186105798e-04
1.815676622633510730e-03 4.518119434628980178e-04
2.156772561169810649e-03 4.987358791416022239e-04
1.871001767466239172e-03 4.956002483156966842e-04
2.538241662956489293e-03 4.858179606425435271e-04
2.587720813746991616e-03 4.369642460942628872e-04
1.849498153486230870e-03 4.622917399449367939e-04
1.755068247472121607e-03 5.018048314633329803e-04
2.192785787261071484e-03 5.148879499737484336e-04
1.696485069483446304e-03 4.305082555421059411e-04
1.840744572012286339e-03 4.758688883731379158e-04
1.922739069721132428e-03 4.559865697604457676e-04
2.004561464040397010e-03 4.357824412798813520e-04
2.277062639751383216e-03 4.741021416773516083e-04
2.206123383105990446e-03 3.966888907817235242e-04
2.530822516264881819e-03 4.662356978999571827e-04
2.185380943942925782e-03 5.158806742651627199e-04
2.485505433259693146e-03 4.557812205634742151e-04
2.105636138407230261e-03 5.157174217101138328e-04
2.133789802128790991e-03 4.226633456053261384e-04
1.674380039083204607e-03 4.011581785946115222e-04
1.951977177073000282e-03 5.336443089092734885e-04
1.875620989972274230e-03 4.198493375471637479e-04
1.706215615321802700e-03 4.434607566354869168e-04
1.897156339507512267e-03 5.014898525433280707e-04
2.172363000575984644e-03 4.087412178072442003e-04
2.018146480346687081e-03 5.009369466558282738e-04
1.687222110983828188e-03 4.196106356102514458e-04
2.175061526755866191e-03 5.338183147900542975e-04
2.176359288934184844e-03 5.140121301227723637e-04
2.004218161456362054e-03 4.728256493001122256e-04
2.417861907311156643e-03 4.895348861324325335e-04
1.627930358643572177e-03 4.617964685573651570e-04
2.488339728164726001e-03 5.147616559866151527e-04
2.072858035098118328e-03 4.585594856819631107e-04
1.883823963662131827e-03 4.323602174503881138e-04
1.983654500232637490e-03 4.274966588917040837e-04
2.765591694073386408e-03 5.054291091477669442e-04
2.505383489288779981e-03 4.157112101695899882e-04
2.474399675509143803e-03 4.663908859769632471e-04
2.199051742843796935e-03 4.819128418814528736e-04
2.140830933579514726e-03 4.713058532045080089e-04
1.953473434992918697e-03 4.261477804219407058e-04
1.768665387779137354e-03 4.641926989306051137e-04
1.950211858567542670e-03 4.440411845285742237e-04
2.362119340157123586e-03 4.698323287246423388e-04
1.917064564246753278e-03 4.611980906983941734e-04
2.231786337239897826e-03 5.070828076065361789e-04
2.201493061454327417e-03 4.583244559882578657e-04
2.036750458348167946e-03 4.800199004797239214e-04
1.808889820707201357e-03 4.568739605337596285e-04
1.915707229747432450e-03 4.397056504327679543e-04
2.558725367084035453e-03 5.282879070890975255e-04
1.755811892868674746e-03 4.409529468987901063e-04
1.951266847138465391e-03 4.794844135329839169e-04
2.131668114493270524e-03 4.474944860499572219e-04
1.807977252176748992e-03 4.605925301557423426e-04
2.173874709640164025e-03 4.009425238862727395e-04
2.130111408070326732e-03 4.572569189999077630e-04
2.145682275248648411e-03 4.557244940495247770e-04
2.360754135930100573e-03 4.531853446864123796e-04
1.976672546404896653e-03 4.424409861261620639e-04
2.228486735414844915e-03 4.420304636521981724e-04
2.430736650879025337e-03 4.179563696342659387e-04
2.263741634736271026e-03 4.839353953026275532e-04
1.870216136407046098e-03 4.605200699604506428e-04
2.280060188073244030e-03 4.955076909366390231e-04
2.145880837460955801e-03 4.604994346066878879e-04
1.915379253472386566e-03 4.393564730713296271e-04
1.940237546795039406e-03 4.097820415160041501e-04
1.781855232691248155e-03 4.873402887772779754e-04
1.919532441381815915e-03 4.471168584217741541e-04
2.358959603539732830e-03 4.222605060870642771e-04
2.215862744860289633e-03 3.868849772575208286e-04
1.741302414884265308e-03 4.776281550545745012e-04
1.751292333615433886e-03 4.703633838877909227e-04
2.258745442342662869e-03 4.916916131583695020e-04
1.840293782406513716e-03 4.643286769984524866e-04
1.922010184909746624e-03 4.329380909255845064e-04
1.947594480243821681e-03 4.817077939535790976e-04
2.475013087843833202e-03 4.495543723303273894e-04
2.393942893416536963e-03 5.196384235510093704e-04
1.559781799184777919e-03 4.254432019103409983e-04
1.777946340917953456e-03 4.663523972114376882e-04
2.157404662754522622e-03 4.059660058657262082e-04
2.022668406738810203e-03 4.609850587192949618e-04
2.255093644745026146e-03 5.067644576738851610e-04
2.013503507378729997e-03 4.760175641037817725e-04
1.982424490010343925e-03 5.151259084949898074e-04
1.852415170265733638e-03 4.436470545629568303e-04
2.013633356401903999e-03 4.782997944706803332e-04
2.216648723087444837e-03 4.487957129426166608e-04
1.785160817463937516e-03 3.967801952444193793e-04
1.935041434808292427e-03 4.256683398301955366e-04
2.323712529571011088e-03 4.602441315267153613e-04
1.839650807871814116e-03 4.676361491861280844e-04
2.371614799616256208e-03 4.989732431610148641e-04
2.389023084597729531e-03 5.014875140210746244e-04
1.914757613937007790e-03 4.745451213642206388e-04
1.607534535581600643e-03 4.956328315813833714e-04
2.324856515588846501e-03 4.673617080771084076e-04
2.288110195296323701e-03 5.325134036735982125e-04
2.344874525222168105e-03 4.633569212762389988e-04
2.022621970458853956e-03 4.966005418874245084e-04
2.179562623394142636e-03 4.598918035690869005e-04
1.716265788325430129e-03 4.008401936505208755e-04
2.079848950851840000e-03 4.584447935633450448e-04
1.875112396988432538e-03 4.388390805321345676e-04
2.339566341027454061e-03 4.300741123357272166e-04
1.817643684269372364e-03 4.900344689159959622e-04
1.865387930351107603e-03 4.365268026759090985e-04
1.645072886510769552e-03 4.435569789568864817e-04
2.340148407739695534e-03 5.145432393596067978e-04
2.294318544995399990e-03 4.549649818327888211e-04
2.039794686759922957e-03 3.845111406491703485e-04
2.068256401635789818e-03 4.403887678937998696e-04
1.551848690040798576e-03 4.804680310749237298e-04
2.043772890407752861e-03 4.339608425761986980e-04
1.944083300103874789e-03 4.615715387296464808e-04
2.076610193758962868e-03 4.210560631330500050e-04
1.454203959521360636e-03 4.552286188674573475e-04
2.132024756696563640e-03 4.535288498174487506e-04
1.478256061020274612e-03 4.679188377838288033e-04
1.992058251466894726e-03 4.907892978351640224e-04
1.826381414433373004e-03 4.426405039075727906e-04
1.926307591211449521e-03 4.170472099523800597e-04
1.902654224059753324e-03 4.939543980278722794e-04
2.389208009507193080e-03 4.628393989318831244e-04
2.055024072745758549e-03 4.572398169608925624e-04
1.943473736667492230e-03 4.880406571959948047e-04
1.877469684919172259e-03 4.159259091445653895e-04
2.078102048468036950e-03 4.774507568717028215e-04
2.085490615674440856e-03 4.785279227486644461e-04
1.616799079659904468e-03 4.340003673543233712e-04
1.803793484949074537e-03 5.005930140178955915e-04
1.830383399422524666e-03 4.435228185619443687e-04
2.109743510040070370e-03 4.688195136117772254e-04
2.000243528943141964e-03 4.569526031096302694e-04
1.833429736514227996e-03 4.524556931284574521e-04
2.215673229873260219e-03 4.967367838793587849e-04
2.201948913309059903e-03 4.893001977331046509e-04
2.269472711810403397e-03 5.119462143857230352e-04
2.213612960410750712e-03 4.304754216283085346e-04
1.904103475148222506e-03 4.644882471407942004e-04
2.348085766522845820e-03 4.382702667949613844e-04
2.055629069284029258e-03 4.262527805276549982e-04
1.796676709515437811e-03 4.673441132787719047e-04
2.022741866468678266e-03 4.384885910260067883e-04
1.916158701884725741e-03 4.635123837669941115e-04
1.926831441466467926e-03 4.129817380777489112e-04
2.021180262821998565e-03 5.124857613105786216e-04
1.984866399500798389e-03 4.950076477151071344e-04
2.339821101104564132e-03 5.108159399306112835e-04
2.229879587145298676e-03 4.614550741582847029e-04
2.043395154857762831e-03 4.685102335290905408e-04
1.855558946255884837e-03 4.287621924796100625e-04
1.889896306794795798e-03 3.994327942078624736e-04
1.949986080979521389e-03 5.095672353101698363e-04
1.813226755113235425e-03 4.407719937119890631e-04
1.764654219853438672e-03 4.228889835869507180e-04
2.004053377035613231e-03 3.882399409554581574e-04
1.819931121911966959e-03 4.431761992460661929e-04
1.677015037590178165e-03 4.738903989237403728e-04
1.775857296652720877e-03 3.927447757679180499e-04
1.442094653708797698e-03 4.228354933572489203e-04
2.239492815881415858e-03 4.837099953418520434e-04
2.242741733069593228e-03 4.905968296703045080e-04
2.461411747005990639e-03 4.898315251598446812e-04
1.821346046610987151e-03 4.796301567396381283e-04
2.139124803466767571e-03 4.835141952998617243e-04
2.029583721183900527e-03 4.913602409180397885e-04
1.450020014137955128e-03 4.436774934938028029e-04
2.274517254295726175e-03 4.355133083781906073e-04
1.591902700442158775e-03 4.161828447509280295e-04
2.467591046810587840e-03 4.646944963198098287e-04
1.687224334848929372e-03 4.513699841156676679e-04
2.089471527173405920e-03 4.304053941075356381e-04
1.764221579089817827e-03 4.760683484574381526e-04
1.862762102999717274e-03 4.872424321009532523e-04
2.806287964309719940e-03 5.354742906522955018e-04
1.694215308759185754e-03 4.947350617030420346e-04
2.312084829412549333e-03 4.948736924215215447e-04
1.783143041555007103e-03 5.247589948590926281e-04
2.254971657194240579e-03 5.266705025548543096e-04
