1.347235151466356614e-03 4.560113122197717735e-04
1.987640828516032843e-03 5.436012281047731360e-04
1.527008445473372654e-03 4.586285095654914603e-04
1.435754236381103950e-03 4.283786633722094154e-04
1.409839571954728992e-03 4.791545375558634566e-04
1.271761492099810712e-03 4.997447278729956997e-04
1.089144809993856716e-03 4.544178226693045691e-04
1.259974184331572218e-03 5.148877020782080755e-04
1.119203462504184295e-03 4.821756604211447977e-04
1.312400742374977922e-03 5.143446551747021638e-04
1.293871497549387798e-03 4.737255283034287091e-04
1.327339671177498858e-03 4.673114407248921132e-04
1.217889384620919309e-03 4.718799377812960580e-04
1.342271888365716625e-03 4.276715412632671898e-04
1.672220967229408198e-03 4.646306335950468728e-04
1.169043355003976555e-03 4.941717214493048741e-04
1.305988065363826662e-03 5.097832647346420666e-04
1.415496458423976976e-03 4.793974274273975710e-04
1.319903068611496567e-03 4.552094704160319048e-04
1.315466790012099953e-03 4.542318933002001771e-04
9.460716850907821074e-04 4.463669756408749625e-04
1.223810883250390884e-03 4.646719355229725627e-04
1.457366756707779206e-03 4.748534477009128162e-04
1.667160686848715703e-03 5.429232756219430807e-04
1.334982937578300119e-03 4.449060828509020953e-04
1.615928438775510049e-03 4.639556287318421417e-04
1.158730093569996979e-03 4.622417842017375721e-04
1.324783232077807876e-03 4.048809133980097743e-04
1.415383868225543636e-03 4.727949872461231361e-04
1.598755080202325781e-03 4.813067475157509884e-04
1.102530836873343197e-03 4.442776554224801529e-04
1.661747911594800391e-03 4.671648269173811962e-04
1.389846511016948729e-03 4.552068062256809885e-04
9.537267365632237258e-04 4.568199434720550574e-04
1.667510569901764755e-03 4.550130251671388694e-04
1.297508505459636554e-03 4.447461088102584248e-04
1.478315376435329100e-03 4.294981433265310906e-04
1.312257134548144378e-03 5.042215089855878445e-04
1.353317873597971238e-03 4.633548178463829789e-04
1.275161048199911426e-03 4.832935836767326336e-04
1.201569729379402783e-03 4.751514973854927015e-04
1.307971157514287858e-03 4.830851877824079640e-04
1.127098435843342959e-03 5.195371775651966327e-04
1.443101432875975752e-03 4.270982765060550817e-04
1.263740281506721104e-03 4.429246485522257346e-04
1.299104469920451003e-03 4.396380679765230187e-04
1.329055102978170038e-03 4.803681268609233564e-04
1.505170958935563453e-03 4.709029425673245776e-04
1.114315110795990058e-03 4.662143250044723419e-04
1.699227274058151375e-03 4.310906447861557501e-04
1.295010902316181059e-03 4.265541236451162767e-04
1.366406537463097379e-03 4.740413541862294688e-04
1.204627093142343012e-03 4.475130868686686943e-04
1.104697777318622634e-03 4.801437293421038964e-04
1.341026184866279339e-03 4.604647943815339158e-04
1.152033358330553170e-03 4.867207295896806645e-04
1.332262681742616426e-03 4.978275054675747541e-04
1.449768586694648526e-03 4.548573712430517340e-04
1.147114714993593921e-03 4.874333469940290574e-04
1.703705239767602927e-03 4.554634940695228423e-04
1.393444670806316069e-03 4.369899016414370086e-04
1.192757798446183754e-03 4.221532465325620329e-04
1.480877724421310934e-03 4.875664659844688260e-04
1.576381853595459469e-03 5.341721027985892696e-04
1.131134271430708207e-03 3.930959458663879700e-04
1.636074243303857695e-03 4.612936169913432597e-04
1.441631818815445427e-03 4.840093714328855138e-04
1.661861111754835791e-03 4.815073715425458576e-04
1.264898791084402173e-03 4.768813196733919955e-04
1.038982768105872886e-03 4.882972354579448665e-04
9.620363864736746666e-04 4.662387229897747148e-04
9.404292875336389386e-04 4.909980945436222570e-04
1.479819996413679487e-03 5.020003888477946258e-04
1.341671094003196512e-03 4.788648805279022342e-04
1.361968481256071528e-03 4.843212475660687330e-04
1.121085467032025646e-03 4.341162501786175842e-04
1.328563978547263888e-03 4.647785009159536283e-04
1.583664857020051532e-03 4.725737425240484897e-04
1.444967171158388804e-03 4.850280141281695869e-04
1.456656705928700878e-03 4.222079785264653325e-04
1.147087200597434907e-03 4.463416772069190154e-04
1.210789673252234003e-03 5.164867984393861416e-04
1.670367157128624640e-03 4.878447859223753835e-04
1.282011527509044910e-03 5.070915310698689490e-04
1.294548698724722795e-03 4.663156007829092850e-04
1.146281455709686646e-03 4.499423971866774782e-04
1.307196489905339438e-03 4.410425694437762546e-04
1.328377635946129034e-03 4.496442614395928681e-04
1.259384685570516483e-03 4.308849659661073716e-04
1.232794883570250766e-03 4.678908153608525057e-04
1.460416161744408419e-03 4.420160181746557275e-04
9.830146228933960874e-04 4.704807350917000297e-04
1.515442523260566911e-03 4.973125025304944019e-04
1.301707667671446597e-03 4.695160232263150858e-04
1.222218517819876563e-03 4.292147098084683776e-04
1.489870144934886051e-03 4.696607295738599837e-04
1.131828658982649135e-03 5.044980627221060804e-04
1.261046146481307161e-03 4.833157437303927046e-04
1.180812338070988139e-03 4.807519082729428241e-04
1.376413798238553541e-03 5.212345847968210795e-04
1.148588875695204584e-03 4.977698793928296171e-04
1.636954912127005579e-03 4.672327719501086956e-04
1.181585322933124222e-03 5.129630812797386511e-04
1.419289665476516785e-03 5.057869655028147818e-04
1.191974270315465916e-03 5.208782764999341777e-04
1.196754952341484712e-03 4.764676882314272015e-04
1.178558769955855923e-03 4.691926974938249073e-04
1.626695317370105290e-03 4.581986842675243084e-04
1.422320528835654008e-03 4.995300044274581658e-04
9.422489647733265717e-04 4.668776189376947524e-04
1.194944128874363522e-03 5.388577896855495982e-04
1.147704325467047669e-03 4.882973432872857004e-04
1.468600083691541137e-03 4.680120538949264085e-04
1.079281092868457793e-03 4.553995139732126721e-04
1.443436613960625593e-03 5.287876169830665971e-04
1.236959713820957787e-03 4.611232960645322886e-04
1.404843657264922847e-03 5.181950876166006555e-04
1.274143225597946724e-03 4.524053447978598221e-04
1.256013881912550634e-03 5.510643562208516252e-04
1.122318734965530029e-03 5.209550501967206157e-04
1.125509402233609933e-03 5.337035068084092140e-04
1.096998027969644249e-03 4.323516165551094656e-04
1.366018402330244517e-03 4.694580663866740615e-04
1.337929342066883354e-03 5.118280270421814073e-04
1.187260313146282220e-03 4.763189647399685648e-04
1.481644799104842687e-03 5.011053514065543077e-04
1.274146433679555030e-03 4.891753161536022175e-04
1.431731494267137741e-03 4.776974989917794458e-04
1.289744098982489092e-03 4.633150524844373741e-04
1.469758745255448544e-03 4.895262630081635355e-04
1.643461029606276338e-03 4.176066392709069887e-04
1.123635028642158955e-03 4.237608883339079747e-04
1.285338422424165544e-03 4.916567417505573892e-04
1.226898127037914614e-03 4.977335947757072958e-04
1.596314651811420529e-03 4.849575908034906013e-04
1.453429413908768810e-03 4.637670560475975188e-04
1.565809304471058863e-03 4.438166223097032067e-04
9.814589656119757349e-04 4.722335668252840464e-04
1.249592341370721294e-03 4.849659221189079944e-04
1.844011658150721423e-03 4.532092633871674268e-04
1.087875012624404426e-03 4.993528775747632913e-04
1.201196800098594444e-03 5.046482523994469480e-04
1.486087662770194280e-03 5.224324767374174212e-04
1.235692753940586001e-03 4.874031527206787364e-04
1.828979626496205716e-03 4.510577182425983054e-04
1.141948920325054498e-03 4.118056588720364706e-04
1.800354446827809882e-03 5.021974001035827686e-04
1.345434962612090469e-03 4.415011467539791540e-04
1.826656571200350977e-03 4.768992736485620104e-04
1.237169293771316287e-03 5.044110764359560541e-04
1.398970041257891015e-03 4.382227517210724810e-04
1.466505910598023960e-03 4.647448947159284693e-04
1.338911673700657248e-03 4.866225680647733118e-04
1.379313665006009961e-03 4.621857777909344628e-04
1.153819438750958029e-03 5.365960060356069882e-04
1.365127905686468798e-03 4.989905989330109797e-04
1.491429530429579011e-03 5.337102328773049619e-04
1.316948286707948041e-03 4.855939457779785955e-04
1.653403571377071862e-03 4.470317240672907946e-04
1.279195274203677457e-03 5.067068982112881131e-04
1.186928541916648996e-03 4.582796577744960797e-04
9.892090904743786484e-04 4.241466707092406163e-04
1.461212442764759896e-03 5.260073593584295090e-04
1.171482988088311424e-03 4.878288703493687938e-04
1.297432030224748324e-03 4.854133934176572528e-04
1.307499859955296153e-03 4.735484457166735440e-04
1.335420182114070492e-03 4.524582131114953396e-04
1.582420500789745140e-03 4.903461179115932607e-04
1.210807290714089679e-03 4.597553157775414903e-04
9.323525687833567922e-04 4.262628218027329123e-04
1.127311187954776724e-03 4.509896581875604449e-04
1.467664429578390255e-03 5.087012863058140927e-04
1.656278815012468281e-03 4.569906574114016842e-04
1.312524036690750073e-03 4.212192581684350012e-04
1.705794323780268932e-03 4.601104717880109590e-04
1.155731716633879528e-03 4.408440638772809835e-04
9.562634376519885994e-04 4.572030845432403486e-04
1.448631631440769601e-03 4.775546059466340577e-04
1.568078015220853751e-03 4.528447819544050793e-04
1.215726998283406116e-03 4.859986201076600090e-04
1.458430597608240380e-03 4.297595193200324962e-04
1.333718657776229981e-03 4.823608221182899315e-04
9.037621362263983374e-04 3.958889843926004216e-04
1.286582976158966466e-03 4.727514013348172004e-04
1.151339329172242553e-03 4.558373802845788443e-04
1.275392048301865738e-03 4.933058691405950869e-04
1.459816300919750554e-03 4.934733039814870326e-04
1.138477279678496877e-03 5.103608672424321232e-04
1.412465315568640131e-03 4.665354114400538117e-04
1.289082525990703238e-03 4.554738602713502170e-04
1.392848432839566622e-03 4.595383375107876052e-04
1.308986848896099295e-03 4.673424145939094275e-04
1.286284913970190281e-03 4.923194273605274599e-04
1.313313302211210681e-03 4.598078600817143017e-04
1.029986094506984366e-03 5.350798284699865605e-04
1.309817185337448309e-03 4.928680133043294651e-04
1.258081085095739569e-03 4.664574504618119858e-04
1.524472023453490041e-03 5.248309322832507085e-04
1.384681847154801840e-03 4.732463208390122879e-04
1.102146618898185550e-03 4.802677663093329256e-04
1.378377308007421292e-03 4.537036862911681713e-04
1.337143601622477369e-03 4.501534520404735324e-04
1.368656728472284661e-03 4.871320402697228158e-04
1.138867022579307352e-03 5.122045377577696739e-04
1.296175562609728875e-03 4.320974140123331987e-04
1.543977117446549644e-03 4.669969727846555213e-04
1.338037746448818375e-03 4.571896157401886436e-04
1.263530312509975918e-03 4.293624508783485728e-04
1.313608729178554306e-03 5.264658682939885167e-04
1.165319803520488808e-03 5.085681745311267880e-04
1.337320565326957254e-03 5.137138866985679290e-04
1.180814288720009571e-03 5.311780464395844800e-04
1.325994318738725562e-03 4.860839449556031335e-04
1.366574830112657823e-03 4.836476319408677168e-04
1.282721176262824987e-03 4.600024490879505747e-04
1.076394478010121551e-03 4.368459732355945953e-04
1.189893008474576320e-03 4.683174311926605656e-04
1.840585733673720569e-03 5.000257736206502584e-04
1.368033475282575935e-03 4.831957007895597484e-04
1.294956947103048000e-03 5.267789758418673718e-04
1.579971416578683551e-03 4.869267795219240540e-04
1.245755179288783121e-03 4.657590326660210355e-04
1.342571084097168117e-03 4.501398041729751261e-04
1.206308520850203798e-03 4.742214037412187735e-04
1.304267354602786817e-03 4.970050298765576243e-04
1.161719929767095639e-03 4.805402666959523268e-04
1.175487360586647146e-03 4.233304215597716020e-04
1.451428684035894166e-03 4.425937723147583928e-04
1.254610512146829256e-03 4.983835405111145195e-04
1.241016903928580809e-03 4.456132568015731474e-04
1.322229685620249012e-03 4.978500675734187425e-04
1.444052801751302857e-03 4.629784889175301166e-04
1.331882473060852371e-03 4.742223406484619131e-04
1.384468101924661880e-03 5.260717604139941673e-04
1.445574475636889501e-03 5.031865222471345114e-04
9.795093461031302486e-04 4.645818420018518573e-04
1.282592492055085413e-03 4.842410755018246283e-04
1.035505719652829665e-03 4.948908708694081627e-04
1.156906989115986679e-03 4.494713544283524508e-04
1.071930327632478457e-03 4.469201385906272118e-04
1.500539191718519919e-03 4.641653140584286758e-04
1.500765331741809845e-03 4.323111457802159712e-04
1.214679597824030489e-03 4.893412569177193203e-04
1.131191513697864335e-03 5.266237830141204911e-04
1.568692281560016191e-03 5.032227549044321520e-04
1.238841789828017299e-03 4.868836137465512148e-04
1.685653105507659531e-03 4.787913838344767933e-04
1.302172721593237515e-03 5.150923465490107140e-04
1.418996706619395868e-03 4.563155348958083078e-04
1.374324712266029478e-03 4.556749426807759837e-04
1.245816914295077866e-03 5.462007958603890337e-04
1.254131280224152819e-03 5.216560600653901694e-04
1.446537099838977056e-03 4.664812824239434794e-04
1.426625906609606557e-03 4.736109554385755467e-04
1.550320602578979549e-03 4.927699000720120372e-04
1.383173756755885948e-03 5.102274706777871430e-04
1.299737896477827330e-03 4.602904849006059684e-04
1.231568667194241637e-03 4.634043669701422589e-04
1.464966659268002874e-03 5.061998700842049170e-04
9.786235595600927852e-04 4.380184528210437703e-04
1.380964715145441713e-03 5.003369450229166798e-04
1.505745694220760262e-03 4.762608171101933067e-04
1.317664242837979184e-03 5.115098195622436433e-04
1.199449928458695778e-03 5.130918458652644664e-04
1.407652694544484764e-03 4.426565809833821023e-04
1.489710284428201687e-03 4.823187823849655427e-04
1.286167768185593864e-03 4.761331921622021695e-04
1.431697393845947613e-03 4.243214321832756227e-04
1.353523979855204709e-03 6.073433614265404861e-04
1.615811546425651888e-03 4.401463286027211346e-04
9.195214844390003830e-04 4.651136344962640860e-04
1.305544663134543650e-03 4.280508382842441268e-04
1.027007312778977985e-03 4.698696251916397067e-04
1.391031691608674882e-03 5.263806795423096960e-04
1.210699760568083099e-03 4.640427506204215726e-04
1.429534438778289193e-03 4.916130274820049639e-04
1.289184747770505748e-03 5.345687987858061853e-04
1.253606244590799862e-03 4.339147721137352862e-04
1.174776518956528997e-03 4.816341813763357614e-04
1.522569400479059946e-03 4.549776935478584304e-04
1.359265142435326897e-03 4.465814917802764261e-04
1.282348484879549918e-03 4.229301283981129608e-04
1.350460664542607082e-03 4.660094479724388511e-04
1.527700958738687290e-03 4.954467121574955991e-04
1.342452911605981295e-03 4.651499216302449821e-04
1.537216002968766612e-03 4.562340940821915506e-04
1.131111776804426304e-03 5.065445008493342765e-04
1.552679310142462445e-03 5.560609237829727911e-04
1.389855839121500536e-03 5.462718825052671886e-04
1.186907587273621726e-03 4.840088578838541971e-04
1.170089475806825388e-03 5.008778645159676522e-04
1.480748784648713672e-03 5.064664895236619616e-04
1.329870566078848000e-03 4.998493952063841296e-04
1.287718961244503461e-03 4.814162125027300664e-04
1.359727180119971049e-03 4.716500420916587165e-04
1.416592661119783422e-03 5.283631170981249346e-04
1.559829548475353015e-03 4.848526843379578552e-04
1.242417951715839818e-03 4.869897458854827816e-04
1.355495472165329802e-03 4.933034059025799426e-04
1.226542202810886094e-03 4.821185233092177037e-04
1.297899872870059363e-03 4.338632474063522306e-04
1.423694811800803317e-03 4.713901349577040542e-04
1.330735266138518766e-03 4.754346913077771384e-04
1.045812587966069192e-03 4.991279007371341109e-04
1.445550072924585081e-03 4.928309244941474513e-04
1.238525396638757731e-03 4.878244093111831835e-04
1.378956814323200209e-03 5.323283408200999963e-04
1.136343701449690378e-03 4.980901107347001332e-04
1.222781182325445148e-03 4.753424063214814151e-04
1.114162694049166151e-03 4.332465501290882039e-04
1.198086473561169778e-03 4.674195303968067751e-04
1.237278493136325253e-03 5.080367600222233373e-04
1.337031385182240947e-03 4.765996586805381946e-04
1.255706939817008384e-03 4.745403191497771559e-04
1.430252981808377132e-03 5.523741463580440726e-04
1.255496108575863187e-03 4.962130864255151963e-04
1.360345822339397966e-03 5.473204716925949339e-04
1.382644925330798894e-03 5.169212956899138988e-04
1.375346011131726347e-03 4.515126012601261563e-04
1.401077626702256418e-03 4.722114026265841953e-04
1.473569819073865684e-03 5.213255060185001052e-04
1.049546877898763827e-03 4.775777338957272553e-04
1.377363831438070674e-03 5.187691185990614320e-04
1.288603715555280754e-03 4.538044466629409892e-04
1.420234728628853469e-03 5.043961837409846128e-04
1.538046753526837226e-03 4.672663168066952251e-04
1.275587274037764821e-03 4.894645958948017116e-04
1.265515228292790314e-03 4.191028510490434934e-04
1.172897306701809785e-03 5.575485118529346527e-04
1.522073865177285589e-03 5.091762519653333279e-04
1.044683630633170277e-03 4.860298836179899936e-04
1.077425560718227836e-03 5.257445403776826775e-04
1.186933841435047982e-03 4.835434912826334052e-04
1.220776504317907987e-03 4.405276657163750029e-04
1.429241752841385301e-03 5.648777885614385654e-04
1.221221932622179769e-03 4.625427030282739738e-04
1.074898808316135292e-03 4.686519438059949419e-04
1.031497000578376465e-03 4.603809178676092633e-04
1.249601390246102717e-03 4.965923647599805937e-04
1.014962753924269047e-03 4.778223843789406572e-04
1.027441076013640509e-03 4.435457929597743363e-04
1.542717900998614999e-03 4.912984359028485775e-04
1.571011572701767499e-03 4.317403015093896766e-04
1.178822047707902025e-03 5.523862065673722363e-04
1.302472620428282799e-03 4.795496966258946231e-04
1.323125725012261463e-03 4.919002162683585580e-04
1.312208036984731287e-03 4.651805290092562561e-04
1.253035476185061217e-03 4.682267369498822212e-04
1.166796376578728162e-03 4.732147204841643130e-04
1.317019376385411772e-03 5.082262915677528744e-04
1.578737336503115932e-03 4.688555225933414947e-04
1.275843958510364641e-03 4.988890477494837021e-04
1.207860376516052764e-03 5.045950918625870252e-04
1.313352275411548654e-03 5.319291639373967479e-04
1.310166848846993541e-03 4.835405859855942718e-04
1.384553531588378740e-03 4.280644010685072626e-04
1.135199869432611556e-03 5.141152702227221212e-04
1.566483980572063893e-03 4.412518033054830939e-04
1.335020768548968303e-03 5.288531342138132673e-04
1.478655429562759438e-03 4.706758188111760774e-04
1.393566328070043950e-03 4.734534685527727344e-04
1.093619116457426052e-03 5.215942679521622018e-04
1.272885648539988498e-03 4.129957164259846574e-04
1.260263474472178525e-03 4.854991029637990211e-04
1.310623082311880745e-03 4.700968857510024715e-04
1.111322387331296251e-03 4.666986033598085498e-04
1.212864635276932317e-03 4.405120779558790024e-04
1.070546067989334342e-03 4.438957531904233109e-04
1.420832585577778669e-03 4.941909233536613631e-04
1.320268181480300498e-03 4.957611709680834937e-04
1.060826710976460604e-03 5.055612276098472770e-04
1.207307404357548224e-03 4.477535614659185789e-04
1.414382861742537840e-03 4.640426186722541738e-04
1.579301684634931615e-03 5.298906585323214305e-04
1.587253416291600858e-03 5.018173383784766024e-04
1.348168042828216950e-03 4.947591942141438964e-04
1.243510083532920136e-03 5.414420933633672193e-04
1.310998381687027972e-03 4.809200729028868760e-04
1.332191749591309527e-03 5.066333280745548675e-04
9.544450105808065764e-04 4.865276182421321839e-04
1.451832718088030784e-03 4.676649488600999349e-04
1.508842737310933484e-03 4.738338418195170367e-04
1.121425123134950049e-03 4.400941027496753908e-04
1.172840696657589769e-03 4.433323746495607272e-04
1.293435833106575811e-03 4.666848807256234865e-04
1.316111928773394581e-03 5.526707111743229964e-04
1.225044795028666167e-03 5.616828612061452227e-04
1.379069417905425237e-03 4.909348201020134793e-04
9.725079695847362342e-04 4.797803194066559270e-04
1.277398670002915897e-03 4.730427285621737138e-04
1.711116422292828900e-03 5.267608578215276019e-04
1.437286951096339565e-03 4.892495102453847666e-04
1.513024161945976344e-03 5.187141455287176380e-04
1.315184414284347987e-03 5.081423020468505856e-04
1.122030415802469485e-03 5.452932841410271930e-04
1.410787368602863879e-03 4.644831829336321821e-04
1.434478594333327660e-03 5.382849391713756364e-04
1.513316220701610643e-03 4.976105451037996646e-04
1.268778587410435968e-03 5.301595447849972694e-04
1.468714278010729542e-03 4.477143033812619965e-04
1.250398474761832282e-03 5.066982954916839435e-04
1.407870642709583122e-03 4.735200545245118651e-04
1.488348228887361770e-03 4.239422017757502026e-04
1.062248092978667312e-03 4.568967451606044828e-04
1.198723504841406806e-03 4.661025323860967730e-04
1.093146183488447228e-03 4.634784794671585996e-04
1.484041608897127126e-03 4.708364661433607577e-04
1.218257011608000736e-03 4.635014716402829330e-04
1.082229272432949771e-03 4.641904467413601721e-04
1.231848604604736516e-03 5.295929565372214541e-04
1.624476773317215517e-03 4.440914923709947523e-04
1.399553446946964460e-03 4.833173142669798246e-04
1.505622054889761436e-03 4.094121003961116202e-04
1.382130340869990081e-03 4.599714970160372041e-04
1.391481382624661523e-03 4.987870384877948673e-04
1.411894313942119389e-03 4.964506930356749146e-04
1.263171484624850448e-03 4.648651538732215802e-04
1.450003082206059507e-03 4.749837324028834606e-04
1.299716469361776898e-03 4.510770421467678241e-04
1.422304553025951525e-03 4.958495153419404831e-04
1.088090091316721436e-03 4.740547689758648213e-04
1.349557441419417438e-03 4.502770899964993060e-04
1.356993683354350668e-03 4.786208562484175685e-04
1.331017861566094387e-03 5.179885817986825151e-04
1.726586518219198245e-03 5.111737282414128853e-04
1.623948831611019689e-03 4.345531063135622948e-04
1.007280388645856103e-03 4.424014081086910825e-04
1.289312411641309938e-03 4.424840477418006258e-04
1.254520069813258327e-03 4.643835833962992759e-04
1.489776442188591897e-03 4.707983220943996283e-04
1.693712418642641599e-03 4.887652813124753219e-04
1.244326553882389849e-03 3.921222767212956283e-04
1.178013914378582723e-03 4.656281445054441179e-04
1.414557665398597864e-03 4.351933424819312210e-04
1.316393717845989802e-03 4.744128965899506770e-04
1.405189474143050390e-03 5.091919617136299401e-04
1.272483665219314997e-03 4.550825389522935378e-04
1.431730399041328825e-03 5.639182212712313220e-04
1.510117219356257173e-03 4.894486817353952074e-04
1.507154336248381268e-03 4.674547394877708365e-04
1.305731994602146815e-03 4.888744741256019878e-04
1.359073833028220978e-03 4.602819863533591169e-04
1.260700003849695968e-03 4.375600583921727483e-04
1.292288868926007046e-03 4.763867132952508024e-04
1.064805171249559286e-03 4.821958730588032449e-04
1.180382445520168069e-03 4.387882056345549712e-04
1.370658011329532007e-03 4.535725181795144476e-04
1.243057889629582994e-03 4.791426771133774128e-04
1.143188703021094958e-03 4.806050337883820828e-04
1.625802117897057544e-03 5.104700787075243948e-04
1.178720271429733145e-03 4.785625121986024095e-04
1.087225961679885939e-03 5.294138640774847561e-04
1.016041915704957253e-03 4.701680897801208668e-04
1.118875469816279491e-03 4.851855854312283538e-04
1.248272786008086015e-03 4.627924484538234028e-04
1.310574512366747667e-03 5.111009135876140976e-04
1.225620508408780535e-03 4.656018067270304502e-04
1.365654794519520271e-03 5.117358116161613551e-04
1.103286538142685992e-03 4.633096602938206157e-04
1.430161597077662591e-03 4.914644308332280845e-04
1.439186334394164336e-03 4.285249340949480977e-04
1.211986927042702335e-03 4.626293532210104292e-04
1.214546374495471467e-03 4.740291602730806121e-04
1.045627514754125754e-03 4.775837706811053161e-04
1.390769623477338584e-03 4.624740404823802966e-04
1.419629703719722628e-03 5.352345062331879564e-04
1.386774512031141784e-03 4.949677291829399604e-04
1.416981452112053841e-03 4.824855098822209169e-04
9.989250477364804669e-04 4.589769246516367160e-04
1.179607138082128248e-03 4.718485037078235791e-04
1.391483534840071102e-03 4.781789692579863733e-04
1.141659520011001003e-03 5.316909673569645244e-04
1.377430032724159120e-03 5.060856876212272955e-04
1.495134156303821625e-03 4.939971101944614458e-04
1.498797839099758273e-03 5.490707954338528178e-04
1.410415795864943325e-03 4.948516440672219010e-04
1.107550078777135537e-03 4.490349391071059466e-04
1.304704524036450148e-03 5.298277926012827507e-04
1.412927050759174010e-03 5.303510763516932833e-04
1.466201074768270444e-03 4.949241996175092560e-04
1.391111491464523588e-03 4.753465795624382145e-04
1.169594798600525265e-03 4.771100149206195266e-04
1.240173813344246350e-03 4.220270394764328139e-04
1.214013138264869503e-03 4.479819914173589269e-04
1.283813809506734399e-03 4.528260706986367550e-04
1.398848263680961676e-03 5.254342644794394047e-04
1.265629412617147150e-03 5.270959503589008359e-04
1.333781395863980297e-03 4.590541388781903330e-04
1.507784601165635145e-03 4.998516062721699953e-04
1.288460466277815573e-03 5.164679881612750829e-04
1.352572341850485438e-03 5.156607335424589047e-04
1.389192798891908170e-03 4.254671540618001663e-04
1.524259098516178535e-03 4.507114970639709991e-04
1.288853954286467082e-03 4.700624378551977777e-04
1.075099907408422857e-03 5.139721856757901910e-04
1.450202829762362814e-03 5.324378937336560636e-04
1.209262545425531139e-03 4.910125314268495552e-04
1.518800978210587023e-03 5.116490579018327222e-04
1.385737632296387724e-03 4.825142510630693366e-04
1.032764394710814848e-03 4.595379668269323039e-04
1.287434219171054196e-03 4.692111500179848823e-04
1.137920486337641980e-03 5.195575079391581003e-04
1.092716692001799265e-03 4.764841559672969122e-04
1.489098162623812751e-03 4.643412036607023484e-04
1.113814944273034194e-03 4.853794081395672029e-04
1.428049005809395094e-03 5.562762072629937396e-04
1.270113242556438057e-03 4.632101957150710808e-04
1.438412215108357149e-03 5.233202595980348789e-04
1.470371027377380792e-03 5.355097572592001009e-04
1.377108936282090204e-03 5.142200519454417831e-04
1.348079015882371230e-03 4.891222793896970707e-04
1.538049877256951426e-03 4.965971046693415424e-04
1.176216442686872296e-03 4.997365916595467418e-04
1.471666592544526846e-03 4.866731741134168476e-04
1.317228378866915420e-03 4.927058692354018303e-04
1.414518905540165230e-03 4.232308475658973744e-04
1.462435539456494226e-03 4.807855894179274012e-04
1.388389562036253765e-03 5.291796022060625332e-04
1.325311027024930061e-03 4.682181885226876497e-04
1.287865303787186612e-03 4.536824792312125587e-04
1.380784819328668847e-03 4.907210174111547186e-04
1.582347559698041176e-03 4.555393609361766479e-04
1.567139268593291650e-03 4.516693289880780197e-04
1.044765489797517231e-03 4.763443930792170895e-04
1.378891369270842564e-03 4.165731325784262080e-04
1.753469278230373758e-03 4.898174568361786168e-04
1.281070256546964917e-03 4.374378291427248491e-04
1.430497812169197972e-03 4.611561153670253412e-04
1.231192758138593664e-03 4.671890566366325198e-04
1.254497624091856570e-03 4.688378884039314724e-04
1.169367709541391069e-03 4.988706454040826074e-04
1.106584450819766367e-03 4.702256831026177704e-04
1.097838461504369728e-03 4.506547652506744995e-04
1.342832667564962260e-03 5.061752972064476963e-04
1.433007696472450273e-03 5.080335835199113921e-04
1.260237782071788395e-03 4.824286825214963207e-04
1.393525991682588536e-03 4.791081728110335031e-04
1.375510641201947801e-03 4.748088925417291218e-04
1.197026486997893741e-03 4.808241233615302766e-04
1.038130772045265130e-03 4.777729525803594873e-04
1.360563096678149390e-03 4.727111697511278215e-04
1.345484069075982437e-03 4.592954015668968947e-04
1.250283843036212707e-03 5.476211339123774778e-04
1.097638379452215915e-03 4.648972044332466214e-04
1.165466315058333140e-03 5.274010579877625284e-04
1.348587348639582314e-03 5.231987299799461741e-04
1.388804499065130578e-03 4.907049806668698768e-04
1.166047984236561093e-03 4.757108486175199076e-04
1.744231151285095946e-03 4.829189137013381551e-04
1.280666608928226168e-03 4.302445758409959085e-04
1.083260962540974178e-03 5.159994955557268290e-04
1.314442817062289005e-03 4.955627672481477831e-04
1.382100335160870884e-03 4.488841464708230805e-04
1.325180238597167218e-03 4.366087062109108813e-04
1.252737047659759680e-03 4.959526023768299737e-04
1.373214083464815993e-03 5.048977050845743046e-04
1.307519680743483761e-03 4.959914941841816289e-04
1.360712427535789790e-03 4.621482362258588685e-04
1.307304565460779347e-03 4.675441272120138395e-04
1.668221467977260355e-03 4.811039735466922417e-04
1.367825875166202342e-03 4.822337500344583039e-04
1.247024698202846239e-03 5.002723348795566584e-04
1.397262039080447238e-03 4.258245234529712837e-04
1.381489978304579558e-03 4.915212711786254253e-04
1.523038045645100109e-03 4.172326760781784865e-04
1.385689567931347411e-03 5.508952076822748369e-04
1.471359461035395833e-03 4.540874971728361487e-04
1.434998171515963154e-03 4.603311212659904890e-04
1.164318686506293993e-03 4.804702277493569569e-04
1.476629557919432144e-03 5.154455956552810763e-04
1.474618012272207578e-03 4.811767042185374765e-04
1.243549342444177442e-03 5.235428594524486586e-04
1.389167098221685305e-03 4.585645713637988936e-04
1.383860437862809807e-03 4.646609662674430524e-04
1.386033971109212198e-03 5.045858604934803926e-04
1.163529591641198442e-03 4.556544089927965510e-04
1.105953098825440467e-03 5.254516499099103066e-04
1.174513859382038698e-03 4.169518696736332786e-04
1.260849606276975322e-03 4.761148144432409595e-04
1.395003680805493272e-03 4.651465790982545331e-04
1.219383412325896832e-03 4.356859207603956089e-04
1.234558295362463837e-03 4.407288908183214378e-04
1.230356421335320307e-03 4.947059329984293975e-04
1.217424680060975569e-03 4.788316769135644098e-04
1.193094402668360039e-03 4.792439625217532920e-04
1.361808651276317323e-03 4.573452316009988562e-04
1.541984904353707738e-03 4.379128221713871148e-04
1.549889287902688059e-03 4.938697350870828624e-04
1.280036680429620871e-03 4.825621995475632255e-04
1.259142922295784653e-03 5.422752705225388804e-04
1.296842168344327717e-03 4.845743590795579029e-04
1.159802983956007526e-03 5.200993785106834038e-04
1.208118048121104319e-03 4.668130552943843643e-04
1.331248674417303624e-03 4.779775504795127027e-04
1.141322017286363266e-03 5.550731263346336212e-04
1.286226150602746542e-03 4.933642819158782708e-04
1.242980194514863935e-03 4.496898121831829280e-04
1.576053459343395354e-03 5.307997152197016988e-04
1.096114776170212333e-03 5.261309847598732341e-04
1.371670972269087687e-03 4.166640477340243821e-04
1.352940112015347694e-03 5.209569772849236046e-04
1.457186798728429822e-03 5.334528407114788552e-04
1.297015717185594870e-03 4.811054728743498752e-04
1.344540106934319227e-03 5.238064991115343617e-04
1.203506927988445439e-03 4.642959693083769301e-04
1.391097244608765745e-03 4.911960766749790333e-04
1.067725109139834594e-03 4.631107066275159164e-04
1.280233243563945250e-03 4.441654257667525295e-04
1.128859837395606051e-03 4.708538789777563295e-04
1.558308287280522073e-03 4.784320369174769314e-04
1.566007915385375692e-03 4.996597866493443594e-04
1.362572331040736752e-03 5.118705875378205773e-04
1.613675895035004840e-03 4.739862085450242111e-04
1.471934826818116623e-03 4.883644889841392330e-04
1.308173605169427956e-03 4.634267664821175399e-04
1.278569172168738700e-03 5.222997664389669205e-04
1.224611050667775329e-03 4.570437445822833839e-04
1.104409133151209232e-03 4.396448590333393563e-04
1.245482747917109334e-03 4.651397518300548028e-04
1.127695531327475463e-03 4.553555014050152247e-04
1.273720901762427637e-03 4.938971955579726791e-04
1.548449744879152419e-03 4.679709447937566375e-04
1.282504003547900971e-03 4.953113812972064975e-04
1.140103981071833314e-03 4.943075619712809614e-04
1.308747452055683980e-03 5.025246403279378781e-04
1.406866867941337397e-03 4.752565667592484919e-04
1.101048824000504418e-03 4.782331460488550303e-04
1.302761240471597866e-03 5.211823706799314365e-04
1.464687556742708032e-03 4.557133846354563577e-04
1.275049107969866442e-03 5.183784391447199399e-04
1.214594846601008311e-03 4.612299024858371589e-04
1.042289503487258242e-03 5.232420821617778583e-04
1.014962263908849747e-03 4.580108031665772053e-04
1.269376001624380980e-03 5.012685045922768423e-04
1.674071469846969773e-03 4.690135856581406941e-04
1.436344060510453624e-03 4.217959842606286576e-04
1.531325036248718701e-03 4.897644329367450023e-04
1.316416745058334196e-03 5.093935900208563031e-04
1.587443766666665930e-03 5.053840767441858742e-04
1.289727683136358740e-03 4.574005969762499598e-04
1.533795479545627940e-03 5.138787448217197644e-04
1.562449535142462287e-03 4.927324615700631608e-04
1.324534900765635516e-03 4.433420643798430890e-04
1.287115261014922050e-03 5.601404327848862573e-04
1.389098308397434395e-03 4.179098181423391407e-04
1.690930268484298589e-03 4.962755677383813872e-04
1.594126409566721646e-03 4.873249942693796358e-04
1.172616129675187061e-03 4.746155349497861373e-04
1.323292180200039353e-03 5.187391393663785127e-04
1.311010889658787001e-03 5.615688472686261633e-04
1.184202858885343140e-03 4.587625658450501060e-04
1.372242809864864920e-03 5.018825974843529446e-04
1.406406593425687515e-03 4.895472423309893753e-04
1.308209621820377372e-03 4.629367717221092313e-04
1.613841591512969222e-03 4.639027893219810177e-04
1.335221179818938536e-03 4.338777212346637277e-04
1.125292736833127024e-03 4.896336035417346621e-04
8.115243460940390523e-04 4.368551790987170759e-04
1.368977866168642407e-03 5.438872662898622907e-04
1.087286984386776978e-03 4.778092021086926210e-04
1.388544769594246640e-03 5.052453723878334380e-04
1.310430820353224819e-03 4.961049823178788733e-04
1.584392694486330862e-03 4.592352828869243381e-04
1.674297216597544092e-03 4.948237514280005812e-04
1.594814072193847425e-03 5.087208006407653235e-04
1.192759642445457126e-03 4.678089257391006154e-04
1.536415611298776315e-03 4.634838917102252929e-04
1.624948260683054110e-03 4.709169375547441697e-04
1.700741559178638044e-03 4.848163563176709537e-04
1.307314055448566270e-03 4.745600818789331142e-04
1.146642718416943790e-03 3.998638753415130627e-04
1.241682407521363038e-03 4.677959996324109349e-04
1.463503991209306370e-03 4.897018748657927046e-04
1.755419964844500118e-03 4.670934362289300081e-04
1.337113283704145696e-03 5.084546105314194549e-04
1.211521839720925949e-03 4.749318992801556012e-04
1.485987323023584038e-03 4.436339622456721664e-04
1.125641739185632333e-03 4.213204595875168993e-04
1.283795745833893678e-03 4.630299144384523156e-04
1.326078787128711018e-03 5.088274610600670772e-04
1.125987494095081424e-03 4.470333014003260302e-04
1.307644903677299174e-03 4.416494071431162176e-04
1.186166339190353972e-03 5.086202301874269459e-04
1.419207673583257117e-03 5.079641480987924160e-04
1.105276658799367795e-03 4.443454631905891438e-04
1.173935577987397609e-03 4.497932593901908939e-04
1.531368390426523542e-03 4.314472123716905504e-04
1.449644319619250053e-03 4.645740613903406608e-04
1.437080620320989755e-03 5.234059565668170832e-04
1.266340768635858000e-03 5.058917850448327010e-04
1.406142056936338655e-03 5.105876177601693629e-04
1.101086840259578314e-03 4.500868279411606582e-04
1.330737912783609570e-03 5.456846517855007362e-04
1.104056016075061165e-03 4.421280572984650375e-04
1.186280713791802851e-03 4.511646584936397620e-04
1.108442307124291341e-03 4.735615063263046154e-04
1.614375630286692337e-03 4.495024166704099334e-04
1.259725001891762305e-03 5.251358876107647608e-04
1.194235116779032713e-03 4.951035340375637295e-04
1.629282484118997837e-03 4.806922826537957799e-04
1.414245537675974879e-03 4.999261246149532684e-04
1.271434673675503075e-03 4.599019050179747599e-04
1.140506408330251671e-03 4.849235794299651143e-04
1.216773861189039772e-03 5.347800905347104786e-04
1.293411625440674681e-03 5.117772511482050323e-04
1.274297304648460728e-03 4.220457408407329598e-04
1.210689780935680308e-03 4.339757563119078679e-04
1.116081750007413050e-03 4.352032001996808896e-04
1.320913399493622810e-03 4.648439597516105365e-04
1.441347821800951015e-03 4.866305471698482705e-04
1.185051048364975336e-03 4.640027081323151899e-04
1.216140878034685209e-03 4.619163207846977283e-04
1.143044434616875002e-03 5.104914071250656092e-04
1.640912960491065602e-03 5.115001922918311315e-04
1.495186858222931868e-03 5.212362968581018023e-04
1.252627527848368394e-03 4.438592572266782240e-04
1.206812949695321765e-03 4.923982127904210368e-04
1.259867782087977731e-03 4.736801239309967361e-04
1.572790010542593833e-03 5.906685892978636842e-04
1.315477824605344303e-03 4.603295825153057839e-04
1.211786369698875099e-03 4.689593402068614010e-04
1.544684647838534498e-03 4.492472808676756918e-04
1.330567643357243295e-03 4.959845062523493813e-04
1.283152106685876573e-03 4.506284221984924849e-04
1.338881684616613716e-03 4.629022852207106639e-04
1.169731847229804351e-03 4.708397328824100560e-04
1.152837003726020666e-03 5.028746176666237366e-04
1.018583162625136870e-03 4.490366690070708667e-04
1.283748774857357234e-03 5.249113656778430165e-04
1.449220978503586079e-03 4.988292583442098527e-04
1.260446502885975619e-03 4.147085015957909589e-04
1.521568878010879765e-03 5.013009551109942966e-04
1.230720812915022874e-03 4.610840877688245488e-04
1.408759624579375945e-03 4.520199794708913395e-04
1.383069050831276696e-03 4.991868042445237212e-04
1.520455074298390557e-03 4.366032271920261857e-04
1.432171382557354163e-03 4.741843191542875237e-04
1.254003797408082118e-03 4.495645547556533688e-04
1.594671201527569785e-03 4.751976090700903805e-04
1.249295993541650086e-03 4.927723583574254848e-04
1.563300457334815740e-03 4.851442689798019349e-04
1.495581356557549712e-03 4.554592550274674779e-04
1.433974612626280620e-03 5.050042072545922640e-04
1.169368627255488275e-03 4.641816772307228692e-04
1.125052040413125403e-03 4.754696141681399673e-04
1.299570050187287377e-03 4.757523554241787169e-04
1.352735699750286019e-03 4.454217527277398833e-04
1.063941050951988394e-03 4.548420555181980642e-04
1.026960455032569072e-03 5.539199071953149027e-04
1.577856118557354565e-03 4.686307301320614634e-04
9.383299133437563192e-04 4.557581834203449484e-04
1.500712378985986440e-03 4.786564528796231183e-04
1.249814050345135312e-03 4.918475417414806773e-04
1.790610741211620498e-03 4.994875004320642334e-04
1.656005299015859272e-03 4.938009345297754730e-04
1.542555620793294299e-03 5.049915664784334875e-04
1.415650886899638434e-03 4.776247515442706704e-04
1.263771991532911020e-03 4.373494706014609203e-04
1.228390713672630318e-03 4.873963807000866559e-04
1.138243251048263712e-03 4.607440190644961488e-04
1.344504151017555721e-03 4.553312000796051274e-04
1.065363865334465051e-03 4.144812768066942835e-04
1.261754673935072159e-03 5.017340654449911055e-04
1.612519133794947102e-03 4.547893616886380095e-04
1.309790609872156161e-03 4.474193196297794107e-04
9.885736465950131779e-04 4.829316185766134627e-04
1.408363635822264346e-03 4.560837628729971717e-04
1.166641566762600122e-03 4.569455564135445217e-04
1.160643023792616363e-03 4.529064001601231263e-04
1.201161630138922447e-03 5.119961889864125875e-04
1.186524969322931382e-03 4.622252916683786041e-04
1.350269046773996864e-03 4.502367978437173254e-04
1.395440991400150954e-03 5.054480097322860792e-04
1.301242156567850895e-03 5.039710362181214686e-04
1.329438346768714281e-03 4.854224943778624344e-04
1.104532918294638113e-03 4.292268173452345710e-04
1.197295638740274127e-03 4.826898603580962485e-04
1.404831838918626022e-03 4.933768140111548283e-04
1.549622182397641977e-03 4.122289073145873916e-04
9.870789272140964750e-04 4.464693866449162898e-04
1.242427646669271891e-03 4.438493022494641844e-04
1.512705986642641541e-03 4.300314669820055717e-04
1.327240202499812638e-03 4.567374010229824821e-04
1.327118047455401982e-03 5.163296376361263497e-04
1.351870196829926514e-03 5.167692081522286740e-04
1.463222040162367706e-03 5.119868580522252740e-04
1.499548807355167383e-03 4.628493371561312334e-04
1.351314657590697117e-03 5.553592790344066442e-04
1.432509382909701338e-03 4.531085830585107328e-04
1.381378177804920256e-03 5.640486382802300386e-04
1.349172406573154528e-03 4.829126646689217901e-04
1.431071841314260134e-03 5.018200697128229063e-04
1.242075116709735229e-03 5.203382586214383562e-04
1.191630038557053763e-03 4.327047064020670590e-04
1.237198417163936975e-03 4.568272105298820836e-04
1.113561777436415049e-03 4.696261545396878019e-04
1.354662905537122033e-03 5.147209294238079677e-04
1.347724399258288554e-03 4.801515983266468044e-04
1.618206350399563603e-03 5.022785108982520804e-04
1.319578971992110567e-03 4.979939626715460628e-04
1.083143039746332914e-03 4.445229936534764322e-04
1.465456501311470381e-03 4.816161996572679641e-04
1.218445641172690537e-03 4.620965162170580882e-04
1.313707811099759518e-03 4.956449121339222665e-04
9.263372734594783192e-04 4.646963269656608289e-04
1.647568573518142562e-03 4.466955185258818370e-04
1.468093900573131869e-03 4.830409222821683982e-04
1.473058962134070077e-03 4.901676403801089781e-04
1.025449548382273944e-03 5.384951077637705093e-04
1.093159426577535679e-03 5.005265724549140365e-04
1.321780894109103209e-03 4.518417748054678038e-04
1.261340083761399843e-03 4.409692811723504705e-04
1.292564653733711431e-03 4.644633624124290343e-04
1.382257167191894244e-03 4.177047356296615397e-04
1.369105378377319946e-03 4.844615169688916813e-04
1.327664723382392499e-03 4.810942324681119248e-04
1.268733236375352421e-03 4.720216037757192940e-04
1.522213804020164808e-03 4.738398962544352385e-04
1.343575982613737186e-03 4.859804753060875172e-04
1.093877074166720552e-03 5.141678020696671377e-04
1.466378857652085588e-03 4.974454273988694478e-04
1.279273760174898765e-03 4.584982220546517931e-04
1.363710248813272902e-03 5.259255171786844305e-04
1.083028272610270498e-03 4.681338499427608376e-04
1.491893866571723445e-03 4.664311995974622089e-04
1.347004108604639558e-03 4.803016225364115078e-04
1.398231706107594700e-03 4.980097494122061146e-04
1.308433381387990755e-03 4.962992129932710913e-04
1.216697250986458053e-03 5.238974900867184427e-04
1.394102909420242816e-03 5.241391455823992893e-04
1.563425744107408734e-03 5.098033369176746109e-04
1.301432292946322735e-03 4.491621505021568730e-04
1.172302425663553733e-03 4.617166602824947317e-04
1.604050043042215936e-03 5.238549856560627662e-04
1.431266317178951772e-03 4.494741631767921737e-04
1.278118521132294615e-03 5.191581905824171764e-04
1.344484728153167710e-03 4.938062060284314657e-04
1.567464728792223585e-03 4.582976700924545942e-04
1.321973651375911267e-03 4.830275816630103143e-04
1.533134659297117567e-03 4.558873682548567107e-04
1.227415911111039409e-03 5.054096924313963585e-04
1.465160439507978913e-03 4.792526878493098439e-04
1.367480270996266354e-03 4.473829259332900228e-04
1.327573226465713447e-03 4.470691038519106035e-04
1.249554973783956842e-03 4.512926847398032715e-04
1.057941362926583927e-03 5.266401458178381501e-04
1.532527238120943644e-03 4.389282742625040881e-04
1.569964175940154888e-03 4.731660769713754160e-04
1.317998055097240268e-03 4.581689841621398667e-04
1.463037780204069684e-03 5.049143519119805379e-04
1.203873202556337424e-03 4.815790943659610003e-04
1.258634139727250831e-03 4.714439445128591386e-04
1.019297034827435378e-03 4.396979520295522131e-04
1.241786474158103771e-03 4.443123453072888229e-04
1.331888977282438173e-03 4.860951994501162810e-04
1.361951701618130698e-03 5.065644073803957309e-04
1.454669320828271733e-03 4.651184002586751499e-04
1.504298739279152919e-03 5.013915638055075003e-04
1.256508374647886863e-03 4.777364309857767247e-04
1.219447643243315189e-03 5.940657551069142370e-04
1.465784641559841851e-03 3.877700145174849881e-04
1.323817198060398730e-03 4.366982586969026165e-04
1.237939739992407161e-03 4.740053896639267756e-04
1.165471309059077547e-03 4.644447724143993691e-04
1.240082259832005511e-03 5.300695328788765327e-04
1.634452247532457636e-03 5.262367999199789098e-04
1.486068824887073255e-03 4.464638401656064359e-04
1.257622059864481768e-03 4.878965626586961434e-04
1.098817193573960226e-03 5.259068194677293806e-04
1.215429230997961286e-03 4.663999085287265801e-04
1.409256519701990651e-03 4.560992298897421828e-04
1.206138223821939109e-03 4.816066707805058303e-04
1.355066829967337518e-03 4.741677226295438791e-04
1.240508818300791035e-03 5.019916864581327673e-04
1.247408956962836645e-03 4.752774012898272919e-04
1.283948335264623822e-03 4.904315095812812999e-04
1.210883130820781563e-03 4.890060541924999343e-04
1.335252779313180491e-03 4.848886024381318747e-04
1.165262350024637338e-03 4.979789037105685585e-04
1.138051623610336063e-03 4.560199028867465950e-04
1.071682236756800813e-03 4.662391562399519854e-04
1.389818087166376243e-03 4.898269780002146223e-04
1.314966336513230354e-03 5.081180058848795006e-04
1.440176404451762055e-03 4.686494653581151255e-04
1.439657853346817474e-03 4.599123845090021499e-04
1.411851933345666370e-03 4.743482238474087411e-04
1.340872166748672926e-03 4.333119368522112859e-04
1.753384541087960220e-03 4.298938688622724251e-04
1.294765144513534624e-03 5.114326568263355410e-04
1.306075083927565059e-03 4.914186553801423848e-04
1.157743221607875853e-03 4.471870099623783475e-04
1.455190130589433667e-03 4.591409099649116071e-04
1.302220601640522108e-03 4.800442080959428214e-04
1.492068977372675237e-03 4.601113528362735716e-04
1.426025931040900011e-03 4.745171779544804535e-04
1.192450259638530357e-03 4.877725161800608032e-04
1.604610162958570920e-03 5.268542705908035558e-04
1.345433484707693299e-03 4.928524200711670907e-04
1.226801307094320913e-03 4.184057423251590817e-04
1.275163479943392702e-03 4.304461504243242741e-04
1.105580946976463495e-03 5.048727910155368856e-04
1.405891017160204723e-03 4.781228958850557978e-04
1.024948969579911936e-03 4.757384557038432226e-04
1.580694762865947822e-03 4.154492393464977802e-04
1.597168412432798572e-03 5.374515898547111781e-04
1.786399156605529906e-03 5.142288312771224786e-04
1.148902444231657142e-03 4.949502978671395598e-04
1.553028929040143344e-03 4.694964333034745002e-04
1.370731087035562817e-03 4.239531474880944080e-04
9.528714917771637961e-04 5.008669984762513169e-04
1.257629715907872606e-03 4.515118833979790973e-04
8.813272576781176672e-04 4.231119810314027557e-04
9.516924248512315283e-04 4.481096081341610048e-04
1.360727107017044041e-03 4.505362285442398185e-04
1.155728750194034461e-03 4.651957099061812648e-04
1.360436701983530573e-03 4.603000898522900176e-04
1.408428804303895167e-03 4.979934102269089344e-04
1.247835061286765683e-03 4.744399420367409340e-04
1.149028972502806221e-03 4.893356619411769236e-04
1.101529894750279690e-03 4.765826586228347358e-04
1.400498578692474169e-03 4.777987170720548733e-04
1.392563490824997273e-03 4.620226443857755627e-04
1.187863409939040119e-03 5.051979973148159990e-04
1.356095503535947400e-03 5.468217347033994249e-04
1.525283601083032414e-03 4.336680653021442351e-04
1.501703362961419666e-03 4.268202681964067702e-04
1.200363768592060303e-03 4.381262256001790538e-04
1.381086687329658369e-03 4.267925207526743832e-04
1.450217621359590038e-03 4.290528779858251269e-04
1.420870044346574448e-03 4.726868331821143326e-04
1.230321471542404881e-03 5.343880430714489753e-04
9.570094609066987510e-04 4.289119774996188192e-04
1.262805690451188501e-03 4.627675927274512097e-04
1.429543686995077278e-03 5.214229111099573464e-04
1.141782004874180743e-03 5.164995087555597237e-04
1.124469235306301907e-03 4.460890116463247373e-04
1.353051882804370918e-03 5.139185322158783915e-04
1.078091042040701854e-03 4.466143970146656803e-04
1.577378406444513619e-03 4.496462978203043855e-04
1.584316475836979737e-03 4.705863634774301173e-04
1.400459538718903853e-03 4.985187567129889140e-04
1.180347484171779702e-03 4.747826536394084227e-04
1.179525041016303479e-03 4.659104566079906649e-04
1.329182668153364166e-03 4.568140595934154285e-04
1.407821764742628236e-03 4.736444367366771037e-04
1.317474366900022635e-03 4.994673796721256281e-04
1.417485567844174038e-03 4.170817597091909285e-04
1.325046876016890618e-03 4.560574196405371640e-04
1.243834344391488720e-03 4.424574898803314456e-04
1.501471142865182457e-03 5.014249668023970262e-04
1.773968566470552656e-03 4.840418120371610877e-04
1.355276996919940573e-03 5.433742998504635831e-04
1.289019829876968549e-03 4.825663723294410152e-04
1.056388069479257969e-03 4.634697014602909932e-04
1.399355613852420631e-03 4.919595488313551835e-04
1.544502606835516847e-03 5.479995992717619571e-04
1.519684557988558666e-03 5.305805384751451212e-04
1.215609990304773388e-03 5.071138099349973335e-04
1.341478507230103303e-03 4.216934808014246097e-04
1.437207954338972022e-03 4.254646801913393602e-04
1.110186573113862343e-03 5.091904003303707096e-04
1.575574277344409099e-03 5.019999408059474047e-04
1.389828767901996401e-03 4.653401590929106255e-04
1.290201893797503609e-03 4.761004758553690234e-04
1.246918054770600453e-03 4.503467290330250982e-04
1.406341238287603596e-03 4.499697617609921632e-04
1.364894161768998547e-03 5.635083230056429568e-04
1.484833615887297398e-03 5.114302895649484090e-04
1.353605819914726954e-03 5.401618009514154830e-04
1.570073833001796619e-03 4.307399479840483270e-04
1.072611411775294208e-03 4.825904480484092727e-04
1.169877728558039792e-03 5.094938384946151805e-04
1.137549811162258092e-03 4.610193918765014215e-04
1.365737059371231786e-03 4.877034138916505287e-04
1.412350339213830569e-03 5.673088934276637567e-04
1.233450364613254387e-03 4.942580668137132229e-04
9.250591663908298195e-04 4.452741047208898977e-04
1.260335471668196919e-03 4.762937396457676224e-04
1.170959236108215507e-03 5.296429040672797879e-04
1.315646226275084566e-03 4.698148019777639676e-04
1.345390382483950672e-03 4.252533818456684768e-04
1.481101736593541662e-03 4.760133816452633633e-04
1.438109616462896704e-03 4.643227698962720915e-04
1.545229704380924642e-03 4.268581449144411358e-04
1.216101134954216453e-03 5.310121517644297764e-04
1.175257869442987739e-03 4.927570032856508570e-04
1.311438880232379447e-03 4.521837078185861770e-04
1.408130816918062552e-03 4.969816325363994158e-04
1.386770763300331855e-03 4.712843741113409012e-04
1.439912002597516826e-03 4.811172255250342300e-04
9.706450177320335212e-04 4.410553988220809762e-04
1.434750060890857071e-03 4.892133380411227157e-04
1.229940892611235690e-03 4.921373040967914978e-04
1.378416742351155086e-03 4.517298512227391032e-04
1.415524648409730675e-03 5.325141302520692123e-04
1.459077714783817018e-03 4.589773683287058669e-04
1.372495988818249121e-03 4.932941117356521134e-04
1.224463410613339191e-03 5.020297187750474843e-04
1.216025628989084477e-03 5.106854360391251428e-04
1.209101945151700363e-03 4.649920625955695792e-04
