2.762026239067059009e-03 1.963467829880044882e-03
1.405812324929974410e-03 2.068288854003140498e-03
3.708552138034508679e-03 1.673283261802576381e-03
4.758700696055688170e-03 1.289362822538179121e-03
1.296912114014254960e-03 -3.402203856749286986e-04
2.885080645161290213e-03 2.605526315789475668e-03
5.352941176470632761e-04 7.569562748438410805e-04
2.209026128266035598e-03 9.125641025641042766e-04
3.411470361816782478e-03 2.797055730809686861e-04
3.640364188163886915e-03 5.442329227323644374e-04
1.779172821270313997e-03 8.086166471277854515e-04
1.339366515837104622e-03 9.202586206896573020e-04
1.946945337620581071e-03 1.777892561983474614e-03
3.328643578643580153e-03 -2.218934911242484521e-05
2.479009235936191491e-03 1.219543805080354829e-03
1.739872915011919695e-03 1.643090315560408903e-04
2.126129827444540009e-03 6.201166180758023276e-04
-1.453014878621767007e-03 8.228686635944708599e-04
8.764619883040970175e-04 1.824839055793992882e-03
-2.019741837509460194e-04 4.975220264317202273e-04
3.770379338175951136e-03 1.121440536013401656e-03
5.701354240912333976e-03 6.233526620980518176e-04
2.006033789219632737e-03 1.024456521739131694e-03
-1.780162842338990289e-04 3.339323467230446985e-03
2.044032921810702303e-03 4.909440175631189221e-04
4.197138314785377883e-03 2.341803278688525322e-03
1.695901639344264905e-03 1.462585034013607005e-03
6.748232521602517096e-03 -1.786673831273486693e-04
5.612464183381100837e-04 1.092967501331913944e-03
3.006493506493508865e-03 7.918604651162795003e-04
4.423945783132569626e-04 6.223495702005740543e-04
2.406119610570257947e-04 -9.698967889908244279e-04
-8.783269961977132083e-04 -2.066590126291493145e-05
2.066100443131466385e-03 2.384142936906762957e-04
3.073684210526319606e-03 2.016897081413211376e-03
-6.364922206504368432e-06 1.146561443066519172e-03
6.957068516912405520e-03 6.567524115755642416e-04
1.503135888501742510e-03 3.811720021703762264e-04
-6.945589447650448020e-04 1.564026044492676081e-03
1.405763952424518787e-03 2.027463651050103388e-04
1.504716981132080220e-03 3.420750782064652801e-03
3.182239657631958339e-03 8.972012917115183622e-04
3.810924369747921555e-04 1.851793248945148582e-03
5.135315985130115175e-03 1.215462274176410578e-03
8.101694915254262783e-04 2.856730213749294014e-04
1.586391437308885160e-04 8.793588301462342037e-04
1.631211180124229150e-03 4.566160520607393664e-04
3.112236286919834675e-03 4.490644490644522856e-04
1.531374106433679638e-03 1.159029649595708420e-04
3.680241327300153454e-03 2.215339233038349231e-03
1.454510108864699378e-03 1.385804085908854495e-03
3.186981757877283689e-03 -2.360391479562452181e-04
1.513157894736843426e-03 2.166832669322711451e-03
3.538432267884323006e-03 -6.612816370490012243e-04
-4.921568627450953037e-04 5.455000000000025800e-04
5.028377298161468278e-03 1.159349173553722448e-03
2.660197600564575930e-03 2.076040554962647368e-03
2.812639405204463757e-03 2.943212547322880332e-03
3.240223463687165678e-04 2.490389749065671007e-03
4.137296532200995455e-03 7.401821286283455327e-04
3.560160427807488800e-03 1.155342465753425368e-03
2.139743589743592442e-03 9.895432030820050517e-04
1.268115942028988016e-03 1.133602150537636440e-03
1.042242079610076208e-03 5.438158624514712524e-04
1.734256926952144158e-03 1.223966509680798377e-03
4.141015310233691661e-03 1.202806122448981784e-03
4.123212783851980083e-03 1.411458333333336177e-03
1.766841317365271113e-03 9.286100594916182980e-04
-1.452119309262146307e-04 6.665786694825783431e-04
5.218773373223640696e-03 7.379862700228851735e-04
3.180030257186083984e-03 4.626373626373638318e-04
4.302686817800167873e-03 1.432761483121197839e-03
1.554975922953452704e-03 2.127551020408163969e-03
3.225346373268138216e-03 1.045273348519364619e-03
1.782693813625688649e-03 1.054916317991634253e-03
4.076104746317516132e-03 1.739858012170387254e-03
1.580482115085540080e-03 8.662198391420936972e-04
2.404511278195492485e-03 -1.332035595105654881e-04
6.538745387453876595e-03 7.504118616144994560e-04
1.154929577464791114e-03 -1.213407494145199265e-03
4.934008097165995879e-03 -2.040870488322693230e-04
-2.997054491899825640e-04 1.165237278444827699e-03
1.987278334618351999e-03 1.643376187814433976e-04
4.189763779527561419e-03 -7.482384823848205928e-04
1.342465753424660919e-03 9.126321647189786094e-04
4.767944535073410581e-03 -8.359456635318678443e-04
2.391938250428817577e-03 7.094062007356974234e-05
4.128068739770869924e-03 2.949435180204412407e-03
9.456342668863262912e-04 5.941576857629049004e-04
3.313696612665688237e-03 1.044413407821231108e-03
3.763930722891564717e-03 1.707748455923639372e-03
1.740740740740744086e-03 2.369863013698646757e-04
2.129800307219662306e-03 2.405215928210881465e-03
2.188062142273100585e-03 1.404068169323806131e-03
4.526678141136001232e-04 8.015350877192994102e-04
-1.159937888198755204e-03 2.820088300220775323e-04
9.984338292874201878e-05 2.403962575674189681e-03
2.978988326848252578e-03 1.032660647902284255e-03
3.414457831325302950e-03 -1.140117208311133053e-03
-1.281914893617018807e-03 1.525103366804491170e-03
1.576569037656906560e-03 2.104304635761591359e-03
1.434279312920091858e-03 -1.567894131185260749e-04
9.076862123613352188e-04 2.730683713173985821e-03
1.438888888888892759e-03 1.856321839080461115e-03
4.283974862529461337e-03 3.574392412566696755e-04
1.821829855537722117e-03 8.153078202995017515e-04
5.290175171363295341e-03 8.377448385389121019e-04
1.169622205088669941e-03 6.724960254372047176e-04
3.198418674698799615e-03 2.534028540065862492e-03
2.003530450132396529e-03 2.040504291845495963e-03
3.364074074074076617e-03 8.046744574290497307e-04
1.174553571428575954e-03 5.240460010454812100e-04
-1.264637002341919506e-03 1.840693124650643340e-03
3.408385093167704341e-03 1.389593908629443769e-03
2.292270531400970434e-03 5.373831775700949141e-04
1.348318999218141648e-03 9.796557120500797716e-04
8.681192660550487473e-04 3.612334801762130568e-04
5.886123680241346807e-04 2.659040178571444408e-04
2.005668016194335317e-03 2.670212765957448008e-03
-7.569546120058527920e-04 1.872979214780600950e-03
1.835703592814373272e-03 2.209728867623605552e-03
2.619537275064269879e-03 2.568391393442626298e-03
1.093368902439027530e-03 9.805079740106447447e-05
-1.116487455197129330e-03 9.759694156198819685e-04
3.984101748807638600e-03 6.233958538993116145e-04
2.302578565672845808e-03 2.037658053875757071e-03
6.425017768301377261e-04 1.156216216216217297e-03
6.992088607594937506e-03 1.194052419354841351e-03
-8.200171821305808325e-04 4.149057681324969256e-04
1.277515192437544533e-03 9.438997821350779459e-04
2.254614093959733927e-03 6.688022284122583164e-04
5.769648829431440681e-03 -3.019337016574565806e-04
1.160162601626019575e-03 1.874326750448834528e-03
3.842724978973927584e-03 5.963126031920776586e-04
1.700462606013882112e-03 2.113845321795567236e-03
5.061241610738254418e-03 1.660513643659713599e-03
7.317370129870135820e-04 2.379978177850518642e-03
1.698979591836738672e-03 1.474931880108993135e-03
-5.123934934159542383e-04 1.113387189844203045e-03
6.056034482758654519e-04 4.874733475479748148e-04
5.749805749805810516e-04 6.905444126074688832e-05
4.837074303405577806e-03 5.733113673805623461e-04
5.477888730385177887e-04 2.738826063543351765e-03
2.152889245585877000e-03 2.803581421376615326e-04
-1.867510548523204248e-03 9.297963558413744733e-04
9.548751007252542495e-05 1.255151843817789653e-03
2.991921768707484636e-03 2.447223611805904656e-03
5.278063410454159748e-03 7.019832985386240424e-04
-1.339285714285710612e-03 1.575928917609048735e-03
1.633154602323506335e-03 1.257428278688527004e-03
1.953650533223958395e-03 7.363169897377432483e-04
2.826430722891567788e-03 -1.536418400876231414e-03
1.786381322957200342e-03 -1.049629207073568744e-04
5.881712626995673574e-04 1.843448667044960635e-05
5.492621527777782030e-03 1.795861297539152112e-03
-1.070609318996414280e-03 5.254376367614890407e-04
-7.932123125492987329e-05 2.853671706263519355e-04
2.681021341463418750e-03 1.218472004186290378e-03
-4.791508718726274988e-04 3.701792504073889373e-04
3.998324958123957926e-03 1.587985114300906287e-03
4.158567774936061667e-03 1.458630136986302549e-03
4.055639097744363590e-03 1.720283533260654136e-04
3.645662847790560011e-04 2.742110990206748054e-03
2.161016949152544300e-03 2.958563535911617158e-04
1.693934557063051958e-03 2.906938325991192777e-03
9.448160535117108112e-04 2.680555555555564273e-04
3.556024558710670688e-03 5.721982758620700570e-04
-2.309594095940956451e-03 2.935554341889703989e-04
4.437265214124718957e-03 2.135063559322036147e-03
-3.217147435897401461e-04 2.395886889460177181e-04
6.111518708730747079e-04 -1.957446808510637185e-03
5.121567043618744514e-03 4.055727554179590745e-04
2.177068214807207978e-06 -6.070287539935916455e-05
-1.425344563552831184e-03 2.150537634408705351e-05
1.566082802547775089e-03 3.158041179744022504e-03
-2.371048252911529545e-05 1.333596214511043520e-03
5.422445935868758921e-03 1.630182421227199807e-03
3.901158301158302779e-03 1.390616621983916529e-03
4.409618573797683544e-03 -2.787944025834209871e-04
3.436933534743204666e-03 1.441617568291378220e-03
1.524904214559389889e-03 1.723009814612895324e-04
4.466389728096683068e-03 1.713306246825800844e-03
5.695652173913040269e-04 4.782239819004540163e-04
4.897989575577067940e-03 -1.430555555555543376e-04
1.860350076103502170e-03 7.518476407049470367e-04
3.924376508447307080e-03 1.235446985446988187e-03
3.026381909547741240e-03 9.489849036959952530e-04
5.289763779527564304e-03 -2.328099621006954984e-05
2.021774193548391343e-03 5.511551155115531264e-04
7.794932699920861146e-04 2.948586118251948925e-04
1.751917177914114835e-03 2.717716942148761146e-03
6.652777777777774820e-03 -4.433510638297846968e-04
1.727383863080690337e-03 -3.225352112676040930e-04
2.557739557739560111e-03 2.070166320166322727e-03
-8.758532423208179301e-04 2.037857543466068712e-03
8.873239436619747081e-04 1.517643710870802271e-03
1.701992031872512920e-03 1.625277777777779957e-03
1.560301507537691177e-03 2.786525974025972924e-03
3.207594936708862195e-03 -5.363528009532882657e-06
-2.391132224861394827e-04 1.082647058823531065e-03
4.662817551963053045e-03 1.958193979933111218e-03
4.002291825821240219e-03 -1.022792844777841229e-03
3.517842660178429042e-03 1.695569962182606229e-03
-1.180769230769211327e-04 1.122197309417042677e-03
-7.712609970674454921e-04 -8.138747884940761507e-04
4.453067257945318648e-04 1.126564277588170586e-03
3.845858895705523816e-03 -1.048340128130439400e-04
3.708586626139818640e-03 -6.543995572772534847e-04
2.423542770628314084e-03 1.678011885467316743e-03
3.567556296914100016e-03 2.718562874251510158e-04
4.728070175438601162e-03 6.829073482428125834e-04
2.798315958299922926e-03 1.072607260726102924e-04
1.606882591093119345e-03 1.394301994301995907e-03
-3.728560775519119265e-07 1.698951434878588195e-03
1.795473595976530400e-03 6.076923076923096282e-04
1.248457847840990466e-03 4.147058823529429562e-04
1.880534351145038939e-03 2.602436323366568945e-04
-6.059131736526909926e-04 1.017482517482519401e-03
1.574186222558670700e-03 8.735694822888306552e-04
2.695497630331754931e-03 5.688640376692190694e-04
5.077010622154784145e-03 1.300056401579248379e-04
1.818490566037737812e-03 9.896474538332415694e-04
4.077158135981671233e-03 1.792738707833049219e-03
3.150546021840873456e-03 2.226821192053014527e-04
2.542510121457492930e-03 1.032302595251243828e-03
4.385784716516024674e-03 -1.761931187569351382e-04
-1.296965317919037796e-04 9.337676438653664656e-04
2.470784641068449368e-03 1.321808510638299060e-03
4.456621004566213747e-03 1.163483796296298743e-03
2.456702747710242957e-03 5.250000000000026781e-04
2.407843137254943853e-04 2.513842746400904589e-04
3.934191702435186185e-06 1.725352112676057379e-03
3.874273858921166956e-03 1.199235807860264029e-03
4.764705882352941735e-03 2.207734806629835234e-03
2.598970704671417931e-03 8.414502164502187399e-04
1.631731565865785633e-03 -9.324704558244214158e-04
2.804578904333609578e-03 1.492374727668866006e-04
2.201599326599329876e-03 9.921524663677153306e-04
2.770491803278691753e-03 7.653645833333361020e-04
-8.254147812971307334e-04 1.822878228782289335e-03
2.860270700636944989e-03 6.313908741066550159e-04
3.806774441878386928e-04 1.416477916194791228e-03
2.148314606741576812e-03 1.356280855732311256e-03
-1.464464882943141517e-03 1.520258863252674448e-03
3.922594142259417521e-03 1.732798758406624414e-03
4.039874902267396803e-03 1.574480044969085160e-03
1.372076023391813294e-03 1.602732527588020522e-03
4.303125000000006598e-03 1.152944383860416040e-03
2.302288871349646941e-03 9.971339239187098583e-04
3.571254071661240145e-03 1.834508952794358704e-03
2.507883817427386877e-03 1.628355704697988715e-03
1.102040816327070881e-05 1.812875068194217017e-03
6.313897763578292565e-04 1.061912658927585597e-03
1.315989847715741835e-03 7.646290491118097393e-04
4.358565737051796340e-03 1.964854475562877525e-03
-1.825864779874211176e-03 9.168466522678211592e-04
1.369243421052637006e-03 1.572077185017041793e-04
3.582462686567167067e-03 1.163371488033298953e-03
-2.926435877261994618e-03 2.332780541735766933e-03
1.549736247174081458e-03 7.950500556173542002e-04
2.770440251572331425e-03 9.702093397745593798e-04
3.069757727652467575e-03 3.544564657393129022e-04
-3.632364192807952669e-03 2.481823266219239984e-03
1.404840032813783456e-03 9.540873460246376012e-04
2.591410559495668266e-03 8.269339356295893947e-04
5.701881950384948480e-03 1.594318808604525085e-03
1.745432883240670592e-03 1.772609147609149590e-03
9.682299546142565422e-05 1.853281853281875142e-04
2.049958711808426599e-03 1.896415392725357479e-03
1.866443452380956228e-03 8.821585903083710520e-04
1.728758169934642257e-03 1.004904632152590080e-03
1.310616929698712671e-03 2.319444444444446456e-03
9.291666666666691761e-04 4.441095890410980563e-04
1.533361486486493029e-03 1.032702702702704978e-03
2.018631178707224264e-03 2.812639821029083720e-03
5.245781364636862079e-04 2.164419087136930809e-03
1.909492273730684433e-03 8.368678629690060782e-04
3.954100827690014614e-04 1.778705636743217180e-03
2.444782939832447488e-03 1.405398182789954374e-03
1.280728376327771537e-03 -7.338983050847467174e-04
2.783003300330036487e-03 1.704367301231805593e-03
-7.282051282051273935e-04 1.082749326145553311e-03
-1.047711404189290325e-03 -3.008088978766203139e-05
5.390458015267181498e-03 1.038964901844141543e-03
1.614539007092201080e-03 1.851881720430108682e-03
1.448369565217393420e-03 1.060511363636366770e-03
1.233228097868983159e-03 1.971024904214560905e-03
1.214840714840718754e-03 3.268987341772155390e-03
2.604768786127202216e-04 9.500301023479837490e-04
1.091928251121082084e-03 1.491830065359477358e-03
7.782193958664555258e-04 1.141514648977336654e-03
3.232116244411328138e-03 -3.644914756025869262e-04
3.687647521636510523e-03 1.207155222158109520e-03
5.410308441558446015e-03 -1.946153846153828699e-04
2.416346891788184303e-03 2.111264494754282531e-03
1.215708812260540752e-03 -1.554016620498599466e-04
2.976499189627231524e-03 2.145336225596530463e-03
3.048920863309355529e-03 6.204103671706281617e-04
-7.998392282958180109e-04 1.903762268266087111e-03
3.016034985422744175e-03 -3.128507295173953737e-04
-1.916334661354556466e-04 9.126674107142872684e-04
1.946037735849059274e-03 9.068270844991627904e-04
3.104084838963082175e-03 1.073708647707488379e-03
2.191053828658078885e-03 -8.764302059496543399e-04
3.650000000000003936e-03 1.809403153153154231e-03
5.140984908657665955e-03 1.672012415933784874e-03
1.853333333333336821e-03 2.184239733629301985e-03
5.870229007633590186e-03 1.718732629238466396e-03
3.896844660194178842e-03 -1.331853496115411261e-04
1.108333333333337252e-03 1.237240605720697686e-03
8.685626441199095597e-04 1.192484222604705234e-03
7.754565376187005747e-03 1.821678321678323921e-03
8.457189014539584319e-04 3.740022805017133431e-04
3.782718120805370933e-03 1.039340776182900620e-04
5.439500390320062620e-03 -4.121029572836785071e-04
3.917343173431738802e-03 1.796833773087090505e-04
1.212063732928682358e-03 -1.215005599104141852e-03
1.023827534039338950e-03 1.668595041322315725e-03
1.127897681854520212e-03 4.944089456869024853e-04
3.680727554179569812e-03 6.003289473684222249e-04
5.368890612878201608e-03 1.869664200341513392e-04
7.050673000791780626e-04 2.919247787610620634e-03
3.965272296764012390e-03 1.054895302773064788e-03
4.300385728061718871e-03 3.627717391304368278e-04
1.253413654618477360e-03 5.644714997233015678e-04
6.472649572649574919e-03 9.017708909795262495e-04
3.973322554567514792e-04 8.224578575312691551e-04
5.266768292682941265e-04 -2.708333333333296888e-04
4.156300484652667750e-03 1.375069405885621368e-03
-1.290958268933536501e-03 1.207455890722824565e-03
3.659397303727202240e-03 -1.887355052457205962e-03
8.281493001555623537e-05 9.646519158121992597e-04
2.136752136752138702e-03 1.195214790647092717e-03
5.066222570532919953e-03 1.958953168044077608e-03
3.107737104825296619e-03 1.959459459459461997e-03
1.979020979020983378e-03 1.189785258270460418e-03
1.589413447782549995e-03 1.872093023255816131e-03
-8.552631578947327571e-04 2.184313725490197224e-03
2.235146743020760291e-03 -3.889457523029658781e-04
2.845555555555558634e-03 1.772492836676216885e-03
4.004424778761088411e-04 -1.144511858797560646e-04
-2.070765661252897943e-03 1.261029411764707934e-03
9.881632653061251780e-04 2.030327428878153651e-03
3.685337726523890862e-03 -1.455211267605632840e-03
6.978991596638658111e-03 9.153805215540199505e-04
4.345447589900537817e-03 1.115110053539561776e-03
1.816694630872487488e-03 1.756978653530378220e-03
2.419224555735075401e-04 9.969646799117010821e-04
3.668461538461540578e-03 2.140166204986151954e-03
2.435435435435440426e-03 1.103255069370333297e-03
7.122416534181255556e-04 1.666400850611378165e-03
7.238169123351486820e-04 9.537407195888263100e-05
3.204869857262809731e-03 9.302458547741587975e-04
2.690944881889767611e-03 -5.738958097395211420e-04
1.671691792294809943e-03 -1.526965002868615855e-03
2.324263038548759802e-04 1.880257992148066807e-03
7.486274509803943862e-04 -6.438805970149245796e-04
-8.499999999999965916e-04 -1.268992684299369484e-04
3.365415335463263578e-03 2.257413087934562190e-03
1.815602836879435904e-03 1.104657534246575789e-03
3.829652996845428481e-03 6.784741144414405730e-05
-3.186860068259337437e-04 1.078536847767619291e-03
3.958302028549968293e-03 3.786173633440532331e-04
4.639846743295018838e-03 -7.693854106835130557e-04
3.176987767584099186e-03 1.760641238253198438e-04
2.341686555290376989e-03 -9.653755868544599715e-04
-2.140114379084963759e-03 9.515492957746489065e-04
3.423320158102771422e-03 1.382059800664453509e-03
-3.899628252788080109e-04 1.483450895279437914e-03
1.780041436464091216e-03 -2.764031382015676923e-04
1.623977086743046529e-03 1.143003587903665169e-04
1.930300500834725716e-03 -2.711187214611627386e-05
2.584837545126358101e-03 1.304823470909995987e-03
1.817930489731439583e-03 1.785836664762995149e-03
3.112631578947370331e-03 3.849124613800221904e-04
2.896350931677021349e-03 1.459287531806617707e-03
5.094427244582045919e-03 2.115774647887325773e-03
4.822142286171065759e-03 -3.496932515337395709e-04
1.665424739195233653e-03 1.857649143532201649e-04
2.195341848234413223e-03 1.583120204603595061e-04
1.339530332681018818e-03 3.012737127371274259e-03
7.487520798668911935e-04 1.052779337450873232e-03
2.282312925170071945e-03 -4.410801963993436184e-04
-1.055769230769229485e-03 2.820823244552073442e-04
4.000774593338535441e-04 1.294768069039915238e-03
-5.316188870151745049e-04 9.627867935086762818e-04
2.983606557377052691e-03 1.570723684210526775e-03
4.248169243287226726e-03 6.209039548022626592e-04
4.157142857142857514e-03 2.406593406593427766e-04
1.325371965544247738e-03 2.677995391705069710e-03
5.480699198834686463e-04 5.262227460223930760e-04
3.248710390567429666e-03 1.678238039673280151e-03
2.281818181818186068e-03 -3.058466629895180205e-04
4.194826192400974083e-03 7.500000000000021840e-04
7.838736492103107623e-04 2.869589657110737432e-03
-7.102839600920927716e-04 2.135025966532027187e-03
6.793953858393015450e-04 1.132970451010888429e-03
6.814159292035410365e-04 1.625848563968669341e-03
3.512678288431065037e-03 -1.924173318129970118e-04
3.769356153219229804e-04 8.305180180180210276e-04
1.679674099485422428e-03 2.838383838383840528e-03
-5.040749796251006287e-04 -8.823529411764595334e-05
5.329831932773112374e-03 6.984754376058745478e-04
5.103751914241962638e-03 6.021978021978043397e-04
2.598675034867504660e-03 5.222649807586597637e-04
3.011958146487293993e-03 1.531268094962364270e-03
2.913379737045633522e-03 2.594962362478287973e-03
-2.322580645161286244e-03 2.984777517564404185e-03
-3.111999999999968849e-04 1.567801188546733742e-03
3.898230088495579712e-03 1.962055974165770929e-03
2.491652754591017400e-04 6.851230425056290549e-05
3.471746575342469360e-03 1.747458533975389640e-03
5.598989048020220141e-03 2.194009713977335390e-03
4.377462568951962841e-04 1.227463312368973821e-03
3.227791361043196895e-03 -1.019810762862210151e-03
5.120491803278692279e-03 2.657807308970128006e-04
3.629296235679218500e-03 2.927867151011936259e-03
7.711267605633834480e-04 1.128779979144944705e-03
4.469456066945612371e-03 8.877608573040061306e-04
2.956521739130438860e-03 2.354874651810586264e-03
1.048691860465119762e-03 1.002263723825694893e-03
6.080125687352737254e-04 1.830434782608696305e-03
-2.596818810511732577e-04 1.091056910569107499e-03
2.544839255499156249e-03 1.365933412604043327e-03
1.753112033195044508e-04 2.534762456546934563e-04
2.702337472607745008e-03 1.459627329192563145e-04
2.833721833721840246e-03 2.257294429708223832e-03
2.295403165033914165e-03 1.703973139339676852e-03
2.929589270746022628e-03 4.098316132536688615e-04
1.032220496894411177e-03 2.096524064171123927e-03
3.136666666666667377e-03 4.732044198895061040e-04
-1.254355400696829795e-04 8.086061246040140808e-04
2.889983579638753710e-03 2.810199789695077546e-04
6.498054474708178218e-04 1.748746518105851432e-03
8.400000000000005769e-04 4.921918572225338464e-04
2.308646616541358901e-03 1.241662255161461986e-03
5.051876379690952573e-03 -6.324013157894724712e-04
3.104688763136622450e-03 2.241563554555682427e-03
3.955748865355525334e-03 9.475920679886702799e-04
2.980544747081740448e-04 1.351977401129944665e-03
-1.071829855537715813e-03 6.840220385674949596e-04
3.785609397944201572e-03 -7.157554379776590167e-04
9.107883817427413079e-04 1.283989501312337482e-03
2.694769711163157080e-03 1.587570621468928356e-03
-1.326070623591283368e-03 1.236471861471888942e-04
2.598491198658842930e-03 -2.067559697146166379e-04
1.886282871357500019e-03 1.754873853211010417e-03
1.425344563552835304e-03 2.962742980561555977e-03
3.123805732484078931e-03 6.796536796536826238e-04
2.455581761006289318e-03 2.090784421283599197e-03
4.865844255975334057e-03 5.245559038662504087e-04
1.300781250000003974e-03 1.790966386554623552e-03
-1.237796373779605458e-04 7.983870967741944638e-04
-1.470779220779216924e-03 1.181767955801106681e-03
-7.386994448850099041e-04 6.533071748878940951e-04
-8.131352619233769624e-04 2.061351351351353722e-03
-9.470989761091713061e-05 4.109783845278767111e-04
1.425092250922512351e-03 3.422025723472671074e-03
5.573142414860681945e-03 7.391058290888532275e-04
5.134599504541701928e-03 1.946855870895938638e-03
2.536862745098042264e-03 1.088397790055250234e-03
7.063555913113468742e-04 1.862755651237891531e-03
3.199055861526360362e-03 1.350791052918713740e-03
-1.077844311377227417e-04 2.227397260273986112e-04
1.804080061585837348e-03 1.756993965990127395e-03
5.429624170965368680e-03 1.273892151628405788e-03
9.661741835147773586e-04 5.687597301504951396e-04
-3.378480060195602520e-04 2.006960556844565482e-04
4.916163141993961164e-03 9.877317339149419961e-04
9.087204563977568407e-05 1.057512383048982759e-03
5.501228501228504382e-03 2.033769063180829433e-03
1.168384879725088091e-03 -2.784222737818950753e-05
1.852014010507914714e-04 1.071661237785018466e-03
1.055880204528854933e-03 7.150359314538436758e-04
8.204736440030603551e-04 4.431573275862070341e-04
4.635502471169690615e-03 7.149261603375559005e-04
2.397966594045028519e-03 1.456315789473686421e-03
2.151620370370373615e-03 1.495370370370371080e-03
-3.359459459459455694e-03 1.225173210161663436e-03
7.135961383749026173e-04 1.024113887274841813e-03
-1.334449404761901435e-03 5.249291784702574950e-04
1.441412520064208266e-03 -1.041548093340906371e-04
5.654311649016673276e-04 2.071428571428572153e-03
-1.365754437869819669e-03 9.109366540335697010e-04
-4.637339055793989091e-03 3.789835892006354710e-03
1.084462151394423052e-03 3.948170731707337927e-04
-5.288035450516937732e-04 1.182733050847459538e-03
1.248148148148151872e-03 1.206896551724140251e-04
-2.386959603118353566e-03 1.778886554621850104e-03
3.317760617760617727e-03 1.594308035714286790e-03
1.683916604616533417e-03 1.723595505617977900e-03
3.967275494672757759e-03 3.757731958762911342e-04
7.743142144638431824e-04 3.610798650168759350e-04
2.192780337941696350e-04 1.672727272727274513e-03
3.373653686826845726e-03 1.876961883408072729e-03
3.327734375000003433e-03 1.114421930870102288e-04
1.881846635367792999e-04 2.093839132915003773e-03
3.041794478527611208e-03 1.309307604994326777e-03
-2.323170731707314366e-03 1.580491894913361138e-03
3.076335877862612601e-04 3.170447934845945133e-05
2.465429403202332084e-03 3.044925124792026948e-04
-2.111256544502613294e-03 1.922018348623854992e-03
1.994000000000004883e-03 6.720132743363033535e-05
2.447154471544720909e-04 2.103142857142857678e-03
1.715255591054316983e-03 1.839730290456433352e-03
1.770466717674063026e-03 1.374707259953163348e-03
2.096285064442762790e-04 7.801892042292735011e-04
5.607667210440471462e-04 1.385000000000002115e-03
1.583015993907085656e-03 9.694300518134737251e-04
2.534628378378380852e-03 1.981998925308973980e-03
2.791573452647281087e-03 1.611650485436894736e-03
-9.637730690362230441e-04 2.085399449035812373e-03
2.604477611940337711e-04 5.206786850477215702e-04
4.057547956630527287e-03 1.855598669623060963e-03
2.482899628252794623e-03 1.937752161383286343e-03
1.157093124456051465e-03 2.423076923076924929e-03
3.938202247191014208e-03 1.080802882141020885e-03
3.373161764705884073e-03 2.027855153203343957e-03
1.767254601226995276e-03 8.819052987598655817e-04
1.418908531898539944e-03 9.653784219001630522e-04
1.682121971595659142e-03 1.261403508771932920e-03
3.594959824689557097e-03 1.681201044386425097e-03
2.599009900990102619e-03 9.601430761369474402e-04
2.924254966887419784e-03 1.345323741007195973e-03
-5.223484848484850982e-04 2.108409610983982916e-03
4.684574059861860637e-03 2.130582249858679542e-03
6.899059024807558055e-04 -6.733181299885946563e-04
3.493779160186625491e-03 4.055010893246220865e-04
1.908246656760776132e-03 3.479614949037387970e-04
-1.273861967694546286e-04 -4.683840749414342364e-05
3.669343065693437059e-03 7.162375197057308093e-04
4.652370203160274484e-03 1.887284841754581759e-03
8.448403860430615808e-04 -1.749423298731255395e-03
-4.452417498081349782e-03 -8.016577856719949097e-04
1.964946070878276305e-03 2.646880678376741826e-03
2.390695915279883108e-03 -3.490127758420426274e-04
4.502284843869002080e-03 1.232532140860817527e-03
1.079066265060243555e-03 -1.620709382151026444e-03
1.911701363962671875e-03 1.429738562091525836e-04
5.734490398818321323e-03 5.633089476646036854e-04
6.894319131161240170e-03 1.848739495798347704e-04
1.581244947453518948e-03 -2.807580174927096846e-04
3.218490566037737147e-03 3.564839934888778573e-04
2.467706821480411105e-03 1.401592718998865119e-03
-6.792863359442964438e-04 7.104695089044806532e-04
3.231754658385101089e-03 2.725363941769318524e-03
1.081161578555476935e-03 3.787878787878884776e-05
6.440476190476192644e-03 7.711676812396267870e-04
2.171133231240429153e-03 8.062700964630254916e-04
-6.680769230769190246e-04 5.760233918128727931e-05
2.576226415094343483e-03 9.954493742889655196e-04
1.036805011746282567e-03 1.730241492864984703e-03
-1.938020351526311303e-04 1.555793991416340059e-04
5.575870646766174603e-03 -7.485301977552084396e-04
2.612977099236643477e-03 2.270730367929725850e-04
1.691896024464834914e-03 8.943739658025398956e-04
3.202702702702704598e-03 4.189944134078237145e-04
4.454853273137698161e-03 -4.690749863163620683e-04
1.354337152209530624e-04 2.039760348583879047e-03
2.589991220368975872e-05 6.171745152354584209e-04
1.406365655070321253e-03 1.771191135734072938e-03
3.781355932203394037e-03 1.794084821428573642e-03
-6.943048576214354284e-04 1.212285714285715440e-03
1.585375191424199821e-03 1.523327712197865020e-03
3.830575256107174222e-03 -3.966030989272926652e-04
1.209585702680750609e-03 2.442910249601700813e-03
-2.511848341232203637e-04 3.788221970554931381e-04
3.050221565731167303e-03 4.431635388739971269e-04
-1.341444866920150263e-03 2.194854953475643914e-03
3.485262401150253462e-03 1.288906414300739151e-03
-3.922507788161986621e-03 6.418461538461547357e-04
9.154929577464817952e-04 3.023746701846999471e-04
3.620040349697380144e-03 9.766146993318487214e-04
3.112068965517243799e-03 1.682940838598540501e-04
2.601574803149611214e-03 3.110983323749291697e-04
2.754559270516734621e-04 6.139348943460889475e-04
2.001060070671381325e-03 1.519081858407080911e-03
3.540384615384617982e-03 -5.926352128883768423e-04
4.643987341772189462e-04 1.277923439958050930e-03
-7.918006430867764321e-05 1.366426991150445150e-03
2.876754385964913705e-03 -1.303728070175435433e-03
1.197916666666700618e-04 9.684862127180651238e-04
-5.595813204508401606e-05 2.060698447893569586e-03
3.913833992094863101e-03 9.441416893732996682e-04
1.098001537279019377e-03 1.307282913165267466e-03
9.595559080095192013e-04 5.884680610514423076e-04
3.643309580364215410e-03 7.422596414991863411e-04
3.392009493670891575e-03 1.772931907709623771e-03
2.762360446570980010e-03 7.133152173913069518e-04
3.648489932885909132e-03 7.934959349593517655e-04
2.105617977528093359e-03 1.812565997888069408e-03
1.922767497988747221e-04 -6.639862148190680061e-04
5.182019159911572213e-03 1.549382716049384255e-03
3.986671223513331766e-03 3.920884235020380350e-04
1.095993322203678202e-03 -1.297606093579965476e-04
-1.190753690753687012e-03 1.731672394043529432e-03
-8.453650533223934244e-04 2.678630590833795504e-03
1.314930015552102753e-03 2.793388429752092367e-04
2.860891445003595126e-03 9.088785046729001577e-04
2.819286871961103856e-03 1.694786174575279138e-03
8.802537668517098485e-04 8.761135857461044849e-04
2.760252365930606819e-04 3.137365743357852627e-04
1.971952131637999452e-03 2.200772200772201093e-03
2.762989608313352798e-03 6.074740861974908682e-04
5.444071588366889043e-03 5.668684645019283434e-04
4.381443298969080885e-03 1.372802197802198672e-03
2.370119521912356173e-03 2.266377910124526499e-03
4.382568807339453851e-03 -6.620954470652750138e-04
7.649786019971511640e-04 1.903006239364731433e-04
1.361341371514697548e-03 -9.436274509803736202e-05
3.381578947368424695e-03 1.168496158068057979e-03
3.017213771016817158e-03 4.841141626278978633e-04
3.630487804878050010e-03 1.539664804469275316e-03
2.007976794778826811e-03 1.818083961248654961e-03
2.057245796637312621e-03 1.089608873321659070e-03
-1.186876438986951511e-03 6.746821448313997105e-04
1.697459584295618953e-03 1.954025974025975620e-03
-1.577398255813949272e-03 1.486560614371915589e-03
-8.676844783714994990e-04 2.358778625954199674e-03
1.264559659090912658e-03 9.404761904761928552e-04
1.888988361683134425e-04 1.059247810407007700e-03
1.520770392749245083e-03 4.655172413793131118e-04
6.502551020408164385e-03 3.164784394250536644e-04
9.118773946360163134e-04 4.637875536480699995e-04
3.749043611323780984e-05 1.228846153846155451e-03
-6.634692246202883253e-05 1.563053097345134352e-03
9.870078740157504308e-04 1.216835375599362471e-03
1.285450516986708699e-03 2.648825778263261504e-04
1.848596750369280910e-03 -2.338760175328733956e-04
3.246116107931351310e-04 1.615883306320907258e-03
-2.097020626432377437e-04 6.969780219780247676e-04
4.931799838579503312e-03 7.271062271062301305e-04
-1.098039215686254130e-04 9.282077393075380527e-04
7.473604826546008297e-04 1.689852700491000642e-03
2.980740740740742134e-03 1.823317925013106489e-05
4.247058823529413669e-03 8.046614872364194772e-05
3.029752704791347385e-03 8.542039355992856473e-04
2.841101694915256805e-03 -4.032657100445003509e-05
3.028583264291635942e-03 1.081566068515500299e-03
1.842629482071714286e-03 -1.655031995346104912e-04
6.394230769230790923e-04 7.463729177861386753e-04
4.987126245847180867e-03 5.539714867617131838e-04
4.197577592732781339e-03 7.817796610169511608e-04
6.003937007874042987e-04 4.926108374384435297e-05
3.378858024691361144e-03 2.071785892946475475e-03
1.832823259372611197e-03 2.282711508145037101e-03
5.790396341463417175e-03 1.427477017364658885e-03
2.025909090909092537e-03 7.939752555137189480e-04
2.400224215246638503e-03 2.085441259134346303e-03
1.424961119751170981e-03 -5.207740466704592706e-04
1.079913606911468889e-04 6.419284940411724982e-04
3.546364985163204687e-03 2.865654862282181886e-03
3.659420289855076173e-03 5.814262905800978657e-04
2.290488431876608506e-03 2.191983122362870049e-03
-1.980799373040748133e-03 2.409485094850950283e-03
2.327766179540709766e-03 7.766570605187331873e-04
2.129246064623036092e-03 1.449209932279911820e-03
1.827461969575665691e-03 1.198146002317498167e-03
4.015175718849842666e-03 1.659052924791087945e-03
1.968379446640343064e-04 2.295258620689670558e-04
2.276456111566859536e-03 1.193118756936757452e-04
6.382623224728511653e-04 9.174807197943469876e-04
1.569174757281555392e-03 8.914728682170570918e-04
4.213782302270952310e-03 1.714207350521120086e-03
1.776229508196726717e-03 3.094965675057225157e-04
2.356704980842911929e-03 7.757248436611721611e-04
3.302189781021904347e-03 3.052631578947581214e-05
2.178196147110335063e-03 -1.090959206174198443e-03
-6.345218800648277403e-04 1.194399569197631588e-03
-2.024498886414251037e-03 8.531250000000013432e-04
5.169014084507043277e-03 7.739946380697065170e-04
1.150170648464165666e-03 1.469834490122799708e-03
1.334389857369259417e-03 2.834833989870569337e-03
4.693598750975804326e-03 9.163124335812981077e-04
2.532098765432100936e-03 1.429001203369449483e-04
1.416526845637583812e-03 2.631578947368434004e-04
4.714705882352942905e-03 1.727478753541077799e-03
2.095847750865056404e-03 5.095707656612550891e-04
2.075376884422112673e-03 7.365430622009585615e-04
2.232083333333337218e-03 2.255807365439093781e-03
3.530189959294439874e-03 1.931412103746398814e-03
1.332943925233649523e-03 6.114030478192349549e-04
6.791970802919728139e-04 1.404386951631046406e-03
3.109135004042037388e-03 2.346834763948500279e-03
2.007413509060957009e-03 1.313993174061456445e-04
4.041697147037308889e-03 1.129310344827607970e-04
-7.418032786885284710e-05 1.001595744680852879e-03
7.159270998415245791e-04 1.715762273901810320e-03
3.005102040816330731e-03 1.758793969849247385e-03
3.471301535974130516e-03 1.165409482758621986e-03
2.088932806324110721e-03 1.138682252922423692e-03
6.662327095199352747e-03 3.331547937868269073e-04
-7.761194029850558888e-05 1.996842105263159275e-03
-6.426031294452338831e-04 1.135751901696900688e-03
5.232584269662922394e-03 2.620437956204380633e-03
-1.033820138355110319e-03 1.446921443736732789e-03
2.695465207193124824e-03 1.095852017937243376e-04
1.794392523364486637e-03 6.423650975889798592e-04
1.677985948477755430e-03 2.304461942257219568e-03
1.243569758378800655e-03 -8.973139339675411698e-04
1.007058823529412327e-03 1.460334592552619800e-03
1.182148626817448043e-03 1.347800925925927637e-03
1.893403057119875553e-03 1.812433297758807424e-03
5.866580310880832941e-03 1.425660792951544305e-03
4.314092356687901711e-03 2.485986250661028317e-03
-1.770992366412189965e-04 1.293074324324325602e-03
1.755593803786603094e-04 1.151914470412731964e-03
-1.140540540540538328e-03 1.381782945736434931e-03
2.335626911315025439e-04 3.451631046119237045e-03
-6.647634584012717123e-05 1.683082271147163557e-03
-2.038095238095234685e-03 8.636871508379919717e-04
1.059753954305803084e-03 2.839068290100583460e-03
-7.282270606531858351e-04 2.698860553445469549e-03
-4.816878980891357311e-05 1.039813857290591706e-03
4.191223832528181807e-03 1.577011494252874430e-03
5.488446215139443710e-03 -1.112137203166225401e-03
-1.092732778198331417e-03 1.316452154448799310e-03
5.171118530884850559e-04 1.317296678121422215e-03
1.705082319255551591e-03 2.887432995830851480e-03
-4.005979073243615173e-04 2.523848684210527622e-03
-5.431309904153080201e-05 2.179787828029036267e-03
1.500807754442652934e-03 2.084623323013417955e-03
3.636222910216720724e-03 6.267448352875509745e-04
3.734743694060214253e-03 5.263983272347115203e-04
1.216950527169506028e-03 2.459430979978927297e-03
6.420597484276730806e-03 -1.027287761852259005e-03
-1.309252669039142995e-03 2.159015486725664353e-03
2.941224489795921798e-03 3.763574660633485416e-03
-1.957022256331525064e-04 1.110534934497817931e-03
8.045141545524133906e-04 2.972222222222388281e-05
1.410054988216814797e-03 3.806094182825496704e-04
2.028262676641732522e-03 1.835853131749462172e-03
5.264449722882031182e-03 1.180377987770986131e-03
8.574188562596631990e-04 1.649018595041323648e-03
1.614274570982839746e-03 -9.099153567109834965e-05
1.537783375314863421e-03 1.882243487506648789e-03
5.242187500000002054e-03 8.508333333333349506e-04
6.438383045525904874e-03 2.044188537761116187e-03
4.332247557003283890e-04 7.961192350956147138e-04
7.188274153592094911e-04 1.028911564625852558e-03
-4.292415949960889303e-04 9.806673728813579058e-04
2.941520467836258868e-03 1.252631578947384047e-04
3.646331738437006906e-03 1.900104876769797072e-03
1.569896743447182601e-03 -2.317290552584647589e-04
1.837022900763361690e-03 2.127355796687606989e-03
4.576552930883641228e-03 8.655711206896580124e-04
1.958634538152614381e-03 1.520540821632866474e-03
6.875934230194332992e-04 1.698400000000002252e-03
1.754518072289159734e-03 6.868317388857647990e-04
4.077837423312886435e-03 1.307306190741775289e-03
1.239888423988843138e-03 1.540480178671134849e-03
2.159250585480098576e-03 7.921900600764625929e-04
3.289156626506034879e-04 4.424956871765396271e-04
2.060705496308453018e-03 1.206748794858063158e-03
1.029738302934181740e-03 1.274122807017545383e-03
-2.309870550161793185e-04 -1.189793577981642254e-04
2.078431372549024991e-03 3.267915309446254354e-03
2.213187702265374899e-03 9.721223021582754654e-04
3.359144542772861917e-03 -1.497144488863505398e-03
2.375184638109309986e-03 -3.594909862142081332e-04
2.666129032258069635e-03 -1.706021251475769844e-04
4.062448304383788761e-03 8.308906426155601927e-04
-2.353678253839931820e-03 1.116253443526170428e-03
4.533762057877839665e-04 2.113938692886060695e-03
9.558216350123904716e-04 1.475741239892184925e-03
1.921417565485366782e-03 -6.225788599889082802e-05
2.257902852737090141e-03 -9.680337756332869339e-05
2.625000000000001030e-03 1.563144329896909738e-03
-3.676710097719850033e-04 1.089884393063584450e-03
1.768348623853213111e-03 8.526556253569399658e-04
5.135350318471361159e-04 9.338885996876644495e-04
2.187211093990758855e-03 2.684268426842696350e-04
3.378176382660691424e-03 -9.314058956916085059e-04
-8.315617334423533761e-04 1.596833773087074368e-03
-7.427107959022828231e-04 1.307441607821837465e-03
4.839506172839519536e-04 1.316578947368422965e-03
5.299004594180709363e-03 1.482234809474770442e-03
2.701734539969836545e-03 1.478370786516854584e-03
2.943735035913808661e-03 1.457739038563128382e-03
5.177647058823532482e-03 1.420553562275757168e-03
2.892967542503866677e-03 3.592950540079613330e-04
2.514308426073134928e-03 9.491335941866984411e-04
2.618421052631580634e-03 2.163759144625781582e-04
-7.549441100601880826e-04 2.230015471892730743e-03
3.481917577796471864e-03 7.908478382930961932e-04
1.670533642691418835e-03 1.393655746229851286e-03
1.431833674164965800e-03 1.774647887323944646e-03
3.899600000000004365e-03 1.647850854479545896e-03
-3.536897590361444410e-03 1.618620302860349081e-03
3.505598320503848682e-03 2.628389596015496578e-03
1.301401869158881576e-03 8.680189673340386316e-04
2.208756841282297223e-04 1.102406267487411346e-03
1.734075211051423152e-03 1.800558659217877614e-03
3.666790214974059020e-03 1.318132757690233976e-03
-2.911290322580615078e-04 1.284023668639055820e-03
-1.225392296718970419e-03 1.307222222222224374e-03
2.985271903323267161e-03 9.649071925754078597e-04
3.043763676148798520e-03 1.216630196936544775e-03
-6.465315666406842377e-04 1.041455160744502069e-03
-1.964098728496629399e-03 1.898771367521367775e-03
7.695312500000297672e-05 -7.598299681190009058e-05
3.649290780141848604e-03 -2.771395749569196707e-04
-2.238961038961036470e-03 2.412742382271469959e-03
4.240648379052372463e-03 1.558449074074074944e-03
2.759412650602411504e-03 3.361344537815366701e-05
-4.962871287128686922e-04 2.162653975363941581e-03
5.750000000000286810e-05 1.168340380549684129e-03
5.076044129235620511e-03 -1.393671607753704973e-03
5.223041117145076073e-03 3.010335917312679643e-04
2.070714285714289876e-03 -1.214285714285713103e-03
-2.227685325264721163e-04 1.985319516407599554e-03
1.713311948676826679e-03 1.720500271886897352e-03
2.232491856677527604e-03 1.244680851063852925e-04
3.901263823064772453e-03 1.334773218142549633e-03
-1.242479823917823183e-03 6.416620189626349394e-04
3.285111281657714360e-03 1.899465240641713291e-03
1.040128410914932479e-03 1.653946680606379087e-03
2.931130573248406750e-03 9.299065420560764404e-04
3.293004115226339738e-03 1.170866141732286505e-03
-2.414285714285710396e-03 2.051367950865439459e-03
1.629335260115617073e-04 -2.410011248593902343e-04
6.824065633546037499e-03 4.096541042849791083e-04
3.337009803921571829e-03 4.563492063492085985e-04
1.522041763341070711e-03 6.892778993435565160e-05
-8.618524332810042566e-04 5.152370203160287938e-04
8.898370830100885880e-04 9.991289198606292422e-04
3.756438557763066167e-03 2.036439354502863393e-03
1.956293706293708856e-03 3.175764192139739640e-03
2.414389067524119834e-03 -3.498644986449830755e-04
5.892731122088915594e-04 1.041755319148937207e-03
-8.468052347959583457e-05 1.316136114160264443e-03
1.505143277002208733e-03 1.425774400935127858e-03
2.800291545189510616e-03 -5.643835616438187944e-05
1.681060606060608012e-03 1.896070615034169994e-03
-1.949924127465804365e-04 2.192329385222788370e-03
1.681501547987618132e-03 9.965608465608475318e-04
2.293460925039876065e-03 1.241900647948164299e-03
2.813408723747985469e-03 2.000266808964781557e-03
3.011932255581218233e-03 -3.651296829971162274e-04
-1.850488021295473157e-03 -2.508610792192874435e-04
5.145015105740182414e-03 6.415306696679812975e-04
2.011325503355708248e-03 1.850501848917064304e-03
8.327814569536438633e-04 4.542595769010883584e-04
3.388504155124659294e-03 1.952497285559175568e-03
2.580587392550146974e-03 1.322349570200574698e-03
3.929910350448250281e-03 2.851294241944005506e-03
2.693220338983050039e-03 1.674827035657264294e-03
-3.923205342236787469e-05 8.131868131868151160e-04
6.212369597615501927e-03 2.119485294117648584e-03
1.171489061397322940e-03 8.144927536231907287e-05
-5.387177352206464886e-04 1.226897689768979578e-03
-3.235753317720506330e-04 2.148004434589801011e-03
2.007871064467769712e-03 1.106104651162791554e-03
5.617274167987325664e-03 1.571921749136940194e-03
3.304363124560171904e-03 5.985442329227346012e-04
1.291807432432438667e-03 1.598044541010320597e-03
-1.457094307561553786e-04 9.453080023028237943e-04
2.543122676579927157e-03 7.794981313400984073e-04
1.664274322169061703e-03 1.102354145342889034e-03
-2.161478599221786871e-03 3.092178770949746431e-04
5.353909465020578913e-03 7.418011452368568782e-04
4.341729323308274151e-03 1.226699561403510417e-03
-9.120171673819717738e-04 1.233450497949620424e-03
4.255499153976314598e-03 1.949152542372883370e-03
4.500786782061370200e-03 4.904063205417620586e-04
2.263610315186251332e-03 1.501426126640047990e-03
7.069093610698367128e-03 -2.999999999999980764e-04
1.823269513991166010e-03 1.363988919667592087e-03
2.875985977212971740e-03 -1.604077253218870762e-04
4.227197346600336351e-03 1.892115077250934802e-03
3.225630252100843837e-03 2.271498107085076533e-05
4.247495826377298625e-03 2.035696202531645568e-03
3.379836309523814343e-03 2.146551724137932358e-03
5.195780590717303735e-03 8.288000000000023647e-04
4.094984802431613641e-03 -2.738927738927492202e-05
9.131121642969983101e-04 3.403126744835302292e-04
6.233424470266580447e-03 1.658929546695795581e-03
-2.001545595054073047e-04 1.828619909502263944e-03
-1.421276595744650081e-04 2.063439065108515613e-03
4.077375946173258069e-03 2.734246575342489760e-04
1.849921630094047498e-03 1.407514450867053662e-03
1.255630630630633418e-03 2.091495601173021593e-03
4.262836185819076154e-03 7.420993227990988362e-04
4.005799502899754817e-03 1.997506925207758084e-03
1.174728940783987272e-03 8.409758965314533419e-04
4.055918367346938828e-03 1.113228089275994977e-03
-4.740157480314928073e-04 1.852345415778254307e-03
1.808385579937308923e-03 2.217993951612906231e-03
5.842205323193919164e-03 2.505693581780541086e-03
2.373194221508828552e-03 4.941601779755300369e-04
1.570153061224493704e-03 1.428256070640178529e-03
2.748270561106845589e-03 3.533281331253253221e-03
3.355468750000002547e-03 2.074212493326215139e-03
1.023512123438651738e-03 -1.305787589498805983e-03
1.734141791044778100e-03 2.839382448537377916e-03
2.944063926940642534e-03 6.517317207256752244e-04
3.981738495252010700e-03 1.984615384615384583e-03
1.350552050473188001e-03 5.754985754985874089e-05
2.445059625212947681e-03 2.527576601671310992e-03
-1.058671586715862921e-03 2.096354166666668239e-03
-2.385570209464676233e-04 1.116577540106953410e-03
3.251417004048585187e-03 7.828507795100241029e-04
2.875203252032521375e-03 3.523274478330685241e-04
4.686629526462397430e-03 6.081521739130437299e-04
9.286283891547071840e-04 -4.671532846715311846e-04
1.129069767441866039e-03 2.910505836575878313e-03
2.487562189055008850e-05 1.054809843400449391e-03
3.231529209621995889e-03 2.547553600879606632e-03
3.137658227848105167e-03 1.415662650602411395e-03
-9.975778546712794209e-04 7.178051511758131494e-04
4.411102484472051964e-03 1.727848101265823345e-03
4.058587479935797486e-03 1.978063135366506589e-03
4.087975243147661496e-03 1.413903743315510480e-03
4.157489878542509031e-03 1.040021633315307012e-03
4.531847133757962477e-03 3.724675324675344977e-04
1.564828614008968168e-04 2.839438339438341702e-03
3.363363363363367897e-03 -9.621896162528010264e-05
4.395833333333334925e-03 -3.044289044289044590e-03
1.233094669848849249e-03 1.135831381733023353e-03
2.042519685039372035e-03 2.616310892172976285e-04
3.761922785768360544e-03 9.230552423900820636e-04
3.812337098175503161e-03 4.173486088379724994e-04
2.042379182156136511e-03 2.440248318675636123e-03
2.996202531645574679e-03 1.336655592469547342e-03
-3.959151610369178974e-04 1.542943107221008293e-03
4.937743190661496870e-04 3.528610354223457157e-04
2.932009167303286853e-03 -5.285381479324376217e-04
9.763539282990123204e-04 1.459833795013850766e-03
3.576807228915692815e-04 1.091938155715075362e-03
5.081250000000000697e-03 1.294359255202629346e-03
5.311550151975719938e-04 9.793253536452825928e-05
3.893483709273182821e-03 2.556908417151941126e-04
5.496003552397872409e-03 1.877071084981296861e-03
8.753980891719774157e-04 1.076727066817667697e-03
1.416018662519443827e-03 1.597162740899358202e-03
2.638237384506043198e-03 4.147504206393738896e-04
1.911204268292683757e-03 1.130952380952382876e-03
2.286228983186553397e-03 2.255252697331062810e-03
3.001178318931661208e-03 1.812241735537191943e-03
2.145639288738360011e-03 1.125130616509929272e-03
4.072061191626411870e-03 2.192411194833154831e-03
-2.930147058823515636e-04 1.418032786885246909e-03
4.647011308562196130e-03 1.114030335861323573e-03
3.471283783783811320e-04 1.408477321814256009e-03
2.802060338484182837e-03 4.142011834319810174e-05
4.386459209419685257e-03 9.481292517006822441e-04
4.038657913931441995e-03 9.903421633554096697e-04
4.426966292134872668e-04 2.573051948051962700e-04
-6.082180634662289051e-04 1.462323390894820817e-03
3.799699924981251014e-03 -5.113830392714843048e-04
-1.212941176470583304e-03 2.376760563380291100e-04
-8.273353751914216654e-04 4.635300668151473027e-04
-7.920168067226876626e-04 1.384016156953261001e-03
4.663381349507207327e-03 -3.787528868360264846e-04
1.360528360528364495e-03 1.247901364113328292e-03
2.724962063732932170e-03 4.825253664036088211e-04
-5.906344410876102676e-04 1.861857476635515093e-03
4.508353221957042689e-03 -7.662784542085737585e-04
1.294773251345123465e-03 1.628197674418606529e-03
1.394717534849597949e-03 1.784692796610170022e-03
2.100577081615831454e-03 2.230769230769234085e-03
4.929605792437650319e-03 -2.369007803790191755e-05
-1.521031746031743705e-03 1.181622783449759939e-03
1.755148741418765352e-03 1.783960720130956185e-04
3.723727422003284774e-03 -2.843601895734428691e-05
-5.451559934318526979e-04 1.356898517673888393e-03
1.834297520661159293e-03 -6.298530954879305935e-04
2.379367720465892528e-03 1.115097588978188926e-03
1.809450038729669853e-03 1.551847766133481387e-03
1.736932305055700378e-03 2.751808569838641127e-04
1.278559602649010848e-03 9.253171856978102553e-04
6.289586305278174923e-03 -1.907997909043357442e-04
2.016189759036149734e-03 1.211407639979070671e-03
1.377206446661554924e-03 7.399204997160723721e-04
2.305051302288873855e-03 2.975318471337580310e-03
1.834337349397594961e-03 1.101058201058203317e-03
4.788370253164561489e-03 3.476562500000017182e-04
-9.955065359477084739e-04 2.594812164579610083e-03
8.599221789883422929e-05 3.763290430889775439e-04
4.803897180762854886e-03 1.093832366895100116e-03
2.662539936102238484e-03 2.058977035490620238e-04
-1.409754224270348862e-03 -7.447413303013065327e-04
2.537375415282423058e-04 8.040393013100440717e-04
2.594928032899250850e-03 1.042501353546293951e-03
9.326323987538989030e-04 2.080156950672647047e-03
4.811616954474120839e-04 -1.339622641509410591e-04
2.554863813229572757e-03 1.617497168742923356e-03
2.803515625000004789e-03 1.552972336668629509e-03
3.056387665198242228e-03 1.259497057249866787e-03
4.686274509803921989e-03 -7.264722069344805167e-05
7.412398921832891062e-06 6.573504751257687115e-04
1.033140016570010655e-03 6.778711484593853307e-04
5.373194221508829915e-03 -2.644849785407709254e-04
4.123809523809526117e-03 1.572405220633940669e-04
4.560142348754446864e-03 7.837108953613827625e-04
3.418652423993431399e-03 9.443488238668978994e-04
2.173950299914312583e-03 7.187857961054031411e-05
5.197900466562987119e-03 6.612038140643637348e-04
1.353879310344831971e-03 1.280920687742653037e-03
2.829872204472845543e-03 5.774348057477403807e-04
