-1.975881261595532695e-04 -1.101932668329176201e-03
-1.308835672997521373e-03 -2.417133956386292772e-03
-4.990762124711316076e-03 -6.815003178639546981e-04
-3.754603682946356172e-03 -1.418290383406662540e-03
1.306827309236950271e-03 -5.972576530612241485e-04
-3.136399682791429951e-03 -1.695464362850972184e-03
-3.882488479262670693e-03 -9.873976055450532207e-04
1.024419535628505462e-03 -1.575643440050220707e-03
-5.612436115843266564e-03 -3.610315186246311893e-05
1.086206896551723854e-03 -2.121314496314496024e-03
-5.289975144987563334e-04 -1.902022756005056475e-03
-5.069572506286664990e-03 -4.289071680375989367e-05
-4.155999999999981215e-04 -9.195804195804182894e-04
-6.075607560755821103e-05 -5.653689715281810498e-04
-1.993410852713174090e-03 -1.728395061728394289e-03
-1.906176700547298651e-03 -1.134686346863463717e-04
-1.820882852292018874e-03 -7.876106194690233350e-05
-2.176394849785406437e-03 -1.617848970251716499e-03
-3.056051990251825584e-03 -9.825056433408574201e-04
-6.238354037267065727e-04 -1.738993710691823626e-03
2.466189339697715194e-04 -4.389086595492288777e-04
-4.284021071115012153e-03 -5.646258503401347002e-04
-1.141869918699182701e-03 -2.462486002239640606e-03
-3.765743073047854873e-03 -4.249547920433997361e-04
-1.726568867155662537e-03 -5.189063408958689014e-04
-3.506213753106872215e-03 -2.114705882352940422e-03
-9.986945169712766086e-04 -5.235602094240800284e-05
-3.768668206312545364e-03 -2.730027548209358981e-04
-3.044462409054162020e-03 -2.901546698393814641e-03
-5.161971830985913334e-03 -1.795373665480425604e-03
-2.154789272030650012e-03 -1.170844686648501391e-03
1.204974271012008991e-03 -1.353462603878115419e-03
-4.285398230088490953e-03 -1.519208037825058597e-03
7.327117327117334484e-04 -2.046511627906976837e-03
-8.263274336283168119e-04 -2.040384615384613614e-03
1.836000000000031888e-04 -5.280690931523752876e-04
-2.607232968881376405e-04 -8.509933774834432417e-04
-7.838409475465307709e-04 -1.142652944539736867e-03
-3.272020725388596028e-03 -4.221893491124257690e-04
-9.103260869565186304e-04 -1.500282805429864214e-03
-7.842987804878039483e-04 -2.048378076062639264e-03
1.410256410256389818e-04 -2.073109243697478492e-03
-1.363453815261039597e-03 -1.292429792429792461e-03
-8.383966244725727605e-04 -2.471542227662179222e-03
-1.714399363564041634e-03 -3.198750709823963700e-03
-3.127024722932649457e-03 -2.500308071472581457e-03
-7.152724481964660300e-04 -8.708920187793419690e-04
-2.166411042944782310e-03 -9.136335595311543319e-04
1.065502183406142125e-04 -7.345474613686529168e-04
1.376190476190477683e-03 -3.122520420070012351e-03
3.684210526315809665e-04 -1.793773119605425416e-03
-4.630782169890660521e-03 -3.617372182517856181e-04
-2.011458333333328644e-03 -7.920193470374902779e-05
-3.263578274760383768e-03 -2.109411764705882656e-03
-1.864471669218987007e-03 -1.247750281214846926e-03
-2.521126760563379039e-03 -1.702671972711767906e-03
-2.669078446306166145e-03 -2.125887669464170647e-03
-5.439161966156173567e-05 -1.681602373887240102e-03
-5.138111888111888612e-03 -1.823692307692308286e-03
-4.513853904282112695e-03 -9.232240437158473981e-04
-4.546408393866019707e-03 -6.136363636363636196e-04
-3.298048048048045182e-03 1.413793103448280860e-04
-2.997416020671833745e-03 -1.327078521939953478e-03
-3.708012326656392153e-03 -6.322520274485331692e-04
-4.651143099068586612e-03 -1.593420235878336300e-03
-3.331097079715864429e-03 -1.043677458766035160e-03
-2.001976284584977908e-03 -2.364301801801802546e-03
7.227191413237913503e-04 -1.976784677887405157e-03
-2.539562289562285590e-03 -2.279554540262707877e-03
-3.333732057416265160e-03 -2.018124999999999954e-03
1.101265822784806901e-04 -2.232722976963971446e-03
-2.027755430410294653e-03 -2.603665865384615329e-03
-1.605809128630698412e-04 -1.845968712394706508e-03
-1.954045561665357193e-03 -4.280730005367692028e-04
-4.536039768019880722e-03 -1.297549591598599374e-03
-3.384727272727271457e-03 -1.238238841978286150e-03
-6.352255054432347746e-03 -1.041960093896712649e-03
2.247090420769960143e-04 -1.156976744186052588e-04
-3.315683104284556943e-03 -1.456580366774540497e-03
-5.407110091743114536e-03 -3.670922809053988375e-04
-7.502011263073203248e-04 -1.412312312312312065e-03
-2.383011583011579535e-03 5.460526315789480988e-04
-5.658137583892617999e-03 -2.757204169221334940e-03
-3.157024793388426599e-03 -2.024509803921569796e-03
-1.093050193050190992e-03 -2.133526011560693981e-03
-2.129204892966356233e-03 -1.396179913739987316e-03
-1.538164996144946979e-03 -1.079572446555820530e-03
-3.036243822075778212e-03 -1.713432835820898742e-04
2.316960148285518578e-05 -1.811866428145497872e-03
2.968724279835390379e-03 -1.465055329062317589e-03
-7.808955223880593120e-03 -1.279945054945054797e-03
-6.083130575831304475e-03 -8.765678449258835700e-04
-1.756644518272389979e-04 -1.591880341880341906e-03
-7.648162040510109822e-04 -1.715365239294710511e-03
-1.302545155993429550e-03 -1.180821147356579280e-03
-7.553740326741168387e-04 -9.201183431952656246e-05
-1.212782540919719529e-03 -1.225523486134691593e-03
-2.413657770800614892e-04 -2.048442906574395126e-03
-7.232950191570877360e-03 2.501431024613644054e-04
-4.863328313253009565e-03 -2.874543239951279027e-04
-1.792242703533022735e-03 -2.842865566037735322e-03
7.765217391304348772e-04 -2.465042979942693151e-03
-8.589315525876454072e-04 -1.720786846741044441e-03
-2.241708126036481407e-03 4.162591687041574014e-04
-3.986774744027300928e-03 -1.200250312891113771e-03
1.153875379939210688e-03 -1.952017114914425099e-03
2.061688311688324724e-04 -1.255568934376881298e-03
-2.352941176470586132e-04 -1.315023752969119580e-03
-1.036226114649682877e-03 -1.668493941142525951e-03
-1.313407344150295660e-03 -1.365449438202247408e-03
-3.923948220064725143e-03 -2.027212918660288056e-03
2.689684569479966567e-04 -2.543711223914270087e-03
-2.605056669572798373e-03 -1.641330166270784556e-03
-3.845198675496682762e-04 -1.710746102449887951e-03
2.185792349727136858e-05 -2.608412322274880017e-03
-2.411458333333332295e-03 -1.640718562874252627e-03
-2.050205761316870046e-03 -2.929687499999997723e-04
2.049728752260400032e-03 -1.288043478260869276e-03
1.257843925985520275e-03 -2.344610091743119188e-03
5.008278145695395540e-04 -8.062659846547309264e-04
2.669683257918553220e-03 -2.036214953271026952e-03
-3.461841070023580691e-04 -1.856343283582089550e-03
-3.799688230709254936e-04 3.979710144927538413e-04
-1.078838174273833605e-04 1.123956326268470233e-04
-1.570895522388056961e-03 -8.761034047919286387e-04
-6.129753914988795172e-04 -2.468362282878413822e-03
2.227414330218067398e-04 -6.436748712077844121e-04
-1.303893637226968870e-03 -1.375813128326434367e-03
-4.743488555643251485e-04 -7.080783353733157131e-04
-2.696761133603236323e-03 -2.356132075471697399e-03
-2.083394027676618507e-03 -1.145820238843493896e-03
-2.061261922230373661e-03 -6.596002422774065654e-04
-5.017162471395880154e-03 -8.213689482470783523e-04
8.672075149444959455e-04 -1.406561218512009884e-03
-1.071669477234398621e-03 -1.551524390243903470e-03
-6.615123194562443944e-03 -9.554589896795215613e-04
-3.021276595744679539e-03 -8.883207750269101139e-04
-3.780744336569578576e-03 -9.478417266187057905e-04
-5.423826714801443377e-03 -7.772963604852681750e-04
-2.115416666666665620e-03 -2.679898648648647384e-03
-3.279286268425130393e-03 -1.469429747207524114e-03
-1.434485530546619108e-03 -9.787111622554655211e-04
-2.039441248972883453e-03 -2.506360619469026434e-03
-3.642424242424243015e-03 -1.544489092996556220e-03
-2.275459098497493657e-03 -1.124347826086956152e-03
-3.942972774098605845e-03 -1.305379746835442188e-03
8.140764849471121469e-04 -2.177392277560157366e-03
-1.020312499999998868e-03 -9.566265060240963488e-04
5.266544117647057634e-04 -1.642524723676555987e-03
-3.096456692913384691e-03 -1.828089244851259249e-03
-1.596268656716416786e-03 2.692542787286062974e-04
-1.476614699331845046e-03 -2.486903376018626769e-03
1.366382978723405459e-03 -1.731382978723404031e-03
-3.959437751004014731e-03 -1.442704863424383805e-03
-3.664274322169051770e-04 -7.378011117974050525e-04
-5.383999999999982333e-04 -1.808048639258829282e-03
-2.194732641660019300e-04 -2.104952166572875497e-03
-8.171073094867807238e-03 -1.536848412222876982e-04
-1.595447870778263786e-03 -1.803130644190246729e-03
-2.243973399833747943e-03 -1.760778443113772624e-03
-3.108405341712488449e-03 -2.065841305571185661e-03
-5.446957236842103756e-03 -1.403087478559176572e-03
-5.354200988467879528e-04 -1.281739130434783039e-03
-2.814358538657600606e-03 -1.179692307692307594e-03
-4.361596958174901971e-03 -1.648702031602709102e-03
-3.362607338017169472e-03 -1.214079630698211608e-03
-1.413226621735470031e-03 -2.634626865671641730e-03
-1.389019607843134567e-03 -1.023320895522388104e-03
-8.107366771159871602e-03 -1.145501138952163085e-03
-3.900299850074963413e-03 -1.312654320987653245e-03
-4.138975155279502396e-03 -1.662202380952380962e-03
-2.882157676348545087e-03 1.403394255874802582e-05
-2.959842519685038781e-03 -1.287788974510965627e-03
1.766190075693861283e-03 -1.063593932322053591e-03
3.527896995708166400e-04 -1.523518631643250255e-03
2.295531197301858405e-03 -1.889970501474926836e-03
-6.546681254558717362e-03 -2.262870987280436383e-03
-8.894680086268867344e-03 -5.404101326899867766e-04
2.894736842105257997e-04 -2.150334753499693469e-03
-2.074281150159741280e-03 -4.987639060568602309e-04
-6.694620253164549305e-03 1.536281179138331032e-04
1.739530988274707278e-03 -2.746061751732829792e-03
-4.895591647331784882e-03 -1.607818411097099512e-03
-3.748262548262544774e-03 -1.249285305889079843e-03
-9.775888717156091395e-04 -2.072859744990893007e-03
-2.164540816326529331e-03 -2.133195510927348663e-03
-1.386645962732916760e-03 -9.154652686762784547e-04
-1.871584699453538304e-04 -2.287240356083086040e-03
-1.376987447698742317e-03 -2.027932960893855888e-03
1.074511400651467297e-03 -9.048795552810372234e-04
-7.795400475812850564e-04 -1.461402474955804170e-03
-3.051155115511550251e-03 -1.021387283236994958e-03
-1.100806451612899601e-03 -1.061755485893417679e-03
-1.966783216783203093e-04 -8.286778398510232478e-04
-3.245524296675187086e-03 -1.843185550082103137e-03
-3.166793025018954134e-03 -1.691985645933014124e-03
-2.846808510638298290e-03 -1.443231441048034580e-03
-2.796391752577291568e-04 -1.831343283582088617e-03
-3.411867364746917742e-04 -1.799182720373614141e-03
-2.836752136752134466e-03 -2.034971098265894989e-03
-4.674110835401156655e-03 5.087153001936742507e-04
-2.864946889226096995e-03 -1.840525328330206095e-03
-2.856902356902354598e-03 -1.669448010269576448e-03
-4.680566182096405382e-03 -4.279132791327904840e-04
-2.432973805855157944e-03 -1.896541786743516323e-03
-1.981465880370680398e-03 -1.793937538273116406e-03
1.060070671378123756e-04 -1.734756097560974548e-03
-2.104651162790694471e-03 -8.078442437923243806e-04
-3.272577996715923376e-03 -1.890719384953323465e-03
-6.775398824517210768e-03 -2.447852760736191741e-04
-1.998839907192572016e-03 -6.176840780365009439e-04
-1.666533226581265459e-03 -2.423423423423423997e-03
-4.844961240309793527e-05 -2.294483985765124415e-03
4.187925170068064235e-04 -9.307443365695785816e-04
-4.076982294072361776e-03 -1.813337393422656150e-03
8.084074373484243219e-04 -1.512389380530973102e-03
-1.282348242811498984e-03 -1.195828505214367428e-03
-9.574468085106378149e-04 -1.947164179104478353e-03
-6.490094745908692956e-04 -1.043701024713682667e-03
3.806907378335984068e-04 -1.300187032418952462e-03
-4.374174614820247435e-03 -1.013913558318530915e-03
1.560800000000001726e-03 -2.223795180722890411e-03
-4.685279187817258800e-03 -1.136874648679033189e-03
-4.342239185750632231e-03 -1.789775833788955156e-03
-7.014241724403387154e-03 -1.778473091364205080e-03
-5.472392638036807817e-03 -1.489993746091306795e-03
1.983218916857359916e-04 -2.331575682382134966e-03
-2.956539735099338387e-03 -1.210542540073981845e-03
2.962962962963166958e-05 -1.631520532741398107e-03
-1.457777777777773121e-03 -3.269114990969292458e-04
-5.779516994633273480e-03 -7.815047021943567285e-04
6.479374110953078740e-04 -1.608241082410824963e-03
-2.970338983050845039e-03 -3.342167255594815549e-04
-1.361326442721787775e-03 -6.088252832438885345e-04
-4.076850984067450709e-04 -9.398517673888253472e-04
2.489671002295334654e-03 -1.685705741626793847e-03
1.249770009199633550e-03 9.648212226066904974e-04
-4.487947122861583697e-03 -1.206191588785046013e-03
1.657414750198274932e-04 -1.498821449616969965e-03
-4.752124645892349085e-03 -1.264794685990337742e-03
-8.267755102040816664e-03 -2.677190721649469539e-04
-3.667620605069498319e-03 7.649047326367562280e-04
-3.120829943043118299e-03 -1.289075630252101579e-03
-6.701329163408915532e-03 -1.080534825870645491e-03
-5.454848260547742224e-03 -1.783590963139118201e-03
-7.178770949720644041e-04 2.338516746411494038e-04
-1.559349593495933193e-03 -8.739424703891701630e-04
-6.274980015987188667e-04 -8.937387116195063099e-04
-1.023384353741492491e-03 -1.853885135135134848e-03
-2.846120313862247116e-03 -5.455688246385917515e-04
-3.536541889483063410e-03 -9.014005602240893504e-04
-5.885835913312694422e-03 -1.079784043191361377e-03
-1.753429878048778793e-03 -2.418918918918919192e-03
-5.557069219440354327e-03 -1.923692307692307030e-03
-3.046961325966850240e-03 -1.574051776038530668e-03
-1.174300254452922791e-03 -5.425783560023639219e-04
-2.808553157474017858e-03 -1.852743561030235518e-03
-1.484627831715188231e-04 -1.749999999999999386e-03
-2.488574040219375047e-03 -2.838073128264655392e-03
-2.432510288065841287e-03 -2.124179104477611369e-03
-8.337520938023415410e-04 -7.449152542372871125e-04
-3.699044585987259007e-03 -7.540369088811990639e-04
-1.320162481536185217e-03 -2.687747035573122886e-03
-6.805280528052798893e-03 -1.661647727272727105e-03
-1.179983525535415866e-03 -1.502871912693854329e-03
-3.159504132231401655e-03 -1.194474835886213818e-03
-6.815240833932404221e-04 -8.445945945945949667e-04
4.466612377850181820e-04 -2.314051918735891313e-03
-3.704683434518642269e-03 9.850700792199875572e-04
1.015533165407224263e-03 -2.411148839841540173e-03
2.027972027972029054e-03 -1.624782356355195098e-03
-2.010390689941809333e-03 -1.304220398593191525e-04
6.026570048309208604e-04 -2.329166666666666018e-03
-3.430147058823524754e-03 -1.294457274826790174e-03
-1.791044776119400835e-03 -6.413644744929313359e-04
-3.270485859318337900e-04 -3.431076178960088202e-04
-4.639055472263862133e-03 -1.129781420765027262e-03
-3.188531353135314050e-03 -1.757290400972052980e-03
-5.447134786117834200e-03 -4.853355893965019150e-04
-2.281864841745078788e-03 -1.348039215686274491e-03
-2.112297181895816511e-03 -1.237935247403785946e-03
-2.854704097116842355e-03 -2.300228963938179792e-03
3.951395139513982848e-04 -4.991680532445465743e-06
-2.779230210602759779e-03 -1.696022727272723048e-04
-1.909324522760645539e-03 -3.554723502304144977e-03
6.147893379191927347e-05 -2.080185938407901752e-03
-5.691581431943349388e-03 -1.640853302162477824e-03
-8.624454148471594325e-04 -1.721031286210891178e-03
-2.588166144200626084e-03 -2.231788079470197958e-03
-4.084043377226952674e-03 -3.042492917847024452e-03
8.860911270983242534e-04 -3.285180930499711962e-03
-1.328651685393255309e-03 -1.933156654888103926e-03
-2.128350934199828542e-04 -1.480203959208158029e-03
-2.317721518987337498e-03 -2.072238805970149245e-03
-3.403037383177570218e-03 -1.938977635782749079e-03
-4.917786561264821457e-03 -5.909090909090914832e-04
-1.901882693700216549e-03 -2.316371681415928686e-03
-1.747333880229691655e-03 -1.394366197183091922e-04
-1.919908466819222285e-03 -8.123409669211193894e-04
-1.727062451811840402e-04 -1.477771010962240566e-03
-3.186891385767789096e-03 -2.785669781931463754e-03
-2.519801980198016836e-03 -1.950686641697869949e-04
-3.037151702786376924e-03 -9.982435597189616395e-05
-2.542341678939613776e-03 -1.592671108419139699e-03
-5.347938144329896122e-03 -5.778756191523915771e-06
-1.508598452278589247e-03 -1.898675877950490145e-03
-1.224714828897334028e-03 -2.365430622009569248e-03
-5.635910224438848634e-04 -1.909147869674185458e-03
-1.601963746223560893e-03 -7.963759213759211879e-04
-1.199203187250995123e-03 -2.044829647340107477e-03
-6.779331779331771194e-04 -3.116112385321099989e-03
-1.353328173374610888e-03 -1.131797824696097361e-03
-2.396776669224862794e-03 -1.411251504211791545e-03
-3.765599999999997855e-03 -5.359999999999996928e-04
9.579955784819528563e-05 -2.384282178217822165e-03
-5.683202785030444992e-04 -7.343653250773991966e-04
-4.676923076923075913e-03 -1.308227114716106103e-03
-3.843849840255588943e-03 -1.880147510755993253e-03
-3.362277867528267426e-03 -2.226031553398058558e-03
-2.790096082779003643e-04 -1.874846248462485069e-03
-4.676165803108775477e-04 -2.249265138154026705e-03
-1.904815650865312841e-03 -1.670981336544250136e-03
-2.474158183241970815e-03 -1.165077473182360305e-03
-1.134883720930228435e-03 -2.684424012979988970e-03
-5.275109170305609940e-04 -3.259895227008150192e-03
-1.006508422664620459e-03 1.965301478953354001e-04
-2.081896551724134875e-03 -1.919345741680767402e-03
-6.689855072463769120e-03 3.352071005917165065e-04
-2.334932054356511112e-03 -7.353297035692670349e-04
-6.387867647058818182e-03 -1.274955699940931745e-03
-3.661411411411410414e-03 -9.887737478411044462e-04
-8.402471315092654124e-04 -2.458381171067737601e-03
9.428442844284452883e-04 -2.014442518775274877e-03
8.466722830665576347e-04 -1.699999999999999688e-03
-1.551409618573796473e-03 -1.988483685220729640e-03
-5.534710017574692546e-03 -2.785842831433713290e-03
-3.666904932094351265e-03 -1.438040345821325807e-03
1.779147982062783328e-03 -1.353637413394918323e-03
-1.343673469387753365e-03 -3.322089552238806191e-03
2.900340715502580636e-04 -2.657957244655582973e-03
-3.163956639566396258e-03 -1.375536480686695212e-03
-1.901085141903169611e-03 -4.079861111111104856e-04
-1.674561403508771076e-03 -1.368613138685994963e-05
-3.956081081081077797e-03 -1.730119825708059667e-03
-1.058981233243967181e-03 -2.798635824436537106e-03
-6.021809369951519435e-04 -2.971890971039183125e-03
-1.389109697933223284e-03 -5.479365079365083446e-04
-3.931911402789169813e-03 -1.593561973525871745e-03
-2.640672782874612951e-03 -2.070757486788021243e-03
-1.661676646706583852e-03 -2.854523227383863127e-04
-3.955737704918032768e-03 -6.342207432057677709e-04
-2.006471095772215368e-03 -1.643413173652694906e-03
-9.651759530791769685e-04 -1.481715425531914595e-03
6.179487179487216323e-04 -4.038573933372289235e-04
-4.310513447432762907e-03 4.105058365758763091e-04
-3.853221957040569613e-03 -7.341317365269452904e-04
-1.177165354330706685e-03 -5.637003841229193315e-04
-3.456903431763764384e-03 -8.141176470588233497e-04
-1.493517718236817655e-03 -1.795481927710843939e-03
-4.234825493171468294e-03 -1.187109596819989257e-03
-4.370225694444443074e-03 -2.382103990326480975e-03
-1.442254812098990721e-03 -9.532181168057211624e-04
-5.527352297593000723e-03 -2.797181372549007307e-04
-5.105468749999980899e-04 -1.291896361631752381e-03
-8.777869529314628796e-04 -1.987735849056604994e-03
-2.756270903010029499e-03 -8.049300060864277278e-04
-4.887005649717501626e-04 -2.475487465181058343e-03
-3.930366116295764926e-03 -2.355734767025088796e-03
-2.601954397394132430e-03 -1.802535211267606349e-03
1.490340030911901665e-03 -2.947782963827304346e-03
-3.130837359098226445e-03 -2.057884856070086622e-03
-2.850467289719607654e-04 -1.154005934718101362e-03
-2.677126341866222121e-03 -8.743362831858397669e-04
-2.823358270989187891e-03 -7.897085068411660103e-04
-1.599347353154460197e-03 -9.283659378596086651e-04
1.682387312186981593e-03 -2.638596491228069937e-03
1.952054794520553674e-03 -2.133961117861483351e-03
-1.761380880121395575e-03 -1.386568123393315229e-03
-1.962692967409946244e-03 -2.146341463414634318e-03
-2.246978851963744080e-03 -1.233078281341965974e-04
5.705750560119535707e-04 -1.212729357798164858e-03
-1.311475409836063187e-03 -1.870601589103291053e-03
-3.775302114803624851e-03 -2.092298647854202824e-03
-1.767303102625294997e-03 -1.340725806451612380e-03
-1.804545454545449738e-03 -2.074008288928359117e-03
-1.309241706161135043e-03 -9.606606606606593254e-04
2.355863192182410751e-03 -2.896816372939169538e-03
-1.629560685033505348e-03 -1.321724137931034031e-03
-2.762222222222222336e-03 -7.352941176470574039e-04
-3.116045845272205541e-03 -1.612386706948640410e-03
-1.448872180451127268e-03 -1.752908587257616521e-03
1.123298033282911100e-04 -9.349854227405243832e-04
-3.631297709923661000e-03 -2.376684241359109783e-03
-4.372912127814085337e-03 -2.596223021582735099e-03
-6.169992325402915562e-03 -1.607988165680473546e-03
-2.075184880854556713e-03 -6.228668941979520349e-04
-3.902164862614487719e-03 -1.370635910224437962e-03
-4.369533527696790008e-03 -4.900960384153653761e-04
1.799839871897521756e-03 -1.883405639913231884e-03
-2.370284834488070938e-03 -1.946886446886447438e-03
-5.305332359386413267e-03 -1.423217550274223381e-03
-2.865448504983387178e-03 -5.501644736842104672e-04
-1.613509192645880318e-03 -2.337278106508871363e-04
-2.999610894941632730e-03 -1.681051265412070173e-03
-3.340189873417720445e-03 -8.291333743085426214e-04
-2.587196467991170062e-03 -5.268907563025197619e-04
-3.383852691218131471e-03 -2.709217877094972048e-03
-4.833197721724956613e-04 -5.753968253968248271e-04
-5.827777777777775475e-03 -1.736825396825397629e-03
-8.312407680945312462e-04 -8.156708004509585557e-04
-1.629529683885886293e-03 -1.178229665071770264e-03
-4.537953795379537358e-03 -7.080269607843131660e-04
-9.024075666380048906e-04 -2.816929133858267920e-03
-1.983064516129030667e-03 -4.816375677302324615e-06
-4.140311804008907012e-03 -1.586572438162544294e-03
-4.838839645447195418e-04 -1.002105896510228130e-03
-1.254756871035940091e-03 -1.989014084507042743e-03
-3.322825219473261350e-03 -2.141047783534830856e-03
-1.107078853046592837e-03 -8.755827505827504329e-04
-1.078376205787780727e-03 -2.019208381839346367e-03
7.555379746835458148e-04 -1.620527306967984747e-03
-4.632862190812716933e-03 -1.299763733018309900e-03
-4.069522471910085233e-04 -2.478309859154928779e-03
-1.928082191780819540e-03 -1.927251043530113376e-03
-2.445611402850679235e-04 -2.457852193995381344e-03
2.002583979328169124e-04 -2.419142857142855818e-03
-3.528528528528521581e-04 -2.040341578327442996e-03
-3.562629043358567921e-03 -7.938861985472145258e-04
-6.158781074578984155e-04 -2.072804532577903359e-03
-2.478165938864624988e-03 -1.521633150517975788e-03
-3.095119933829608601e-03 -1.462635482030804051e-03
-1.582651391162026187e-03 -5.854285714285698602e-04
1.031887755102041219e-03 -2.753714914694550993e-03
4.848708487084892136e-04 -1.679069767441859892e-03
-3.058933933933933452e-03 -1.048122065727698747e-03
-4.238535800482703432e-03 -1.549825174825173553e-03
-1.411811652035116667e-03 -8.463022508038587494e-04
-1.402486402486377061e-04 -1.511821086261980846e-03
-3.021238938053092977e-03 -1.502237136465323650e-03
-3.251071122536414951e-03 -1.270895971136499960e-03
-5.434044233807263334e-03 6.938895417156291110e-04
-3.307779456193353767e-03 -1.529545454545455088e-03
1.074978938500422646e-03 -5.926982316029661985e-04
1.525240384615386387e-03 -2.074519230769230043e-03
-2.704451772464959696e-03 -2.122546103509815197e-03
-1.241106719367585695e-04 -2.219223771983020680e-03
-2.622258326563768789e-03 -1.571428571428569974e-03
-4.331320450885668694e-03 -2.110311750599519736e-03
-3.491004497751122246e-03 -9.216232961586118440e-04
-5.021897810218974370e-03 -1.292586304470854427e-03
-5.236989591673336247e-03 -1.072696050372066263e-03
-2.346212121212117897e-03 -7.781155015197569434e-04
1.528400000000001806e-03 -2.908781694495981163e-03
-1.720203488372087789e-03 -8.072400990098998639e-04
1.437305295950155491e-03 -1.189431396786155056e-03
5.892420537897333221e-04 -2.349795441262419408e-03
-7.520385470719040660e-04 -2.867182846932698689e-03
-7.093750000000005433e-03 -7.449284009546531127e-04
-1.246899224806198928e-03 -2.234204131227217512e-03
-3.333206106870225793e-03 -1.117074701820463959e-03
-2.249587458745873694e-03 -3.790623179965055354e-03
-1.081929555895864417e-03 -1.081362612612611889e-03
-2.717015468607825428e-03 -1.546629213483146411e-03
-2.465811965811965604e-03 -1.429284525790348393e-03
-1.610441767068271476e-04 -4.112759643916918386e-04
-3.992676973148900563e-03 -9.536144578313249156e-04
-2.522163120567361768e-04 -1.348989623156743312e-03
-3.067949725058913453e-03 -2.049031476997579225e-03
-2.727883096366506745e-03 -2.112486828240251781e-03
-4.069373942470386717e-03 -1.122530864197530433e-03
3.259518259518263527e-04 -1.409432870370369269e-03
-8.268450932684495930e-04 -2.621465666474322685e-03
-1.398406374501982743e-04 -1.406830238726790262e-03
1.778346744696419858e-03 -2.223675813656668127e-03
-2.234669811320751792e-03 -1.187500000000000404e-03
-8.542301829268289862e-03 -8.959074733096083435e-04
-2.528346456692911245e-03 -1.738001129305476351e-03
-4.424363057324836451e-03 -1.467637540453075023e-03
-4.315132605304209702e-03 -1.767251131221720187e-03
-9.759036144578296396e-04 -1.763271604938270983e-03
7.583547557840623248e-04 -2.873380447585394126e-03
-2.945236309077265899e-03 -9.358899297423892757e-04
-4.175091575091576489e-03 -1.766259032795997313e-03
-2.371543264942013902e-03 -2.349517319704713409e-03
-6.783515731874140663e-03 -4.817109144542762933e-04
-2.130252100840304003e-04 -1.926879810538780456e-03
-1.985462555066075906e-03 -1.097263533610945375e-03
3.913986537023191048e-03 -3.657376126126125546e-03
-6.350671140939552137e-04 -1.585635359116021811e-03
2.602607232968884472e-03 -1.114521841794568558e-03
-2.237174721189589145e-03 -1.847478474784748680e-03
-4.269789397240378141e-03 -4.521764032073301970e-04
-1.953274760383385666e-03 -1.149553571428570684e-03
-1.739005046863733661e-03 -2.572415865384615734e-03
-3.619124797406807290e-03 -6.063964534515513044e-04
-2.193601312551269038e-03 -9.487179487179485653e-04
-1.744852282900625747e-03 -1.626509853782580383e-03
1.083007047768206471e-03 -1.239081111741349196e-03
-5.270270270270269349e-03 -9.333333333333327817e-04
-3.741776315789513207e-05 -2.185588235294115382e-03
-5.889423076923059469e-04 -2.184178743961353187e-03
-1.576111529766386190e-03 -1.553918680023571577e-03
-3.588972431077693676e-03 -1.818050749711649624e-03
-5.850383631713551059e-03 -1.031539888682745819e-03
1.079983249581241813e-03 -2.518486916951080505e-03
-2.037846930193436875e-03 -8.425978445830965445e-04
-9.378357636224077471e-04 -1.134815242494225610e-03
-4.500000000000000527e-03 -1.287785833798102885e-03
-5.250198570293854432e-04 -1.466625077978788837e-03
1.434714620797528746e-04 -2.433189655172415117e-03
-2.125199999999997230e-03 -1.391356542617045756e-03
-3.017006802721084943e-03 -1.915151515151514031e-04
-1.347560975609755777e-03 -2.214452896430661039e-03
-2.688090050835145305e-03 -3.839401820546176785e-04
6.043824701195242436e-04 -1.010256410256409965e-03
-2.977803738317756979e-03 -1.051244075829383361e-03
1.095327807083649584e-03 -2.587740384615384512e-03
-1.199089403973508479e-03 -8.790322580645160144e-04
-3.904126213592228056e-03 -7.134894091415834453e-04
-3.990087232355270241e-03 -1.857185808779313833e-03
-4.318811074918566667e-03 -1.990400903444381180e-03
-1.080787781350482299e-03 -2.198224852071005257e-03
-1.776669224865663722e-04 -1.465003043213634589e-03
-2.469072164948450405e-03 -1.604499703966843702e-03
-1.325366229760982289e-03 -2.129220380601596057e-03
-1.267083333333332736e-03 -7.218330414477523065e-04
-3.231617647058823185e-03 -5.999999999999994053e-04
1.013605442176873563e-03 -2.368731563421821952e-04
4.036377708978361651e-04 -1.254047322540473384e-03
1.164495114006552310e-04 3.459756803705847346e-04
-2.920454545454545525e-03 -1.281704095112284631e-03
-1.628274268104774576e-03 -2.503567181926277807e-03
-2.850607287449390907e-03 -1.386377335744424068e-03
-1.283905228758168123e-03 -1.911625148279952465e-03
1.056572379367721679e-03 -2.435002981514609952e-03
-3.837786259541980070e-03 -6.847645429362877578e-04
-2.221399176954727116e-03 -3.599999999999991553e-04
-8.766233766233753758e-04 -2.224541429475015031e-03
-2.039451827242520863e-03 -1.486463133640552985e-03
1.783555555555560576e-03 -2.761041902604755363e-03
-2.118305355715426747e-03 -1.708333333333334056e-03
-3.218820861678003097e-03 -1.749999999999999603e-03
1.982661290322580358e-03 -1.859964093357270023e-03
-2.245775165319618006e-03 -3.007274762171236598e-03
-5.640297202797199018e-03 5.329062317996513694e-05
2.096892886345056318e-03 -2.204310344827584579e-03
-6.017594108019638614e-03 -1.244419642857133546e-04
-1.038053097345131674e-03 -2.877531645569619042e-03
-1.345545378850954371e-03 -2.189903846153844463e-03
2.908468776732494530e-05 -1.758509389671361915e-03
-5.027499999999996382e-03 -1.530755711775043599e-03
-4.908839779005518857e-03 -1.394104178591871069e-03
-7.622439893143368242e-03 -1.505418422636964609e-03
2.153484729835710432e-05 -1.523159144893111239e-03
-1.400875796178341348e-03 -1.310365135453475010e-03
7.638668779714762090e-04 -1.221104082806210222e-03
-3.765321955003877921e-03 5.124277456647407603e-04
-5.119889937106912765e-03 -2.712336244541483938e-03
-1.919034090909089952e-03 -1.337360047142014145e-03
-7.112550607287451698e-03 -8.310463121783869802e-04
2.330769230769232179e-03 -2.232974910394265166e-03
-2.324675324675323090e-03 -1.728596389050669931e-03
-5.021199999999998234e-03 -5.999999999999996222e-04
1.202118989405041795e-04 -2.422677261613691031e-03
-1.913328197226496800e-03 -8.881097560975611789e-04
5.430566330488762177e-04 -2.562649880095922098e-03
4.045658682634753456e-04 -2.372804360993339447e-03
-5.462749615975422829e-03 -6.075334143377887413e-04
-1.585866261398173084e-03 -2.521309450277947530e-03
-2.288415124698309211e-03 -1.116552119129438775e-03
-1.931006493506490966e-03 -8.348004694835675990e-04
-5.350151745068284885e-03 -2.753618817852834279e-03
-4.464426877470352092e-03 -5.367530407191955415e-04
-1.389513108614227627e-03 -2.194328358208954416e-03
-3.330610490111777025e-03 -1.732372777437155920e-03
-2.624608150470217945e-03 -5.950460829493084544e-04
3.154790182106099929e-03 -1.930563978168586652e-03
-5.660051768766174995e-03 -1.314095744680849904e-03
-2.722608695652172645e-03 -2.024438202247191149e-03
5.358280254777092640e-04 -2.161680092059840678e-03
7.042785234899342573e-04 -3.355142703284868036e-03
-4.046108291032146816e-03 -2.321364452423699872e-03
-3.861426256077766465e-04 -2.126911314984708447e-03
1.797907949790799242e-03 -2.656304985337244479e-03
-2.160423452768729050e-03 -1.908543577981651213e-03
-2.703157894736840910e-03 -1.105719237435008953e-03
-5.058128544423438899e-03 -1.970625798212005762e-03
4.593639575971735531e-04 -1.571629213483146260e-03
-1.462138084632514084e-03 -1.582554517133957306e-03
5.580086580086589818e-04 -2.505480335267568515e-03
1.146987951807231258e-03 -2.386363636363636118e-03
-7.151411462788684423e-04 1.029375764993880650e-03
-2.054945054945054445e-03 2.680151706700378096e-04
-1.843252305113158131e-03 -1.516370699223084989e-03
-2.622439893143360332e-03 -9.356725146199097718e-06
-5.416023993144814495e-03 -1.717466743782533568e-03
5.146825396825411994e-04 -4.588550983899808249e-04
-3.203748981255091690e-03 -2.666873449131513391e-03
-3.673701298701296906e-03 -3.356119791666673804e-04
7.274206672091134774e-04 -2.428189910979229420e-03
-2.397282174260587009e-03 -1.714553404122423847e-03
-3.224939855653567548e-03 -1.796974985456660512e-03
-1.357541899441338769e-03 -2.101026298909557024e-03
-9.467140319715765121e-04 -2.771929824561403764e-03
-2.504016064257024148e-03 -1.550275904353159030e-03
2.806661251015459295e-04 -1.767593140153755167e-03
-2.546583850931672180e-03 -2.426006191950464286e-03
-7.750880281690098253e-04 -1.939309919901418015e-03
-4.844517184942713495e-03 -1.455767077267637556e-03
-3.289492753623187490e-03 -9.248618784530378712e-04
-2.085603112840467548e-03 -1.448764315852922764e-03
1.463590177815414593e-03 -2.578784468204839680e-03
5.899419729207279993e-05 -1.220930232558139691e-03
-1.026765799256504092e-03 -1.097387173396674421e-03
-2.807965299684537976e-03 5.571182548794493617e-04
5.015763945028296408e-03 -2.746108949416343863e-03
-1.360745614035086025e-03 -1.442475463467828923e-03
-2.953994293865903117e-03 -9.708436724565755460e-04
-3.630347054075864360e-03 -2.150537634408593475e-04
-3.538514442916063508e-04 -2.639904134212103012e-03
6.324655436447197600e-04 -1.470641102456560125e-03
1.487804878048784194e-03 -2.331613253666484694e-03
6.477366255144033965e-04 -8.909967845659158342e-04
1.360033726812820507e-03 -1.776200873362444995e-03
-1.610931174089070541e-03 -2.253850710900472988e-03
-4.073085846867745795e-03 -4.257786613651421510e-04
-9.040880503143178447e-06 -1.922636103151862189e-03
-1.855274629468174922e-03 -2.018079800498752234e-03
-1.513430544896389581e-03 -2.118406285072952418e-03
-1.410921766072807714e-03 -1.989218328840970142e-03
-7.947970479704795366e-03 -2.805704099821746799e-03
-1.098664688427300039e-03 -2.019301470588235736e-03
-2.147356143079313592e-03 -1.376631079478054251e-03
-4.441932969602492912e-03 -7.762836185818955393e-05
-5.254779411764702417e-03 -7.785670166769611102e-04
-1.446833463643467819e-03 -1.743378457916421433e-03
-2.511779041429729447e-03 -1.101261829652996991e-03
2.046765734265734889e-03 -1.799057159693575811e-03
-3.599367660343268799e-03 -1.663647342995168161e-04
2.618055555555555761e-03 -2.284330985915491823e-03
3.739431206764055079e-04 -3.585485854858552562e-04
-1.732715008431702942e-03 -1.857996585088217455e-03
-2.452199661590523209e-03 -6.042031523642684072e-05
-2.206157443491812975e-03 -7.631871182676292203e-04
-5.290747028862476803e-03 -8.217922606924645858e-04
-1.217012448132775851e-03 3.745432399512796254e-04
-5.234732824427476561e-03 -8.240796620398310735e-04
-2.019872813990457316e-03 -1.183323299217339288e-03
-3.219966159052448183e-03 -4.999999999999997936e-04
-1.720247933884296119e-03 -4.872107186358093540e-04
-2.301066447908091200e-04 -1.125439624853458035e-03
-3.255642023346304054e-03 -1.874193548387084404e-04
-2.843974461292892754e-03 -1.214070048309178525e-03
-2.460050462573551921e-04 -2.882218410520295902e-03
-5.158254918733958840e-04 -2.402264600715137231e-03
-5.021126760563379525e-03 -3.718958207147177197e-04
-8.271756978653519669e-04 -2.128157732593963236e-03
-1.589028776978414041e-03 -7.559101654846332036e-04
1.274476987447697909e-03 -1.594903339191564321e-03
-2.219283970707889783e-03 -1.692351926394478415e-03
-3.843825665859564467e-03 -8.350391330523784534e-04
-2.528225806451584053e-04 -1.838934686112872214e-03
-3.087476099426384683e-03 -2.460736196319017292e-03
-1.844474153297679699e-03 -1.350094280326838815e-03
-2.734795996920706077e-03 -3.043967828418229701e-03
-3.250885896527285369e-03 2.576126674786847906e-04
-1.814769975786920163e-03 -1.276837806301049866e-03
-3.671003717472116380e-03 -1.374557260920897294e-03
-4.600074682598951324e-03 -1.555843408175014517e-03
-2.078498293515352235e-04 -1.602335586969883159e-03
-2.264098490865765114e-03 -2.334411764705882162e-03
-1.857386848847138996e-03 -2.170285359801489480e-03
1.980392156862748575e-03 -3.104658018867924307e-03
-5.477858293075683026e-03 -1.654047757716947415e-03
8.300704776820815793e-05 -2.424400737553780369e-03
-4.262895174708816910e-03 -1.615868263473054260e-03
-5.830289193302892574e-03 -8.099378881987574297e-04
4.701818181818183742e-04 -1.090412621359222343e-03
-1.242048099301781578e-03 -7.627934978928349249e-04
-3.829258010118044737e-03 -1.782582582582583740e-03
-4.261479591836732708e-03 -1.385126964933495282e-03
-3.561028770706192378e-03 -1.314327485380116642e-03
-2.980017376194612089e-03 -9.858789625360232529e-04
-8.284839203675343306e-04 -1.030006317119392572e-03
-3.734831460674153860e-03 -1.055417185554170887e-03
-1.969819819819820794e-03 -3.007207207207208445e-03
-3.081218274111673181e-03 -2.273365913255955516e-03
-4.682361733931217677e-04 -1.635255648038049826e-03
2.017777777777759302e-04 -5.554517133956381279e-04
1.027128862094952482e-03 -2.399115044247787567e-03
1.643564356435647626e-03 -3.031079607415484989e-03
-8.670995670995666066e-03 -1.427860696517412736e-03
-4.995836802664421934e-04 -5.383165829145718098e-04
5.305147058823543550e-04 -1.799631223110017544e-03
-4.958818635607320502e-03 -9.791937581274370774e-04
-8.055555555555539340e-04 -1.547086521483225126e-03
-2.020610057708158939e-03 -8.729281767955798322e-04
-3.376880443388714922e-04 -1.327820437093916572e-03
3.260050251256284455e-03 -2.317131001778304552e-03
2.256778309409903597e-04 -2.336485661989017980e-03
-6.055348837209304814e-03 -1.980259281084265945e-03
-5.767097264437688435e-03 -8.841807909604517931e-04
2.134831460674152049e-04 -1.253619153674832929e-03
-5.901632653061224427e-03 -2.331834532374101911e-03
-2.648046874999998058e-03 -1.983167082294262640e-03
-1.517560073937151586e-03 -6.662763466042154236e-04
1.116422513492678877e-03 -2.327350427350427346e-03
-6.133617021276591662e-03 -1.406854615809838152e-04
-3.362704918032787590e-03 -2.030983513359862092e-03
-1.510530137981116062e-03 -4.941520467836242646e-04
-3.072164948453609545e-03 -7.441536748329615402e-04
2.778900565885206696e-03 -6.679611650485433108e-04
-5.149297856614926290e-03 -2.500293944738388868e-03
-1.738042678440026136e-03 -1.461420698101654992e-03
-4.630796150481189533e-03 -1.266343825665859971e-03
1.319165998396153259e-03 -1.277604491578291203e-03
-5.996176720475785565e-03 -4.794871794871788211e-04
-5.777416734362305836e-03 -6.209862385321103170e-04
-1.648117839607197077e-03 -1.524161455372370893e-03
-3.577571669477230907e-03 -6.596958174904945333e-04
-4.525235243798114357e-03 -1.644719251336898775e-03
-1.634302822925574926e-03 -5.564657694558216693e-04
-4.286885245901638289e-03 -2.595138055222087625e-03
-5.432093023255815493e-03 -5.167504187604683155e-04
-1.654272151898732992e-03 -1.754518950437317657e-03
-2.436495791889819670e-03 -1.260751224823080784e-03
-4.752297090352223911e-03 -1.786452353616532329e-03
1.776765375854235079e-04 -2.452242283051834018e-03
-1.224596774193545097e-03 -9.901417128773885683e-04
-2.640215716486901069e-03 -1.394637223974763869e-03
-1.146537842190014549e-03 -2.204927536231884172e-03
-1.063335955940200583e-03 -1.942105263157894090e-03
1.296992481203045684e-04 -1.542941176470588724e-03
-2.890794223826714457e-03 -3.158536585365846923e-04
-5.486649440137777696e-04 -2.060606060606060951e-03
-1.872659176029921151e-04 -1.195781342840166774e-03
-1.702102803738313143e-03 -1.015933715742510729e-03
1.294903926482873519e-03 -9.686548995739495101e-04
-7.693860386879730791e-03 8.038216560509561012e-04
-3.498689956331874941e-03 -1.614243323442137888e-03
-1.318006182380216870e-03 -9.788235294117641865e-04
1.537846930193443153e-03 -1.059772863120143340e-03
-4.310671256454387534e-03 -1.494292237442922024e-03
-4.264556962025315388e-03 -9.517199758599877201e-04
-2.878067484662573741e-03 -3.741301546391752851e-03
-2.121078037007239053e-03 -6.679950950337218895e-04
2.995948136142629736e-03 -1.540240811153358686e-03
-2.071005917159763829e-03 -1.348410757946209675e-03
-1.460536398467432570e-03 -2.475862068965517439e-03
1.046888320545613215e-03 -1.186500888099466852e-03
2.099659284497449718e-03 -3.700350467289720410e-04
-1.030078124999997142e-03 -2.221142857142857727e-03
-5.869654605263158360e-03 -1.103986135181975799e-03
-5.501257334450959831e-03 9.833625218914191814e-04
-6.604704097116820315e-04 -2.523546511627905616e-03
-1.086424625098653075e-03 -7.951233183856496693e-04
-4.605601816805451366e-03 -1.200810185185181714e-04
-2.020134228187918032e-03 -1.036484771573603896e-03
-7.173595073133175355e-03 -9.558979808714120193e-04
-5.223140495867769836e-03 -8.426238738738734638e-04
-2.061739130434782265e-03 -1.323479249573621119e-03
-2.073382254836556287e-03 -2.679614485981308015e-03
-1.530672268907562949e-03 -1.940891472868217817e-03
-4.445889261744964856e-03 -1.591911764705881624e-03
-5.167037861915334002e-04 -1.606243441762853982e-03
-3.224093264248704439e-03 1.439804772234284046e-04
-2.934533551554824402e-03 -6.102532427424331961e-04
-1.878147847278632604e-03 -1.743720095693779759e-03
1.844110854503467050e-03 -1.564250913520097560e-03
2.347629796839730866e-03 -2.087075242718445470e-03
-5.228571428571427045e-03 -1.440243902439024672e-03
-4.286789297658863754e-03 -1.452218430034129745e-03
9.570881226053679514e-04 -1.716057441253263961e-03
1.798315602836878489e-03 -1.805068836045054751e-03
1.677751385589868307e-03 -2.935320228281548122e-03
-3.493694362017799732e-03 -1.646546359676414988e-03
-2.784129692832760985e-03 -1.058338617628408083e-03
6.075581395348860457e-04 -1.541785918717801214e-03
-1.145833333333332255e-03 -6.674786845310598689e-04
2.465331278890727239e-05 -1.317051509769093546e-03
-2.152809853733636623e-03 -1.468680709534367877e-03
-2.070523648648649444e-03 -1.058237779118889480e-03
-9.186991869918662533e-04 -1.652185792349726220e-03
-5.260060744115412946e-03 -9.551845342706508134e-04
-3.674978867286556559e-03 -6.048689138576780581e-04
-1.728645383951679703e-03 -1.391063084112149429e-03
3.754111842105273939e-04 -2.068767908309455863e-03
-3.001677852348988602e-03 -1.683415536374844668e-03
-2.979952830188676172e-03 -1.463776722090261682e-03
-7.153232242617715668e-03 5.335403726708072905e-04
-4.938679245283018361e-03 -2.178712591756069676e-03
-1.965502909393180165e-03 -1.257683215130023279e-03
-7.609502598366718563e-04 -2.186746987951807431e-03
-4.623668188736678245e-03 -8.321487151448877552e-04
-4.844187963726299083e-03 -8.597931873479316284e-04
-2.348222424794892474e-03 -1.815299592786503730e-03
-4.630450581395348028e-03 -2.132719714964370194e-03
-3.933823529411749928e-04 -5.303867403314901094e-04
-3.247252747252744008e-03 -9.490407673860906061e-04
-4.741051028179712611e-04 -1.014563106796116014e-03
-3.015993265993263672e-03 -2.027469316189363380e-03
-3.690476190476187600e-03 -2.158356940509915337e-03
-1.909771473601257165e-03 -1.241368867353119304e-03
-4.335428994082839160e-03 -1.090759978130108820e-04
-2.034865293185418502e-03 -8.849529780564259355e-04
-3.072487644151537171e-04 -3.199477351916375865e-03
-4.476859504132227850e-03 -2.006367495451787455e-03
-5.403681506849313844e-03 -1.595975232198141918e-03
-5.513489991296780662e-03 -2.068671963677637480e-03
-1.372082973206567580e-03 -1.906511927788523365e-03
-7.697841726618671453e-04 -1.807176196032672265e-03
-2.972405271828661589e-03 -2.169977924944812165e-03
-2.011752136752137290e-03 -1.131964809384164135e-03
9.751968503937039198e-04 -1.810560859188544217e-03
-6.623025768911054018e-03 -8.880685174246901121e-04
-3.664421553090328916e-03 -1.121873182082605081e-03
1.755617977528090273e-03 -2.794433902593295924e-03
-5.712570056044821926e-04 -1.728366762177650480e-03
-2.171171171171168771e-03 -1.401776103336921028e-03
-5.725806451612893517e-04 -1.582929782082324096e-03
-3.207107843137253864e-03 -8.302900107411384685e-04
-2.721097046413498057e-03 -1.577077363896848064e-03
-4.234436564223801637e-03 -4.019312009656001296e-04
-2.069444444444443199e-03 -1.528011204481791434e-03
-3.146082949308753266e-03 -1.833695062398264276e-03
-3.343724696356274034e-03 -9.675778766687843967e-04
-3.022094926350240782e-03 -2.607741190063546290e-03
-2.313662085691183500e-03 -9.856181150550797840e-04
-2.884383088869716186e-03 -1.535265989240883937e-03
-3.164195700518902723e-03 -2.057326793378296166e-03
-2.673390557939911601e-03 -1.129330943847072118e-03
-4.829278183292777873e-03 -1.005421686746987234e-03
2.952338923212736717e-04 -2.349424026330224589e-03
-6.667283493708361930e-03 -2.002853881278538611e-03
-1.296345811051692999e-03 -1.573844419391207767e-03
6.205906480721926641e-04 -2.234839476813317311e-03
-3.586620262954371818e-03 -1.186567164179103823e-03
-6.150477707006364158e-04 -5.438112745098033990e-04
-1.409625275532697857e-03 -1.602097470697100463e-03
-1.425360474978795092e-03 -1.365708931917551791e-03
-3.925144747725393089e-03 -1.815370483772198260e-03
6.587301587301879868e-05 -1.018583042973286159e-03
-1.213270142180094754e-03 -3.052339181286547673e-03
-2.469144981412635127e-03 -9.549848942598190577e-04
-3.589925062447956849e-03 -1.983861671469739577e-03
-2.460674157303370784e-03 -1.430705657978385099e-03
-2.760528488852186102e-03 -1.010668163952834321e-03
-3.003306392358556960e-03 -1.243268053855570241e-03
-4.920379537953795991e-03 -6.637279596977323313e-04
-2.373649210307566745e-03 -1.929265330904675075e-03
-1.132294164668262585e-03 -7.003514938488569807e-04
-3.937786259541984669e-03 -1.148483080513418254e-03
-1.010481366459624504e-03 -1.114999999999999672e-03
-3.465355004277156144e-03 -3.655336911150863007e-04
-1.642335766423337476e-04 -1.528301886792452977e-03
-9.769736842105258140e-04 -2.553709198813055355e-03
-1.872665534804751836e-03 -1.704433497536945443e-03
-1.371536523929468626e-03 -1.092321755027422358e-03
-5.816498316498315210e-03 -1.271793275217933091e-03
-3.160329985652798879e-03 -2.062868949232585149e-03
-4.438622754491017980e-03 -1.969399881164586759e-03
-3.114893617021271838e-03 -1.330256104824299561e-03
-6.429780033840634516e-05 -2.807835820895514711e-04
-4.594180704441058147e-05 -2.300653594771241966e-03
-4.118852459016393575e-03 -1.611896348645465394e-03
5.873621713316423600e-04 -1.645531400966184074e-03
2.917529880478090479e-03 -3.612186788154897986e-03
-3.136709824828636060e-03 -2.207868467410451473e-03
2.903981264637017410e-04 -2.462492437991530350e-03
-3.952343749999996658e-03 -1.422719349215572065e-03
-4.278192371475949066e-03 -1.616803278688524071e-03
-2.085870413739266457e-03 -4.263862332695979806e-04
-4.698957428323193020e-03 -2.261149653121902539e-03
-1.122633390705676630e-03 -9.059222702035781309e-04
-1.711917916337804112e-03 -1.896292004634993504e-03
-5.343202668890741427e-03 -1.108247422680412727e-03
-2.931008902077151396e-03 -1.554415954415953567e-03
-4.269291338582674629e-03 -7.185251798561154840e-04
-2.791033984092551427e-03 -1.271992818671453763e-03
2.043225270157938631e-03 -3.110982658959538395e-03
-1.242512479201328228e-03 -2.322097378277145194e-04
-1.945180279617362163e-03 -1.353412462908010769e-03
-2.820502749410837978e-03 -1.768900343642611662e-03
-1.109808102345414584e-03 -1.021122685185184807e-03
-5.168674698795164366e-04 -1.763280793928780239e-03
3.155462184873961888e-04 -2.224059293044469785e-03
9.950267788829377305e-04 -2.304951690821256498e-03
-2.625449317038100819e-03 -2.165008291873964184e-03
-3.277900960827775890e-04 -2.533497234173323967e-03
-2.297881355932200696e-03 -1.575482738443534413e-03
-6.686619718309858192e-03 -1.078616352201257431e-03
-1.905841660261333153e-03 -1.114705882352941485e-03
-3.889447236180902396e-03 -1.604117647058823145e-03
4.221343873517801075e-04 -2.222153846153845924e-03
-2.761316872427983359e-03 -4.151119402985061217e-04
2.046289493019859439e-04 -2.076301615798922719e-03
-4.390679442508709993e-03 -1.437163375224415974e-03
-5.359706362153342576e-03 -1.199821322215604029e-03
1.864636209813876370e-03 -8.067928730512245999e-04
-1.775697211155377380e-03 -2.532808398950127924e-04
1.295246038365307790e-03 -1.208888888888888036e-03
-2.488564668769712319e-03 -1.237590799031476618e-03
-1.130573248407655860e-04 -3.194896851248644077e-03
-3.102643856920663749e-04 -2.243209876543209459e-03
-7.525022747952656976e-04 -8.576512455516019113e-04
-3.934090909090907050e-03 -1.317732558139535085e-03
-2.239326765188830951e-03 -7.227356746765255420e-04
-1.638424821002383352e-03 -5.005711022272990021e-04
-2.566227730441515784e-03 -2.027577937649880507e-03
-3.471544715447127450e-04 -2.172373081463991381e-03
-6.782120743034055280e-03 -8.478520286396179799e-04
-9.992101105845186976e-04 -1.894366197183098600e-03
-1.238848337388481378e-03 -2.459490740740741688e-03
-1.704351204351202192e-03 -2.919003115264801160e-04
-3.629528985507243875e-03 -9.881164587046944916e-04
1.315495207667732478e-03 -1.930030030030029575e-03
-3.888048411497718780e-04 -1.637428752374921279e-03
-2.623128119800329991e-03 -5.039950829748009956e-04
-3.936646433990893812e-03 -1.126256652868123887e-03
-5.340890008396302797e-03 -2.954171562867214870e-03
-6.038289962825274006e-03 -2.323393167342212556e-03
-2.210720130932893653e-03 3.386287625418066055e-04
-2.742527754056358399e-03 -1.005092869982026054e-03
-1.339622641509432112e-03 -6.851076555023907690e-04
-3.518821603927631476e-05 -1.713270142180095415e-03
-7.039627039627041789e-03 -3.729651162790692228e-04
-2.526529108327189247e-03 -2.020178041543027343e-03
-1.197433774834435246e-03 -2.349056603773584054e-03
-1.087674247982390544e-03 -3.134350688210651818e-03
-2.954971181556192636e-03 -1.409685086155674973e-03
-3.988970588235292609e-03 -9.016713091922001029e-04
1.568317677198973175e-03 -3.537142857142857189e-03
9.689465408805041655e-04 -1.651534126487163483e-03
-6.410138248847927628e-03 -1.102097130242825004e-03
1.902874902874904760e-03 -2.414965986394557868e-03
-3.862201693610467675e-03 -2.634647418101054156e-03
-5.698242933537048943e-03 -1.318988173455978201e-03
-4.896794370602033757e-03 -1.538598574821853056e-03
-3.717821782178215920e-03 -2.076086956521739409e-03
-3.545522388059698261e-03 -1.803479749001712191e-03
-3.722494744218640076e-03 -3.105294825511433279e-03
-1.030140379851361004e-03 -2.315162907268171130e-03
-5.188782991202343584e-03 -1.306730196545562899e-03
-2.119718309859153129e-03 -1.360946745562128992e-03
-4.160206718346237589e-04 -2.703626634958382954e-03
2.366220735785943337e-04 -1.333702882483369561e-03
2.444237918215640061e-04 -1.148631444939527931e-03
-1.653949730700177275e-03 5.749714937286211055e-04
-8.680555555531469531e-07 -7.983966745843232337e-04
-2.462479608482869616e-03 -2.394374282433983214e-03
-1.690794979079498052e-03 -2.339834515366431660e-03
-1.635903426791272645e-03 -1.925117924528301633e-03
1.029363110008274561e-03 -2.059752321981424359e-03
-3.178438661710001581e-04 -8.567128236002404494e-04
-5.092214663643236140e-03 -2.008579881656804775e-03
-8.445096395641217297e-04 -1.264201500535903910e-03
-3.470776621297033855e-03 -7.529817953546763315e-04
-1.577152600170501689e-03 -8.050654524758102826e-04
-4.882462686567162237e-03 -2.616552119129440541e-03
-1.236099230111205316e-03 -1.733857840477481338e-03
-1.216867469879514803e-03 -1.111586757990867466e-03
-3.776941362916003478e-03 -2.833020637898669763e-04
-2.657624633431080515e-03 -1.297494172494172105e-03
-3.124027993779158931e-03 -1.020807061790668597e-03
-5.947111472742061360e-03 8.997429305912996836e-06
-2.642448103078022612e-03 -2.294588625069022766e-03
2.459297343616156082e-04 -1.150319210679048116e-03
3.007646559048427447e-03 -1.804927536231883990e-03
-4.547368421052630678e-03 -2.307670454545455042e-03
-6.963908450704226968e-03 -1.214067278287461965e-03
2.301878354203939006e-03 -1.956130156885531410e-03
-3.651260504201657778e-04 -9.009060022650050613e-04
-4.002909393183705020e-03 -8.298319327731095698e-04
-9.725806451612881241e-04 -6.420173267326736207e-04
-5.674698795180720470e-03 -2.619461581604036644e-03
-6.465244865718772910e-04 -1.386911281489595308e-03
-1.331521739130431562e-03 -1.065349544072948526e-03
-1.117986798679865149e-03 -1.175098369870714206e-03
-1.207184628237259775e-03 -8.507281553398061535e-04
-6.356812933025403345e-03 -1.361355081555831335e-04
-3.122314622314620140e-03 -1.090936925903244082e-03
9.324546952224074077e-04 -2.618811881188118969e-03
-2.820917983446200386e-03 -9.013563501849557614e-04
-1.778440731901349695e-03 -1.469824984912491842e-03
7.260869565217389042e-04 -1.909306461173680561e-03
-4.382284382284348020e-04 -2.862038140643622958e-03
-1.411931818181814567e-03 -1.480023501762631460e-03
4.650850492390350599e-04 -9.364791288566230070e-04
-6.273344651952459392e-04 -1.198683423099940150e-03
-4.274937133277451062e-03 -2.558576233183858413e-03
-6.116144975288293493e-04 -2.231263982102907068e-03
-9.912079510703349257e-04 -9.245222929936300045e-04
-3.402439024390239552e-03 -1.306744487678339426e-03
2.018534482758623655e-03 -1.625075895567698256e-03
-4.269672131147540274e-03 -1.773360417875798718e-03
-4.133620689655169086e-03 -7.978848413631024587e-04
5.751466275659835670e-04 -8.532796317606450732e-04
-2.658860265417639993e-03 -1.030908096280086202e-03
-2.876109467455618875e-03 -1.081562499999999191e-03
-1.895533686601056853e-03 -1.603407755581668249e-03
