3.360194902548727103e-03 -1.879301217575435855e-03
1.870870870870869514e-03 -3.581477139507619444e-03
2.196211579699784266e-03 -2.081473793461339084e-03
5.856154910096828328e-03 -3.056684491978607643e-03
1.131744919411353974e-03 -7.090542099192603375e-04
4.102870813397132416e-03 -1.748944033790917002e-03
2.663564781675017458e-03 -2.143915343915344697e-03
4.335243553008598892e-03 -1.057551937113979405e-03
6.176929072486352481e-04 -1.242036405005689324e-03
2.442043895747601605e-03 -7.606060606060599267e-04
2.848153214774282963e-03 -1.668879447689855088e-03
3.202310231023104605e-03 -1.792242295430391836e-03
4.528620689655172941e-03 -1.290295593976575287e-03
4.712758851035392382e-04 -1.634328358208954682e-03
3.060797342192693535e-03 -2.074044157242865578e-03
3.293574593796160313e-03 -7.212301587301587959e-04
4.419446415897802793e-03 -9.084915611814330149e-04
3.182242990654207595e-03 -1.871390374331549384e-03
1.594766619519094727e-03 -7.050945378151253018e-04
3.662650602409644237e-03 -1.236842105263157065e-03
3.581640625000000189e-03 3.315305570578701202e-04
3.271585557299843891e-03 -1.454637607704002515e-03
3.270879526977089544e-03 -1.596360840594566620e-03
3.479120879120879434e-03 -1.784050632911390964e-03
3.989662301860789559e-03 -1.171588895451859897e-03
8.532326071679554452e-03 -1.735867933966983058e-03
5.225483425414366445e-03 -8.081180811808106939e-04
1.338533541341654269e-03 -1.225923852183649458e-03
3.396869983948636387e-03 -1.905565423327412527e-03
3.650000000000002201e-03 -1.523108030040436732e-03
4.022641509433963415e-04 -4.233067729083650520e-04
4.683839881393627759e-03 -1.573015873015873442e-03
6.067994505494507529e-03 -1.908127208480558089e-04
4.394890038809832339e-03 -1.897823779193204621e-03
1.084217506631300013e-03 -2.749164810690421165e-03
7.198120028922630476e-04 -1.637903225806450810e-03
3.552039381153307158e-03 -4.008856275303642608e-03
2.577026121902214074e-03 -1.334910358565736047e-03
2.843660968660968735e-03 -2.457013574660632093e-03
3.770679468242246063e-03 -3.160191273161984480e-03
6.413357400722027347e-03 -1.973424657534242430e-03
2.479359430604985686e-03 -2.497308934337989848e-04
4.435692541856927143e-03 -3.082624867162591688e-03
7.500000000000015335e-04 -1.972477064220173220e-04
1.523415977961431640e-03 -2.438510392609696559e-03
3.259689922480621914e-03 -1.363588941053729513e-03
7.453632148377122620e-04 -3.822473063109275786e-04
2.299926847110459350e-03 -2.635942327497425072e-03
5.002413793103449927e-03 -3.234256243213896528e-03
2.463508771929824853e-03 -2.885969521807670805e-03
4.766047950502707610e-03 -9.999999999999987198e-04
2.610007358351730793e-03 -1.299520766773162080e-03
5.125086385625436149e-03 -1.279386218876663950e-03
2.171885873347252291e-03 -1.514236902050112741e-03
4.335260115607164643e-05 6.019230769230784518e-04
4.198755490483165563e-03 -1.175941540191118191e-03
1.285615966964900013e-03 -1.501350621285791947e-03
3.431618144888287994e-03 -1.781754032258050212e-04
2.526501766784455816e-03 -6.714051394204463520e-04
1.254636233951498311e-03 -1.754755784061696198e-03
1.723939611790080038e-03 -1.876153846153845754e-03
3.570517363571935193e-03 5.780905077262699521e-04
1.879116766467064199e-03 -1.237561509021322141e-03
2.878116343490305217e-03 -1.097904026475453581e-03
2.919252468265163842e-03 -3.879937629937617555e-04
5.108681462140994209e-03 -2.746869409660108660e-03
2.550224887556223202e-03 -2.771368641845815177e-04
4.505956320317673625e-03 -2.101887840088838971e-03
2.627180232558140507e-03 -1.856938892061678467e-03
3.492326332794830346e-03 -2.788851351351351402e-03
3.438177874186537772e-04 -8.885542168674702207e-04
3.381372549019609833e-03 -3.069444444444440617e-03
3.203125000000003279e-03 -1.793859649122805499e-03
3.338582677165357303e-03 -1.829649595687330875e-03
3.019163763066201860e-03 -2.210454296661192725e-03
1.052551408987053086e-03 -8.432017543859645237e-04
4.028801071667815169e-04 1.503477795612639869e-04
4.161366711772668259e-03 -3.483862144420129398e-03
9.241071428571441581e-04 -3.071919619249074106e-03
3.744047619047621237e-03 -1.181552365762891538e-03
1.086169442432992337e-05 -1.064981949458467469e-04
2.940013869625520034e-03 -1.704121964991529674e-03
4.876299376299377680e-03 -2.088013896931093741e-03
2.102055800293684863e-03 -1.825513969425407966e-03
1.137832017229001508e-03 -2.694134078212289882e-03
3.789756446991408324e-03 -1.112211221122112259e-03
6.110272988505746801e-03 -2.869945684972843251e-03
1.383738601823708949e-03 -1.970730397422126856e-03
3.835552596537954335e-03 -1.720372460496614108e-03
9.970282317979220661e-04 -1.068310220852592340e-03
2.528020378457058841e-03 5.310513447432774854e-04
4.169411764705883289e-03 -2.077368421052630705e-03
2.813297515110815741e-03 -1.521398747390395210e-03
2.137984496124028903e-03 -2.938822922044398087e-03
1.605345911949684597e-03 -1.345626072041166158e-03
2.447901591895803360e-03 -1.365582191780821209e-03
3.769230769230771244e-03 -1.797282307265666776e-03
2.613376251788268340e-03 -8.021230266739236671e-04
2.058986814712005821e-03 -1.708441896821261347e-03
9.989200863930883592e-04 -1.559268929503916266e-03
3.524945770065106222e-04 -1.787610619469027747e-03
-2.483660130718943972e-04 -2.420185375901086317e-05
4.356531049250537101e-03 -1.246455834242094071e-03
2.528082191780823499e-03 -1.129828326180256238e-03
1.771300448430494952e-03 -1.055870236869207177e-03
2.593840579710146674e-03 -1.710691823899369813e-03
3.259699624530664180e-03 -1.980284775465496628e-03
3.298746518105852895e-03 -2.799201369081572022e-03
4.557705840957071777e-03 -3.102933473022523488e-03
5.190476190476191534e-03 -1.847871235721701335e-03
4.021943573667714072e-03 -5.633571036752590315e-04
6.523584905660380698e-03 -6.525612472160353646e-04
3.132644956314532304e-03 -8.356236786469335362e-04
3.834362139917696366e-03 -3.935633367662202779e-03
1.523591549295773718e-03 -1.261083743842364739e-03
2.249452954048135941e-03 -8.134700665188460437e-04
-5.271982116244402919e-04 -5.872844827586064974e-05
2.444720056697379049e-03 -2.341423055708769657e-03
3.448613928329954687e-03 -3.160507446221730039e-03
2.763266712611994053e-03 -3.176593521421091216e-04
3.158909090909091995e-03 -1.711608537220196810e-03
3.197998570407435334e-03 -1.878332387975041769e-03
3.961034708578912988e-03 -1.442745969983323098e-03
4.650515463917525953e-03 -2.349519743863393191e-03
2.984143763213533036e-03 -5.635917030567671061e-04
3.226119402985074078e-03 -1.266152086906802924e-03
5.552464788732397981e-03 -2.528332433890985963e-03
1.285563380281690886e-03 -1.340191657271702034e-03
4.382570659488560678e-03 -3.184136771300449462e-03
3.244277539341919921e-03 -1.290240163515573592e-04
2.355088495575221458e-03 -1.589182058047492775e-03
1.759868421052630414e-03 -1.436757872999483996e-03
5.564350064350066967e-03 -2.103358425014474186e-03
2.006065200909781018e-03 -1.012032085561497072e-03
1.325100133511349608e-03 -1.490048413125335701e-03
3.708869814020009114e-04 -4.205457463884420795e-04
7.929155313351496457e-04 -6.178841309823669562e-04
3.832264957264959731e-03 -1.092530657748047628e-03
4.248324396782841329e-03 -2.048179871520341370e-03
3.088818117480540172e-03 -2.886506276150626726e-03
2.175970047651463665e-03 -1.466509680795394623e-03
3.973473837209303555e-03 -1.186046511627905468e-03
-1.137085137085135046e-03 -1.222752385735810608e-03
5.157637321294207024e-03 -1.547869396790259615e-03
3.009643916913947326e-03 -1.162557781201848913e-03
-1.356942496493703009e-04 -1.430578065910318277e-03
2.911246612466123970e-03 -3.317262830482113709e-03
4.660211267605636476e-03 -1.055214723926378760e-03
4.408783783783785590e-03 -2.579401319127345039e-03
1.477461858529819727e-03 -8.516016016016000325e-04
1.616126809097174740e-03 -2.220880300590445059e-03
3.201090909090909507e-03 -8.597623966942140707e-04
2.183798502382573725e-03 -1.319609967497291717e-03
2.767798824297846693e-03 -1.701816051552429735e-03
6.114783226723531813e-03 -1.888075313807530652e-03
-1.089207048458148757e-03 -2.151607538802659866e-03
5.247260273972608607e-03 -1.020932697403285081e-03
2.267633487145681234e-04 -1.561307901907356150e-03
7.420363636363640734e-03 -1.766037735849056416e-03
1.016260162601615580e-04 -1.985320023487961195e-03
3.643007730147575837e-03 -1.216594827586206474e-03
2.619080779944291202e-03 -1.979028697571743722e-03
2.887174211248285088e-03 -9.568648079957902623e-04
3.826725403817916610e-03 -1.040970350404311255e-03
5.030815109343936796e-03 -1.966628308400459896e-03
1.904198473282443359e-03 -1.213093375065206481e-03
4.318707482993200744e-03 -7.055421686746973396e-04
-4.624145785876999622e-04 -1.345632121540965478e-03
2.463921282798834256e-03 -1.749472573839662599e-03
5.278943805010158710e-03 -4.118449781659386786e-04
3.589726918075425259e-03 -1.587423312883434788e-03
3.131559766763849801e-03 -2.844638949671771371e-03
4.274322169059013312e-04 -1.207417582417581303e-03
6.379928315412525892e-05 -5.625654450261769390e-04
3.361730013106163130e-03 -1.640170940170939621e-03
2.610085227272727817e-03 -1.383361921097769291e-03
2.833333333333332670e-03 -2.582423580786027267e-03
2.593247588424438862e-03 -1.659148504815002130e-03
4.828895849647613266e-03 -3.183194154488517766e-03
3.500000000000002675e-03 -1.670641229464758662e-03
3.607702794819358291e-03 -1.150914634146333134e-04
2.595721537345904370e-03 -2.088002114164903486e-03
1.853134110787173910e-03 -2.504994742376444577e-03
4.417462482946798476e-03 -2.337899543378992896e-03
1.890395042602633670e-03 -2.132177961717536194e-03
3.307613868116930384e-03 -5.208217656857299684e-04
1.688040345821324945e-03 -2.385208452312963766e-03
2.883301707779887656e-03 -7.202545655783052512e-04
2.248790601243953573e-03 -4.075608493008800112e-04
2.521374045801529507e-03 -1.941788526434194261e-03
1.334210526315787564e-03 -2.659371781668384317e-03
2.337209302325583653e-03 -4.909188034188022081e-04
4.381067961165049235e-03 -1.808192090395478561e-03
1.533904910366325723e-03 -1.425013109596223303e-03
4.500746268656716578e-03 -2.547619047619048560e-03
5.222425127830531907e-03 -1.066717791411042181e-03
3.829850746268655907e-03 -1.289515279241306052e-03
8.814006024096386225e-04 -1.128783855549653648e-03
3.911592076302275456e-03 -2.644287396937555572e-04
3.041339985744835259e-03 -2.325698324022346022e-03
4.415618060695784830e-03 -1.332359192348565001e-03
4.981412639404981602e-05 -7.128791910590726727e-04
2.662387231089519916e-03 -3.739279588336177278e-04
2.664236111111112446e-03 -9.716675661090109660e-04
3.828018223234626836e-03 -1.439267015706806015e-03
3.559801840056618042e-03 1.190913865546218723e-03
2.561793519216277754e-03 -1.457300275482093432e-03
4.048707753479127529e-03 -1.949726231956197672e-03
2.569272976680386355e-03 -3.465304980414101246e-03
2.915109034267913523e-03 -6.285085305448533371e-04
5.000343170899116015e-03 -2.598476605005440882e-03
3.701030927835063456e-04 -9.731290808638867534e-04
3.704118497109829163e-03 -5.436295503211973669e-04
5.734516616314203931e-03 -1.090080428954422111e-03
1.566712049012933304e-03 -1.285592255125283861e-03
1.441134242641782699e-03 4.586681974741677894e-04
-9.361549497847912026e-05 -2.144514767932487707e-03
3.386845827439888615e-03 -1.415500538213121785e-04
4.473304473304478071e-03 -1.407397551889301955e-03
2.383620689655173604e-03 -1.094642857142856312e-03
2.245467224546723352e-03 -9.043545878693614887e-04
2.973568281938328371e-03 2.119151251360184565e-04
-6.689045936395755440e-04 -9.134667387777166674e-04
3.331168831168834082e-03 -2.580379430853718854e-03
4.279550398839739901e-03 -8.474623535973212348e-04
2.766788321167884014e-03 -1.085904255319147501e-03
2.136752136752137834e-03 -2.589067837969740923e-03
2.677683013503909509e-03 -2.040875527426158024e-03
5.097705146036162448e-03 -1.342733188720173420e-03
2.658004158004160372e-03 -2.247655819084389169e-03
3.394989704873027734e-03 -1.924745581146223867e-03
1.812720848056537408e-03 -1.466993998908891353e-03
5.565951916829111300e-03 -1.639886039886039905e-03
2.600564573041660977e-04 -1.918985270049098973e-03
4.010682288077189496e-03 -2.642973856209150305e-03
2.760558069381598752e-03 -2.477636664826063633e-03
3.250000000000002887e-03 -1.572479564032697175e-03
1.616046831955923312e-03 -3.216935483870966058e-03
2.363455414012740740e-03 -2.263787721123828797e-03
4.110052562417873014e-03 -2.383476856835306523e-03
2.426364234056543109e-03 -2.571545157780194893e-03
1.888726207906297073e-03 -3.381696428571422824e-04
4.174664784756527795e-03 -1.678416485900217046e-03
2.194881889763779237e-03 -2.705526315789472027e-03
1.785467128027681122e-03 -1.683728448275861531e-03
2.565003282994090562e-03 -1.737473347547973052e-03
2.098384728340677279e-03 -2.350498338870430325e-03
3.819486404833839169e-03 -5.715039577836394068e-04
2.322808320950966315e-03 -2.115106052767717557e-03
4.471153846153848657e-03 -4.083592938733117102e-04
-7.712440516655341867e-04 -5.967741935483865216e-04
3.257540603248260547e-03 -3.003720663995419933e-03
4.144123440577807301e-03 -2.341704718417046346e-03
3.884325546345140674e-03 -2.276308688613058826e-03
3.091467576791810147e-03 -1.806315789473682569e-03
9.346494213750852851e-04 -9.350538854225738357e-04
3.373239436619719211e-03 -2.633963312951639012e-03
4.832262669521772262e-04 -9.554105492115270212e-04
3.680747922437696920e-04 -2.142475987193155911e-04
2.902061855670105134e-03 -1.790922998470167787e-03
3.499619771863119247e-03 -1.075520833333333277e-03
2.515357142857145567e-03 4.752851711026710539e-05
2.948415374241404163e-03 -1.209117647058820374e-03
2.800550206327372896e-03 -2.212794432548178397e-03
1.528308321964528963e-03 -1.318666666666666338e-03
1.458240119313946497e-03 -2.151195899772209274e-03
1.084168336673344956e-03 -2.213532513181016171e-03
2.110187110187112386e-03 -1.519647355163728127e-03
3.408996539792387512e-03 -1.317160367722164946e-03
2.131901840490797034e-03 -2.456086714841577111e-03
2.907770270270269332e-03 -1.694055944055942444e-03
4.667630057803474550e-03 -2.619683751363140363e-03
6.199053857350807044e-03 -7.148891235480451861e-04
2.942348754448400033e-03 -3.064977973568279359e-03
3.184449093444911318e-03 -1.753005750130684102e-03
2.592087312414735438e-03 -1.350694444444444295e-03
2.839418777943367080e-03 -1.280533333333332656e-03
4.233887733887734851e-03 -4.769313304721022571e-04
3.892049348869087988e-03 -3.315590459569514158e-03
4.256597222222224981e-03 -2.048297040759350460e-03
1.102359472588479872e-03 -1.891380169407073453e-03
2.506177325581395669e-03 -1.220772158781946318e-03
1.550200803212853059e-03 -2.858347386172006930e-03
5.345161290322586467e-03 -1.754120879120880331e-03
2.341498559077810973e-03 4.518716577540268201e-05
1.801736613603474634e-03 -1.092119866814648390e-03
5.643266475644703392e-03 -2.050258472142446348e-03
7.100424328147087990e-04 -1.863021420518602223e-03
2.042553191489362898e-03 -1.873157894736841118e-03
4.752239834596832732e-03 -1.487758433079433909e-03
-7.934065934065933669e-04 -1.147379912663754704e-03
2.241023682200150077e-03 -3.050626020685901635e-03
5.076618705035971200e-03 -1.520361990950225110e-03
3.960215778826702351e-03 -2.202906350914961720e-03
2.196403872752420664e-03 -2.323453608247422978e-03
4.798226950354611033e-03 -2.406508264462808768e-03
1.382978723404254019e-03 -1.706197183098591636e-03
2.125437981779959400e-03 -1.361172566371682095e-03
4.373493975903616597e-03 -1.488784559207094417e-03
2.063821138211381547e-03 -1.814209115281500712e-03
1.208990536277601167e-03 -2.641712707182320135e-03
4.354501046755063567e-03 -1.587917485265226327e-03
3.174714956405098702e-03 -1.407356194690264576e-03
-1.027118644067805017e-04 -1.158640984483681269e-03
5.072818791946308650e-03 -1.765904017857141328e-03
4.613979848866502954e-03 -1.376013904982618073e-03
1.946615491974876266e-03 -2.304115446285408177e-03
3.695042400521852174e-03 -1.922493224932248987e-03
3.609893758300132191e-03 -2.562294182217343327e-03
2.236860795454546653e-03 -1.962043378995432814e-03
1.978321678321679107e-03 -8.068582955117807278e-06
4.155496987951809613e-03 -8.985765124555155194e-04
4.459566787003610595e-03 -2.383720930232556979e-03
1.390295358649791015e-03 -1.561305732484075158e-03
-4.627955493741301211e-04 -9.265339074273397585e-04
1.459517045454546613e-03 -2.184239733629300250e-03
4.160308143800441755e-03 -2.206534090909091032e-03
2.198945981554676406e-03 -2.291574889867841087e-03
1.382591093117409254e-03 -1.405974025974024953e-03
3.243055555555556316e-03 -2.050728407908428315e-03
2.501996007984030792e-03 -1.501874665238349263e-03
5.424107142857136988e-04 -2.480104712041884124e-03
4.888069705093834975e-03 -2.354477611940299000e-03
1.247991234477718869e-03 -1.905665280665279175e-03
3.132602545968884641e-03 6.575307377049194237e-04
2.163154069767442289e-03 -9.906588003933140731e-04
4.286535859269282635e-03 -2.144529123571039305e-03
3.104166666666668701e-03 -3.374587458745872525e-04
1.809390329362299717e-03 -5.994884910485919968e-04
1.031671159029650840e-03 -2.716907675194659907e-03
2.024295774647888978e-03 -8.964435146443502705e-04
2.316776315789472254e-03 -3.078989790435248796e-03
1.610594130279169962e-03 -4.267934782608693266e-03
3.941056910569108035e-03 -9.056203605514303928e-04
4.247387830362634592e-03 -3.087434554973819949e-03
1.818814055636895893e-03 -1.414739107046799520e-03
2.815974665728363663e-03 -9.345174973488857596e-04
2.699070764832024131e-03 -7.927904564315343093e-04
2.400894187779435002e-03 -4.792442788717378574e-04
2.417711598746080399e-03 -7.075311438278587611e-04
1.670212765957446686e-03 -1.149137001078746629e-03
2.893283582089553607e-03 -1.922996878251820828e-03
2.157839721254356091e-03 -2.592487046632124901e-03
-1.130970149253730274e-03 -2.858544140423333307e-03
1.783627978478094208e-03 -2.490099009900991010e-03
5.965147453083122740e-04 -1.168739400791407026e-03
4.640900195694718129e-03 -2.416187989556134279e-03
4.500369276218611943e-03 -1.871208089409259799e-03
3.419151756129887483e-03 -1.761075949367087515e-03
1.749249249249249741e-03 -1.620222929936305633e-03
3.257183908045979421e-03 -2.563125695216906912e-03
2.746739130434782111e-03 -1.422324510932106070e-03
4.093727469358329242e-03 -1.987579281183930908e-03
2.485283018867923306e-03 -1.696157735085945676e-03
1.604353835521769812e-03 -1.512793176972281571e-03
3.205218617771515822e-04 -8.181818181818127384e-05
3.454250720461096019e-03 -1.335688121402405512e-03
4.189326988443238878e-03 -1.748060010346610136e-03
3.660676532769556631e-03 -1.679422199695894012e-03
3.258972554539061543e-03 -1.537646402677076080e-03
3.580357142857145542e-03 -5.037634408602138488e-04
4.338311688311691575e-03 -2.629690949227364962e-04
4.099651567944249952e-03 -4.611495476317184548e-04
3.176885130373503612e-03 -1.109438775510204365e-03
5.831296673455534964e-03 1.749226006191955903e-04
1.288553259141494512e-03 -6.603232533889454459e-04
3.309649702577662726e-03 -3.953610964681066129e-04
3.854395604395606956e-03 3.125674217907237445e-04
-7.043824701195242890e-04 -8.805970149253720264e-04
-2.040059347181002322e-05 -2.530503978779838781e-03
3.801751592356674152e-04 -2.821774193548386069e-03
3.392833221701271537e-03 -1.221343873517785616e-03
1.256337135614702142e-03 -1.924044002095336462e-03
1.607286096256683051e-03 -1.156614292954891285e-03
3.886744355426072391e-03 -1.958876914350537578e-03
3.877338129496406792e-03 -2.343482905982902879e-03
2.607002617801047490e-03 -2.473555337904013909e-03
-2.278726708074528008e-04 -5.981472208312456958e-04
2.997422680412373600e-03 -7.809601745771952873e-04
2.316745124411567736e-04 -1.413545407901486885e-03
2.417246175243396248e-03 -1.504388531304856396e-03
3.995921142080217751e-03 -3.104004449388209422e-03
1.695398351648350500e-03 -1.168786433492315178e-03
2.944326990838619200e-03 -1.547952306894763951e-03
3.139742673338098006e-03 -1.305293501048217578e-03
4.061434659090908637e-03 -1.858108108107889365e-05
2.585818181818183483e-03 -1.090742677824266781e-03
3.055882352941176067e-03 -2.193006607929515270e-03
5.332631578947372684e-03 -1.369487179487178337e-03
3.827385037748798000e-03 -2.326963906581739835e-03
4.168114973262033139e-03 -3.290947148090003598e-03
1.387906647807640595e-03 -2.589627659574466386e-03
9.800559832050393782e-04 -7.029104887424333827e-05
1.808682855040470976e-03 -9.370370370370349452e-04
3.746861924686192835e-03 -1.044587773415590719e-03
1.482558139534884654e-03 -6.899892357373514163e-04
2.686189443239334410e-03 -2.115445859872611134e-03
4.291184971098266875e-03 -2.208212839791787955e-03
2.773287143956889092e-03 -2.110416666666666257e-03
1.627825409197193336e-03 -9.676712328767119722e-04
3.752173913043478637e-03 -1.505856107083101362e-03
1.933333333333333995e-03 -2.126158038147137747e-03
6.201754385964919174e-03 -2.739506820566631196e-03
2.318407960199004268e-03 -4.340714645193753424e-04
2.272861356932155425e-03 -1.090255591054312741e-03
1.596086652690429947e-03 -1.710937499999998701e-03
1.560062402496100549e-03 -1.255490091055167477e-03
1.644061583577713110e-03 -1.242415885273028030e-03
1.343728581220011986e-03 -1.054009819967265376e-03
3.342489568845620485e-03 -2.644825793031720107e-03
1.624487004103966495e-03 -2.740526315789471902e-03
3.064516129032249280e-04 -2.312170706006321224e-03
2.924812030075189459e-03 -9.756526104417662841e-04
5.050709219858156435e-03 -1.873089519650653545e-03
2.630874909616774757e-03 -2.495243128964059771e-03
6.138032305433178395e-04 -6.164669098488783977e-04
2.067631224764468652e-03 -1.196524064171121783e-03
5.410662824207497501e-04 -2.285675381263614463e-03
5.548063127690098725e-03 -1.558854718981972191e-03
2.882440476190475942e-03 -7.791363163371489015e-04
-2.984084880635760634e-06 2.153304442036845911e-04
2.591940532081378132e-03 -5.267548906789400447e-04
2.170998632010945253e-03 -1.926535087719296940e-03
1.976061776061774616e-03 -2.212871287128713969e-03
5.361423220973786721e-03 -2.849944629014396213e-03
3.681375955524672158e-03 -1.129032258064515803e-03
4.744027303754267018e-03 -2.592019543973940639e-03
4.578794480755254254e-04 -2.384803921568627409e-03
1.455657492354740920e-03 -2.157181571815717375e-03
6.707953063885270344e-03 -1.490051165434904974e-03
3.431940700808626486e-03 -1.871499176276769432e-03
1.374578556979096956e-03 -3.368506493506479341e-04
3.776228419654712419e-03 -2.703978779840846523e-03
1.094038325053228126e-03 -1.034391534391534018e-03
3.511703511053316552e-03 -2.490358126721760497e-03
3.525352112676056679e-03 -1.123111359820928249e-03
3.200643776824034763e-03 -1.258660508083140651e-03
1.828844790928419155e-03 -1.081918081918081115e-03
5.770226537216832478e-03 -2.365517241379310343e-03
-1.587481146304675367e-03 -1.745217853347500814e-03
2.593098490294752558e-03 -1.628211586901762500e-03
4.126616746085772641e-03 -2.539521580863233260e-03
2.352650176678444845e-03 -1.264072847682119576e-03
1.044565217391304731e-03 -1.231298129812980055e-03
2.106957809030347937e-03 -2.059317718940935175e-03
1.864092664092663592e-03 -2.729662423907027423e-03
1.625440451021848039e-03 -3.820043103448280937e-04
4.448033707865169800e-03 -3.226217440543599838e-03
4.465721040189130422e-03 -8.132394366197167246e-04
3.698514517218096011e-03 -6.880175353141721904e-04
1.998971898560656432e-03 -1.236354001059881622e-03
2.728830645161292243e-03 -2.104017611447438815e-03
3.221354166666670973e-03 -1.468449197860960398e-03
1.012627986348124155e-03 -2.436772046589018043e-03
3.917643004824260949e-03 -1.295971074380164716e-03
5.117059243397577457e-03 -1.548794489092995743e-03
9.031339031339033572e-04 -9.035422343324241417e-04
2.464038727524206236e-03 -1.943316412859558877e-03
5.512349799732980081e-03 -2.699058693244740098e-03
2.958872810357956930e-03 -5.975476839237054598e-04
1.855368882395907462e-03 -6.389515219842163913e-04
1.376538987688098042e-03 -1.365050079072218639e-03
1.948875997099350655e-03 -2.224318658280921394e-03
2.460691823899374166e-03 -1.196779475982532931e-03
2.998248072880171314e-03 -1.287910369984365594e-03
3.290714285714288305e-03 -1.379999999999998849e-03
2.685471976401181734e-03 -1.231609195402297904e-03
4.170421511627910721e-03 -2.818759936406994588e-03
2.151385224274406354e-03 -1.077981651376144420e-03
1.952191235059760107e-03 -2.231880108991825436e-03
3.481359649122810467e-03 -2.321763085399449356e-03
3.826595744680853783e-03 -2.073329712112981487e-03
2.135254988913526213e-03 -1.579862941486556271e-03
4.094062708472317146e-03 -1.257314524555902665e-03
5.263139931740616964e-03 -2.243535620052771341e-03
-2.354497354497360657e-04 5.823714585519417907e-04
3.568657874321186341e-04 -2.011740684022459476e-03
1.147117962466486733e-03 -2.227902023429179090e-03
3.337517433751742337e-03 -1.889152185360714904e-03
1.107680722891563876e-03 -1.044125758411471559e-03
2.892559332905707617e-03 -1.952124798278643885e-03
1.899513212795550304e-03 -1.473143759873618347e-03
3.335877862595421853e-03 -1.513641133263377361e-03
8.263371699390645699e-04 -2.051643192488262005e-03
-8.865724381625433251e-04 -2.161607644744237017e-03
1.181584739545119868e-03 -2.443548387096772852e-03
2.907487401007920712e-03 -6.613355780022429475e-04
4.233190271816881026e-03 -2.309395248380127774e-03
3.391156462585035152e-03 -1.475012879958783078e-03
3.560128847530422223e-03 -2.327780763030628478e-03
1.526857983811625435e-03 -1.259165256627185455e-03
3.254800590841948685e-03 -2.390696347031962942e-03
5.886618325642719966e-03 -2.038521603331597525e-03
1.234879032258063766e-03 -2.400158478605387419e-03
2.316044776119404163e-03 -1.978100113765641870e-03
-1.934543097861299028e-04 -1.597613882863338974e-03
4.043959971408152450e-03 -8.827828911748758977e-04
2.435611038107755085e-03 -1.398454157782515065e-03
3.176745860331177743e-03 5.727376861397666282e-05
4.167306216423635919e-03 -2.929093978615630281e-04
3.541052631578953027e-03 -1.496256684491979001e-03
4.010734072022161846e-03 -2.609160724081182291e-03
3.827716643741404905e-03 -1.694221105527638806e-03
3.160876132930514650e-03 -2.329823702252693460e-03
2.312809624911536886e-03 -1.673221982758620269e-03
5.142600574712644437e-03 -2.102397602397601626e-03
6.113584905660379189e-03 -2.022558537978298016e-03
3.762563729060450484e-03 -2.282585470085470285e-03
1.930858806404661503e-03 -1.520397208803005856e-03
1.191826215022089323e-03 -2.447833065810587076e-04
4.938019652305367796e-03 -2.992468134414826572e-04
1.536999321113372919e-03 -9.535265172225252306e-04
2.047699594046011214e-03 -3.075888051668443542e-04
4.769954819277110424e-03 -1.043141592920353473e-03
1.888849431818183161e-03 -2.366666666666664490e-03
3.711309523809524710e-03 -8.239859789684522619e-04
6.704881656804737976e-04 -3.806990881458966369e-04
2.704479768786128158e-03 -1.431426985008328340e-03
2.090341655716166161e-03 -7.008928571428555505e-04
2.321273516642549922e-03 -1.564321055525012133e-03
2.630406290956747474e-03 -2.401029748283752072e-03
2.704410796576695638e-03 -1.503264691109995003e-03
3.217090909090909463e-03 -6.934647302904553600e-04
3.430417495029819061e-03 -1.840958605664487491e-03
3.273283480625436247e-04 -1.998216106014269987e-03
2.508520526723470156e-03 -6.195822454308091715e-04
3.485034013605444164e-03 -1.079351535836176306e-03
2.835201793721971262e-03 -2.514209115281499513e-03
1.908821349147519055e-03 -2.321266968325790860e-03
4.154442877291965146e-03 -8.710594315245460051e-04
2.483820047355957995e-03 -1.229508196721310715e-03
2.858578607322327051e-03 -2.085669781931464087e-03
1.984469952734641170e-03 -1.491939677587102598e-03
6.242198100407053349e-03 -3.141748131109831955e-03
1.152767247915085450e-03 -2.079619565217391552e-03
2.997317236753858916e-03 -1.777691107644305008e-03
4.937026841018584376e-03 -2.161290322580641625e-03
2.421739130434784511e-03 -1.681039248203425752e-03
2.488795518207281149e-03 -1.219684151156232889e-03
2.690660112359550583e-03 -1.484153005464480422e-03
4.788688410825820557e-03 -1.141514360313313197e-03
2.131014063656553204e-03 -2.494111048794165567e-03
1.601851851851853869e-03 -1.981249999999999071e-03
1.752920962199313107e-03 -6.348547717842317013e-04
1.015094339622642748e-03 -2.100219659527730130e-03
2.948752528658126187e-03 -5.491452991452990418e-04
5.353756382202773216e-03 -2.121512875536479565e-03
1.759986684420772069e-03 -2.546568627450979116e-03
6.424623115577885769e-03 -2.673805601317955083e-03
1.413343002175490321e-03 -6.314271984622771543e-04
1.846210448859456153e-03 -1.340166061235080214e-03
3.247228381374722608e-03 -1.210895361380797059e-03
6.083815028901731498e-04 -1.239211507725092483e-03
1.828956965718453627e-03 -8.681940700808624210e-04
1.321028345418590131e-03 4.171413775245999566e-04
3.660894660894664122e-03 -1.255199999999999285e-03
3.670848708487087133e-03 -1.799019607843135860e-03
2.596811819595647077e-03 -6.078904991948456526e-04
3.810152990264255822e-03 -2.123978201634876221e-03
2.815615835777127238e-03 -1.977652127086699119e-03
1.790076335877846298e-04 -1.527296587926508077e-03
5.631428571428571950e-03 -3.589334055224686817e-03
4.465900933237616603e-03 -2.606354334948842496e-03
2.916902404526167201e-03 -3.240970654627538510e-03
3.352075471698113662e-03 -1.800509337860779551e-03
3.674141555711287008e-03 -2.292409430707302749e-03
2.718228031953524512e-03 -1.024224278715296947e-03
2.372945205479454200e-03 -2.341697810998398001e-03
4.593541202672607460e-03 -2.295174262734585042e-03
4.486722571628232008e-03 6.576506955177752840e-04
2.485693848354794157e-03 -2.270131353512277930e-03
4.185107863604733275e-03 -1.785835694050990881e-03
4.913169319826340108e-03 -1.102686066032456053e-03
2.750357653791129890e-03 -2.151046859421733640e-03
1.965423728813559413e-03 -1.826324412889131135e-03
1.643098782138027042e-03 -2.492711370262381946e-04
2.576708507670852008e-03 -1.815941269008914272e-03
4.280832095096584293e-03 -1.522633744855967069e-03
4.552814186584393306e-04 -3.370903954802259139e-03
4.448708487084872439e-03 -1.347176079734218202e-03
3.021121039805036747e-03 -2.995892661555311400e-03
2.196515679442509212e-03 -1.747314715359828477e-03
2.470659163987136420e-03 -1.659408151870462190e-03
3.141905396402398711e-03 -1.455190989226247443e-03
4.343979441997060896e-03 -2.320968572900565172e-03
2.041903409090908578e-03 -2.091750396615546254e-03
2.364352183249820820e-03 -1.912653688524590043e-03
4.924275362318843857e-03 -1.968211206896549898e-03
4.202012940330699352e-03 -2.205163043478260924e-03
2.133379405666897127e-03 -1.577026301663982675e-03
3.404728789986093563e-03 -2.980939947780677449e-03
2.210214655810510773e-03 -1.712256706996317501e-03
1.852797202797203937e-03 -1.279152915291527446e-03
2.401048951048951208e-03 -1.845282024248814717e-03
2.124095513748192315e-03 -2.128064032016005556e-03
1.300925925925926945e-03 -1.453971593897947180e-03
5.752569750367086086e-04 -7.835106382978705708e-04
2.912544802867385839e-03 -1.992549668874172338e-03
3.413536498936924329e-03 -7.764293419633221636e-04
1.070996978851963301e-03 -1.399897854954033341e-03
2.235738831615120652e-03 -2.554540569586242430e-03
3.288328729281769173e-03 -2.021118721461186932e-03
1.233948087431694382e-03 -1.368320610687022128e-03
-1.284286698828393525e-03 -2.476382179280730081e-03
2.520365168539326697e-03 -1.923295454545452922e-03
2.274490466798160561e-03 -1.574207893274040234e-03
1.435960591133004539e-03 -1.969909729187562051e-03
5.871461361897477825e-03 -2.966031280547406536e-03
3.236170212765958950e-03 -1.739673635900050455e-03
1.855695317959470689e-03 -2.292518837459632790e-03
2.130116959064329296e-03 -1.676377118644066739e-03
6.958333333333336333e-03 -1.028989225243713990e-03
1.734572490706319092e-03 -1.486278814489572957e-03
1.869645494830133757e-03 -1.012869660460021101e-03
4.380744849445324628e-03 -1.802616926503341870e-03
1.481620405101274473e-03 -2.107104413347675800e-04
3.655159883720928739e-03 -1.900050479555779118e-03
1.282817869415807692e-03 -1.847766884531589719e-03
1.417605633802818121e-03 -8.598404255319135872e-04
2.392831016825166038e-03 -1.684684684684683176e-03
5.675301632363380193e-03 -1.615306639635073370e-03
2.298381658799731730e-03 9.720201454952443051e-04
2.011785714285715086e-03 -6.902010050251240758e-04
3.019855595667870606e-03 -1.072383073496656564e-03
3.090909090909091644e-03 -1.900852878464817999e-03
1.534421575585522175e-03 -8.677948175568468399e-04
2.542101600556714771e-03 -2.522487506940587071e-03
1.533962264150945300e-03 -2.692183288409701405e-03
3.384992987377282662e-03 -1.628140703517586994e-03
1.843137254901959683e-03 -1.424250258531539878e-03
2.148008241758244362e-03 1.168623265741746515e-04
1.318820224719102546e-03 -1.235568993952721167e-03
1.911564625850338062e-03 -2.395707209686295629e-03
1.268441064638782534e-03 -9.735029146793842134e-04
5.224101479915435609e-03 -1.750893312914751729e-03
3.217436974789919524e-03 -1.469534050179190652e-04
2.848201438848922337e-03 -1.069334836527619870e-03
3.146551724137935414e-03 -3.117187499999989541e-04
3.291666666666667566e-03 -1.049806308799114017e-03
1.463534361851332594e-03 -1.713480266529984579e-03
6.220707442888722023e-03 -2.156519241815047991e-03
5.221075672295186036e-03 -1.487764182424915161e-03
2.127881040892194014e-03 -1.399110617009448809e-03
4.339589235127478718e-03 -1.517348524080787192e-03
9.124441132637857140e-04 -1.103183315038418297e-03
4.471764705882352170e-03 -1.237575095576186378e-03
1.103837471783297199e-03 -1.646284829721361091e-03
4.896750902527074838e-03 -8.980855855855851945e-04
3.670205237084219179e-03 -1.605731775180856786e-03
2.064217032967032451e-03 -1.414495114006513853e-03
5.340077071290946602e-03 -1.541710945802336362e-03
4.155195681511472672e-03 -1.015643447461628615e-03
1.059215396002962479e-03 -2.358017817371937941e-03
3.325895875591616726e-03 -1.036169128884358460e-03
1.390600924499230508e-03 -9.593810444874259317e-04
4.007017543859637968e-04 -1.298618490967057022e-03
5.029271613342413405e-03 -3.696068012752389692e-03
4.085063630274618843e-03 5.742872807017558243e-04
3.092431346282653679e-03 -1.599244875943905183e-03
3.625720461095102449e-03 -1.485753424657534211e-03
4.288537549407113805e-03 -1.906499733617474795e-03
1.918493150684932261e-03 4.038895152198420453e-04
2.284106891701830587e-03 -1.588389731621935941e-03
1.286666666666666861e-03 -2.058984161660292606e-03
3.659312134977289396e-03 -2.517766497461926527e-03
3.800912921348314523e-03 -1.045122587376106629e-03
1.439066852367690882e-03 -1.702739726027397045e-03
-9.556396148555698763e-04 -2.191860465116277860e-03
1.495198902606301378e-04 -2.882490880667014279e-03
2.107562408223199926e-03 -2.432349949135299318e-03
1.212923728813559065e-03 -1.401181525241674197e-03
3.053405017921147560e-03 3.501903208265380856e-04
4.148174659985682557e-03 -1.772198731501056562e-03
1.901469605878424287e-03 -8.291241268135403396e-04
4.526387936943111409e-03 -2.051926298157453511e-03
1.460040983606558087e-03 -3.941784548422185962e-04
4.585796915167097976e-03 -2.422635319846907880e-03
2.441967717140663009e-03 -3.146652497343248832e-03
4.351340996168583802e-03 -1.661481900452487989e-03
5.858442503639015204e-03 -1.462643678160918930e-03
3.111151079136692792e-03 -6.060520361990936805e-04
3.024590163934427409e-03 -1.289030612244898046e-03
6.389924085576261306e-03 -2.687300743889477900e-03
1.520692249811890278e-03 -6.480211081794189087e-04
4.311522048364152884e-03 -1.788907284768212870e-03
4.813778990450208288e-03 -1.882109617373313633e-04
5.554347826086957797e-04 -1.351197263397945761e-03
2.251529051987759906e-04 -1.090198123044837679e-03
4.001303780964800966e-03 -1.254489337822670136e-03
3.468750000000002647e-03 -1.496717171717170487e-03
2.858854860186419572e-03 -1.918970189701895996e-03
3.308892355694225719e-03 -1.551724137931034201e-03
4.309790209790211220e-03 -3.128668763102724921e-03
-1.428127159640636169e-03 -1.328224101479913910e-03
9.082466567607727507e-04 -4.238047808764936852e-04
2.915884476534296062e-03 -2.769841269841266944e-04
2.624822695035462089e-03 -2.206409560021725929e-03
3.832253419726423631e-03 4.749730893433806831e-04
3.562322946175635816e-03 -2.391208251473475859e-03
1.873657838224769036e-03 -1.574986609534012030e-03
8.148951554591485347e-04 -7.446927374301672009e-04
3.222949689869058273e-03 -1.487267904509283244e-03
2.677822853279242243e-03 -2.512633352049408950e-03
6.705020920502099795e-03 -7.073232323232300344e-04
1.293127147766325253e-03 -1.604329681794468363e-03
1.968688200395517576e-03 -7.884111169375972302e-04
9.443207126948756748e-04 -2.008370535714286507e-03
1.656028368794326602e-03 -2.049025069637880857e-03
1.543916196615633491e-03 -1.231725509696667172e-03
4.009726224783863313e-03 -1.826689774696706138e-03
1.261322789360172329e-03 -8.032454361054751487e-04
3.996616541353384573e-03 -6.799999999999892881e-05
3.939280868385347870e-03 -4.880884855360171737e-04
3.879461490294306737e-03 -1.711940298507462791e-03
3.155438596491229233e-03 -1.577322562031157867e-03
3.634453781512603926e-03 -6.853320118929620694e-04
4.555423594615994748e-03 -1.197759249609171069e-03
3.235253772290812031e-03 -2.809610389610388368e-03
1.682466143977190713e-03 -2.697470314919957830e-04
6.258366800535479502e-03 -2.807465091299675593e-03
4.213422818791947091e-03 -7.915360501567394579e-04
3.723537604456824725e-03 -1.953444564047363430e-03
2.330678670360113430e-03 -9.203539823008834858e-04
4.458984375000005045e-03 -1.398182789951896631e-03
1.034746351633079658e-03 -1.527852893455911151e-04
2.634437086092719649e-03 -4.496890898812873328e-04
5.734882005899707980e-03 -3.790985915492957672e-03
5.787835926449788268e-03 -2.181369863013697674e-03
2.350107836089143816e-03 -8.426162493612671198e-04
2.026199261992620536e-03 -4.247835497835490107e-04
3.447693307342432692e-03 -1.741944146079484491e-03
3.540830449826992080e-03 -2.290249433106570796e-04
2.978807471264366489e-03 -2.395652173913041805e-03
1.163636363636364520e-03 -3.313725490196060071e-04
4.641975308641973531e-03 -1.745329670329669701e-03
4.044654939106899841e-03 -3.112672457843636189e-03
7.462419470293474386e-04 -2.524801587301586398e-03
1.561639118457297873e-03 -1.124054462934946652e-03
3.433691756272400607e-03 -3.151006711409392799e-03
3.309347181008902121e-03 -1.588650479954827012e-03
3.743559718969558404e-03 4.479847494553386759e-04
4.842578710644679547e-03 -1.541844349680169483e-03
2.076704545454545643e-03 -2.291780076211213327e-03
4.411149825783971211e-03 -1.879484304932734070e-03
2.461048158640226791e-03 -1.645638629283488648e-03
3.018213058419245195e-03 -2.192752100840336150e-03
4.706666666666668025e-03 -2.805932203389831150e-03
4.873113854595339037e-03 -1.163323045267488937e-03
3.522780832678712101e-03 -1.136859323882225123e-03
1.185902118334554141e-03 -1.466975666280416176e-03
1.909906676238332752e-03 -1.116204162537164264e-03
3.017403915881073772e-03 3.895071542130447147e-05
1.076444769568400293e-03 -1.074092491297861784e-03
1.843953656770455900e-03 -2.551984348798209696e-03
1.744542974079128089e-03 -1.364197530864196721e-03
-1.116783663050192561e-05 -1.678017718715392936e-03
1.415611814345994063e-03 -1.297566371681415026e-03
2.996214988644964588e-03 -1.351621621621619746e-03
1.710584752035529789e-03 2.931769722814602785e-05
4.237264480111655428e-03 -2.609787018255576869e-03
3.128443782576323905e-03 -1.518477661334804475e-03
-1.015171948752527104e-03 -9.187499999999991030e-04
5.063714902807778598e-03 -2.327719491993372920e-03
4.910778015703065776e-04 -1.088355464759958651e-03
1.965917331399564660e-03 -6.521502449646164037e-04
3.996446339729922866e-03 -2.005280711506392775e-03
3.812500000000003820e-03 1.561001598295162123e-04
6.067094932191314247e-04 -1.155070118662349923e-03
3.674252275682712149e-03 -3.892561983471064138e-04
2.214039917412251313e-03 -2.054259634888437516e-03
6.141966759002773397e-03 -2.987020316027088132e-03
2.796043656207367317e-03 -2.052157291097761113e-03
4.900643316654759371e-03 -1.272831705916140305e-03
1.833456425406205506e-03 1.176008381351505285e-04
1.951712328767125047e-03 -1.414854111405834322e-03
1.054469273743016038e-03 -1.281101111699311026e-03
2.074434918160560602e-03 -1.362500000000000863e-04
3.321114369501468495e-03 -1.667981961668546032e-03
3.740951742627344773e-03 -2.698349307774226737e-03
5.427472527472529222e-03 -1.433602150537634191e-03
4.299083269671506030e-03 -2.479797979797973713e-04
1.291515591007978692e-03 -2.482460874257959565e-03
4.695003469812632918e-03 -1.886124930901049261e-03
2.200284090909090419e-03 -3.635105204872641224e-04
2.873188405797102128e-03 -6.770361990950219365e-04
1.527798369162344490e-03 -2.030335284725912689e-04
4.241556534508076313e-03 -2.767045454545454214e-04
3.626855123674911901e-03 -1.198153034300790702e-03
3.446316614420063922e-03 -1.122271964185786756e-03
2.917092768444121739e-03 -1.171303451828952348e-03
2.585778781038375849e-03 -2.211965349214941017e-03
2.585959885386818636e-03 -3.288501026694043775e-03
1.418918918918918737e-03 -2.760296540362435543e-03
1.211262282690853858e-03 -1.601200218221493932e-03
3.300153727901616266e-03 -6.132748217224328518e-04
2.708664898320071058e-03 -1.221248066013408580e-03
3.056701030927832987e-03 -1.123905203503347983e-03
6.457736389684815177e-04 -4.097007223942206525e-04
6.123919308357336864e-04 -1.034847702632935972e-03
2.432872253864932967e-03 -9.963060686015818516e-04
2.294923179692719400e-03 -2.058988764044935324e-04
2.224962063732928690e-03 -1.488398415393308444e-04
-4.290540540540560468e-04 8.948194662480377223e-04
1.758965804837360307e-03 -2.580550673696543787e-04
4.463432295438090475e-03 -2.636048988285410750e-03
4.192963752665247908e-03 -1.532275132275131863e-03
4.659357870007832525e-03 -1.591058694459681396e-03
2.626582278481013992e-03 -2.024929971988794104e-03
3.550680786686836836e-03 -2.889333333333332730e-03
2.179743223965760479e-03 -3.280883174958076302e-03
4.253571428571426330e-04 -1.445911630269170649e-03
7.192779291553133905e-03 -1.409648187633261683e-03
1.589201877934272962e-03 -3.063179699637482247e-04
2.211111111111112477e-03 4.478660183684501504e-04
1.060763888888888434e-03 -1.047137073452862133e-03
7.363437727603783451e-04 -2.544667783361248287e-03
3.110244988864143204e-03 -1.786670547147844795e-03
1.905950752393982843e-03 -1.611699164345402812e-03
4.185212298682286156e-03 -1.316462440063931273e-03
1.206225680933852278e-03 -2.010898458266878984e-03
1.835129310344828192e-03 -9.968520461699882998e-04
7.038377986965959655e-04 -1.977681001633096666e-03
-5.664739884393067042e-04 -1.852678571428570875e-03
3.611481481481482441e-03 -1.629752564876281755e-03
1.650998336106489087e-03 -1.003521126760563474e-03
4.100362318840583033e-03 -1.593567251461986594e-03
2.461878829135468426e-03 -9.733369983507412625e-04
9.330855018587383247e-04 -2.218882978723403249e-03
2.803873239436618665e-03 -1.625735687533439583e-03
2.943527080581244838e-03 -1.819406267179768518e-03
2.649964463397298711e-03 -1.444291230005515176e-03
9.596829772570643390e-04 -1.257950530035336018e-03
3.694035087719299733e-03 -1.633849557522123021e-03
1.169230769230770496e-03 -5.237262737262729506e-04
2.169310071371924678e-03 -4.244125326370755576e-03
3.070007107320543108e-03 -8.063209076175029827e-04
3.494749596122778863e-03 -2.037866666666666472e-03
-1.285268901013248170e-03 2.272267206477739001e-04
-8.576896311760605482e-04 -8.515970515970505781e-04
2.900785153461816947e-03 -2.551295896328292269e-03
5.426756352765323491e-03 -1.218916046758766140e-03
2.663532572196106174e-03 -1.820332813312531715e-03
1.496549344375432480e-03 -1.413870806209312431e-03
4.905360688285905803e-03 -8.246652935118424683e-04
4.507795100222717483e-03 -8.899944720840234202e-04
2.619529719137821122e-03 -1.719418540866703322e-03
1.407740152038701714e-03 -2.368843683083510145e-03
2.699090272918124207e-03 -3.229120879120877044e-03
6.640591966173369116e-03 -1.394811858608894844e-03
2.000000000000000909e-03 -1.349151643690348892e-03
3.887265135699374471e-03 -2.825310559006211693e-03
6.509397278029815416e-03 -1.845999999999999985e-03
1.337818696883853742e-03 -1.720960929250263220e-03
1.904344779257182091e-03 -1.518987341772151450e-03
5.829197080291971360e-03 -2.071126388154414383e-03
1.531814611154752939e-03 -1.716152639832723347e-03
1.491397849462364807e-03 -1.651361452215695724e-03
-1.205389657683933208e-04 -1.731726283048211010e-03
-4.872852233676971761e-04 -1.064858490566036485e-03
3.132406730065842755e-03 -1.555555555555554817e-03
1.533811475409836006e-03 -2.428966279712549414e-03
4.420454545454545123e-03 -1.839151450053704614e-03
1.895185185185182261e-03 -3.214525139664804222e-03
2.781050390347764283e-03 -1.628890041493774371e-03
2.079090291921251079e-03 -1.323376623376622697e-03
3.000977198697071108e-03 -1.344179894179892490e-03
4.452380952380954188e-03 -2.884485666104552159e-03
5.287526427061314122e-03 -1.668671548117153921e-03
4.884615384615386552e-03 -3.277472527472526619e-03
1.214903526280772467e-03 -1.079395604395602930e-03
2.875580623755805663e-03 -2.116969102501225185e-03
1.951908957415563091e-03 -2.213149522799575091e-03
2.019557195571956149e-03 -1.365055387713997410e-03
2.457575757575757806e-03 -2.037894736842107025e-03
2.306094182825492499e-04 -1.357307249712311897e-03
1.354417670682732996e-03 -1.578141783028999415e-03
1.239819004524886619e-03 -2.959681697612730634e-03
3.418604651162792524e-03 -1.609723698193409524e-03
2.412367724867725636e-03 -2.419153553988061863e-03
3.380389429763560813e-03 -2.587555066079294010e-03
4.634482758620710728e-04 -2.876775956284153678e-03
2.976689189189189299e-03 -2.080531453362254035e-03
1.183164739884393990e-03 -2.016558249556474336e-03
1.248981255093724058e-03 -1.209531013615732908e-03
2.943409247757074968e-03 -1.966336116910229279e-03
2.325260804769001873e-03 -1.603892688058914740e-03
3.006935270805813614e-03 -1.711155378486053924e-03
2.482871720116617154e-03 -6.110500274876292780e-04
3.934554973821994227e-03 -9.882111737570475028e-04
2.494766224703419324e-03 -1.585015136226033657e-03
2.414670658682635182e-03 -1.914538822303282241e-03
5.488355167394470130e-03 -1.223921354451118623e-03
4.244194756554306794e-03 -2.333148558758314523e-03
2.779685264663806551e-03 -2.183852691218129624e-03
8.769007965242593206e-04 -2.439024390243902871e-03
1.954306377383299362e-03 -2.627859684799185858e-03
2.154538904899137505e-03 -1.326266519823786870e-03
4.127742392073604702e-03 -1.282939632545929782e-03
3.058865248226949000e-03 -2.173778920308481674e-03
1.249642857142858887e-03 -1.090484048404839019e-03
3.427931292008944315e-04 3.807773109243850918e-05
2.845769487008661426e-03 -2.482190324295587350e-03
1.174735249621787535e-03 -2.137101135749051081e-03
2.941892832289494473e-03 -3.825931597753953620e-04
-6.821617535903250467e-04 -2.543352601156061480e-04
2.105301914580266949e-03 4.329608938547621410e-05
-2.723420647149451157e-04 -2.473656480505794300e-03
4.723554301833571625e-03 -1.176533333333331863e-03
3.906089508437274663e-03 -2.877931769722813504e-03
1.540823699421964548e-03 -1.047338792221082877e-03
3.362283737024222233e-03 -1.489079563182526145e-03
1.653287197231833108e-03 -1.644236072807501222e-03
1.678625954198472402e-03 -1.859944751381214286e-03
2.021837349397566613e-04 -2.119692144373673450e-03
1.177650429799427089e-03 -2.622334455667787393e-03
3.575499629903775619e-03 -3.723618090452252721e-04
2.417290419161674010e-03 -2.564325986673499959e-03
3.219622641509432490e-03 -1.617647058823528565e-03
2.081122062168318753e-04 -1.967036011080330795e-03
2.277853260869565789e-03 -4.164747120681021493e-03
3.746396705559370838e-03 -2.051087506322699799e-04
2.894216691068814823e-03 -1.752508361204013375e-03
8.228346456692931399e-04 -2.485539488320355223e-03
5.092657342657343905e-03 -4.908711528429826653e-04
1.972379603399433950e-03 -2.390554722638678960e-03
1.312276945039257594e-03 -1.695128479657385815e-03
-2.044907778668757995e-05 -1.724750277469477237e-03
1.526197604790418671e-03 -3.773946360153245796e-04
5.523565573770494903e-03 -1.473698781838315942e-03
7.536231884057976137e-04 -5.121883656509674133e-04
1.693834160170091564e-03 -1.484632272228320234e-03
3.899779735682824475e-03 -1.032754759238522189e-03
2.921230561189994569e-03 -1.041994750656166646e-03
3.555828651685394044e-03 -7.079261672095538182e-04
3.255094869992972238e-03 -2.129535147392289454e-03
3.838808250572942581e-04 -7.883530015392502732e-04
2.562185478073332901e-03 -1.050188882892606323e-03
9.981440237564955398e-04 -2.041806020066889299e-03
4.913580246913582320e-03 -1.513831967213115142e-03
3.983789625360232949e-03 -2.280854430379746292e-03
1.661665416354089113e-03 -2.151846073842951946e-03
3.369661266568484224e-03 7.049891540130421323e-06
2.670143884892086511e-03 -1.000858614768173087e-03
1.806396148555706191e-03 -1.556359875904859058e-03
3.730882352941176320e-03 -1.451571354971663199e-03
6.228323699421971314e-04 -1.241971207087486182e-03
3.453808180535966003e-03 -2.320938818565399311e-03
5.182387619749448913e-03 -3.279153766769864545e-03
-3.227611940298514529e-04 -6.261213720316608942e-04
2.789567068843154009e-03 -2.825479452054793870e-03
1.223674911660777151e-03 -1.968295218295216219e-03
3.895092460881937387e-03 -2.299531066822977764e-03
4.512702893436839648e-03 -3.176059979317474510e-03
3.123873873873875707e-03 -1.592876712328767600e-03
2.666556291390729735e-03 -8.415564598168852285e-04
1.324730354391372026e-03 -2.004665629860031845e-03
2.065641410352586551e-03 -1.345420857596611947e-03
1.546302943287867571e-03 -1.760672358591248293e-03
2.365411931818182500e-03 -1.511773940345368088e-03
2.317535545023695787e-03 -1.819616977225672590e-03
1.321713870733482192e-04 -9.432098765432094098e-04
1.988061797752810160e-03 -1.420161290322580509e-03
4.082478005865106639e-03 -1.391039823008849603e-03
6.263982102908281693e-04 -1.804010025062655715e-03
2.504394861392832562e-03 -6.261971830985904293e-04
2.558333333333335201e-03 -9.672413793103435287e-04
3.560374739764053664e-03 -1.908563535911603128e-03
1.143430656934307267e-03 -1.722079258878022809e-03
4.376344086021521722e-04 6.346346346346350142e-04
4.525657894736844281e-03 -1.410654827968923358e-03
4.562337662337666126e-03 -1.245599999999999269e-03
2.718841642228737258e-03 -2.998561565017260257e-03
-3.741623231571107578e-04 4.145251396648056059e-04
3.698016415868675150e-03 -1.591193004372266082e-03
2.086753059755218354e-03 -1.122049356223175053e-03
1.433153274814313177e-03 -1.439121228163048587e-03
3.721833449965010476e-03 -1.141621621621620930e-03
5.089645587213347672e-03 4.106520657043420029e-05
1.000697350069734747e-03 -1.443140323422013437e-03
2.023809523809530692e-04 -1.829377637130800678e-03
3.429761042722665604e-03 -1.848543155579987713e-03
3.606837606837611301e-03 -1.187677455990912394e-03
2.508796622097134643e-04 -5.711929631665749142e-04
4.376889848812096258e-03 -8.613554061044999179e-04
-4.279411764705887806e-04 -1.284908700322232034e-03
3.669985250737461784e-03 -3.417504435245415691e-03
3.661085063630274347e-03 -6.645708037178772601e-04
5.539124192390525690e-03 -9.858934169278993787e-04
1.495370370370369779e-03 -1.306757413709283815e-03
5.709041468388851778e-03 -1.332189822755860953e-03
3.506311360448809058e-03 -1.465471797575118021e-03
4.999285714285713056e-03 -8.609483217900894183e-04
5.610629067245122455e-03 -2.077415599534341000e-03
5.388688760806916583e-03 -2.035773252614199360e-03
3.268881118881120616e-03 -1.599784250269685329e-03
7.060934326337170441e-03 -1.575069252077561854e-03
3.447721179624663179e-03 -2.529736842105263870e-03
-1.853571428571434130e-04 -1.594999999999998763e-03
2.678812922614575050e-03 -4.179541822056465159e-04
2.369946605644546612e-03 -1.803580972741849033e-03
