2.091363311920060419e-04 1.858559498956160105e-03
1.155388471177946951e-03 1.257494646680943230e-03
-4.031999999999999126e-03 2.101047904191617396e-03
-4.925427069645199780e-03 2.656841535965388454e-03
-4.054135338345863857e-03 1.291259640102829362e-03
-6.633720930232555116e-03 7.475961538461546770e-04
-1.419941775836968106e-03 3.377659574468086252e-03
-3.549275362318837865e-03 1.366263794009460984e-03
-3.992641906096704510e-03 -1.028236547682450633e-04
-6.233766233766205355e-04 2.022872602065915130e-03
-2.491702741702739744e-03 6.855670103092793540e-04
-5.103289977046671436e-03 1.738453276047261268e-03
-3.222805701425354025e-03 2.919921875000001509e-03
-3.587936046511623449e-03 2.171972711768049760e-03
-8.321989528795809346e-03 9.883595018949668451e-04
-1.518076398362889047e-03 1.622099447513813443e-03
-1.895216400911159437e-03 1.066275167785237519e-03
-5.063059958649203385e-03 2.955500276395800572e-03
-4.870424597364566600e-03 -1.792504073872722657e-05
-5.971612414837240354e-03 9.298378926038510569e-04
-4.517446176688933064e-03 -4.667947310647624143e-04
-4.637983320697495505e-03 6.396419437340167529e-04
-3.442360163710776917e-03 2.168706758914316652e-03
-4.142857142857140837e-03 1.037680384820951823e-03
-3.985593815881939214e-03 1.606544502617802093e-03
-5.282925215089339516e-03 1.052779337450869546e-03
-2.242171189979119076e-03 3.059968437664388387e-03
-5.637773079633540650e-03 2.224206349206349007e-03
-3.749117854622438083e-03 1.664712153518124044e-03
-5.744079449961801351e-03 2.235055724417428068e-03
-3.788643533123024418e-03 2.891708542713567441e-03
-2.523949889462045407e-03 5.274043433298872870e-04
-5.201253481894147282e-03 1.365934065934067522e-03
-5.867765814266483713e-03 1.464146748193443552e-03
-2.505114083398896421e-03 9.674523007856349445e-04
-4.492672714584786814e-03 2.415148360229048188e-03
-2.750559284116326896e-03 2.010314875135724329e-03
-4.668983174835404648e-03 1.532634032634033012e-03
-7.060152990264254372e-03 2.959323824617012943e-03
-3.065962099125360031e-03 5.327301756253336427e-04
-7.010305028854080245e-03 1.854991139988188638e-03
-3.235849056603773161e-03 2.126393110435664813e-03
-1.572789115646255594e-03 2.617003827227993695e-03
-6.834507042253461662e-04 1.071127502634354771e-03
-4.920223932820148860e-03 1.894751381215472024e-03
-3.475862068965513557e-03 1.617368421052631884e-03
-3.042459239130431564e-03 3.638611388611390825e-03
-3.738884702336091673e-03 2.377008032128515892e-03
-3.161731207289289556e-03 1.420792079207922271e-03
-2.522111269614834856e-03 2.834934991520646837e-04
-5.886909372579390148e-03 1.790058170280275961e-03
-1.523737754333079342e-03 7.170119956379521122e-04
-2.052884615384612671e-03 3.017130089374381405e-03
-3.487625676720802932e-03 1.229230769230771738e-03
-4.998576512455509685e-03 7.598808879263682778e-04
-3.852344296710981473e-03 9.698637316561847018e-04
-5.251982696467190001e-03 1.761585993820803837e-03
-2.063246661981722827e-03 7.887062566277843649e-04
-3.545188284518825065e-03 1.086490939044482433e-03
-1.346153846153845665e-03 1.065117466802861746e-03
-4.320228734810578446e-03 2.492111959287533502e-03
-5.655672823218996052e-03 3.334793814432991926e-03
-4.762770897832817145e-03 -2.610784837159646726e-04
-4.408802816901404888e-03 1.838594704684319830e-03
-1.313270485859315950e-03 3.275526315789472655e-03
-5.587094220110841794e-03 5.598669623059994893e-05
-2.484340044742727131e-03 2.369269521410580746e-03
-7.036711891460490677e-03 1.290924276169266209e-03
-3.114274867122244442e-03 3.440157480314961526e-03
-5.241457858769929014e-03 1.901993355481728298e-03
-3.348541510845171303e-03 2.690886699507391653e-03
-5.023855577047064459e-03 2.395592286501380119e-03
-6.139718076285237414e-03 1.793209876543211097e-03
-3.715637860082300886e-03 1.399795501022495312e-03
-6.001082251082246605e-03 6.328374070138194840e-04
-4.990692479523451894e-03 2.568385060494477335e-03
-3.795827123695971750e-03 2.581377933100349742e-03
-5.984939759036136779e-03 1.677642980935875518e-03
-2.711563731931666485e-03 1.230655640874189858e-03
-3.514360313315920744e-03 2.510797342192690792e-03
-1.540103016924206959e-03 9.642657733110008038e-04
-6.843213728549139320e-03 1.689418859649123843e-03
-4.772924187725627147e-03 2.312928759894460843e-03
-7.061390532544378242e-03 5.230724299065436008e-04
-6.386965376782073080e-03 1.605720695457097009e-03
-5.168257756563242496e-03 1.543206663196252781e-03
-4.562790697674414496e-03 2.538669551108708924e-03
-2.002401921537226310e-03 1.152663371773751493e-03
-4.560950413223136511e-03 9.617212249208043290e-04
-3.469999999999996091e-03 3.129487179487181869e-03
-5.722053231939160101e-03 3.035248041775460200e-03
-5.301665404996212458e-03 1.284943181818183535e-03
-7.014408099688471641e-03 1.066460587326120658e-03
-4.763899184581167449e-03 2.585769442912301801e-03
-5.776889534883717509e-03 1.079178082191782975e-03
-3.082925122463256798e-03 1.326396807297608622e-03
-4.255158730158722750e-03 2.090119435396308508e-03
-5.694069069069061621e-03 1.075562700964631567e-03
-6.716236162361617634e-03 1.240379092475589256e-03
-3.841076696165188556e-03 1.336398053001622115e-03
-2.494147768836868246e-03 2.748551869404951362e-03
-3.423245614035088074e-03 2.942040598290598420e-03
-4.148582995951413839e-03 1.609424083769634382e-03
-5.305238415043650804e-03 3.576366559485532649e-03
-3.822119102861558371e-03 3.895571350464757492e-04
-1.467515923566874419e-03 6.377825618945132721e-04
-1.428377460964018247e-03 2.057444616177230186e-03
-3.140725806451609512e-03 7.184000000000001149e-04
-7.023880597014925918e-03 3.497875730217738822e-03
-2.726401703335692463e-03 6.773190045248865532e-04
-2.785315243415797080e-03 2.056133056133058624e-03
-4.518711018711014417e-03 2.222597402597405267e-03
-7.706349206349208045e-03 2.242902208201894704e-03
-4.335457271364315593e-03 2.151658767772511669e-03
-7.305443548387101360e-03 2.598034274193548009e-03
-4.212757527733753532e-03 1.280895983522143495e-03
-2.150641025641024037e-03 2.190515806988353395e-03
-3.453739398612179663e-03 9.500805152979075992e-04
-3.579537953795377137e-03 2.757271285034377118e-03
-5.148384925975772394e-03 3.809144072301968217e-03
-6.885095447870772517e-03 2.247409326424873368e-03
-6.761726716519370767e-03 2.931336161187700438e-03
-4.092271293375391444e-03 2.329365079365081255e-03
-5.534906270200386398e-03 7.793401838831810367e-04
-3.322230538922154100e-03 2.042912513842748325e-03
-2.243557772236074322e-03 2.330285982184717754e-03
-6.488153310104527970e-03 2.711911357340722126e-03
-5.146479939439814813e-03 2.869459459459461782e-03
-5.268014705882347916e-03 1.011141304347827662e-03
-2.174528301886790964e-03 2.038441422594143484e-03
-4.643687064291248182e-03 2.335377821393522669e-03
-1.719852941176465769e-03 2.801906779661017879e-03
-5.770204081632648689e-03 2.394376899696051310e-03
-4.034746351633078203e-03 1.452776336274001507e-03
-5.130862329803322595e-03 2.001855779427361062e-03
-1.176803394625174472e-03 3.403250380904013651e-03
-3.813353566009101796e-03 1.421513124035000053e-03
-3.594932432432426574e-03 1.351155292853306426e-03
-2.869644153957875282e-03 1.471665712650258723e-03
-4.610727969348650188e-03 2.337021046950892716e-03
-3.750745156482856828e-03 7.483483483483494318e-04
-4.167999999999996361e-03 3.013228941684667917e-03
-1.986191860465112789e-03 -1.267416934619500387e-04
-1.115733736762475510e-03 1.041345093715547419e-03
-6.481181051265409374e-03 3.024932975871314888e-03
-3.520444763271157393e-03 9.997497497497519463e-04
-4.513968481375353788e-03 8.886063072227891020e-04
-3.269713886950449330e-03 3.220684039087947856e-03
-3.181148748159054202e-03 1.102181400688864070e-03
-5.640786749482398083e-03 1.811550976138830886e-03
-6.493632958801494846e-03 -2.597260273972577479e-04
-4.988155061019377244e-03 2.806648936170213961e-03
-5.605555555555552863e-03 2.027207392197126392e-03
-6.070355731225295093e-03 2.695357329160147277e-03
-4.680743243243238282e-03 1.795517432208081120e-03
-4.740237099023708080e-03 1.877183695076762139e-03
-5.322866344605475981e-03 1.947942488844820992e-03
-8.601762114537440940e-03 2.602908891328211457e-03
-8.098951048951049878e-03 5.690133037694020427e-04
-4.985419630156467420e-03 8.363782912412703928e-04
-7.641016200294545313e-03 5.516860143725835436e-04
-4.097542814594192472e-03 6.436403508771953649e-04
-7.902421652421611278e-04 3.399756097560976097e-03
-6.874211356466876713e-03 2.168370244179445086e-03
-2.435391470401018343e-03 8.325459317585310812e-04
-4.870942812982994793e-03 8.246822033898319705e-04
-3.469076005961247745e-03 1.064075067024130000e-03
-2.735891647855526448e-03 1.637563451776651545e-03
-4.079947575360417730e-03 3.591008771930003803e-05
-5.216429107276814893e-03 1.022420313344139277e-03
-2.991532599491955515e-03 8.839977851605765021e-04
-5.654247391952306814e-03 -1.306924882629105977e-03
-4.725974930362113711e-03 1.509116022099449023e-03
-2.324555403556766847e-03 2.644507186858317815e-03
-3.667310664605871653e-03 2.806394763343405662e-03
-4.127652050919373636e-03 1.394780677401445028e-03
-3.088076923076921686e-03 3.758829465186698830e-04
-3.338865836791142776e-03 1.244848156182212350e-03
-5.235338918507232049e-03 1.696496989600439599e-03
-8.087866108786615979e-03 2.179748822605967300e-03
-3.873461538461532225e-03 -1.141392336751197265e-04
-1.932472324723244570e-03 7.719568567026197266e-04
-8.230300568643374864e-03 4.060955518945669196e-04
-5.843008994276365463e-03 9.284587059442413843e-04
-6.127375087966219387e-03 5.071467839472261312e-04
-1.304186360567179343e-03 1.515013404825739504e-03
-2.160091047040968177e-03 1.962374138844728919e-03
-6.149622799664706402e-03 8.018191841234853946e-04
-4.719327176780995815e-03 4.175377468060398572e-04
-2.366758241758238918e-03 9.587714443829567284e-04
-3.360700389105054486e-03 -1.226456178551986031e-03
-2.916411042944784711e-03 4.526401741970625123e-04
-3.142755174875087182e-03 1.305571187394499711e-04
-5.474570200573063150e-03 2.124275782155273396e-03
-5.612231182795695758e-03 1.244420828905421069e-03
-4.110645431684827218e-03 2.064553314121037996e-03
-1.225505443234834032e-03 -1.507718696397939437e-03
-7.364192807957126207e-04 1.304310344827586555e-03
-1.983321504613197710e-03 2.398839137645108685e-03
-6.323529411764704407e-03 2.554503582395089255e-03
-3.242966751918155682e-03 3.735177865612661200e-04
-2.767615176151760892e-03 1.381202568593113342e-03
-3.368518518518514616e-03 1.697050938337803586e-03
-3.007364341085266585e-03 2.809547993905538079e-03
-5.131926121372027208e-03 2.164718384697132160e-03
-3.820668693009116393e-03 1.311310190369542172e-03
-3.611030478955004879e-03 -2.107728337236318742e-05
-1.468941717791406908e-03 1.340096102509344585e-03
-3.277945619335345152e-03 1.626182965299686643e-03
-2.537788663400976537e-03 1.255903349807799534e-03
-5.133165829145724599e-03 1.661668484187569204e-03
-3.320284697508891093e-03 1.160284463894969021e-03
-5.374910136592376403e-03 2.656396866840732979e-03
-6.335380835380835518e-03 1.595811518324608642e-03
-3.101737871107889191e-03 1.266133480419195326e-03
-5.893200295639318062e-03 2.738005390835583034e-03
-5.173582295988929033e-03 2.861604738826063928e-03
-5.597244094488183254e-03 8.071700162954934497e-04
-4.006294256490947059e-03 1.282581840642372855e-03
-2.884350816852961942e-03 1.528157463094587457e-03
-3.424889543446240237e-03 1.828800000000000651e-03
-3.853399433427759369e-03 -1.554842473745614046e-04
-4.834051724137930842e-03 2.426122037317198551e-03
-2.897530864197529234e-03 1.487778958554736818e-04
-6.029650690495525454e-03 9.437706725468576405e-04
-4.677083333333329970e-03 2.577586206896566486e-04
-3.346280447662930251e-03 4.493136219640981839e-04
-3.507714915503301091e-03 2.312857886517440380e-03
-4.778152393796356555e-03 2.410585817060636842e-03
2.114427860696544900e-04 -1.558164354322296341e-04
-1.780459770114938261e-03 2.065336249316567906e-03
-5.536123032904145119e-03 2.259183673469388875e-03
-7.758026624902118230e-03 2.107142857142859076e-03
-1.133383571966838218e-03 1.555399325084364437e-03
-4.417876241405650946e-03 2.119059917355372181e-03
-4.539863325740316549e-03 1.192705498094720484e-03
-3.080682699767257112e-03 7.576687116564425131e-04
-4.354525056095734543e-03 1.369656992084435348e-03
-5.232597054886210450e-03 -2.419354838709544535e-05
-2.343377483443707162e-03 1.782608695652174299e-04
-6.157062543921291292e-03 2.355147864184009652e-03
-3.834304442825925419e-03 2.772970085470085038e-03
-4.313546977421702303e-03 1.080845070422537359e-03
-2.408432147562577889e-03 1.060631697687537114e-03
-4.467547169811318317e-03 1.146973224679861871e-03
-4.134090909090904105e-03 3.462972689075632417e-03
-3.537574404761903608e-03 2.118523949169111992e-03
-5.261173184357539716e-03 1.623338649654441131e-03
-5.766261615439595076e-03 2.664907651715051821e-04
-5.409090909090907666e-03 2.787895018746673029e-04
-3.695050946142646071e-03 2.747765640516386994e-03
-6.470797158642454562e-03 8.305131004366822544e-04
-8.240916271721956607e-03 3.052071668533036172e-03
-6.635042081101757104e-03 1.881728778467909105e-03
-3.455784819454675496e-03 8.675706866705159290e-04
-4.603088803088800293e-03 2.276356192425795129e-03
-2.465926493108722920e-03 -1.385881696428569810e-03
-2.219908913467793631e-03 3.335241413638629065e-03
-1.390756302521007313e-03 4.021624472573856034e-04
-4.471691176470585401e-03 1.694033935413246381e-03
-3.260900643316652289e-03 7.577996715927773482e-04
-4.602931152010903207e-03 7.066246056782359616e-04
-1.861326746647841814e-03 1.662945241892610417e-03
-4.648174157303366222e-03 1.338032061912659745e-03
-6.239720394736837650e-03 -9.300518134715005450e-04
-3.916600159616914420e-03 2.131948192120886737e-03
-1.583161512027490316e-03 2.000000000000001343e-03
-4.579212070410724165e-03 1.590419806243299858e-04
-5.427051671732521614e-03 2.175675675675677479e-03
-5.845588235294118043e-03 2.471763452317528136e-03
-3.332063975628329986e-03 2.482269503546135115e-05
-2.775088967971526491e-03 2.248232735182165327e-03
-5.010261854210894088e-03 7.551451187335114475e-04
-3.769647696476959541e-03 2.695594479830149080e-03
-4.655311355311353774e-03 1.523513513513515992e-03
-4.570428336079073936e-03 1.722790948275863951e-03
-7.301750380517499535e-03 2.250688705234180607e-04
-4.022476340694004782e-03 1.580678314491266220e-03
-6.007558578987145202e-03 3.908823529411780220e-04
-2.661495624502781352e-03 7.545309168443502246e-04
-5.375366568914953687e-03 1.190320826536161915e-03
-6.522206303724923694e-03 -7.556561085972833504e-04
-5.957924263674610650e-03 3.273554603854410727e-04
-3.201425356339082304e-03 1.792177914110431930e-03
-2.083868665239113366e-03 7.794361525704820689e-04
-3.049864314789685425e-03 1.437673130193922201e-04
-6.893958076448824211e-03 3.605600933488942650e-04
-6.334796488427773230e-03 3.751366120218590627e-04
-4.679932260795935557e-03 1.872369131138696503e-03
-6.091706001348611878e-03 2.357629785002622776e-03
-5.928412462908010626e-03 8.335941575378200304e-04
-4.739803625377641931e-03 9.408233276157811032e-04
-4.223433242506807565e-03 3.741994750656171993e-03
-4.795171909290412912e-03 3.708585858585859447e-03
-4.612274368231046758e-03 5.449790794979111983e-04
-5.698047858942060194e-03 2.455858310626705347e-03
-5.857638888888884454e-03 2.438964577656677762e-03
-4.544602698650669452e-03 1.307327358987877674e-03
-2.743093922651929951e-03 8.649655963302755072e-04
-2.553035589672014716e-03 1.126442548921225599e-03
-3.856083086053408923e-03 2.573170731707316323e-03
-2.300724637681157963e-03 1.576763485477180714e-03
-1.901509705248021018e-03 1.738020010531859299e-03
-7.958782742681046185e-03 3.141129032258067628e-03
-5.021385799828909438e-03 1.363229879011047200e-03
-2.950370370370369692e-03 2.600000000000001615e-03
-4.422238372093018934e-03 1.823965252938173319e-03
-3.557103064066846707e-03 1.805026455026456124e-03
-1.894039735099335275e-03 1.252885624344177726e-03
-5.986953455571222826e-03 2.218934911242604908e-03
-4.137412587412583019e-03 1.044527896995709653e-03
-3.952086553323025039e-03 -2.946037919299943444e-04
-3.446899501069133898e-03 2.403796151846074054e-03
-5.684725357411582816e-03 9.512542759407089862e-04
-3.587636932707350974e-03 2.463178294573645753e-03
-7.840387374461976061e-03 2.391884676988789184e-03
-3.015390390390386855e-03 1.241959798994976029e-03
-3.905775075987838203e-03 1.342532467532467182e-03
-6.228813559322035447e-03 2.785524920466595899e-03
-4.775382475660635770e-03 1.232975871313674726e-03
-6.273346966598494778e-03 3.865541643984758430e-03
-4.378518518518516832e-03 1.959861775651251803e-03
-5.854150504266869386e-03 1.122114868491683095e-03
-2.408551068883608114e-03 4.578833693304551825e-04
-4.099013657056141575e-03 1.557537688442212640e-03
-1.401310997814999909e-03 1.935635359116023814e-03
-3.452380952380914377e-04 9.891966759002781499e-04
-6.866866118175012426e-03 1.464788732394367229e-03
-2.012368815592200169e-03 4.626038781163541283e-05
-7.479734996102883372e-03 1.479554865424432533e-03
-5.180249632892802020e-03 2.367929708951126925e-03
-5.464312267657991939e-03 1.243250397035468302e-03
-1.937622468974524318e-03 2.198941798941800568e-03
-4.471408647140861364e-03 2.405627490039840329e-03
-5.424548736462089620e-03 7.030999465526475674e-04
-6.716113416320882400e-03 2.217044284243050150e-03
-4.362091503267968330e-03 2.892631578947369754e-03
-2.391950688904999345e-03 1.835341365461849034e-03
-5.026785714285711935e-03 2.227002164502166291e-03
-6.626064178127043583e-03 1.480314960629921898e-03
-2.534679878048778402e-03 1.900000000000000647e-03
-6.558776167471819067e-03 2.768167860798363775e-03
-2.417561349693248679e-03 4.884635553224979084e-04
-3.368670886075945947e-03 1.130320546505518336e-03
-1.507532281205159648e-03 1.687004754358162502e-03
-3.071866485013620331e-03 9.446504237288144094e-04
-3.426315789473680529e-03 -1.175115207373264489e-04
-5.634485666104549831e-03 8.463949843260195520e-04
-4.654663923182436602e-03 5.370174510840838075e-04
-5.298794272795774585e-03 1.689355742296921002e-03
-4.929313929313925563e-03 2.780161534578495797e-03
-6.074207492795388567e-03 1.775092936802975504e-03
-3.636426592797779075e-03 2.046629213483146855e-03
-6.182108626198082497e-03 7.830820770519278211e-04
-4.301178203240055981e-03 -4.279957012358939750e-04
-6.357040229885054135e-03 2.384000000000002870e-03
-4.333333333333327930e-03 3.029149159663867275e-03
-3.112751677852345408e-03 2.636293236964379165e-03
-4.510521885521878889e-03 2.816305988928032630e-03
-4.214502657555048784e-03 2.007583682008368901e-03
-4.774667599720081555e-03 7.079258878023682788e-04
-5.540749796251015838e-03 2.171086843473740528e-03
-5.373762376237616392e-03 1.404710341093666536e-03
-2.844410876132926966e-03 8.296045785639978793e-04
-7.604938271604936781e-03 1.201089918256130875e-03
-5.934739617666441071e-03 1.245919477693155982e-04
-4.898148148148146266e-03 2.110494169905609198e-03
-6.782429649965675440e-03 2.387486278814506880e-04
-5.326804915514588706e-03 1.719189189189190229e-03
-4.785018726591759239e-03 1.566685424873384041e-03
-4.853684971098259568e-03 1.810291858678957045e-03
-1.466060181945414397e-03 1.683255572835669345e-03
-1.648927720413020589e-03 1.943768996960486837e-03
-7.457741211667910999e-03 1.453385127635961659e-03
-6.995845921450150225e-03 1.026869806094184590e-03
-4.220567375886523018e-03 1.586446104589115400e-03
-3.689979123173273579e-03 1.597906055461233979e-03
-4.352603110209597552e-03 1.396932185145318165e-03
-2.760838150289014574e-03 1.435245901639346441e-03
-3.975070224719099050e-03 1.446894950667441905e-03
-2.836065573770489914e-03 1.761781460383222454e-03
-3.478772044415411654e-03 2.339499455930626922e-05
-5.813559322033895471e-03 4.828196058615479426e-04
-2.588429752066115710e-03 2.149532710280375319e-03
-2.473628691983118227e-03 1.813516260162601357e-03
-7.396249999999997445e-03 2.234633885622661336e-03
-4.339368005266620171e-03 2.149191444966094735e-03
-5.263899765074389961e-03 2.136759108210985539e-03
-2.026297085998577437e-03 1.277937788018435050e-03
-4.083333333333327708e-03 1.739242685025819708e-03
-3.911569638909356134e-03 8.773274917853240637e-04
-5.872516556291386587e-03 1.894447354635936777e-03
-3.032841328413283209e-03 9.263545502367183859e-04
-4.692889561270796768e-03 8.413410770855357700e-04
-3.977596017069699730e-03 2.410732984293196060e-03
-5.336523736600302589e-03 1.142465753424662590e-04
4.779276517473987867e-04 1.480810234541580757e-03
-2.656092285508288974e-03 3.655580608793707032e-04
-4.933231005372217155e-03 2.790821771611549365e-04
-4.545128939828074581e-03 9.003651538862809727e-04
-4.519363166953524122e-03 1.312908496732026172e-03
-3.651724137931031903e-03 1.749581706636921773e-03
-4.469196093163031042e-03 1.607377049180328758e-03
-2.374154262516910835e-03 7.734997344662795449e-04
-7.988134206219316830e-03 3.431208053691296028e-04
-4.054724677090411518e-03 2.065936999466098413e-03
-4.704382183908041581e-03 1.246214099216711065e-03
-5.923076923076920665e-03 1.444624527282551644e-03
-2.327070552147235145e-03 2.108520900321544326e-03
-1.077932330827067846e-02 8.747880158281530656e-04
-3.888771186440675900e-03 3.361232279171212645e-03
-1.222761970853569356e-03 1.567202906071615050e-03
-4.610028860028857547e-03 1.242341356673962605e-03
-2.094941348973602957e-03 1.931853785900786158e-03
-5.014285714285711577e-03 -4.967836257309927268e-04
-2.385951661631415758e-03 1.510176754151046742e-03
-4.763313609467453857e-03 2.550000000000001484e-03
-4.856017191977075528e-03 2.224102030192609634e-03
-7.536764705882347849e-03 2.559697460831983785e-03
-4.896931549960658811e-03 1.799206349206351144e-03
-2.482479784366573537e-03 1.038287010777085104e-03
-6.738095238095232267e-03 1.941427050053248782e-03
-5.459106529209618863e-03 1.452139639639641244e-03
-4.222179878048781636e-03 1.084147665580891548e-03
-1.936725375081537696e-03 2.662796567390209729e-03
-3.901694915254232902e-03 2.834807492195631860e-03
-3.706445437141031325e-03 1.889417693169094395e-03
-5.715582450832072496e-03 1.397106109324759704e-03
-5.495264404104181245e-03 3.374433819828902390e-04
-1.938356164383556700e-03 3.424462365591397946e-03
-4.972324723247227921e-03 3.525741029641188580e-03
-6.837536023054750778e-03 1.446278955150320225e-03
-2.751124437781106696e-03 1.804927536231884641e-03
-2.678675400291120282e-03 1.136487221315933722e-03
-4.723002958579875649e-03 1.388067581837382517e-03
-3.905040175310442192e-03 9.913340336134461930e-04
-2.605090909090905862e-03 2.436298736957717443e-03
-3.574230769230766179e-03 1.182333873581847090e-03
-3.627210884353740047e-03 1.436722552731207461e-03
-2.774134119380982245e-03 1.421790722761597132e-03
-3.298566878980888680e-03 1.760102301790282368e-03
-1.882886149383608846e-03 7.636560302866437795e-04
-1.648288973384028685e-03 7.206934507429836340e-04
-4.088813303099015674e-03 1.899631190727081196e-03
-6.081647940074903259e-03 7.804627249357330753e-04
-3.063569682151587748e-03 3.487461617195498128e-03
-1.495907738095235417e-03 1.630722559293989408e-03
-5.852339181286546343e-03 1.235030777839955232e-03
-6.441310975609756614e-03 2.843932167461580597e-03
-4.375346260387806378e-03 6.899949469429018933e-04
-8.383112351709699414e-03 2.160235798499464399e-03
-3.813220599538812237e-03 2.697729672650477258e-03
-4.556629834254142739e-03 2.440566514921600066e-03
-3.306547619047615644e-03 9.760273972602752108e-04
-2.684782608695647412e-03 2.821288515406164283e-03
-5.446236559139782350e-03 2.229281767955801005e-03
-4.936838124054460097e-03 1.014223194748359660e-03
-6.713483146067415232e-03 2.552234787291331533e-03
-3.601602330662776429e-03 1.396642182581323130e-03
-7.303608605135322555e-03 1.800586510263929270e-03
-3.621287128712865396e-03 1.140194489465155446e-03
-7.877023901310713921e-03 2.409494725152694708e-03
-5.950177935943054899e-03 2.516304347826090436e-03
-4.091083781706376411e-03 9.559408754974426216e-04
-6.602239884393060719e-03 1.537305122494432444e-03
-6.208823529411762292e-03 1.545918367346939618e-03
-6.173319327731087956e-03 2.141093011035209801e-03
-5.178899082568806655e-03 2.750000000000001141e-03
-3.654639175257726191e-03 1.299045599151645155e-03
-4.747244094488184928e-03 3.552007740686987693e-03
-4.864658634538147723e-03 2.635620915032678944e-03
-2.187908496732021094e-03 1.316810344827587347e-03
-6.240084985835691635e-03 1.311204481792718410e-03
-8.354376452362512195e-03 1.140160183066362288e-03
-6.146814404432129723e-03 9.092849519743878865e-04
-3.947909024211293874e-03 1.759744037230967484e-04
-3.644099848714066076e-03 2.322597960279121441e-03
-4.008915834522109450e-03 3.555099648300116756e-04
-7.123044096728305304e-03 -7.744212309429681631e-04
-7.072866065232473638e-03 2.521150592216596614e-04
-5.681327160493822130e-03 1.478382930937677297e-03
-5.686342592592590062e-03 5.674879485806126958e-04
-6.079803328290472875e-03 1.797045951859963669e-04
-6.363778298204527534e-03 9.845121321631394775e-04
-5.014684287812014394e-04 2.630582524271846221e-03
-5.463369963369959365e-03 1.049399563318777814e-03
-8.072789115646255079e-03 1.356538895152199341e-03
3.059157212317721412e-04 2.349342770475228680e-03
-4.145497311827952072e-03 4.707475622968601537e-04
-4.301286633309503449e-03 3.188341968911918931e-03
-4.727272727272724059e-03 2.408059023836550943e-03
-5.806652046783623670e-03 1.339632829373650809e-03
-7.393061516452071463e-03 2.648179271708686437e-03
-2.262758620689652583e-03 2.979533678756478027e-03
-6.715372907153723502e-03 2.474223784417107445e-03
-2.307224334600756904e-03 1.826496674057650343e-03
-6.426470588235291305e-03 1.355007865757736638e-03
-2.094253679046946624e-03 8.173076923076937842e-04
-1.851955307262568001e-03 1.929974811083126109e-03
-2.285129604365617774e-03 2.157018022938285515e-03
-4.664254703328504434e-03 1.201152435830278586e-03
-4.295691452397497855e-03 1.547071702244118448e-03
-6.942006269592478247e-03 2.539074550128537014e-03
-6.275641025641023364e-03 -1.556580565805655483e-03
-3.791990668740278722e-03 6.129213483146084881e-04
-4.010144927536225118e-03 2.379262926292629882e-03
-4.369645494830130122e-03 1.882250580046403729e-03
-5.616358658453109859e-03 2.828601472134599244e-03
-4.348075624577982072e-03 3.809536934950386727e-03
-3.823717948717946565e-03 3.096946973754689022e-03
-4.128373450036465844e-03 1.019580805295092294e-03
-2.538436268068325601e-03 1.504105090311988729e-03
-5.469144981412633021e-03 3.098118279569896279e-03
-5.420933734939756797e-03 1.935297356828194048e-03
-3.953524399690158501e-03 1.562988027069236140e-03
-3.608746130030956838e-03 2.556312205343112993e-03
-1.397787948131193943e-03 1.841554959785523865e-03
-4.452603471295057957e-03 3.141129032258065459e-03
-3.392801251956179855e-03 2.178500986193295744e-03
-3.391853932584267418e-03 1.352054794520550583e-03
-3.249240121580542970e-03 1.585982282438771476e-03
-3.329702251270872954e-03 9.444444444444456688e-04
-3.485282093213406315e-03 1.446989191971180793e-03
-5.530726256983201344e-04 1.957871396895787854e-03
-2.760330578512394748e-03 -6.306849315068475221e-04
-3.453136011275541577e-03 1.280160857908849235e-03
-9.094010614101541998e-04 1.422289156626506878e-03
-4.124369142033160532e-03 1.396127681841968999e-03
-4.713030746705705078e-03 2.932118330692023728e-03
-7.073495811119568169e-03 1.817274800456102892e-03
-3.611391492429701002e-03 2.920068027210885944e-03
-5.066362359550557332e-03 2.302603036876358592e-03
-3.443837753510140508e-03 1.833244680851065346e-03
-5.715592972181547313e-03 1.467473118279570988e-03
-5.715868477483914203e-03 5.640625000000018454e-04
-3.459999999999996932e-03 3.433510638297885002e-04
-4.311349693251529877e-03 1.383228840125393750e-03
-3.421816827997018005e-03 1.566211245401999581e-03
-3.001018329938898947e-03 1.456366630076838748e-03
-3.476401179940997923e-03 1.916214750542300903e-03
-4.916011436740526201e-03 1.281112334801763402e-03
-5.773882896764250677e-03 6.749448123620323736e-04
-2.645285935085005778e-03 1.967599792638673011e-03
-5.875185185185182075e-03 1.520424403183026716e-03
-3.949805447470810214e-03 2.422390481341268886e-03
-3.540885221305322718e-03 2.314317673378077454e-03
-2.114685844057531596e-03 1.528512182477969467e-03
-4.137681159420287559e-03 1.157981349424026590e-03
-2.478515624999996780e-03 2.198532891623286058e-03
-6.010494752623682033e-03 3.359947643979059161e-03
-6.180835734870319086e-03 3.375067750677506525e-03
-4.917355371900820026e-03 7.349137931034488164e-04
-9.395770392749219985e-04 8.317307692307704782e-04
-3.421682626538984431e-03 1.645316455696202960e-03
-5.667499999999992856e-03 2.491208791208792024e-03
-6.121532846715321829e-03 1.930069930069931630e-03
-2.661575016972162182e-03 3.102640086206898649e-03
-3.287249283667619676e-03 2.793427230046950475e-03
-4.751846381093053490e-03 1.835612835349817451e-03
-1.717213114754092499e-03 5.757575757575776653e-04
-4.053106212424846706e-03 6.959573273441899263e-04
-5.122711864406773868e-03 1.145054945054947010e-03
-3.397782397782394929e-03 1.437862032648764155e-03
-2.440958164642373536e-03 9.043835616438358543e-04
-3.394052044609660417e-03 2.232012513034413361e-03
-8.384331116038425472e-03 1.116722783389453546e-04
-3.302401746724888034e-03 2.992878942014243985e-03
-1.343137254901958805e-03 4.284116331096215471e-04
-2.590805471124614859e-03 2.353032659409021437e-03
-2.979136163982427747e-03 1.149438202247192974e-03
-4.601036269430049640e-03 1.057848995111353683e-03
-5.788129496402874032e-03 2.108122941822174537e-03
-6.175912408759118982e-03 8.042151968940668572e-04
-3.888811188811187002e-03 1.632129774986920733e-03
-4.136167146974061015e-03 1.975784259768856939e-04
-5.285714285714283346e-03 1.792000000000021332e-04
-4.588068181818180137e-03 2.324592668024442511e-03
-7.097747093023251165e-03 3.260858050847459215e-03
-1.152969613259665054e-03 2.391100055279160759e-03
-1.729775662814405377e-03 2.342535211267607331e-03
-5.756960120391265735e-03 5.188730853391697491e-04
-5.882330827067667675e-03 1.375615090213232021e-03
-1.969788519637459025e-03 6.236141906873650777e-05
-2.129737609329444576e-03 3.379924446842959198e-03
-3.929618768328440107e-03 2.157952069716776063e-03
-6.340707964601774438e-03 2.219349680170577214e-03
-5.698619631901840135e-03 2.416852678571430966e-03
-5.273461777501547640e-03 3.143054024255790679e-03
-2.874731567644949869e-03 1.409066084107045815e-03
-1.917813765182184091e-03 2.813093980992607910e-03
-4.806236080178169848e-03 2.236747297992794804e-03
-3.877708978328169021e-03 1.986827956989250035e-03
-1.583827893175070037e-03 2.340255591054314719e-03
-6.592930897537724148e-03 1.879361179361180387e-03
-1.004147812971339059e-03 1.232681121099948656e-03
-5.233308327081767804e-03 2.328926065839182456e-03
-5.090976331360944421e-03 1.399233296823672844e-04
-4.445448227936063534e-03 1.080053191489362217e-03
-8.775021758050477461e-03 1.266389177939647535e-03
-3.303936411809232920e-03 2.152770306616461852e-03
-5.308108108108102081e-03 -7.986688851913463472e-05
-3.858375269590217597e-03 5.770423991727003689e-04
-5.274158125915077121e-03 9.312759336099593784e-04
-4.410103420843275446e-03 2.152756311179805041e-03
-3.903146853146851909e-03 1.443736730360934859e-03
-5.182006920415217419e-03 2.039445048966270681e-03
-3.960681114551081912e-03 1.942733657482444230e-03
-5.420333333333333427e-03 1.906756756756757421e-03
-4.181526619627964902e-03 2.414173228346457555e-03
-6.222433460076045274e-03 2.677876598110062387e-03
-1.684910086004687280e-03 2.008983717012914963e-03
-2.453254847645424536e-03 1.131181676210308218e-03
-3.342721287490853059e-03 6.066098081023461397e-04
-3.567240031274430262e-03 1.728846153846153293e-03
-5.673283983849257590e-03 1.414893617021278438e-03
-1.136181575433911021e-03 1.598833981121600871e-03
-4.140319071791149358e-03 8.016101207590585866e-04
-3.634490238611710888e-03 3.002973240832509678e-03
-3.542721518987340928e-03 1.294530858003012071e-03
-3.744814814814810631e-03 1.612409571508068495e-03
-3.527140672782870003e-03 1.088168373151308281e-03
-6.350574712643675297e-03 1.945869676757313845e-03
-3.720069204152242747e-03 6.422764227642295499e-04
-5.751346499102330707e-03 4.116147308781875408e-04
-3.622265624999997016e-03 2.957333333333331780e-03
-5.651612903225805215e-03 2.117855198693524826e-03
-7.338091922005567092e-03 1.093602517042475183e-03
-3.174364123159299431e-03 2.676829268292686172e-03
-3.952669902912617737e-03 6.050279329608942557e-04
-5.023209549071614398e-03 2.287151702786379727e-03
-4.569706103993965984e-03 8.729486500794059059e-04
-3.537552155771902119e-03 1.191676104190261907e-03
-5.466392830470498398e-03 2.238095238095239112e-03
-2.256211180124221248e-03 5.809128630705410849e-04
-3.113245033112577945e-03 1.056111111111110966e-03
-4.516265912305513462e-03 1.528625954198475044e-03
-4.637057598889656601e-03 1.294465341214402288e-03
-6.279378316906745160e-03 1.736787022501308595e-03
-5.836742424242421373e-03 1.537145911277392482e-03
-6.051617873651767704e-03 2.725453575240128178e-03
-5.512267657992561860e-03 1.083286908077994238e-03
-3.282904148783972239e-03 1.214207947740882868e-03
-5.362241494329549746e-03 2.058776595744683195e-03
-5.233676975944987191e-04 1.381298701298702691e-03
-3.911051212938001023e-03 1.328633405639936642e-04
-5.481363996827909660e-03 2.127300613496932880e-03
-4.142018779342717880e-03 8.157471880021438223e-04
-2.534698126301174973e-03 2.087823275862088588e-04
-7.514429530201338983e-03 8.130715438407751022e-04
-4.286378737541526526e-03 1.343882978723406809e-03
-4.525316455696199239e-03 7.590266875981166754e-04
-5.258261494252867985e-03 2.919895287958115728e-03
-3.640707298720841870e-03 1.542130365659778995e-03
-5.605965463108316532e-03 4.558516196447237796e-04
-2.724529780564260203e-03 1.783427981414559401e-03
-2.108622994652403944e-03 1.484746639089971378e-03
-3.946891191709843427e-03 2.985976267529666384e-03
-5.327935222672061134e-03 4.013440860215065800e-04
-5.249999999999996857e-03 3.028098344204718882e-03
-2.922306629834252843e-03 2.964807090719500781e-03
-5.609215017064842455e-03 2.286312014345493252e-04
-6.722307104660044802e-03 2.944097763910558194e-03
-4.568925233644855789e-03 2.822604065827687310e-03
-3.342607313195547231e-03 3.533480907581640243e-04
-6.276828434723171445e-03 1.654273029966704623e-03
-6.559786476868328421e-03 1.444596069868996687e-03
-6.633360193392422340e-03 6.911540416878514436e-04
-3.088632750397450350e-03 1.732208750658936324e-03
-6.300680272108840144e-03 2.970559610705598725e-03
-7.351701183431950601e-03 4.400908574673489926e-04
-4.166414523449315371e-03 1.598810139679255346e-03
-4.087999999999997885e-03 1.691983122362870256e-03
-3.554511278195485961e-03 1.356493853554250565e-03
-4.415340086830674832e-03 1.986897274633124891e-03
-3.382501807664493442e-03 1.261149919398176335e-03
-7.876637554585150941e-03 2.641025641025641826e-03
-5.781320330082518992e-03 2.385305664610208772e-03
-5.431294964028776651e-03 6.444188722669739371e-04
-4.037037037037033427e-03 1.611314824515454585e-03
-5.166906993511172393e-03 4.968060394889681122e-04
-4.844005956813101157e-03 1.486835034927459949e-03
-4.449165402124427224e-03 7.927223719676581085e-04
-3.991430700447089891e-03 2.255808080808083087e-03
-3.037665562913906183e-03 2.000515729757607660e-03
-4.431654676258961522e-04 2.955334987593052909e-03
-6.778931750741836945e-03 1.985811875985287866e-03
-5.246025738077211842e-03 2.239868565169771553e-03
-4.620575221238933453e-03 1.667608818541622194e-05
-2.721862348178134133e-03 2.215247844827585542e-03
-6.400398406374497272e-03 2.277459954233410945e-03
-5.053904630269517688e-03 2.448388721047332645e-03
-6.190994916485112638e-03 1.651888772298008325e-03
-5.534176349965820238e-03 2.660693970420932846e-03
-3.440979955456568724e-03 2.262577002053390868e-03
-3.497720364741637670e-03 2.139516957862281840e-03
-3.536173633440512377e-03 6.872900335946259022e-04
-7.501526717557249410e-03 1.319284064665130233e-03
-5.160626029654034191e-03 3.885854724194438901e-04
-2.193143812709027075e-03 7.568733153638830405e-04
-4.922900763358774648e-03 1.397626931567329690e-03
-7.015018315018311384e-03 3.521523178807949277e-03
-2.556187766714078206e-03 1.673038229376258611e-03
-4.825813609467453046e-03 3.021544929059381650e-03
-4.040029651593767326e-03 8.055707263790287849e-04
-4.997130559540884781e-03 2.612520683949257159e-03
-2.222838137472282240e-03 5.395989974937357965e-04
-5.655049786628733172e-03 2.129295774647888603e-03
-4.063682678311494531e-03 2.294260963724961168e-03
-3.474503025064786497e-04 7.420020639834902336e-04
-5.412804399057337748e-03 2.992088607594940459e-03
-2.817917205692107088e-03 1.565960912052119514e-03
-4.911148648648644942e-03 1.919463087248325477e-03
-5.744520030234311937e-03 6.371632765255662778e-04
-1.996776792908939481e-03 1.386460554371003046e-03
-6.085136078157705672e-03 1.266704098820888328e-03
-4.238128011011694889e-03 2.659268929503917633e-03
-2.997574777687952476e-03 1.880205516495404633e-03
-3.625300240192148426e-03 1.080870050195205248e-03
-6.970654627539495801e-03 1.203663793103449233e-03
-5.235691573926863282e-03 2.861052631578948208e-03
-4.158357771260993985e-03 1.635667396061272040e-03
-4.071479374110949928e-03 -5.380493033226137417e-04
-1.420833333333320616e-04 -9.225071225071213455e-04
-4.209520239880056372e-03 9.090909090909100659e-04
-7.135424091233072766e-03 1.938615467820445012e-03
-3.258667573079534162e-03 1.657392686804452222e-03
-1.598699311400149457e-03 5.179048637092469390e-04
-7.109374999999997641e-03 -1.921067904817159392e-04
-2.217592592592586981e-03 2.694905869324473128e-03
-3.430425378514776347e-03 4.980034227039363158e-04
-3.403651903651902164e-03 3.084359935725763426e-03
-2.923131672597860473e-03 2.219395465994962111e-03
-4.550976138828628260e-03 1.676975945017182600e-03
-4.446564885496180793e-03 4.267379679144406583e-04
-3.977004350528271469e-03 1.402930402930403601e-03
-2.998265093684936069e-03 1.969135802469137043e-03
-2.826544943820223643e-03 3.191271551724137595e-03
-2.276260504201679975e-03 1.248076923076925100e-03
-2.584337349397586737e-03 3.911376333164044358e-03
-4.116039744499640045e-03 6.260183299389000897e-04
-7.467167721518987167e-03 1.277547393364930227e-03
-2.244353182751537574e-03 5.562781390695361629e-04
-4.706078576723498642e-03 1.455523255813955755e-03
-6.180255795363703668e-03 9.857373519913893625e-04
-6.598287416232315530e-03 1.513866231647635532e-03
-3.313989239046883240e-03 -2.176436448055710281e-04
-3.320121951219508205e-03 1.961246612466124514e-03
-1.853361945636618907e-03 1.731256890848954962e-03
-4.175392670157066985e-03 1.789529914529942108e-04
-6.129289704708700687e-03 2.765212981744424002e-03
-5.591300940438865240e-03 9.477735019241352371e-04
-5.191343963553527938e-03 8.539356984478945747e-04
-6.441700404858293448e-03 2.003897550111360254e-03
-4.930669398907102166e-03 3.277687736358727080e-03
-5.850280504908832863e-03 3.342975206611570500e-03
-3.794471153846150444e-03 2.112963959117807565e-03
-2.159879336349920537e-03 3.389848812095036610e-03
-3.222182340272789630e-03 1.896039603960397507e-03
-3.629985754985751070e-03 2.015775401069518340e-03
-3.375739644970410843e-03 1.494144602851326135e-03
-2.623955431754871302e-03 1.579643473260496480e-03
-2.087548638132292501e-03 1.376237623762376376e-03
-4.607736804049165219e-03 9.222919937205664416e-04
-3.722840034217276411e-03 2.947968285431119741e-03
-3.658772515010004066e-03 3.060606060606061406e-03
-3.389037433155074868e-03 2.277632950990617772e-03
-1.810800310800308880e-03 2.526686807653575305e-03
-6.045487364620934570e-03 3.128997867803860137e-04
-5.543109300746768692e-03 1.045277777777779086e-03
-4.973801065719354354e-03 6.286241433842921144e-04
-1.150454863540935997e-03 2.866756756756757337e-03
-2.387169811320753385e-03 9.480417754569209514e-04
-4.831337325349296767e-03 9.333150384193209925e-04
-8.099799732977303393e-03 1.042553191489362877e-03
-5.126591760299623393e-03 2.986516235553111562e-03
-6.409935379644586019e-03 3.288643533123029612e-03
-8.654377880184331226e-03 9.639370932754893258e-04
-2.989675516224187760e-03 4.341283361726322541e-04
-6.164091243561437526e-03 3.865113759479953093e-04
-1.263192182410417070e-03 1.957366432811658355e-03
-4.529548989113527623e-03 2.092434584755405776e-03
-4.078908002991770039e-03 1.035313901345292402e-03
-3.231824417009599056e-03 1.646114864864866960e-03
-6.905722670579596614e-03 2.694416498993964897e-03
-7.212509419743780292e-03 1.406372275013975052e-03
-4.472972972972970827e-03 3.228121664887940740e-03
-5.267449896337244447e-03 1.566072364971159581e-03
-5.538039502560347313e-03 1.838202866593165652e-03
-3.230712166172080278e-04 1.828374070138151378e-03
-4.176783004552298093e-04 1.190312334568556897e-03
-5.117836965294587925e-03 1.569151809832524357e-03
-5.589537223340036026e-03 1.731676063557152732e-03
-4.353985793212311259e-03 -3.657937806873975939e-04
-2.841977869986162843e-03 1.926895799236226546e-03
-1.920174165457182430e-03 1.539699570815451822e-03
-3.053420445810911456e-03 2.620800000000000820e-03
-5.394651011089334402e-04 1.655532359081419904e-03
-3.543574593796156198e-03 2.344754876120189960e-03
-2.549093655589122157e-03 3.429125711329541592e-03
-4.217612809315863381e-03 1.511917960088693218e-03
-6.018661971830981811e-03 2.923743016759779243e-03
-4.090365944734873985e-03 3.010600706713782541e-03
-9.406601123595484870e-04 1.347530241935484662e-03
-9.229484386347134445e-03 2.720796228391829906e-03
-3.852710413694717881e-03 2.947422154160286856e-03
-3.906574394463666056e-03 3.798382889932188158e-03
-5.787632508833921198e-03 9.551813471502619210e-04
-3.560940841054879673e-03 -2.102118413905487292e-04
-2.166666666666664399e-03 1.462933333333334487e-03
-5.325148809523803928e-03 1.890456644433044248e-03
-3.664713990351476606e-03 1.937198067632850710e-03
-2.745488721804508880e-03 2.633333333333337349e-03
-5.230718523401445968e-03 2.270955686065135540e-03
-7.022761760242792091e-03 1.096593797661414224e-03
-5.242690058479530617e-03 1.592849519743864831e-03
-4.210368144252438910e-03 5.376546530392695101e-04
-2.507851534618125121e-03 3.318272095332672894e-03
-3.663036078965280218e-03 9.329430548163932749e-04
-6.900865176640226702e-03 1.236856516977002376e-03
-7.391781936533767250e-03 5.314386317907451168e-04
-4.689313517338989865e-03 3.493201133144478113e-03
-5.693317422434366823e-03 1.534838350055741946e-03
-4.368460955269141792e-03 1.627665245202559790e-03
-2.365666666666662189e-03 1.727247191011237106e-03
-4.364977549711346674e-03 1.862030286034775271e-03
-1.580811808118076471e-03 1.588709677419356068e-03
-4.586601307189541211e-03 1.350347407803315644e-03
-6.029927007299264521e-03 3.824375678610209342e-03
-4.244237918215609980e-03 3.709867452135496083e-03
-5.947054698457220241e-03 1.136461126005363547e-03
-2.413309352517983754e-03 2.359142857142858263e-03
-4.877902621722844147e-03 2.331550802139040028e-03
-4.019812680115269869e-03 9.678123295144591990e-04
-4.477542108546471444e-03 3.000000000000002231e-03
-5.925283522348234050e-03 1.350622406639005128e-03
-4.329473684210521922e-03 6.572494669509596106e-04
-6.506172839506171347e-03 2.606637649619152931e-03
-4.127897990726428143e-03 9.106431417188398311e-04
-2.292611558156541773e-03 3.122783449758194732e-03
-3.866165413533833445e-03 1.697790636507102904e-03
-4.720192970365259290e-03 2.251538461538463241e-03
-2.200160128102479629e-03 2.017213114754098924e-03
-5.597009735744087194e-03 2.241867785939140410e-03
-5.308834446919073052e-03 2.733368255631221395e-03
-8.632560066280032737e-03 9.120603015075501470e-05
-4.280656934306564278e-03 3.236687965921193535e-03
-3.523739956172385751e-03 8.754491017964084743e-04
-3.973509933774829229e-03 1.020716112531972093e-03
-6.409057437407950260e-03 1.557959401709403625e-03
-5.183697347893908257e-03 2.555721393034826421e-03
-5.536209553158703139e-03 1.807297297297298568e-03
-5.182316655243313780e-03 2.133947939262496364e-04
-4.810486634681289397e-03 1.757509557618788798e-03
-2.845318352059921906e-03 1.854735152487963380e-03
-6.012048192771081087e-03 1.434288804759330715e-03
-1.572916666666662787e-03 1.966876971608833534e-03
-5.659398496240599340e-03 1.257714285714287353e-03
-5.928002894355999773e-03 1.744945567651633731e-03
-3.689082278481007997e-03 3.904020100502514096e-03
-3.915570175438592634e-03 2.401719197707736977e-03
-1.109726443768996491e-02 1.779811425402108788e-03
-3.800615595075234558e-03 2.210389610389611788e-03
-2.919847328244272629e-03 1.911672746221989693e-03
-2.683108587650811713e-03 6.639534883720943966e-04
-2.556018168054501050e-03 2.723799126637562037e-04
-5.616727272727268898e-03 1.636747624076054100e-04
-4.963822525597264175e-03 3.120117710005353064e-03
-2.118883528600960537e-03 1.926863181312569789e-03
-3.266945606694556404e-03 1.523165018219679173e-03
-1.604785478547850284e-03 2.054992397364421158e-03
-8.402223926380365110e-03 1.987012987012989375e-03
-2.017069701280224236e-03 1.399880810488679473e-03
-3.317494600431964390e-03 2.352835051546391890e-03
-3.475580464371493764e-03 2.255735140771638735e-03
-2.301083591331268014e-03 6.563876651982392943e-04
-3.607599193006046871e-03 2.345153061224490749e-03
-5.564131245339297427e-03 2.666760722347631587e-03
-3.306884970612928090e-03 9.092058674759747943e-04
-5.685185185185186348e-03 1.162032085561497683e-03
-2.421985815602835032e-03 2.008753315649869798e-03
-3.394457099468485128e-03 5.418250950570349537e-04
-5.989567233384849101e-03 2.275582024905252292e-03
-5.498311951384196768e-03 5.052386495925520341e-04
-4.366430260047276385e-03 2.433544303797469544e-03
-3.200145032632337964e-03 2.905138339920964132e-04
-1.987258953168039716e-03 2.583693304535637780e-03
-3.773346966598497328e-03 1.222995545657017341e-03
-8.384586180713740275e-03 6.549618320610709962e-04
-4.004216444132105771e-03 2.073096164535853658e-03
-6.772659732540859019e-03 2.115342763873778557e-03
-5.150579150579146989e-03 1.508138903960934548e-03
-2.234117647058820027e-03 1.871196754563895625e-03
-5.674832962138086530e-03 2.133845309928691751e-03
-4.619642857142853415e-03 -1.717056474614932432e-04
-4.448832417582415481e-03 2.962028677642062052e-03
-7.238970588235297231e-03 1.774202574146614697e-03
-3.512624330527923822e-03 1.469281404278662646e-03
-5.756909992912823300e-03 8.680592279217353227e-04
-3.201766304347822972e-03 1.217581775700935474e-03
-4.587792012057270372e-03 3.272219116825042518e-03
-4.820636094674553458e-03 1.548182819383260404e-03
-4.228701117318432387e-03 3.445796460177011616e-04
-4.325667655786347154e-03 8.112701252236154429e-04
-4.175133689839566689e-03 5.203342618384400450e-04
-5.529391182645204336e-03 8.474295190713108028e-04
1.212657232704404155e-03 1.081246521981080438e-03
-3.685872138910811432e-03 1.659608258337747161e-03
-2.909126365054596087e-03 2.181455633100700016e-03
-3.425253991291725853e-03 3.234922458357268257e-03
-7.596984235777929501e-03 3.610226104830423655e-03
-3.606353591160216341e-03 1.360756259580992843e-03
-4.689232753062535716e-03 2.360167276529014351e-03
-7.282457496136014209e-03 2.234447300771210537e-03
-4.543614794138168926e-03 1.857731958762889012e-03
-7.300722021660642838e-03 4.638832997987928260e-03
-4.078890489913541105e-03 6.204756980351751783e-05
-2.834108527131778445e-03 1.904711487559557302e-03
-4.246204620462043673e-03 1.555411030176901592e-03
-4.712556732223900993e-03 3.526277013752458344e-03
-2.724958949096875725e-03 2.057897545357526004e-03
-4.490641711229942205e-03 4.249074563722919293e-04
-2.495366795366791256e-03 1.116532721010333844e-03
-6.816853932584271414e-03 2.142051860203078337e-05
-3.411397058823523350e-03 1.705240174672490675e-03
-4.244318181818177230e-03 1.655416012558871526e-03
-3.509554140127383887e-03 4.083867521367530017e-04
-6.212020648967546757e-03 3.890425531914895249e-03
-6.358156028368784976e-03 2.714362560516408139e-03
-4.074506939371802874e-03 2.046875000000000517e-03
-5.179245283018863409e-03 3.619235095613064501e-04
-5.636505460218406774e-03 2.373421052631578907e-03
-4.661221590909089135e-03 1.095909342177999856e-03
-1.754538852578064285e-03 8.418421052631601485e-04
-1.651667959658648663e-03 1.647333699835074397e-03
-3.366666666666663209e-03 1.119086908690870201e-03
-3.971631205673716979e-04 8.812332439678300256e-04
-4.724358974358969926e-03 1.082930756843802217e-03
-5.119418132611633192e-03 -1.812600106780547498e-04
-6.251144538914323902e-03 2.557076446280994071e-03
-4.398274622573687676e-03 1.344450101832996751e-03
-3.995642701525047892e-03 1.200619020821610487e-03
-5.425558312655081108e-03 1.404275996112732414e-03
-1.299319727891153336e-03 -4.352578475336306082e-04
-5.642370572207085384e-03 1.949579831932775386e-03
-3.286650286650282839e-03 1.100148367952522846e-03
-4.127626459143963859e-03 4.820325659741722278e-04
-3.932875667429441315e-03 9.758190327613129253e-04
-4.217682020802375822e-03 7.486842105263167603e-04
-4.225346968590208523e-03 8.337675872850464553e-04
-2.071163825055592420e-03 9.645296899632180634e-04
-2.507462686567159694e-03 2.009229098805647654e-03
-3.160642570281119602e-03 1.574002883229218188e-03
-6.800272665303333693e-03 2.001840168243955616e-03
-5.177408637873751746e-03 1.727015921931177381e-03
-2.107118175535588507e-03 2.366238630283574573e-03
-5.654228855721392041e-03 3.265097236438078542e-03
-1.176157934700072490e-03 1.146379853095499810e-04
-6.324745762711862090e-03 2.902117916428164322e-03
-5.940766550522640597e-03 2.528786307053943350e-03
-5.768115942028979003e-03 3.538761851645300148e-04
-1.613702623906703489e-03 5.716675962074749782e-04
-7.686244204018542574e-03 8.614130434782622239e-04
-4.210975609756093321e-03 1.288209606986900858e-03
-2.842834520981786604e-03 -4.776859504132216928e-04
-6.481737012987010341e-03 2.895002658160552352e-03
-2.884985207100588048e-03 8.234126984127012987e-04
-6.550295857988162537e-03 2.195831188883170474e-03
-6.225497159090906223e-03 7.184195882025593395e-04
-7.479222520107236573e-03 2.711864406779663800e-03
-3.780314960629917957e-03 2.282731958762887741e-03
-5.416968817984041049e-03 1.236686390532544750e-03
-3.840101522842636651e-03 1.140446379967339748e-03
-5.768382352941172665e-03 1.791601049868768707e-03
-4.514685314685309113e-03 2.067866323907456647e-03
-4.020372928176792725e-03 9.336099585062243274e-04
-4.139710942876801379e-03 1.111020185488272851e-03
-3.640154440154435515e-03 1.092987012987014367e-03
-3.929830747531732303e-03 7.221341785525630698e-04
-4.981384959046907153e-03 1.997699827487061860e-03
-5.152613240418111966e-03 1.875678610206298882e-03
-3.888733379985999383e-03 2.037390407426510099e-03
-5.367006802721084602e-03 2.792032967032968740e-03
-7.871069182389932653e-03 1.561820263308529933e-03
-5.365588052271308937e-03 2.114572605561279833e-03
-2.884015594541905481e-03 3.279217479674799950e-03
-3.820885200553249348e-03 1.154173764906305053e-03
-5.481308411214950820e-03 2.028372324539572807e-03
-7.675163874726875606e-03 2.467385444743936448e-03
-4.275276752767525126e-03 2.051951476793249622e-03
-7.169491525423727155e-03 -8.683401639344147057e-05
-3.205158730158728670e-03 2.548958333333336233e-03
-3.811306340718102151e-03 1.380386740331492881e-03
-3.099203475742211278e-03 6.877113866967313064e-04
-5.425490196078427627e-03 1.819598520866350880e-03
-3.551865907653379943e-03 9.682675814751294172e-04
-5.016003122560496255e-03 1.040974212034384691e-03
-6.945067264573993003e-03 7.702072538860113560e-04
-3.789215686274507566e-03 1.322261663286005470e-03
-6.757034220532316671e-03 9.504552758436015476e-04
-6.895879323031639356e-03 2.410490605427975056e-03
