-9.049056603773577342e-04 -1.106844305120167687e-03
-2.306049822064054101e-03 -1.824408117249154415e-03
-1.004786450662735128e-03 1.488030467899892329e-04
-2.594516594516592476e-03 -1.889705882352939615e-03
-2.412621359223298453e-03 -2.519538188277085748e-03
-7.877535687453031095e-04 -1.247447608812466639e-03
6.708185053380794332e-04 -1.444354838709677570e-03
8.076358296624659480e-06 -1.089231699939503459e-03
-7.747489239598235981e-04 -1.474672737620945882e-03
6.765517241379340315e-04 -1.614481969089869191e-03
-9.563994374120495900e-05 -6.546703296703310646e-04
-2.820427728613567834e-03 -2.002701242571582572e-03
-1.979970866715221028e-03 -1.600439077936333760e-03
-2.417551309271051465e-03 -8.634133042529997968e-04
1.579720793534326498e-05 -1.342339979013642843e-03
-9.095309009679786909e-04 -8.214670981661290755e-04
-4.482892690513190829e-04 -9.100912506709601425e-04
-2.095080763582966420e-03 -9.839617332583004260e-04
-3.301226551226551370e-03 -5.681227249089964432e-04
6.252452583387869620e-04 -8.310094813162307529e-04
1.402767662053898542e-03 -2.590289143480631415e-03
-2.495901639344261149e-03 -2.394101876675603247e-03
-3.371364653243846560e-03 -1.327978971962614618e-03
-1.089812332439675079e-03 -1.111433546140463686e-04
-3.820198928844679900e-03 -1.432146829810900467e-04
-3.113244514106582646e-03 -2.164062500000000187e-03
-1.779028852920477074e-03 4.116066630843628785e-04
-3.940256045519195888e-04 -2.553398058252426880e-03
-6.266519823788520814e-04 -8.388429752066127454e-04
-1.941379310344805106e-04 5.969952556668416599e-04
-1.565837600585222008e-03 -1.554578375581996529e-03
-5.046695402298847144e-04 2.648930017351067276e-04
-1.636709824828634294e-03 -1.316897506925208657e-03
-4.372028526148970771e-03 -1.813149847094800565e-03
-3.494352409638552294e-03 -3.810872027180067529e-03
1.167337357478205736e-03 -2.133315872184390893e-03
-1.598924731182796433e-03 -2.454281183932346781e-03
-1.439641744548284755e-03 -2.561721710882509852e-03
-1.360544217686698470e-05 -6.160661547548729449e-04
-1.579180887372011498e-03 -1.643839383938393468e-03
-3.168666196189130150e-03 -1.028766310794780071e-03
1.250542299349243847e-03 -2.350249999999999909e-03
-3.673793103448274103e-03 -1.084503088152724603e-03
-2.295702840495265993e-03 -1.241338112305854103e-03
-1.771755725190837143e-03 -1.909745293466222913e-03
-3.887846961740432442e-03 -1.738839285714286918e-03
-2.682380216383306072e-03 -1.343950749464668283e-03
-1.724277067921987667e-03 -9.346336320506055733e-04
-2.923829489867220757e-03 -2.687726566545839738e-04
-4.454685099846371734e-04 -2.159221076746849124e-03
-2.266666666666663360e-03 -2.122927387078331774e-03
-2.881165919282508391e-03 -1.665916760404950086e-03
-3.881533101045250888e-04 -2.309324253535882145e-03
-2.776570048309175576e-03 -4.946659180235831853e-04
-1.707464694014792584e-03 -2.535811919081466543e-03
-1.375437368789360132e-03 1.319018404907967758e-04
5.880866425992802449e-04 -2.075415995705849961e-03
-2.984579799537393115e-03 -2.467952199891362396e-03
-3.469170800850425733e-04 5.135284373274423466e-04
3.430232558139572827e-04 -6.241662390969734487e-04
-2.761852662290297661e-03 -1.397042716319824669e-03
-3.239195230998507917e-03 -1.091675734494015372e-03
-3.562038404726734775e-03 -1.136309167165968411e-03
-1.259601181683897694e-03 4.892065344224037424e-04
5.259649122807035296e-04 5.848314606741569820e-04
-8.997764530551416061e-04 -2.521456804065499557e-03
-2.758582089552234860e-03 -3.083378746594004401e-03
1.494071146245058842e-03 -1.502081165452653910e-03
-8.422439759036124849e-04 -4.958356468628541056e-04
-5.307802433786691166e-04 -3.221417069243154904e-03
-4.524864024864023136e-03 -2.217903415783272630e-03
-1.006254343293952773e-03 -6.054603854389729953e-04
1.994198694706308787e-04 -2.337229190421891926e-03
-1.420865862313694730e-03 -8.657407407407408150e-04
-1.994546693933195013e-03 -6.526894158473113636e-04
-5.132543926661571089e-03 -7.190751445086700135e-04
-1.771714922048995937e-03 -2.064577656675750401e-03
1.547619047619085727e-04 -1.373399301513387582e-03
-8.049671292914518592e-04 -8.756084369929699636e-04
-6.208364451082896800e-03 -1.612434631028473444e-04
-1.297335203366058306e-03 6.354497354497360036e-04
1.084099868593958738e-03 -1.277422790202343726e-03
-2.400884303610904477e-03 -1.396243291592129485e-03
-3.093724859211582044e-03 -6.134477033757606678e-04
-4.057653405259609332e-03 -2.754116978989246890e-05
-4.154978962131812732e-04 -8.221180364037524542e-04
-4.372659176029959800e-03 -7.810750279955205053e-04
-2.146551724137926720e-03 -1.152762430939227546e-03
-6.005608974358953283e-04 -1.641629711751664686e-03
-6.063100137174184641e-04 -2.991989664082689033e-03
-8.796909492273709968e-04 -1.757981755986316773e-03
-1.478227654698241727e-03 -1.704046242774565718e-03
-1.546863988724452889e-03 -9.185470555861313191e-04
-2.767297887836851506e-03 1.778038755137991865e-03
-4.279761904761903400e-03 -5.259631490787271789e-04
-8.261029411764679239e-04 -2.394668060637742627e-03
2.571829011913141240e-04 1.504225352112676837e-04
-8.367737003058057154e-04 -3.229434806939004976e-03
-2.658706833210867752e-03 -2.594386181369524175e-03
-2.178774928774928569e-03 -2.682467161621930694e-03
-3.076462297392529733e-03 -1.871152842983827983e-03
-8.637261356155346344e-04 -1.042442497261775788e-03
5.790835181079136531e-04 -4.526987811955894667e-04
-5.363172226004081153e-03 -2.028061224489795516e-03
-2.591756272401430153e-03 -1.978013450594930979e-03
-2.518628912071533502e-03 -3.032688284518827732e-03
5.917303683113286483e-04 2.020229633679605980e-04
-1.299073294018529556e-03 -5.704599056603777956e-04
-1.717391304347822521e-03 -2.798353909465033942e-04
-1.049068767908306610e-03 1.379813302217043299e-04
-1.213763297872338639e-03 -6.473594548551966053e-04
-1.066397652237708032e-03 -9.541284403669718882e-04
-4.581231454005930785e-03 -1.835906232132646868e-03
-8.311933534743156087e-04 -1.591825902335454674e-03
-8.955164131305026363e-04 -1.886911595866819875e-03
-2.512847965738755802e-03 -1.237979306147291058e-03
-3.208181154127098290e-03 -1.867123983739837683e-03
2.430303030303032630e-03 -9.059523809523801173e-04
1.490815576781777006e-03 -2.344455348380763537e-03
-1.761764705882349182e-03 -1.007621121393576175e-03
5.754908598510751009e-05 -1.562848454130765473e-03
-1.343558282208586483e-03 -3.518380241240666104e-03
-3.249258160237388122e-03 -3.399104477611938728e-03
-2.078855547801812705e-03 -6.868571428571425925e-04
-1.103518821603926550e-03 -1.650615901455766829e-03
6.733108108108132274e-04 -5.548234053769124548e-04
-2.317809239940386238e-03 -5.552721088435372569e-04
-1.454125177809384092e-03 -8.859060402684579456e-04
-2.637285986049459161e-03 -6.252969121140146457e-04
7.820417287630446234e-04 -2.707536557930258821e-03
-2.795827633378933363e-03 -1.680555555555556229e-03
-2.424165457184322345e-03 -6.742957746478889063e-04
-1.623699851411589384e-03 -1.675040518638574831e-03
-3.375607779578602280e-03 -1.240193444384739621e-03
-2.579207920792075861e-03 -1.795794133923643630e-04
6.227371469949325540e-04 -2.278439869989165069e-03
-1.791105121293798006e-03 -1.465568862275448952e-03
-3.175018698578912645e-04 -2.915678879310342961e-03
-9.017921146953376474e-04 -4.935794542536118970e-04
-1.346675712347350680e-03 -1.307953144266337745e-03
-2.888321167883210489e-03 -2.694127243066884048e-03
-3.078947368421052194e-03 -9.012756516916219920e-04
-4.399773926149207724e-03 -1.518621456364647191e-03
-1.085403726708073684e-03 -5.813318777292570414e-04
-2.194300518134713242e-03 -1.275614754098369254e-04
-4.660661764705878451e-03 -1.382317073170731287e-03
-1.521834061135368373e-03 -4.075226244343907022e-04
-3.315654718361373335e-03 -2.094227504244483128e-03
-3.767518549051934642e-03 -2.709808473592570290e-03
-2.484234234234231932e-03 -1.721986674742580822e-03
-3.587347232207000001e-04 -2.425452609158679478e-03
-1.180489731437596316e-03 -1.877812663526949068e-03
-1.118656182987807460e-04 -1.227086981903095135e-03
-1.351341807909602543e-03 -2.663242642976124726e-03
-8.598513011152385558e-04 -5.322488584474890146e-04
6.476744186046546215e-04 -1.668333333333334167e-03
-2.305167597765363577e-03 -1.920818038804404486e-03
-1.709756097560974049e-03 -2.687183811129845688e-03
-1.754989676531312943e-03 -3.351570415400203715e-03
-5.886255924170611525e-03 -1.330224904004388784e-03
-3.223938223938223845e-03 -5.831769856160103852e-04
-1.386657101865135158e-03 -1.530988274706868634e-03
-3.608346094946398956e-03 -1.904142011834317975e-03
-1.432350718065000458e-03 -1.475409836065573552e-03
-1.369064748201438871e-03 -7.923655292076340478e-04
-2.676250933532484631e-03 -2.470038482682792528e-03
1.650602409638556511e-03 -2.107818088911600756e-03
-2.867443554260742239e-03 -4.284982060481809345e-04
-3.647380766223562768e-04 -1.701086956521738209e-03
-5.669745958429528139e-04 -1.974272930648769860e-03
-1.787800129785850449e-03 -1.682235834609495037e-03
-3.402150537634405798e-03 -2.890146878824967347e-03
1.615272727272728647e-03 -8.619075482738449171e-04
-3.359618104667607026e-03 -1.585832471561531487e-03
-1.058265582655823619e-03 -1.399724517906335633e-03
6.748120300751884364e-04 -2.458963911525028408e-03
-1.813915857605174087e-03 -1.787114014251780765e-03
8.499638467100528944e-04 -1.584986595174262772e-03
-2.597902097902054759e-04 -1.402257709251102146e-03
1.169737774627927027e-03 -2.346398305084745472e-04
-3.259121370067011129e-03 -2.085275724843660070e-03
1.189630681818183190e-03 -4.952803997779007400e-04
5.455555555555566130e-04 -1.746292372881356201e-03
-1.297769516728623264e-03 -8.910645339216762993e-04
-1.737933634992457803e-03 -7.887195121951217193e-04
-2.853851691864646867e-03 -2.060687432867884181e-03
1.198620188816265208e-03 -1.104788732394364550e-03
-7.735723771580309749e-04 -6.797658862876263322e-04
-2.202423378474693166e-04 -3.146213377556662284e-03
-2.848620432513046703e-03 -1.013888888888889043e-03
-2.858680555555551377e-03 -1.741111111111111462e-03
-2.615474339035767353e-03 -3.126651349798965224e-03
-2.853442622950815803e-03 -8.571837435603898775e-04
-8.231338264962984649e-04 -1.247317899491813672e-03
-3.873323923782639490e-03 -1.436831380539990754e-03
-2.313046647230317544e-03 -9.598558929490489224e-04
1.777578796561607184e-03 -1.453351206434316768e-03
-1.324483775811206073e-03 -1.739846322722282245e-03
8.628158844765626675e-05 -1.328288100208768968e-03
-2.065046461758395478e-03 -6.398950131233599545e-04
5.930752047654539241e-04 -2.628895184135980568e-04
-6.968121968121928408e-04 -5.595050026329654235e-04
-2.196785714285712319e-03 -1.889821615949631656e-03
-3.417140825035559337e-03 -6.804968287526437119e-04
-1.751974156496766176e-03 -2.231961836612999552e-03
-3.440334961618957935e-04 -9.765042979942694518e-04
-1.634996041171809340e-03 -4.097345132743355003e-04
-3.303703703703702362e-03 -1.958433734939759099e-03
1.229211858279119073e-04 -1.593831677992680424e-03
-1.347317744154055003e-03 -6.442048517520348972e-05
-5.838038108680309798e-03 1.003275109170305695e-03
-1.899537343027096498e-03 5.124056094929857149e-05
3.414469235970200411e-05 -1.640214477211795769e-03
-2.219879518072287016e-03 -3.251266178953291040e-03
-1.522354694485836745e-03 -1.591280653950964544e-04
-1.520646937370954358e-03 -4.133858267716548820e-04
-1.120504973221112454e-03 -7.853418308227112484e-04
-8.863813229571963553e-04 -1.740903755868545514e-03
-1.727097767513471535e-03 -3.657894736842105202e-03
-2.837682271680735425e-03 -7.150568181818174824e-04
-2.584615384615381820e-03 -1.399413489736070449e-03
3.655913978494663335e-04 -6.585432639649503074e-04
-1.448689956331875636e-03 -1.718573046432615064e-03
-2.411432604093150314e-03 -2.695449241540259625e-04
-2.469402447804157352e-04 -2.191446613088403501e-03
-2.552167523879495924e-03 -1.469235192639448823e-03
-4.334437086092711097e-03 -1.599384098544233022e-03
-2.502452697967761774e-03 -2.624796527400977478e-03
-2.072808833678395617e-03 -1.046455424274973615e-03
-9.211711711711666846e-04 -1.114827201783723069e-03
1.696258719086891995e-04 -1.569524913093859730e-03
9.038876889848831715e-04 -2.406339234723014423e-03
-1.224344569288389039e-03 -7.339673913043476229e-04
4.272660818713464926e-04 -2.023916713562185204e-03
-2.200426439232406207e-03 -2.890632911392404872e-03
-2.613983976693370990e-03 2.189844200807849659e-04
-9.948840381991796294e-04 -1.315037164093781789e-05
-1.245726495726493660e-03 -1.007644394110984547e-03
-3.450191570881224259e-03 -1.837065409546256422e-03
-3.963963963963943100e-04 -2.887443438914020209e-04
-2.000713266761765339e-03 -1.413744343891402532e-03
-2.902275769745644562e-03 -2.150948509485095788e-03
-1.180069930069927928e-03 -2.908324552160176414e-04
-2.836644591611477400e-03 -1.377835951134380238e-03
-4.767282683093734103e-04 -5.590705487122070178e-04
-8.394698085419712453e-04 -1.444184687317357592e-03
7.470007057163035886e-04 -2.910645339216766554e-03
-2.309628008752733115e-03 -4.940197607904320103e-04
8.156547183613791917e-05 -1.290973871733967510e-03
-1.188998589562762463e-03 -1.445115257958287831e-03
-2.969230769230767411e-03 -8.837330552659088644e-05
-2.322637517630462591e-03 3.888563049853377440e-04
2.500000000000030410e-04 -1.368953880764904379e-03
-6.598006644518256917e-04 -8.124653739612190412e-04
-4.883018867924489477e-04 -2.059815116911363833e-03
-1.768351800554017212e-03 -1.874799357945425814e-03
-1.691430545957151293e-03 -3.913422428820454574e-04
-7.378640776699021617e-04 -1.003028634361233674e-03
4.301521438450918141e-04 -3.059347181008901899e-03
-1.180694722778889184e-03 -1.342176502436383343e-03
-3.220789074355082798e-03 -1.607445008460232016e-04
7.718373493975906564e-04 -6.599201824401369288e-04
-2.540800615858351038e-03 -2.490504451038574266e-03
-2.454512893982804724e-03 4.117795753286137726e-04
-2.738129496402876006e-03 -2.651883353584435664e-04
-4.872971065631614323e-04 -3.305900621118011262e-03
-3.057569296375265040e-03 -6.721170395869194248e-04
-2.250384615384613731e-03 -2.616291826659353139e-03
6.314432989690738681e-04 -3.505642127888232776e-03
-1.785971223021579199e-03 -1.334818941504178425e-03
-5.023395721925132465e-03 -1.024055871702018354e-03
-3.821346595256308425e-03 -1.067477876106195239e-03
-2.728854024556613862e-03 -7.635467980295560766e-05
-1.611035422343322886e-03 -7.903314917127058368e-04
1.401948051948054231e-03 -1.834359261331840098e-03
-2.050230061349690193e-03 -1.667585446527011404e-03
-7.676056338028150071e-04 -8.545502367175168267e-04
6.251857355126338696e-04 -1.558363417569193091e-03
-1.115648854961828664e-03 -8.337195828505217709e-04
-4.849755415793128199e-04 -2.271839671120248240e-03
6.532608695652203021e-04 -1.542204301075267943e-03
-1.170086819258086804e-03 -1.984477611940298463e-03
-4.114806866952789438e-03 -8.137359700694807990e-04
-2.970684039087945465e-03 -2.616959064327491116e-04
-3.087695445275322800e-03 -1.162059620596207028e-03
-8.057280883367809454e-04 -1.167020711630378923e-03
-1.696220930232555067e-03 -1.134185303514372364e-04
-1.007914659325530099e-03 -8.254371122391426134e-04
-7.443741209563968205e-04 -3.341825307950727075e-03
-2.960370370370365815e-03 -1.162630709961476111e-03
-2.291156462585031400e-03 -1.262806830309499322e-03
1.485528219971055325e-03 -1.780645161290321131e-03
-1.469118667591948462e-03 -1.190698818897639169e-03
-1.329286239882264062e-03 -1.666154633896569986e-03
-4.049866131191430171e-03 -2.205595315549772374e-03
-9.316099476439774129e-04 -8.817204301075268593e-04
-5.558882235528940117e-04 -1.025911161731207864e-03
-2.873893805309732721e-03 -3.963891951488421675e-03
3.703703703703727372e-04 1.186868686868690825e-04
1.394092219020188204e-04 -9.410526315789477254e-04
-4.699210337401289739e-03 -1.569245165315034593e-03
5.210608424336984857e-04 -2.564955474070191796e-03
-2.046635576282477241e-03 -1.805819809736990524e-03
-3.569801616458482835e-03 -9.963138493944189225e-04
-1.769176636171707669e-03 -7.374655647382922369e-04
-1.395438596491222665e-03 -1.223118279569893095e-03
-1.899999999999998912e-03 -1.210444993819529249e-03
-1.496037463976941477e-03 -1.622552116234995349e-03
-4.306514913657771837e-03 -1.268882175226587403e-03
-1.316774193548382772e-03 -1.390804597701150334e-03
-8.251312335957984101e-04 -4.507042253521054929e-05
-1.911627906976741485e-03 -1.981924360400445957e-03
-1.762232415902126889e-04 -2.728594950603730265e-03
5.223048327137557161e-04 -2.309523809523809056e-03
-1.339459864966239568e-03 -2.288925438596489670e-03
-2.485396383866480662e-03 -8.938336242001162016e-04
-1.939041578576459817e-03 -1.512458471760797256e-03
-2.214491708723862438e-03 -1.539903588644883723e-03
3.708633093525198136e-04 5.191647597254002303e-04
-2.617752326413740754e-03 -2.424653739612189340e-03
-3.384188626907041358e-04 -1.598606645230439419e-03
-4.889149102263855122e-03 -1.455726092089726755e-03
-3.479591836734658209e-04 -2.230549199084668529e-03
-6.050613496932506470e-04 -2.128283957518164928e-03
-4.274945375091039439e-03 -6.900684931506860390e-04
-2.371015567086728025e-03 -2.695303867403315862e-03
-3.890078515346182333e-04 -5.662650602409649266e-04
-2.038076923076921100e-03 -1.387620192307692773e-03
-3.495390070921984126e-03 -1.816196057538625730e-03
7.999276410998568771e-04 -7.425770308123247126e-04
-2.304703476482614175e-03 -1.414040114613180580e-03
3.529073941134242779e-03 -4.061299435028248653e-03
-5.015097052480228107e-03 -4.097560975609757135e-03
-1.361227336122732305e-03 -5.893525949705734780e-04
-3.160907127429803815e-03 -2.407174151150053617e-03
-1.942148760330546177e-04 -1.178003291278114208e-03
-2.288935870331213970e-03 -1.254721930745017391e-03
-2.943368107302498767e-05 -1.346232701178880740e-03
1.425516749821812649e-03 -8.835164835164836762e-04
-5.204152249134900510e-04 -2.130499405469678340e-03
-5.914804469273733873e-04 -1.994540229885055811e-03
-2.889054355919555171e-04 -2.751127395715896162e-03
-4.792189679218963709e-03 -1.215038033937975359e-03
-1.731066460587309195e-04 -1.909339158929545437e-03
-5.769876002917573472e-03 -5.603345280764636394e-04
-5.801165331391101030e-04 5.830945558739259208e-04
-5.194996320824113488e-04 -1.454728950403691044e-03
-3.752715423606082720e-03 6.229849193967760884e-04
1.674104124408387932e-03 -1.602247807017543289e-03
-2.297355253752678215e-03 -2.786894586894586578e-03
-4.901577503429355338e-03 -9.571847507331374691e-04
-2.664083557951482141e-03 -2.650188070929609344e-03
-2.823639075316924756e-03 -5.715896279594143451e-04
3.753491620111753906e-04 -1.863419798835365588e-04
-3.621056493030079104e-03 -1.681208053691275392e-03
-2.653705062362434353e-03 -1.105658198614318166e-03
-3.078988326848247203e-03 -1.395054629097181205e-03
1.721276595744683936e-03 -1.970619946091645407e-03
-1.497774480712163545e-03 6.486125933831378898e-04
-3.783955520254168609e-03 -2.270532741398445260e-03
-7.319627618308748159e-04 -2.338978345363687539e-03
-5.140546369518329307e-03 -1.029539295392953259e-03
-2.097765363128489650e-03 -1.873723804406233128e-03
-2.795779685264661828e-03 -2.677710843373493250e-03
-5.918727915194322599e-04 -2.379656160458454208e-03
2.929838087895419280e-05 -3.353413654618475387e-04
-1.181780366056570152e-03 -2.580587937151543939e-03
-1.890834575260801108e-03 -3.112212104981252041e-03
-2.117080994386524428e-03 -9.228650137741050471e-04
-2.272151898734172618e-03 -1.123443421765040709e-04
-4.256497948016412479e-03 -1.099777654252363139e-03
-1.850463954318344291e-03 -1.248083242059145172e-03
5.841836734693899025e-04 -2.196119402985073545e-03
-2.157519600855310488e-03 -1.117816091954021375e-04
1.477128782547502571e-03 -2.506797583081570718e-03
-4.755319148936162921e-03 -1.648483080513418481e-03
-2.685006877579086421e-03 -7.028490028490022492e-04
-1.375484871993791578e-03 -1.805901461829995201e-03
-4.989644970414200929e-03 -1.873985938345057358e-04
1.159465020576132743e-03 -5.934246575342471590e-04
-3.481040892193305696e-03 -1.198175787728024844e-03
8.646694214876054357e-04 -4.380188157166578283e-04
5.460893854748636537e-04 -2.416469194312795537e-03
-4.957496136012354412e-04 -1.491035280508964077e-03
-4.009789702683099789e-03 -7.214854111405882169e-05
2.563917525773196007e-03 -1.057872784150157850e-03
-5.231186966640802641e-03 -3.643187066974599682e-04
-4.841729323308265054e-03 -2.054665930425178966e-03
-1.941737288135590928e-03 -1.487877155172414277e-03
-3.405559786747901479e-03 7.869589657110725067e-05
-1.375726744186040774e-03 -3.371380846325176383e-04
7.483588621444221172e-04 -1.438792165397170721e-03
-9.780141843971610922e-04 -1.407342657342662681e-04
2.117060561299854721e-03 -5.131004366812224899e-04
-1.760192735359521806e-03 -9.972899728997288230e-04
-9.459358687546589933e-04 -2.056598240469208107e-03
1.090038314176245771e-03 -2.668898809523810676e-03
-2.559985885673956348e-03 -1.655277777777777000e-03
-3.558339298496778283e-03 -6.831472620946299045e-04
-5.044194756554304555e-03 -1.938791322314049404e-03
3.858543417366990880e-04 -1.620981387478848774e-03
-2.593031609195399403e-03 -3.629821531375937264e-04
-6.487915407854975619e-04 -1.695033482142857192e-03
-1.045333333333331059e-03 -1.746494066882416617e-03
-3.028731604765236805e-03 -3.112704918032788235e-03
-2.240889212827986386e-03 -1.371108683779354324e-03
-7.693850267379641989e-04 -8.970251716247148446e-04
-3.342012667135817183e-03 -3.434154175588868992e-04
-2.996563573883160225e-04 -1.367664319248826149e-03
-2.364911080711350720e-03 1.624579124579119283e-04
-2.413986537023184078e-03 -1.478221957040571407e-03
-6.037473976405132814e-05 -2.220058139534882360e-03
5.281641168289318575e-04 -1.030706836616453138e-03
-1.784452296819767560e-04 -1.973387922210851578e-03
-4.251046025104600334e-03 -5.628212450028538582e-04
9.630363036303659805e-04 -1.173588924387646438e-03
1.417693981145788510e-04 -2.764293419633225436e-03
1.408363636363640535e-03 -8.360000000000006965e-04
-2.205924339757314463e-03 -1.343785960874567097e-03
-2.020283975659224740e-03 -1.208955223880597927e-03
-4.286497601096642303e-03 -1.302139037433154567e-03
-4.204046639231822334e-03 -6.688046647230328585e-04
-5.055391432791685310e-04 -1.561658589122241498e-03
4.211287988422595914e-04 -2.724678231673194860e-03
-5.457501847745747751e-03 -1.476674641148324404e-03
-2.346808510638297846e-03 -9.588347055098168968e-04
-1.242133537989250237e-03 -1.410672853828306853e-03
-3.290705800139762278e-03 -1.390857142857143550e-03
-3.858552631578945728e-03 -1.469945355191257111e-03
-2.237275449101792154e-03 -2.055099648300117050e-03
-1.414756446991374285e-04 -2.102557411273485877e-03
-1.831768388106414739e-03 -3.380441091120137999e-03
-3.758716875871685563e-03 -3.832056892778993120e-04
-3.593108504398826331e-03 -2.479316050744620817e-03
-2.060913705583755206e-03 -1.901334881021473841e-03
-3.057142857142857665e-03 -1.685843054082715540e-03
-4.412981455064194508e-03 -1.629431626336520604e-03
1.417692806221649898e-03 5.484988452655877978e-06
-5.416120576671013638e-04 -1.689228110599078590e-03
-2.119259259259256498e-03 -1.915146489773355718e-03
-4.647487254187905592e-03 -3.163429522752497260e-03
-1.532485875706194451e-04 -1.597022587268993876e-03
-1.624180626365619119e-03 -5.233983286908097101e-04
-3.349847560975578579e-04 -3.117177914110429333e-03
-4.059742023082149663e-04 -3.868378812199036441e-04
-2.848240469208207157e-03 -9.703643284393699206e-04
-3.810708898944192412e-03 -5.410839160839164439e-04
9.462209302325599305e-04 -7.711303462321792909e-04
-2.047717842323650613e-03 2.527805864508765952e-06
-2.784905660377357678e-03 -1.815096547688706870e-03
-4.244002998500744084e-03 -1.342152736019241750e-03
-1.593954843408595858e-03 -1.928219178082191034e-03
-4.825123152709357918e-03 -2.178798382437896041e-03
-7.217114568599706332e-04 -1.143226473629782754e-03
-1.797450424929178565e-03 -1.228085351787775630e-03
-1.983164983164937851e-04 -2.145359557467732461e-03
1.525256222547586053e-03 -8.864498644986446366e-04
-9.415730337078642102e-04 -4.157778999450246517e-03
-2.734227701232776371e-03 -1.465084560829243250e-03
-1.996580027359780643e-03 -7.774755168661595921e-04
-4.247918243754728040e-03 -1.405822935234701246e-03
-2.769607843137253476e-03 -9.020755721128256594e-04
-1.106290672451191960e-03 -1.281753130590339166e-03
3.435797665369659526e-04 -3.287827076222973573e-04
2.617543859649143273e-04 -2.964208826695369572e-03
-1.404795991410163515e-03 -1.752898950855881358e-03
-3.805437853107341770e-03 -8.619099294628328753e-04
4.457282913165272692e-04 -1.388002201430929821e-03
-1.781203566121842196e-03 -1.960286817429674183e-03
-2.881422924901183222e-03 -7.024638457418316698e-04
-8.383233532933956540e-05 -2.476983646274982624e-03
-2.149796195652173107e-03 -2.242150079829698019e-03
-3.857990506329110527e-03 -1.954954954954955023e-03
2.240477968636087964e-06 -7.128359846407025108e-04
-2.128886010362691580e-03 -9.219396806623309524e-04
-1.324147933284986530e-03 -1.948603351955305969e-03
-1.339350180505411618e-03 -1.694979568009339754e-03
7.253867791842514732e-04 -1.123107122826697089e-03
-2.008959338387316263e-03 -2.360932944606413102e-03
-9.403349616189789163e-04 -3.824036802760208626e-04
8.376205787781388799e-04 -7.888571428571439876e-04
-2.562499999999997505e-03 1.128031584884377030e-04
-3.978592162554426062e-03 -9.724612736660925936e-04
-1.419696969696967277e-03 -1.246508803885852754e-03
-1.295617816091950520e-03 -9.504388229220467593e-04
-1.343252595155706259e-03 1.289566236811251943e-04
-4.991304347826087603e-03 -2.577678571428569307e-03
-3.084609773887671269e-03 -1.020774046670461233e-03
-1.769858945805491673e-03 -1.723364978902952637e-03
-3.144144144144140826e-03 5.005889281507632119e-06
1.103005865102642301e-03 -2.973596442468037261e-03
-5.024886877828052545e-03 -2.950851180669962926e-03
-3.193597560975607822e-03 -1.736374407582938484e-03
-2.637789395070948371e-03 -2.347932535364527507e-03
-3.788737717309142126e-03 -2.372368421052630828e-03
-1.524041811846688250e-03 -3.455056179775288158e-04
-3.668162983425412270e-03 -1.688172043010751581e-03
-2.349351639969469085e-04 -2.198724760892668308e-03
-2.448965024982153928e-03 -3.287525879917180694e-03
-3.223869532987395405e-03 -1.128138075313808459e-03
-2.136496350364960450e-03 -1.667196608373077956e-03
-3.346610761705098164e-03 -1.067160087719298562e-03
-1.605488239486810775e-03 -1.811991869918699134e-03
-4.465014577259471783e-03 -4.263143331488656457e-03
-7.105501130369255500e-03 9.613416714042068590e-04
-2.694464675892204331e-03 -2.515033407572383681e-03
3.648473034437984749e-04 -2.372322899505766372e-03
-2.012278308321964471e-03 4.426701570680628629e-04
-8.016910069177536884e-04 -3.006814310051107416e-04
-1.649801587301586705e-03 8.342760180995432734e-05
-2.491627595445409290e-03 -5.609339407744875052e-04
-1.834464555052790465e-03 -7.966738197424902716e-04
-5.878279883381880592e-04 -8.659329664832424254e-04
4.303708887333873671e-05 -2.083866207575012924e-03
-4.330882352941175725e-03 -1.260534124629080930e-03
-3.760218978102187418e-03 -2.052169421487604322e-03
-9.744931327665108884e-05 -2.877358490566035709e-04
-3.165945165945160695e-03 -1.866741953698477282e-03
3.376436781609232435e-04 -1.494027303754266950e-03
-2.150112866817151507e-03 -1.783702816057518509e-03
-1.660194174757279864e-03 -2.983200455580864788e-03
-1.757496251874060989e-03 -2.817978782802903290e-03
-4.980605120248238378e-04 -8.322166387493018123e-04
-2.741481481481478858e-03 -2.925634824667471337e-03
-1.375438596491236761e-04 -5.549116997792495750e-04
1.100000000000001584e-03 -1.256749156355456074e-03
-3.538434414668546486e-03 -1.956406166932482538e-03
-1.090746054519364143e-03 -1.697597137014316034e-03
-1.388182498130140609e-03 -2.725516146109052251e-03
-4.685774946921441621e-03 -1.432792584009270637e-03
-2.131539611360238045e-03 -1.895466666666666480e-03
-1.847258485639676048e-04 -4.330476700589172491e-04
-3.199462726662185424e-03 -3.880320789636031403e-04
-1.286746987951805287e-03 -3.235981308411212554e-03
6.724511930585925666e-05 2.628390075014426183e-04
-1.513708019191226843e-03 -1.654314159292034903e-03
-1.319375443577002621e-03 4.107744107744108319e-04
-2.231237322515125022e-05 -9.729290741743386360e-04
-3.229748603351952768e-03 -7.060063224446793718e-04
-2.531338028169012860e-03 -1.485899605188946643e-03
-2.090806330067819171e-03 -2.505935556811756358e-03
-1.724512743628183213e-03 -2.895117540687158243e-03
-4.161950856291877880e-03 -1.768458357944477756e-03
-2.866791044776116886e-03 -1.394795747062115834e-03
-1.296610169491523371e-03 -1.460877296976882071e-03
-1.904709345106695914e-03 -3.780880773361968566e-04
1.441133186166299648e-03 -2.707571801566578500e-03
-2.807315233785819160e-03 -1.053428571428571695e-03
-2.291925465838507304e-03 -2.170758319694490995e-03
2.967237527922583643e-04 2.799450549450541799e-04
2.877697841726980783e-05 -1.358445040214478457e-03
-3.705962059620582271e-04 -1.316973969631235909e-03
-1.287857641311929017e-03 -1.038894849785407682e-03
-6.136430138990486664e-03 -1.603390772651472861e-03
-1.334492350486783316e-03 -1.845319634703196246e-03
-2.574420344053851388e-03 -6.679084619478464194e-05
1.711673699015471518e-03 -2.839316239316237549e-03
-5.975344452501789999e-04 -2.451400800457404199e-03
-3.805732484076431322e-03 -3.792229729729723413e-04
-1.381780250347703709e-03 -1.938452520515826418e-03
3.519490254872590057e-04 -1.592427616926504015e-03
-6.252847380410005325e-04 -1.013315217391304269e-03
-1.193595342066938617e-04 -2.889984431759210805e-03
-2.248128742514966458e-03 -2.216413715570543334e-03
-3.796654275092936712e-03 -1.621734296831571585e-03
-2.002679938744255338e-03 -3.068965517241379714e-04
-1.775978915662648023e-03 -3.148734177215200994e-04
7.106598984771603884e-04 -1.915376106194689428e-03
5.623640319071803329e-04 -1.694169416941694204e-03
1.037203597710551189e-03 -2.001300728407908337e-03
2.410147991543358937e-04 -1.844762419006479694e-03
-2.687407407407405718e-03 -1.576536643026004098e-03
-4.814690529455623383e-03 -1.913020277481322726e-03
-4.640042979942692568e-03 -1.099939795304034299e-03
-5.225622057834561872e-03 1.997267759562830925e-04
-1.691551347414419187e-03 -1.965618336886993268e-03
-1.364845434938887587e-03 -1.618918918918920346e-03
-1.964549483013292019e-03 -1.453233256351039743e-03
-4.367317425885748226e-04 -2.943735498839907157e-03
-3.962471569370734983e-03 -2.074541284403670378e-03
3.113906359189380982e-03 -3.166393442622949563e-03
-3.092878120411157034e-03 -1.268612269207854972e-04
-3.214131218457097743e-03 -1.449228028503563113e-03
-4.799562682215701413e-04 -3.439741328630216421e-03
-4.222105997210598254e-03 -2.003592814371256848e-03
-4.702646239554314316e-03 -1.542099192618222271e-03
-3.726114649681487416e-04 -2.240869565217391488e-03
7.480263157894741569e-04 -1.997937080969573904e-03
3.080468750000001608e-03 6.706974128233970413e-04
-3.611990950226243429e-03 -2.073036951501152497e-03
-3.472593113141247620e-03 -1.802312138728322808e-03
-2.442593905031890424e-03 -1.114127423822714250e-03
-1.174337517433750701e-03 -3.454855195911414427e-03
-3.449781659388627105e-04 -1.497847147470397506e-03
-2.538614649681525393e-03 -3.699623858140787570e-04
-1.548444130127296040e-03 -1.905714285714285973e-03
-2.204293116210211557e-03 -4.407654921020654490e-04
-1.983062808750880781e-03 -2.840745192307691461e-03
-2.903644008409250656e-03 9.121767241379316951e-04
-7.479882955376725628e-04 -2.914388860237236440e-03
-7.377746279234581985e-04 -1.602323008849556620e-03
-2.153618906942390485e-03 -1.154561301568855086e-03
6.772968868640849658e-04 -1.742131419105466756e-03
-1.395081967213113259e-03 -1.767905959540731764e-03
-1.222104519774009105e-03 -8.292410714285702910e-04
-1.388688760806916283e-03 -2.472491909385113058e-03
-1.794776119402955177e-04 -1.963808463251670577e-03
-1.537537537537537547e-03 -3.002201430930100112e-04
-3.579594790159185656e-03 -1.499445676274955978e-04
-7.625192604006159579e-03 -2.477676016027475624e-03
2.368713017751483164e-03 -8.078817733990144127e-04
-4.754200146092036998e-03 -2.178430265386787495e-03
-1.259623259623257000e-03 -2.548377581120943140e-03
-2.446064139941688410e-03 -3.010632344711814171e-04
-2.566643646408838311e-03 -3.106069042316256332e-03
-5.588435374149643663e-04 -4.590417310664609879e-04
-1.108679795769507799e-03 -1.989626556016596461e-03
-1.337979094076651842e-03 -9.026374859708192208e-04
-2.707611152976635224e-03 -7.775202780996534092e-04
-1.314527503526089977e-03 -4.382854100106498008e-03
-1.251276440554338187e-03 -2.501652892561982700e-03
-2.732169954476476158e-03 -1.625438596491227388e-03
-5.106304985337211224e-04 -1.559196035242289445e-03
-2.298985167837625226e-03 -1.603062426383981441e-03
-1.414285714285711459e-03 -1.242582417582418402e-03
2.249180327868856505e-04 3.945916114790310283e-05
-4.678496868475987176e-03 -2.896860986547086878e-03
-1.967523197715915790e-03 -3.496501614639397487e-03
-2.468584656084653849e-03 -5.380848748639819115e-04
-5.343173431734299676e-04 -1.205156335710367904e-03
-3.330855018587358836e-03 -1.175623268698060319e-03
-3.278370144706777879e-03 -2.117139334155362321e-03
-1.247426470588234443e-03 -1.040045766590388682e-03
-7.001409443269888131e-04 -2.431598712446350272e-03
-3.244394618834077568e-03 -1.708657047724751162e-03
-7.863247863247842858e-04 -1.711329539575788929e-03
-9.010189228529812740e-04 -7.613832853025927737e-04
-1.214673913043475776e-03 -3.721575152523569157e-04
-1.297534068786500728e-03 -2.072688564476884553e-03
-2.219662058371708034e-04 -3.373299319727891040e-03
-1.468428781204086367e-04 -7.542005420054204807e-04
-8.181194234728851947e-04 -2.656526261050441880e-03
8.708832335329372678e-04 -1.982498653742594853e-03
-3.770212765957446123e-03 -1.494037478705280203e-03
-1.158090976882922068e-03 -3.038040646169876710e-04
-4.122167138810198944e-03 -5.338137472283804690e-04
-2.364569083447330168e-03 -7.780626780626781003e-04
-8.012091038406799707e-04 -3.386169607285143685e-03
-3.978801169590640702e-03 -8.330484330484332371e-04
-6.342398884239876808e-04 -1.537298387096773999e-03
-1.726042428675928202e-03 -3.268606603245661612e-03
2.864285714285720792e-04 -1.697013210798391366e-03
-5.155263157894735687e-03 -2.301671309192200414e-03
1.114624505928849012e-04 -1.620527859237536235e-03
-2.653903903903895084e-04 -3.428285714285712708e-03
-1.276029962546811926e-03 -4.130193905817182106e-04
-9.233844103930682369e-04 -9.406682027649764400e-04
-2.171761280931581301e-03 -2.618021006080706141e-03
-7.970183486238494389e-04 -3.083919870059555722e-03
-1.327498176513489244e-03 -2.943348365276211766e-03
-3.829390681003578840e-03 -2.669068736141916439e-04
1.442145862552593949e-03 -1.059739524348808594e-03
-1.492462311557786470e-03 -7.381342062193132093e-04
-1.658976207642391502e-03 -1.706645056726093131e-03
-4.088820826952523448e-04 -8.957992362247675774e-04
-2.699033037872683709e-03 -2.210283073367996093e-03
-4.220948012232413407e-03 -2.000544662309367873e-03
-2.049418604651160204e-03 -1.047740112994349467e-03
-3.456586826347302858e-03 -2.868633540372669561e-03
-3.921071687183196562e-03 -1.944476409666283205e-03
2.717391304347846720e-04 -2.259340659340658766e-03
-3.255494505494501345e-04 -8.840314136125651708e-04
-5.584691708008474465e-04 -1.250912884715702682e-03
-4.547926580557397607e-04 1.003031834259720888e-04
-4.812406576980563996e-03 -7.221581073283321823e-04
-3.627272727272726378e-03 -1.104249291784702375e-03
1.170868347338937599e-03 -1.348383500557414185e-03
4.515449438202261958e-04 -1.253354632587858975e-03
-2.977508650519031241e-03 -1.528206492815326360e-03
-4.264178033022225991e-04 -2.555017103762828763e-03
7.867395762132615164e-04 -1.599946695095948342e-03
-1.099999999999978355e-04 -3.404441846873173822e-04
-9.389705882352936085e-04 -1.879339305711086707e-03
-1.488381099922537034e-03 -1.047189819724283615e-04
-3.846902017291065849e-03 -7.524834437086094308e-04
1.629349967170059090e-03 -1.568157614483492229e-03
-2.716763005780341560e-03 -1.651022864019253749e-03
-1.557455540355674826e-03 -1.466014138118543805e-03
-1.755094043887146966e-03 -1.554129464285712375e-04
-2.212830188679242201e-03 -1.538901601830668217e-04
-4.893998441153543481e-03 -2.859106529209622018e-03
-4.187020237264474734e-04 -1.859978824775013672e-03
1.640290519877679078e-03 -2.190631808278866756e-03
-5.433384379785602576e-03 -7.636856368563695648e-04
-2.034482758620690789e-03 -1.338054516301442768e-03
-7.128879892037760140e-04 -8.641425389755015259e-04
6.367041198501911673e-05 -8.376764386536358561e-04
-1.235192837465563451e-03 1.637193382772387086e-04
1.340892728581714920e-03 -1.025787965616045900e-03
9.390503189227820935e-05 -2.376476906552087880e-04
-2.155588020452882825e-03 -9.718129404228052336e-04
-2.021646557842439115e-03 -1.477207977207977427e-03
-1.169372693726936476e-03 -2.785254534815680919e-03
-3.908382789317503894e-03 -4.333881578947375865e-04
-2.242816091954020694e-03 -1.778817139408568702e-03
4.315937940761648754e-04 -1.248678646934461324e-03
-2.567987567987564841e-03 -6.180891035963506251e-04
-4.496742671009769203e-03 6.633499170812525091e-06
-1.941336441336441671e-03 -1.583531510107014355e-03
-1.177090653548840040e-03 1.847884306373852282e-04
-6.367491166077717630e-04 -1.634448932487017007e-03
-3.007199424046075494e-03 -1.546361502347413019e-04
9.897735573411278916e-04 -2.133475870494806140e-03
1.042722664735701212e-03 7.607013924703440047e-04
-1.800455235204855660e-03 -7.865757734661901540e-05
4.504734158776411979e-04 -2.034643226473629388e-03
-8.747117601844699728e-04 -1.806246385193753046e-03
-1.039090262970857222e-03 -2.371246819338421793e-03
-1.568053596614948442e-03 -1.264088397790055687e-03
-1.379297994269338985e-03 5.005402485143163865e-04
-3.441897233201577592e-03 -1.130051223676721865e-03
7.905109489051093466e-04 -1.584476138233679738e-03
7.637404580152701902e-04 -7.087941021590303710e-04
2.733333333333366343e-04 -7.747191011235951682e-04
-2.679532577903679866e-03 -1.160443407234540078e-03
-2.478442280945755780e-03 -2.168738898756659723e-03
-7.465504720406686105e-04 -2.742579908675798431e-03
-7.212389380530971790e-03 -3.173900293255131882e-03
-2.480715287517525937e-03 -2.842166569598137457e-03
-7.533234859674997185e-04 -2.936768149882902287e-03
-3.558122205663184767e-03 -2.008616187989555740e-03
-3.123975409836061545e-03 1.095779220779220439e-04
-1.431460674157299931e-03 -1.529837775202780694e-03
-2.664587664587663059e-03 -1.040540540540540668e-03
-1.182971014492749991e-03 -1.090505998956703675e-03
-4.381304640215193287e-03 2.143244709712363382e-05
-9.756699576868796409e-04 2.934914841849141668e-04
-9.670912951167702151e-04 -2.937599153886841685e-04
-1.534507548526240547e-03 4.554427523970674681e-04
-4.497952218430029646e-03 2.430133657350633783e-06
3.684941013185328001e-04 -3.388701517706576866e-03
-1.504005826656951974e-03 -1.787941787941787477e-03
-4.088704088704071295e-04 -3.813799076212469157e-03
-4.378654970760200577e-04 -2.865463016889927884e-04
-3.036136205698399763e-03 -9.219620958751400955e-04
-5.345572354211664597e-04 -3.012068019747669335e-03
-2.523494374586363921e-03 -5.057925223802017291e-04
-1.464388489208633300e-03 -1.283115406480954184e-03
-3.201144726083404073e-04 -1.044739696312364796e-03
-7.735271614384055944e-04 -2.940931780366055556e-03
-4.676833696441533815e-04 -7.991477272727283117e-04
-2.698938992042437032e-03 -4.783464566929145957e-04
-7.586450247000685538e-04 -1.949079401611046982e-03
1.521000000000001734e-03 1.257707969749854689e-03
-1.657234957020055702e-03 -4.329781267526638532e-04
-2.658704188481672559e-03 1.910828025477771878e-05
-2.024452554744522390e-03 -2.322544009085751257e-04
-3.192904656319249046e-04 -3.769468798349666534e-03
-7.672107877927589192e-04 -2.381760644418870823e-03
1.941294196130794153e-04 -1.473814773980153779e-03
-1.630107526881718590e-03 -1.566086065573770326e-03
-2.615102639296183924e-03 -2.336042600896860028e-03
4.383921863260738867e-04 -2.951472191930206660e-03
-1.223268325487556190e-03 -7.206915180983260432e-04
-4.642001409443268119e-03 9.946209016393446622e-04
-7.664051355206815417e-04 -1.938413361169102596e-03
-3.001960784313726510e-03 2.842261904761899955e-04
-5.658793604651158639e-03 -1.992512479201331930e-03
-9.947220267417327105e-04 -1.594454072790294765e-03
-4.318879508825785619e-03 -2.804878048780486393e-03
-3.391320204230486440e-03 -1.572899276572065378e-03
-2.815202231520218951e-03 -6.715825297787872405e-04
-1.152985074626862883e-03 -2.668640721940214542e-03
1.243313521545320833e-03 -1.217098445595855578e-03
-2.100209497206701609e-03 -1.425451368666277949e-03
-9.734513274336266137e-04 -1.126379400945875511e-03
-1.851863963374753052e-03 -1.447725930301240090e-03
2.860678925035363158e-03 -1.898292315419386781e-03
-2.389290882778580347e-03 -2.202488687782805377e-03
-4.002719238613185702e-03 -5.919243986254296144e-04
-3.560594795539031177e-03 -1.379508196721310892e-03
-2.177196804647780863e-03 -1.796475270039795498e-03
-4.341395717684376834e-03 -1.705194063926940284e-03
-9.484803558191245163e-04 -2.557692307692306394e-03
-8.448166877370384036e-04 -1.235555555555556363e-03
-2.985051140833986684e-03 -2.660867084997148562e-03
-3.487649700598800546e-03 -2.018151815181517053e-03
-1.177075940383248785e-03 -2.088987473903966465e-03
-3.808135349172064345e-03 3.676231727125065418e-04
-8.522427440633235582e-04 -2.121220302375811505e-03
-1.584188911704309749e-03 -2.345726970033295243e-03
-2.206790123456789637e-03 -1.597145993413830048e-03
-1.352374397797659333e-03 -1.663382594417077117e-03
-1.446229050279327624e-03 -2.080310880829016208e-03
-8.921113689095104809e-04 -1.099377270368448890e-03
-1.994677075940377940e-03 -1.768292682926829538e-03
-1.391812865497072966e-03 -2.446633825944169536e-03
-3.298739807264544513e-05 -1.353337072349970445e-03
-3.378105590062108286e-03 -1.688560481663929852e-03
-5.828380386329839839e-04 -2.226971869829011668e-03
-2.854958985831467996e-03 -1.092634560906514908e-03
-8.113278319579871273e-04 -6.097883597883600173e-04
-1.989267209474461073e-03 -1.439307851239669594e-03
3.466872110939905774e-04 -2.603466955579632810e-03
-2.263101983002827142e-03 -2.277417612101569847e-03
-2.435808466342814435e-03 -9.115902964959569010e-04
-1.838916607270109642e-04 -1.717765042979941441e-03
-3.762499999999999352e-03 -2.414570230607965013e-03
7.746365105008081722e-04 -2.165748622934401436e-03
-8.584293948126790405e-04 -2.377275234418097221e-04
1.421089385474874514e-04 -2.669388830347734116e-03
-1.989539748953972429e-03 -6.151499745805806812e-04
-3.241885625965958769e-04 -1.143597560975608734e-03
-1.769607843137253455e-03 -1.557249866238630005e-03
-4.434102755026050348e-04 -1.764108352144468875e-03
2.935306262904334852e-04 -6.677142857142858053e-04
-4.364697301239971183e-03 -1.914309954751131559e-03
-1.398425787106445141e-03 -1.451842105263157412e-03
-2.594786729857816946e-03 2.612233445566776663e-04
-7.995409334353263805e-05 -1.901795142555438552e-03
-3.557034220532316951e-03 -9.979757085020234467e-04
-1.068754499640026719e-03 -1.190992946283239414e-04
-4.893972403776324781e-03 -1.982531500572736957e-03
4.612978889757638769e-04 -1.725405679513183519e-03
-1.396205357142854759e-03 -1.201488423373759350e-03
-4.236051502145919689e-03 -9.509029345372458720e-04
3.245677233429413691e-04 -3.111846061334941935e-04
-3.289739884393062981e-03 -2.390684931506850078e-03
-4.609882515549408762e-03 -1.039673607203152198e-03
-2.376428571428571869e-03 -3.386542792792792116e-03
-2.173780487804879979e-03 -1.859391965255155921e-03
-1.882156133828993523e-03 -2.026159654800431791e-03
-1.304681504221025636e-03 -1.508746355685131350e-03
-1.103696098562626524e-03 -1.141989589358010249e-03
-2.181442524417730178e-03 -1.670171555063640042e-03
1.545488721804515490e-03 -1.657193605683837234e-03
-3.289298892988928424e-03 -4.323958896700918521e-04
-3.301144492131588082e-04 -1.829430548163917198e-03
-1.501810282404052090e-03 -1.864416159380188768e-03
-4.992793411118732518e-03 -4.642857142857141173e-04
-4.572916666666637371e-04 -2.470149253731345439e-03
-1.064252336448596754e-03 -2.184802431610943178e-03
-3.724031007751938023e-03 -2.104700854700859063e-04
-3.413598797896315318e-03 -7.384831460674156061e-04
-4.701335207308477847e-04 -1.624670532419610503e-03
-1.612207602339178585e-03 -3.151289682539683886e-03
4.713560551124264952e-05 -2.443956043956044700e-03
-3.067486950037282261e-03 -1.420689655172414521e-03
-2.365248226950353392e-03 -1.139441160666308534e-03
-1.520933424845569235e-03 -4.541010320478003890e-04
-1.577069096431282184e-03 -1.645099118942731009e-03
-2.581475787855492393e-03 -6.294285714285712549e-04
-2.249999999999998095e-03 -2.223252937538651528e-03
-2.233796296296294056e-03 -1.928120063191152795e-03
-5.445881552076239180e-04 -1.717260108630054571e-03
-1.517066085693534808e-03 -9.927857935627078852e-04
-3.679448994787786961e-03 -1.001877682403434083e-03
-1.603345724907061405e-03 -7.754106776180705188e-04
-7.688247712878231973e-04 -5.986737400530509371e-04
-2.003012048192764536e-04 -2.190064260998516883e-03
-3.383214053350664302e-05 -1.715508021390373550e-03
-5.664362519201228928e-03 6.028089887640453908e-04
-2.413958641063513374e-03 -1.930912069907155275e-03
-5.774102744546093105e-04 -2.727893013100435998e-03
-3.671863926293407032e-03 -1.503407155025552949e-03
-1.817466266866563356e-03 -9.745996686913308612e-04
-2.124636627906973871e-03 -2.732195409064153407e-03
-6.382398753894073101e-04 -1.041887592788971577e-03
-1.367418899858955598e-03 -7.169096209912532687e-04
-3.228285933896940909e-05 -1.814438804286518710e-03
-2.728498542274052259e-03 -1.110426008968609787e-03
-6.290436005625845003e-04 -3.950307091010618762e-04
1.083102493074793301e-03 -1.400555555555554844e-03
-3.583952451708763334e-03 -2.405888827738027983e-03
-3.862297496318107051e-04 -3.289635854341736200e-03
-2.618692253020607659e-03 -2.213372402770378156e-03
-3.065476190476163951e-04 -9.927419354838699483e-04
8.414454277286162161e-04 -2.378836833602585455e-03
-1.442946058091283809e-03 3.968072976054727607e-04
-2.484454085321761898e-03 -3.193779904306219206e-03
-1.299157303370464095e-05 -1.165735047512576330e-03
-9.420344053851874549e-04 -2.438382193268185533e-03
-6.481218993621514672e-04 -2.148158179848319669e-03
-1.403271692745376893e-03 -2.620464009518143952e-03
-2.302895322939865069e-03 -1.921443736730359228e-04
-3.128883013879706684e-03 -9.412839248434238561e-04
-2.186405045550100573e-04 -2.151326933935629037e-04
-2.297352342158857572e-03 -2.295724465558193414e-03
-2.525077160493823664e-03 -2.703655352480418671e-03
8.435198821796779803e-04 -3.109496626881161786e-03
-2.064898813677596128e-03 -6.949500880798595466e-04
-1.578026592022389396e-03 -2.129805013927575912e-03
-1.046979865771810111e-03 -4.850508905852416201e-04
-4.703523238380808401e-03 -3.515582285401856071e-04
-4.710415200562981936e-03 -2.865046838407494037e-03
-8.690817790530807902e-04 -1.242329545454546246e-03
-2.219272727272725981e-03 -8.325150027277686748e-04
-1.885007278020362225e-04 -3.391676168757126481e-03
1.500761614623003512e-03 -6.712023750618500420e-04
-1.784059945504086432e-03 -1.715725806451612930e-03
1.984126984127009875e-04 -9.182509505703443471e-04
-3.011088011088011024e-03 -1.701692139737990368e-03
-2.879693486590034334e-03 -1.777594728171334824e-03
1.355835240274602845e-03 -1.032267115600449476e-03
-1.232958801498122573e-03 -2.621637426900583039e-03
-2.505809731299926332e-03 5.988372093023279778e-05
-4.682069510268559685e-03 -1.170010845986983565e-03
1.756168359941972558e-04 -3.528911564625845671e-04
-2.363221884498479652e-03 -2.670349907918970287e-03
-2.243300423131169580e-03 -6.267305644302444438e-04
-2.692700729927002649e-03 -1.680715585203153024e-03
-1.887296669248640126e-03 -1.207988980716253550e-03
-3.887994634473508539e-03 -9.042834479111600953e-05
1.059001512859351267e-04 -1.678376906318082952e-03
-5.578800557879936688e-05 -3.095238095238101524e-04
-2.930200414651000593e-03 -3.905817174515238428e-04
-2.287490855888805671e-03 -1.359905906952430269e-03
-4.288810086682424798e-03 -2.314628699050810725e-03
-1.520179372197305936e-03 -3.114127423822714291e-03
-8.857449856733517991e-04 -1.258863252673045286e-03
-2.124208304011256966e-03 -1.190909090909091647e-03
7.674731182795724044e-04 -1.430141287284144398e-03
-2.730743469524443950e-03 -2.466014138118545669e-04
-3.391713091922003622e-03 -1.772266666666666955e-03
-1.944240645634398950e-05 -5.733404710920774394e-04
-3.388928317955994685e-03 5.895522388059694883e-04
-4.535148173673326719e-03 1.480224321133412216e-03
-9.460455764075041511e-04 -7.013097949886108609e-04
-2.901946647440496480e-04 2.363311190597847610e-04
-1.871321013004789311e-03 -3.906250000000004012e-04
-1.540350877192978203e-03 -1.065139797739441015e-03
-2.003261578604043254e-03 -8.359979370809698940e-04
-2.187891440501041427e-03 -2.094957081545063392e-03
-5.131274131274075499e-04 -1.566557555919257565e-03
-4.251533742331286767e-03 9.969325153374139525e-05
-1.965517241379310161e-03 -2.388792605430382898e-04
-1.788298691300996930e-03 -1.963150289017341621e-03
-3.563975628332064806e-03 -1.404494382022473152e-05
-3.027182235834605540e-03 -3.808715336728913260e-04
1.355633802816935891e-04 -1.702133632790566679e-03
1.013215859030838903e-03 -2.833424807903401482e-03
-3.946550416982560518e-03 -1.768856447688563812e-03
7.060606060606080571e-04 -1.235188047398248432e-03
-2.252711496746202455e-03 1.022336769759449153e-04
-1.759825327510914240e-03 -5.037353255069377568e-04
-3.224719101123593463e-03 -8.919627256843326623e-04
-3.939504373177829598e-04 -2.770385050962627990e-03
-2.049239681390262527e-04 -2.375066880684857402e-03
-1.795845272206298641e-03 -1.506448146157980759e-03
-4.356233243967825262e-03 8.811710677382269034e-05
-1.079312865497075290e-03 -1.226580796252918373e-04
7.481021394064891203e-04 2.796706416808639726e-04
-1.071789321789321826e-03 -4.887703537338571177e-04
1.190150478796183589e-04 7.133775566611379312e-04
-1.000972762645910763e-03 -1.808806146572103455e-03
2.110412299091544812e-03 -1.227422003284072815e-03
-3.462643678160915936e-03 -9.941860465116308487e-05
-1.503120124804991579e-03 -1.949441056910569030e-03
-4.711773151471639748e-03 -1.836571428571428079e-03
-1.850259451445513932e-03 -4.939537329127226912e-04
-4.512108262108262963e-03 -1.699273337059809810e-03
7.264376996805125544e-04 -2.732379438261789764e-03
-3.971146545178432831e-03 -1.036672140120415688e-03
-1.150373134328356488e-03 -1.281597038603913673e-03
-2.405114899925865895e-03 -9.267515923566876446e-04
4.413767019667210758e-04 -3.954417557681486062e-03
-1.962713068181815273e-03 -2.673743016759775985e-03
-4.447157434402329405e-03 -2.527538726333905094e-03
-2.151681286549705745e-03 -2.473653395784543730e-03
2.094936708860762557e-03 -1.303690415171705752e-03
-2.153220338983049924e-03 -4.205899035734544694e-04
-5.003759398496204986e-04 -3.024335031126201834e-03
-2.313300142247507948e-03 -8.402351738241317864e-04
-1.310526315789472054e-03 -3.866980576809887077e-03
-1.742737003058102011e-03 -2.279665898617513030e-03
-8.365660919540212877e-04 -3.680445151033387148e-04
-3.335638730675345894e-03 -1.551928783382787837e-03
1.325460368294639020e-03 -9.673149648838470175e-04
6.904603068712497106e-04 -1.682267441860465628e-03
-3.742698191933239733e-03 -2.098421052631579270e-03
-1.575534266764919578e-03 -2.403463940942647797e-03
-1.704154727793694927e-03 -3.660714285714285481e-04
-2.453135313531349272e-03 -1.795077581594435980e-03
-4.181460272011450381e-03 -1.263275572945774005e-04
-1.342886041807145152e-03 -2.397552646556630127e-03
-1.046470999301185936e-03 -1.881705251270468634e-03
-8.988397389412585694e-04 -3.411449520586576443e-03
1.827812018489988026e-03 -2.726473629782834047e-03
-7.126781695422737504e-06 -8.305830583058299715e-04
-2.559153998678121312e-03 -4.439746300211423269e-04
-5.176151761517605197e-04 -1.017633674630262237e-03
-1.455345060893095070e-03 2.619571192963172901e-04
-5.597579425113447145e-04 1.026711185308849458e-03
-1.995409604519773287e-03 -9.780219780219790836e-04
1.391796322489393962e-03 -2.028301886792453854e-03
-3.288897005113219571e-03 -2.744635193133046058e-03
-3.300991501416428858e-03 -2.124015748031496051e-03
2.008493353028066065e-03 -1.726981351981351663e-03
-5.207610146862482782e-03 -2.240228013029315832e-03
-3.432758620689653484e-03 -1.107223476297967924e-03
