1.403770014224921519e-03 5.916884928853686316e-04
1.467527404616094256e-03 5.912693233342320625e-04
1.187363711665012384e-03 5.525021019793290239e-04
1.409303911239928988e-03 5.356039528026887995e-04
1.351852776925985961e-03 5.505242372075426060e-04
1.250826168487253033e-03 5.130829020863880013e-04
1.470049551978573057e-03 4.623446590191812979e-04
1.338380637377782839e-03 4.876954887879355943e-04
1.202686944668313095e-03 4.947113110465199215e-04
1.281566839619553829e-03 5.496714323511641504e-04
1.390450059340416584e-03 5.707093316996591408e-04
1.405125678185697394e-03 5.517244862557904800e-04
1.403086423425387421e-03 5.134766740921606863e-04
1.304856210941841756e-03 5.328062038617585637e-04
1.016339222642819980e-03 5.101630593630834603e-04
1.411205427844322265e-03 5.078291929565726011e-04
1.139438967733864827e-03 5.313801500547427449e-04
1.239785852539246639e-03 5.042275385550718447e-04
1.278161338022840718e-03 5.312836830536968443e-04
1.247341767008414148e-03 5.783905766365282641e-04
1.253329382050358438e-03 5.016269208335928870e-04
1.235497307715434411e-03 5.645109209159948844e-04
1.379331307871262038e-03 5.347396456615450665e-04
9.868563634533415729e-04 4.968820302286341885e-04
1.476911581756629654e-03 5.464864741371794950e-04
1.282130445290490493e-03 5.205370446500017477e-04
1.162464914470909142e-03 4.734695949498003795e-04
1.312727831473093146e-03 4.894685862971926088e-04
1.246382734225025702e-03 5.258701033051713884e-04
1.442333352956219660e-03 5.041359608837759319e-04
1.267362662159318221e-03 5.235156408143489632e-04
1.303100023812049950e-03 5.215564238893181286e-04
1.468560046193602810e-03 5.691018977790125071e-04
1.367307995554839202e-03 5.221513065562012092e-04
1.317443140021530134e-03 4.514288269776167315e-04
1.227117459764512928e-03 5.451743565165851832e-04
1.284601912519077026e-03 5.327484466004499698e-04
1.380149936783177508e-03 5.854493558362103625e-04
1.306380876591325567e-03 5.893103610999112646e-04
1.163321715818777880e-03 5.825610221899983144e-04
1.480037907048401902e-03 5.389431302483561068e-04
1.323301243495701067e-03 5.549447855131584570e-04
1.435410332368010312e-03 5.789923479443345473e-04
1.404238718298205782e-03 5.644160877020890652e-04
1.387655101428146923e-03 5.052595062949684964e-04
1.330258959563891848e-03 5.290189880821552894e-04
1.224058115600404123e-03 5.407604160930619625e-04
1.374940073947802368e-03 5.249885720679522494e-04
1.420140205778425624e-03 5.099266451381717895e-04
1.187057228541902243e-03 5.202739368837743612e-04
1.239545600192854717e-03 5.257378362521828146e-04
1.375373685996324896e-03 5.860951718812803862e-04
1.547910057001773742e-03 4.789085931701782890e-04
1.335968945926093408e-03 5.276116184639766333e-04
1.299559349265731398e-03 5.100528510663385933e-04
1.491964122642268874e-03 6.113869100292984495e-04
1.278644037237058276e-03 4.797151170063671845e-04
1.382199572534171302e-03 5.318873955555064115e-04
1.377722125253906050e-03 5.313530349242758530e-04
1.321196935216991265e-03 5.398091930491762894e-04
1.591149855129576560e-03 6.435512288481717684e-04
1.388773424271740400e-03 5.442822979618860578e-04
1.494252974651182194e-03 5.445656764493843555e-04
1.321310313623815956e-03 4.956693251843044112e-04
1.195875122917011094e-03 5.361666125797720939e-04
1.253416506317424003e-03 5.013000035624262749e-04
1.310885752075825143e-03 5.558358275981681307e-04
1.333517695852288109e-03 4.971844188432223820e-04
1.296335322076164155e-03 5.420329970308712924e-04
1.307656238579570085e-03 6.102110663330870700e-04
1.398274279313032687e-03 5.757678149120392481e-04
1.250023815931723290e-03 4.801949411764435066e-04
1.025949339797628578e-03 5.704910207675610752e-04
1.252492544529322689e-03 5.729557328202895773e-04
1.568889832618349228e-03 5.196731699863427201e-04
1.275898308315406545e-03 5.535663918090213357e-04
1.413023946052718166e-03 5.271827882359261374e-04
1.256750765630708193e-03 5.106874200569668691e-04
1.244938672705808930e-03 4.854863286365414081e-04
1.386574422710994689e-03 5.207550562274745236e-04
1.222702695817583663e-03 4.655702386470329649e-04
1.158149212809265463e-03 4.816703385102035525e-04
1.375883601307350320e-03 5.020297285638421507e-04
1.184495997648604823e-03 5.576858055690513908e-04
1.272202856612607291e-03 5.335401773875101620e-04
1.372125443456059931e-03 5.721576155624314352e-04
1.306400608313331444e-03 5.197990740101317243e-04
1.091541478229253632e-03 4.987697825210672935e-04
1.384563637434362135e-03 6.225464328502481291e-04
1.492900515195074882e-03 5.548639183755832123e-04
1.460826766967864357e-03 4.992249043177128792e-04
1.258539406763615120e-03 6.082184692337291258e-04
1.137252667840113344e-03 5.003515137590611259e-04
1.323797741240010598e-03 5.648525425100467791e-04
1.148794229980971407e-03 5.309516947367854539e-04
1.388336282626845102e-03 5.119178644359704752e-04
1.546779306866745852e-03 5.237962231750206568e-04
1.324629353323551100e-03 4.961770625587602450e-04
1.390724648227143270e-03 5.771534186673938933e-04
1.531860849394348816e-03 5.462676528556386019e-04
1.066937402768373564e-03 5.079256047570723277e-04
1.171839668996034608e-03 5.541860158807116995e-04
1.237867752927238919e-03 5.256367325773298599e-04
1.557562793347404230e-03 5.533619749173561983e-04
1.397688674295968466e-03 5.155346743509643930e-04
1.428520090147444811e-03 5.290778647341651091e-04
1.312734932575087329e-03 5.300270667652866308e-04
1.211632334196319953e-03 5.741775219800097137e-04
1.459039768089369750e-03 5.239333231221607280e-04
1.216798270272419300e-03 5.609247762578145093e-04
1.201736766580329503e-03 5.938808157200843336e-04
1.307205271231124668e-03 5.137821200048525803e-04
1.369903140787082736e-03 5.759211955896480651e-04
1.366809535220622025e-03 4.899743444549795220e-04
1.284304876056032406e-03 5.223566786039667183e-04
1.305737522643614758e-03 5.363840923698295514e-04
1.528579419034349716e-03 6.151467550089025202e-04
1.211143771912866120e-03 5.037373086999591279e-04
1.358805863983331749e-03 4.834686538229544090e-04
1.369647215760626691e-03 5.692014055570336758e-04
1.137976170034619809e-03 6.093045429923629524e-04
1.270125034937006616e-03 5.389713937716587942e-04
1.204619384309008100e-03 5.137464669318911933e-04
1.398219359533613192e-03 5.150618422058305008e-04
1.348088205718058147e-03 5.007759192981631625e-04
1.654158514826823724e-03 5.542199263348875950e-04
1.411113999279368317e-03 5.503582292377540283e-04
1.127665353263495630e-03 5.315671221027641396e-04
1.231591717429317322e-03 5.069023569475724581e-04
1.208142793547660465e-03 5.168769238601732480e-04
1.405915882847658680e-03 5.480142737176056439e-04
1.216736588027834487e-03 5.722880422876916928e-04
1.289698279878381901e-03 5.354652194957626541e-04
1.407635286252241925e-03 5.592707782235789528e-04
1.111076553573860266e-03 5.223169439476181954e-04
1.314916783941342138e-03 5.023408187884570572e-04
1.281610286534390266e-03 5.384934708796180894e-04
1.277676327620499248e-03 4.979897816037738957e-04
1.244682858772226718e-03 5.474838246373494840e-04
1.258845813341397243e-03 5.343788765572120812e-04
1.519331107652305106e-03 5.019490870627659742e-04
1.348392578068807789e-03 5.974089433892669975e-04
1.483141693693703278e-03 5.345601617858565264e-04
1.309586292397659424e-03 5.945915931828766243e-04
1.256169696252250638e-03 5.384877669521729226e-04
1.413366366659721349e-03 6.004309378076015365e-04
1.501147830310164575e-03 5.974555022255155067e-04
1.228851592021821312e-03 4.487247771400125072e-04
1.231996940056037963e-03 5.599175535984641074e-04
1.562715782806908382e-03 5.524635708850279435e-04
1.451661872834687696e-03 5.588647716831116790e-04
1.227242723179670578e-03 5.347620401636509835e-04
1.280442258554818523e-03 4.742864631188295054e-04
1.363082669392066352e-03 5.380038479982126708e-04
1.376371518796062248e-03 5.883644644937481181e-04
1.299514731680222798e-03 5.797442843119569910e-04
1.370598026139310116e-03 6.025003510603681211e-04
1.264679131356405027e-03 4.900535824319896330e-04
1.213284915667499526e-03 5.206635647963910648e-04
1.424274728936853265e-03 6.040474332853283234e-04
1.144937380429900857e-03 4.701097240859919793e-04
1.141688904090861281e-03 5.948911670668542272e-04
1.342826674344717525e-03 5.634149892265419724e-04
1.208924616754122926e-03 4.999108481908416755e-04
1.260330177824144776e-03 5.179579122452154447e-04
1.225305256749967308e-03 5.306159186915115509e-04
1.357234068865303565e-03 5.158694806784516491e-04
1.251812176209880388e-03 6.020179783986924060e-04
1.326941134533358513e-03 4.937763719646421625e-04
1.204999124691372245e-03 5.561145331430980511e-04
1.381998212870729674e-03 5.334595378182412388e-04
1.338371301350408911e-03 5.447934436251478064e-04
1.390042987695488952e-03 5.144999559603269249e-04
1.502495141248842443e-03 6.073200399379744289e-04
1.419185527110436136e-03 5.364617969568130553e-04
1.287719177443659479e-03 6.067208265323880420e-04
1.242073797818127540e-03 5.980628733156160117e-04
1.237191501755584462e-03 5.711685699349493229e-04
1.310369035566995343e-03 5.254321145025779311e-04
1.577753978023413439e-03 5.603157536049644880e-04
1.542588235942335016e-03 5.907468998147795023e-04
1.135199626202103990e-03 5.068175908315592513e-04
1.515869401071491106e-03 5.348347234283053067e-04
1.345764685558607657e-03 6.029783474226555308e-04
1.288461366237961475e-03 4.935543069513275262e-04
1.395687118236037336e-03 5.816893021902407469e-04
1.260321167239951065e-03 4.989065626560494886e-04
1.218848769918685687e-03 5.211922611232507009e-04
1.473367557672159702e-03 5.832923878281003754e-04
1.162282533227456706e-03 5.026872492253723615e-04
1.356679566903328709e-03 4.747806905524089879e-04
1.439443934906075835e-03 6.288955909606087653e-04
1.383794665358010914e-03 5.347345716674818325e-04
1.332249128216769643e-03 5.403860367281778038e-04
1.616977523558661397e-03 5.101039448473300734e-04
1.021996213063812962e-03 4.996013774005845414e-04
1.330937961960459125e-03 5.808972137772281568e-04
1.085934685241347160e-03 5.106128735416198133e-04
1.292011022199217318e-03 4.910054181758692366e-04
1.291908252107408332e-03 5.570606732597766604e-04
1.410957230879801615e-03 5.096161784255044680e-04
1.157258281543299292e-03 4.958017618780505894e-04
1.327749199781802242e-03 5.611799331738329946e-04
1.339012781948234563e-03 5.969040507053138519e-04
1.217550572554472769e-03 5.225797343468926602e-04
1.500601471746662629e-03 5.609092264705058204e-04
1.372530980766724622e-03 5.424259075806305746e-04
1.500189029880600244e-03 5.320916158967522709e-04
1.404713428855974963e-03 5.101749557549523518e-04
1.272900264641344849e-03 5.691108090388074690e-04
1.477345299885340869e-03 5.122202440224131416e-04
1.303119408304466128e-03 5.532959693156198292e-04
1.418117252319460670e-03 5.640771535105814846e-04
1.457036669945811812e-03 5.450075136956643697e-04
1.237412957423846818e-03 5.037372857022912303e-04
1.219058281731861659e-03 5.247724932561975610e-04
1.517146281759119107e-03 5.593004470781557345e-04
1.210488902643290640e-03 5.203371558517590721e-04
1.274210274268848097e-03 5.389076486650943307e-04
1.521181514944741934e-03 5.391842660705583332e-04
1.364388043626798153e-03 5.050198976866314068e-04
1.148407406564498157e-03 5.061484866051166537e-04
1.348816827332497727e-03 5.699693634837762037e-04
1.297255392676136595e-03 4.902253120300627612e-04
1.586068151680028937e-03 5.706499876010917311e-04
1.454502734639159496e-03 5.667685265012586526e-04
1.273913147680970099e-03 5.395241692945560146e-04
1.433315076256715679e-03 5.011200412051690237e-04
1.617805117115908489e-03 4.989820165096188953e-04
1.358360240279542653e-03 5.652363631062121922e-04
1.512009068905503188e-03 5.341695839089918244e-04
1.096427373215474446e-03 5.255598152739256136e-04
1.383665267640080739e-03 5.917599197126007524e-04
1.451531228533961765e-03 5.336226993371349491e-04
1.129736216212382091e-03 5.209364652142798062e-04
1.190646253086668008e-03 4.867339887524680742e-04
1.369830180473677935e-03 5.120678049346591302e-04
1.481253115269183388e-03 4.851164011838410392e-04
1.620205763219368777e-03 5.547594965546963873e-04
1.559609041736376286e-03 5.967094519379102270e-04
1.516591013586597201e-03 5.900533788988618269e-04
1.372951615587287167e-03 5.742407815391882423e-04
1.063760537237751647e-03 5.603186102936671357e-04
1.655942477226509269e-03 5.446829126701637283e-04
1.371663585457110054e-03 5.260451899518188640e-04
1.385642557962583118e-03 6.053305502025235763e-04
1.289969772136960457e-03 4.980612569853232674e-04
1.353555370250619002e-03 5.704396161098274944e-04
1.633978359707475734e-03 5.585871540692202014e-04
1.347041213512225688e-03 5.223897259050939035e-04
1.624043633839948120e-03 5.654525409935300638e-04
1.353062198094707015e-03 5.291169851877335246e-04
1.592909910894578507e-03 5.161838696923304413e-04
1.434077802024155603e-03 5.340497214498760590e-04
1.353463982109280248e-03 5.334622494706279215e-04
1.373277147500726048e-03 5.418863925267207579e-04
1.206566883838356948e-03 4.835477321671712079e-04
1.425698389771934979e-03 5.532962879207792284e-04
1.319546298380236751e-03 4.760033171642875796e-04
1.522674488320928518e-03 5.986791560911779251e-04
1.324960691633367792e-03 5.771997262654016874e-04
1.142283486356638570e-03 5.351579692513625192e-04
1.404563373613225159e-03 5.649703015326137988e-04
1.535333971197975610e-03 5.705659355471985042e-04
1.234315221495701489e-03 5.114027759443183409e-04
1.199454880928586776e-03 4.819086579738873105e-04
1.707853561271036654e-03 5.742455942965257569e-04
1.388547601616884957e-03 5.635970841630969473e-04
1.232354489331637234e-03 5.117089706168130928e-04
1.429839534260885772e-03 5.430501551759186639e-04
1.278181951433729523e-03 4.955844822164340779e-04
1.355771402581545980e-03 4.495210716789593526e-04
1.426016185978302205e-03 6.298033247332596651e-04
1.418615239460489655e-03 5.694046208550221496e-04
1.571287513012273058e-03 6.700839110201288300e-04
1.544156420271385706e-03 5.347443928993367377e-04
1.228465667763082659e-03 5.362368370234887622e-04
1.412875765275157765e-03 5.820360563354484273e-04
1.257958572493898418e-03 5.285018538477939155e-04
1.034855732930417636e-03 5.079445178554442639e-04
1.257298447887246614e-03 5.620774069042817726e-04
1.414406378401998100e-03 5.869999998011753845e-04
1.507026102127600716e-03 5.396975015567966440e-04
1.453137603946215699e-03 6.512912745685379588e-04
1.369148050560532476e-03 5.483725510365597931e-04
1.150112485677051320e-03 5.268054833345625675e-04
1.381948472472947298e-03 5.355246956725077771e-04
1.221968871947827235e-03 5.403258215932144970e-04
1.235937629461844513e-03 5.156820956546732558e-04
1.492391290007940652e-03 5.036645112940757842e-04
1.274617469279093690e-03 6.150468274318621285e-04
1.253282918421187286e-03 5.150752132979389197e-04
1.362117783601181917e-03 6.169038977375101160e-04
1.605004245887753670e-03 5.079649566107035915e-04
1.454415633079070205e-03 5.357451696425833071e-04
1.237350135897237382e-03 5.509623688130595208e-04
1.595307162561504857e-03 5.761054152496766995e-04
1.418817158111732209e-03 5.126778928580990984e-04
1.365285968549233373e-03 5.494790953412841995e-04
1.300379557968292825e-03 5.843166022069194027e-04
1.465157119383045468e-03 5.616884826612174916e-04
1.541451091774234151e-03 5.677330338111866593e-04
1.351036066293552582e-03 5.864044313685651136e-04
1.265513427309946336e-03 4.993246738107589167e-04
1.368273699417846918e-03 5.849781950113791106e-04
1.320633935870877632e-03 6.404681030459840121e-04
1.239879847626301984e-03 5.685790741603480476e-04
1.323970375695238426e-03 5.699563360884248205e-04
1.022468896863580265e-03 4.706431023500775505e-04
1.297726058765261885e-03 4.963994297558890940e-04
1.450654788781807021e-03 5.987493150521877713e-04
1.367226513137682333e-03 6.061690842536145455e-04
1.294064889693125314e-03 5.870006412132117157e-04
1.392985632476375973e-03 5.741794426294406610e-04
1.219584804148008718e-03 5.928289140835268575e-04
1.542756654614671659e-03 5.754209763894932265e-04
1.432179022437565048e-03 5.346082920444947088e-04
1.265951032900820492e-03 5.345217043948812235e-04
1.070752596440619452e-03 5.358333451781445217e-04
1.303739021542574305e-03 5.754913446886667384e-04
1.400596662325612153e-03 4.823856724434014143e-04
1.069455493872360297e-03 5.088682151862363367e-04
1.128398997821917181e-03 5.226546135484277759e-04
1.435214031626414789e-03 5.542499633829169915e-04
1.361280516348537797e-03 5.454310343993723238e-04
1.145970032968995867e-03 5.180866434641854309e-04
1.512772809156151923e-03 5.743681374126833510e-04
1.290672170574442244e-03 4.960378845060159098e-04
1.146732806314289775e-03 4.856445949214616771e-04
1.475092522047427969e-03 5.948144756643590709e-04
1.373892277427804292e-03 5.788465125428511994e-04
1.352206263091858957e-03 5.413377665835833116e-04
1.507930438529470974e-03 5.068377283047319519e-04
1.179672252778295139e-03 4.531110171336576848e-04
1.392369112442243956e-03 4.782586657109009695e-04
1.307383738527438926e-03 6.050944307146126615e-04
1.528913426316095940e-03 5.016606254049441049e-04
1.160018159635500205e-03 5.054663204842810287e-04
1.173187285323261126e-03 5.130966552770064790e-04
1.335386326372954091e-03 5.035510512135073702e-04
1.346944346881091001e-03 5.668053961150392936e-04
1.353636597106012062e-03 4.416024705858869674e-04
1.360482123412391732e-03 5.296922012771890448e-04
1.430088010494854267e-03 5.198865590507696557e-04
1.170277385389232412e-03 6.016902196092718423e-04
1.205988371408925168e-03 5.446234898589665885e-04
1.305779497915514993e-03 5.805230897945547110e-04
1.365749060103976786e-03 5.368939743336407708e-04
1.434813323506940481e-03 5.921386333671304182e-04
9.891507125059575013e-04 4.854744142884550033e-04
1.042486074938129940e-03 4.903347296630159195e-04
1.421834420431400707e-03 5.391508582739859123e-04
1.220871070636599760e-03 5.780377020058268369e-04
1.217124190194328152e-03 5.442724770663958777e-04
1.216541846048419494e-03 4.771360787820204245e-04
1.336506598380633563e-03 5.447540829050523392e-04
1.572202268193847747e-03 6.020050240730564486e-04
1.440759203566952147e-03 5.708809351083817419e-04
1.343914289423474425e-03 5.458304122493498611e-04
1.262179101998786145e-03 4.824933164041556055e-04
1.205456675670947293e-03 5.902449329933125675e-04
1.580376450766512748e-03 5.566354854693192442e-04
1.213566920211372937e-03 4.987783012876952733e-04
1.325603483490241184e-03 4.956337244924771766e-04
1.265278952393308421e-03 5.678953344961816313e-04
1.187429228310751426e-03 5.494841936962167666e-04
1.407755694352814295e-03 5.759720949379709036e-04
1.342789867593701140e-03 5.346274361577516010e-04
1.338885449682664314e-03 5.694076001394984994e-04
1.457878917232140843e-03 5.663958566489253263e-04
1.257645375596226156e-03 5.143958238635266186e-04
1.265971818513966741e-03 4.546532933092984111e-04
1.544541165400556719e-03 5.212950833999897837e-04
1.319614906261410738e-03 5.694556055781871667e-04
1.462518252305211770e-03 5.546747189585326913e-04
1.517147421329776130e-03 5.125534567759882460e-04
1.166276884144377664e-03 4.548310308812653687e-04
1.448306142528624652e-03 5.509869608073891074e-04
1.283193719902206821e-03 5.662101769414113264e-04
1.286049691372366088e-03 6.458517093493271275e-04
1.208791413863248869e-03 5.527263609468534809e-04
1.370182164670960415e-03 6.158277963970134380e-04
1.297119200334675287e-03 5.355224172110010714e-04
1.216960471573599401e-03 5.411320590726672718e-04
1.156497335544383115e-03 5.601025918059640823e-04
1.093031608626585278e-03 6.004630858688251530e-04
1.318108076458340654e-03 5.167479115931801915e-04
1.406485851340417287e-03 5.226427438595162211e-04
1.153514943776869604e-03 4.954925234187301710e-04
1.361481787935333839e-03 6.094523433881768532e-04
1.296554775415027436e-03 5.722761398780006016e-04
1.250501031962396922e-03 5.176707646101601484e-04
1.472046930318014757e-03 5.514806949756656919e-04
1.342258586161458383e-03 5.201159686952032922e-04
1.361876009892338830e-03 5.912080128492652395e-04
1.324837936172553257e-03 5.595237729517534139e-04
1.219762118850295811e-03 4.634035357119516683e-04
1.384125564102877412e-03 5.722174664615599978e-04
1.224501455064365332e-03 5.271347354970900559e-04
1.318312696549317443e-03 5.204554295548985583e-04
1.307867471194771886e-03 5.822898515949820808e-04
1.217668244973915161e-03 5.069682659939920254e-04
1.404231413172148763e-03 6.076372120121268858e-04
1.508070945945671430e-03 5.709272257363187881e-04
1.547168854764713677e-03 5.311457965191038319e-04
1.354746981081734070e-03 5.259130739897029594e-04
1.252287568621036256e-03 5.677820883868833898e-04
1.001333871687388587e-03 4.498877209506714470e-04
1.452800628597234129e-03 4.879567745340268690e-04
1.260300690728426935e-03 5.877091620160976478e-04
1.105585814782455122e-03 5.061769593676422943e-04
1.058739728708954237e-03 4.801868215561777022e-04
1.657520079325430339e-03 6.057685376725240349e-04
1.400116608225106425e-03 4.923007924252315384e-04
1.455979994996269662e-03 5.375517516579098954e-04
1.159412048147334716e-03 5.200559349807776493e-04
1.293462664254605094e-03 6.264783244332673348e-04
1.316888137813978761e-03 5.833807710729744470e-04
1.414263898338634189e-03 6.122874830438596733e-04
1.137546369708714294e-03 4.615424283211419618e-04
1.326283646816521283e-03 5.334277130096197169e-04
1.142565905346931004e-03 5.133788456749508464e-04
1.204363438107720202e-03 5.177266871587240561e-04
1.115728113324810115e-03 5.159430716857189283e-04
1.105771229665643892e-03 4.907229062002630175e-04
1.344802558104736881e-03 5.727655450151910004e-04
1.412663349862157457e-03 4.184247874172580014e-04
1.195361377334836373e-03 4.797527429611500235e-04
1.366178820032349110e-03 4.841605204377184466e-04
1.490381948333465616e-03 5.756119771421423347e-04
1.379070406680753562e-03 5.606481055850754758e-04
1.567437617008297620e-03 5.665007935660034376e-04
1.348872634501209478e-03 5.457604781643532249e-04
1.552516267666126121e-03 6.108246543028508779e-04
1.295947057652296116e-03 5.611953652507159669e-04
1.395197110786077725e-03 5.339353807993622338e-04
1.512923879647404182e-03 6.363944065315738996e-04
1.301343845702629832e-03 5.242013305114444572e-04
1.095418050763929431e-03 5.891076947315356015e-04
1.235758869468246311e-03 5.455615962937430778e-04
1.114454672666424263e-03 4.849716536039948224e-04
1.262319415518093485e-03 4.742785093068389054e-04
1.221448419199871408e-03 4.873478787825378492e-04
1.563486554635067256e-03 5.247746681174961019e-04
1.638946740333934197e-03 5.041338511426271150e-04
1.408502843755719000e-03 5.981207450677912627e-04
1.539159488482054949e-03 4.906036317910649315e-04
1.402410989264152134e-03 5.613515416647708433e-04
1.317483051670260020e-03 4.980449808790057354e-04
1.236136183358914516e-03 5.814243965030443549e-04
1.282706353883639183e-03 6.234322050183250608e-04
1.453200856614209665e-03 5.646954557030780695e-04
1.278853790690601035e-03 5.363025288291025814e-04
1.269754586399852178e-03 5.080900862524376964e-04
1.134509568136134400e-03 5.061236665287036822e-04
1.159477505819749054e-03 4.691122531712547841e-04
1.488711940564271851e-03 5.529166745570124374e-04
1.429237391428837345e-03 4.804919643478601835e-04
1.265703340990564528e-03 6.215919852872827571e-04
1.268388464140949050e-03 5.430355938500758652e-04
1.344700122488497098e-03 4.943110686716291379e-04
1.221648480340940075e-03 5.621907877066565848e-04
1.247205012015470144e-03 5.248315001107086136e-04
1.410332444277696481e-03 5.041454174067656240e-04
1.218143443012151142e-03 5.618327475733423792e-04
1.437672194042748531e-03 5.216650018883037905e-04
1.122091790108093508e-03 5.056215255866313351e-04
1.139934173428284753e-03 5.742853575431650049e-04
1.163413245134360804e-03 5.584256304965068722e-04
1.401424320358759124e-03 5.127619681804076231e-04
1.284337102279655427e-03 5.227925993911124863e-04
1.583536016091538446e-03 5.066969659580513414e-04
1.447883490105891921e-03 5.428911073929902154e-04
1.082829503539172161e-03 5.796556308631679042e-04
1.004087174764960394e-03 5.407865594528528819e-04
1.110160659991477061e-03 5.051341102893172489e-04
1.311714417079712196e-03 5.781624251584602074e-04
1.360997476276323359e-03 5.629492633073360924e-04
1.316903921702550131e-03 4.952941113757011607e-04
1.224653274447133448e-03 5.061711458719934421e-04
1.453460318122078761e-03 5.620648624392963338e-04
1.110142823059258495e-03 5.087780794731698933e-04
1.197795642765389938e-03 5.310156663144062353e-04
1.087384835624689719e-03 4.808245606337256174e-04
1.373517062902139974e-03 5.487603949293087899e-04
1.159877704885199385e-03 5.711732632314633342e-04
1.132533862162192354e-03 5.657333148537497473e-04
1.249472718399882287e-03 6.481068389588984105e-04
1.220141219372334641e-03 5.542488640922795234e-04
1.354994118604955925e-03 5.406333621878128349e-04
1.236567821233343313e-03 4.815590888264003385e-04
1.144058883084058016e-03 5.859301317177937046e-04
1.352455195184440462e-03 5.050198740205511351e-04
1.446659713773872135e-03 5.934000854953758652e-04
1.267237153983068101e-03 5.768398961751473267e-04
1.455019993014154949e-03 5.972413742492421480e-04
1.403956959583762100e-03 4.947303825691049504e-04
1.384746193045272760e-03 5.639796295498006795e-04
1.199147865361644772e-03 6.234207458113593574e-04
1.168856359251716067e-03 5.350591920743238408e-04
1.455349229212704902e-03 4.968436686576363807e-04
1.397444038176408722e-03 5.147105711937962919e-04
1.444734975794144307e-03 5.388634267565366783e-04
1.277168351340496593e-03 5.012840526865074533e-04
1.526864199859329562e-03 5.891222138464436743e-04
1.345879365305703351e-03 5.687341641167871021e-04
1.645418848397843352e-03 6.389009330688363592e-04
1.114092239529314472e-03 5.794772298424995336e-04
1.134048371221771118e-03 5.264847859626689943e-04
1.340753797939160793e-03 5.922617795630210832e-04
1.464400513425071805e-03 5.754339958235277826e-04
1.394116547610868475e-03 6.275464416298921462e-04
1.438383739136049133e-03 5.000170735079335254e-04
1.360798816338919508e-03 5.002784068346220313e-04
1.499256773820643656e-03 5.414668295759731244e-04
1.184689134074100184e-03 5.468030137166407815e-04
1.283492190596099026e-03 5.209391676496730010e-04
1.291484782179138594e-03 5.028510278451592437e-04
1.185994038648981045e-03 5.428505770127799992e-04
1.162170757700002914e-03 5.953754780091212017e-04
1.252799771026907221e-03 6.278457111807588453e-04
1.527598261678401624e-03 5.957054292194785116e-04
1.224661641542290798e-03 5.584110882912603473e-04
1.320671857554905817e-03 5.101675790127430891e-04
1.302100985823160563e-03 5.235631197737645841e-04
1.265349354894750120e-03 4.635246842486631983e-04
1.178567128657863816e-03 4.713437597942188501e-04
1.563415764522564904e-03 6.049960993913383730e-04
1.615443995881031764e-03 5.479658505176234276e-04
1.138475223740569812e-03 5.737991074369759277e-04
1.380947330352123251e-03 5.138599980187186396e-04
1.191704991758206402e-03 5.137192730741808270e-04
1.220598554867281934e-03 5.855358225440497827e-04
1.143737043822302046e-03 4.799151267969062285e-04
1.215068180376069253e-03 4.918451208662517719e-04
1.308971880798475308e-03 5.445535569669359257e-04
1.279878313323754230e-03 4.827256217492970503e-04
1.644044936466026790e-03 5.366484984689694725e-04
1.264303839413813890e-03 5.391322898177360002e-04
1.255564153097907211e-03 5.235980140633186624e-04
1.268526090403493791e-03 5.271704147066834725e-04
1.442335044807527798e-03 5.605666718383868702e-04
1.386700005004178103e-03 5.193219109679299934e-04
1.528186943056737473e-03 5.611638882432876726e-04
1.229690762299381250e-03 5.042029086810607703e-04
1.466590440885224634e-03 5.156021657887160763e-04
1.290021135398792792e-03 6.127032386282944571e-04
1.415020291262675993e-03 5.743516581151553255e-04
1.385688284489226384e-03 5.620506987089934686e-04
1.212553958303189518e-03 5.436385250374724167e-04
1.232665543236650734e-03 4.924839290932674302e-04
1.257523604224497884e-03 5.133801612720924898e-04
1.328600513082524043e-03 4.899163899024991387e-04
1.358736601349726236e-03 5.554636985988045282e-04
1.438438198209948671e-03 5.535203262015068321e-04
1.271540770920027074e-03 5.314790259287152955e-04
1.290776486841242222e-03 4.885208991688208807e-04
1.317523191630045297e-03 4.832250531529565869e-04
1.094317793786823414e-03 5.018695054963292048e-04
1.257033609210501338e-03 5.263742565559967421e-04
1.253847125997812869e-03 5.097464731780395513e-04
1.122845474455816134e-03 5.389508648898552181e-04
1.440348415182274994e-03 5.205921231256095943e-04
1.387886805652112148e-03 5.780975867303925339e-04
1.156008208029772697e-03 5.174550859424684179e-04
1.202802538597996058e-03 5.332920189055524599e-04
1.359436909932749266e-03 5.190038239046901097e-04
1.361294984468114540e-03 5.357434021026927055e-04
1.304172036391301791e-03 5.290766604802730816e-04
1.263670183501501695e-03 5.348861637710219594e-04
1.301281598699464189e-03 5.880769633713561978e-04
1.447690678442187587e-03 5.022293402913380550e-04
1.137290339563289598e-03 5.372807854754587699e-04
1.361979562374647642e-03 5.070453534878522923e-04
1.295845794400461107e-03 6.279298736515129481e-04
1.352584766224703468e-03 5.031088435725346829e-04
1.536270559171330503e-03 5.904372104958033763e-04
1.506677234652411754e-03 5.258990760963231726e-04
1.249259621509837695e-03 5.378466281174925073e-04
1.055629714831950346e-03 5.483408232045359218e-04
1.260451866614998185e-03 5.483444375314469252e-04
1.470774717472470971e-03 5.454220385768713489e-04
1.394801730208230237e-03 5.543371263213146436e-04
1.222426797894831134e-03 5.522426058979641684e-04
1.077074301058698067e-03 4.884847037556082263e-04
1.278386644854328201e-03 5.152863072065540315e-04
1.364534318511486863e-03 5.128538047930840263e-04
1.457428981108982663e-03 5.704141990038800970e-04
1.162116682302990730e-03 5.206844682457736342e-04
1.300687601593913814e-03 5.760867633576736892e-04
1.255743288881549461e-03 4.992923256110664600e-04
1.308188379353793229e-03 4.993065437709712099e-04
1.218732729659028876e-03 4.881679030675470832e-04
1.246328149535788372e-03 4.839808305480091766e-04
1.492397316440879267e-03 5.545004186407205939e-04
1.292168867142286150e-03 6.095320813203154763e-04
1.091448031120892826e-03 4.718831626560357571e-04
1.283896118813725434e-03 5.257940062027385191e-04
1.318313049451551571e-03 5.257964654308665145e-04
1.233593895668430541e-03 6.221444928297059033e-04
1.534226897146118759e-03 5.674090086051241559e-04
1.401088479037177316e-03 5.861132795637411658e-04
1.166207879219317411e-03 4.829448003107701995e-04
1.564872289487577710e-03 5.706750818578155363e-04
1.171871747139712188e-03 5.422387633443585429e-04
1.526086946743959120e-03 5.085969736401394804e-04
1.567992826827246684e-03 5.429914261740743757e-04
1.140118719319981478e-03 5.907678300397698444e-04
1.312107999751114217e-03 5.652835328326851752e-04
1.361996665882853931e-03 5.149628057206854766e-04
1.326217414039652367e-03 5.575530090874817636e-04
1.026948385365134084e-03 4.899206872024906845e-04
1.430996378518573607e-03 5.460641465863670359e-04
1.321744415028016425e-03 5.104556505839347516e-04
1.403359353648929875e-03 5.854130533062470174e-04
1.112950670538922051e-03 5.386407391249630090e-04
1.557375235066755072e-03 6.026915318147410420e-04
1.334030890441146970e-03 5.456158635217885251e-04
1.136207031315402717e-03 5.111815467351349049e-04
1.364584321713581622e-03 5.278929064390849987e-04
1.210312984011042850e-03 4.977511846012716047e-04
1.464122662682958197e-03 5.437787769133955659e-04
1.308111389536528507e-03 5.619287784528309007e-04
1.346524632457486974e-03 5.356639588777503376e-04
1.386319151987282791e-03 5.463148231242945284e-04
1.207029047772880141e-03 5.674466282783173802e-04
1.139514595247989245e-03 5.436167213372503689e-04
1.328232026735772604e-03 5.585476596003256973e-04
1.418110893972981566e-03 4.910311844987330860e-04
1.311648996277349575e-03 4.909562277395122191e-04
1.155928675152914989e-03 4.851126371854131564e-04
1.362262301414135556e-03 5.390315531047076879e-04
1.420966658066536012e-03 6.055710776149390590e-04
1.299030175959534983e-03 5.040877998545817244e-04
1.328639862409041047e-03 5.650452379191586803e-04
1.272523576176892886e-03 4.961953672398607563e-04
1.307851501744742607e-03 5.190903487016636187e-04
1.279950503144147841e-03 5.680298957258935822e-04
1.357904567295999294e-03 5.520512993058902026e-04
1.218270894395979617e-03 5.516676371952587308e-04
1.324600519255817593e-03 5.626406389743909700e-04
1.133507334327247271e-03 5.846703425718061250e-04
1.280106294609362552e-03 5.215211966726441498e-04
1.237006133163603755e-03 5.540631936358915389e-04
1.511683813075561300e-03 4.783274502936059130e-04
1.298313176124186140e-03 5.406458316111653183e-04
1.283047413198746753e-03 5.067699862503211158e-04
1.369820528954875235e-03 5.685132959942093773e-04
1.414689859752723015e-03 5.396392688127061047e-04
1.126179871108382198e-03 4.922895152479622727e-04
1.156437015797199446e-03 4.803647334406498993e-04
1.515698324196360514e-03 5.570796946591593342e-04
1.376900531187176622e-03 5.930489781967690196e-04
1.502433893427030992e-03 5.400499898450786436e-04
1.204506966370555562e-03 5.215672172676213362e-04
1.541231236363783258e-03 5.552478936905313328e-04
1.397335219870308792e-03 5.223409681733494781e-04
1.280926946017986109e-03 5.440244017815968648e-04
1.406681904706200050e-03 5.869218140752543783e-04
1.402459753269606193e-03 6.490086822817701072e-04
1.265963730258279135e-03 6.177407299785785382e-04
1.039434282357170952e-03 5.284710561308186101e-04
1.469544908730432411e-03 5.156497136025196002e-04
1.315476151776191543e-03 4.844281227363694256e-04
1.342553651013381243e-03 5.600577363914482345e-04
1.338023285614552008e-03 5.659586795431021050e-04
1.124191197951401227e-03 5.168389709323804350e-04
1.207021525058501847e-03 5.066648772620883706e-04
1.442666384971046795e-03 5.676215729783159764e-04
1.417996184007567790e-03 5.022358969243878070e-04
1.283752966977604743e-03 5.927971934157467938e-04
1.183128039556258747e-03 5.560209652294712803e-04
1.371129200865742886e-03 5.157931495664004563e-04
1.395650495625876510e-03 5.274105316487448514e-04
1.172749683108012704e-03 5.106033817456337920e-04
1.313020714091355737e-03 5.955858278076312916e-04
1.545534827598389442e-03 5.298515025242091139e-04
1.418985076241967161e-03 4.994749497705859315e-04
1.218654186671665543e-03 5.423173233092917246e-04
1.604715854942001573e-03 6.077553913117723439e-04
1.071761655607256919e-03 5.558124197881032964e-04
1.466718459493811591e-03 5.219218086875555655e-04
1.112174262206919650e-03 5.285468026592700678e-04
1.346355714584419666e-03 5.681982183360525900e-04
1.354400579901343269e-03 5.348677229441537199e-04
1.186119742231204902e-03 5.475909022020302407e-04
1.124983228162101164e-03 5.187144795794744207e-04
1.234545230954392633e-03 5.759017070349112775e-04
1.305847659939387380e-03 5.213531485301525943e-04
1.303161642153668077e-03 4.612179033431808967e-04
1.194919396872053249e-03 4.409423445675415940e-04
1.366733941254257229e-03 5.058307818497264274e-04
1.207875870559040185e-03 5.707797109433539835e-04
1.342097766586856488e-03 4.834086120798562042e-04
1.385539107538014385e-03 5.663004928278085603e-04
1.393813461955983055e-03 5.346246763504861792e-04
1.281955022277911057e-03 4.654757567979778262e-04
1.343792817036308738e-03 5.367835021578376510e-04
1.504038503775184188e-03 5.213965283993608670e-04
1.356912235201750269e-03 5.386735599123145760e-04
1.176955798534107039e-03 5.454231872589252296e-04
1.371864881344299824e-03 4.908932159174816522e-04
1.372620703870659634e-03 4.508743713153342538e-04
1.348893098646603787e-03 5.314180811926529427e-04
1.474573589267860708e-03 6.103947848552324518e-04
1.355451472874498594e-03 5.756695957568560727e-04
1.338230724781882012e-03 5.066051709715182257e-04
1.449381112786820485e-03 5.164353851304457482e-04
1.472835245209020436e-03 6.266666250911872606e-04
1.333286667825161857e-03 5.736239479814464817e-04
1.247494737064800069e-03 5.164327431900382018e-04
1.360777874996051172e-03 5.187029548809337720e-04
1.073865094418200057e-03 5.227992260665535046e-04
1.246261795998653520e-03 5.956692159452938243e-04
1.347550090025924525e-03 5.334956867508605389e-04
1.387632607367052023e-03 5.129144968385173243e-04
1.218946009973550680e-03 5.170282786750324830e-04
1.442694710090618041e-03 5.544194184652186455e-04
1.326617033528314227e-03 5.352437551379361476e-04
1.041407625123961980e-03 5.121739472621837218e-04
1.299748898606838772e-03 5.410028623892157657e-04
1.156469291729891576e-03 5.668102778551260086e-04
1.251258901182520202e-03 5.557450137573523123e-04
1.509737558024592608e-03 5.389248214728568388e-04
1.268826301633141883e-03 5.271912106098283930e-04
1.249449002259198603e-03 5.345103672662168725e-04
1.263408422233438036e-03 5.356024508368923808e-04
1.269080930938826799e-03 5.604239633628844714e-04
1.511946586049927894e-03 5.325041553276455442e-04
1.281375423516266723e-03 5.032151003785518238e-04
1.273497141394981831e-03 5.646244220652559074e-04
1.346087776702924350e-03 5.813523645819726167e-04
1.498219473628189906e-03 5.218026362358147135e-04
1.601138388629583806e-03 5.986615538860402298e-04
1.393950511756821518e-03 4.965620722979395335e-04
1.422194432628023572e-03 5.410175764801926574e-04
1.477267251553750476e-03 5.709538951017416623e-04
1.306676441496961924e-03 5.974806887635710851e-04
1.263212191109225769e-03 5.250650594243391625e-04
1.333533225731332308e-03 5.585996601409994912e-04
1.417745926959802305e-03 5.701296455374373637e-04
1.313583545211579337e-03 5.842208197101624728e-04
1.196329358970250542e-03 5.029799195073737491e-04
1.212691098615000613e-03 5.403610237223057484e-04
1.313791023651471540e-03 5.600161522297009446e-04
1.337556741108879288e-03 5.676430869906895537e-04
1.331861369507577036e-03 5.367640123415319976e-04
1.341788345885576916e-03 5.620468584073179570e-04
1.123680233976788847e-03 5.072711106584149423e-04
1.316926706864370803e-03 5.541571532574549042e-04
1.399397807873362532e-03 5.731695856844337862e-04
1.283392560062734207e-03 5.246927155078366786e-04
1.345167732288155655e-03 5.270054252862291797e-04
1.477961114003201269e-03 4.530014840707355579e-04
1.380591568884140989e-03 5.720430818429056603e-04
1.249039308069634872e-03 5.558940733588128673e-04
1.445196541435927497e-03 5.881226208930511162e-04
1.482080322223734876e-03 6.128091924706078860e-04
1.306743491108147389e-03 5.667204014450383937e-04
1.158798876977769213e-03 5.143394188067926818e-04
1.161176330348057811e-03 5.743710266556180952e-04
1.283373226816937607e-03 6.020641977768834401e-04
1.388181145920216499e-03 4.908369289120983114e-04
1.410455833499160228e-03 5.113145572389718885e-04
1.337801108672770009e-03 5.781591830743584804e-04
1.203988981608549672e-03 4.973253044365681446e-04
1.294288718987344914e-03 5.402871357453522139e-04
1.287302288407577702e-03 5.289061722480075181e-04
1.274750506696999521e-03 4.930866899850238705e-04
1.643450537378485102e-03 5.733380709797636842e-04
1.436765149548105023e-03 5.889262761636679215e-04
1.290349554547927206e-03 4.903484864461230084e-04
1.459966840160705371e-03 5.608840780777167015e-04
1.415143452382035911e-03 5.231654368762164329e-04
1.326682898652061654e-03 5.051885392882177628e-04
1.295723348577770091e-03 4.834520161680798335e-04
1.259456266944678979e-03 5.382461036712784131e-04
1.089088445321834304e-03 6.095506680980823265e-04
1.225232080818936973e-03 4.940364019358380173e-04
1.287656359333795878e-03 4.986978457337649072e-04
1.420584685828315489e-03 5.777800204069869329e-04
1.506051814628858515e-03 5.572280407780405564e-04
1.172258650782334729e-03 5.675097514112655700e-04
1.276965955116751228e-03 4.744351524030706257e-04
1.509086998414964614e-03 5.627846976276673152e-04
1.256060773118667425e-03 5.424601591106640230e-04
1.462744357170401308e-03 5.402120188639637603e-04
1.267702207004459255e-03 4.738901902019065568e-04
1.323119517814285795e-03 5.546413485929760226e-04
1.424969601515468833e-03 5.020451589546245366e-04
1.631590820244768194e-03 6.276329365560123601e-04
1.142966198637224758e-03 4.728630188239545096e-04
1.244222598396599105e-03 5.690975126205460172e-04
1.434169699206693091e-03 6.001187575471062787e-04
1.312751547921510269e-03 5.339742266841224216e-04
1.443555938813495055e-03 4.678477838538300107e-04
1.353222450602246333e-03 5.088677125216700074e-04
1.391063953384215216e-03 6.297983041217919756e-04
1.481687206245324183e-03 5.016754978215386953e-04
1.080645310457779579e-03 4.744812837888914337e-04
1.323933135072976252e-03 5.054498963825901619e-04
1.361699325739600943e-03 5.208731339358694873e-04
1.598256202060380519e-03 5.633837242057080806e-04
1.446884418803225884e-03 5.904577636744318125e-04
1.326479003086322196e-03 5.061724066507087031e-04
1.434106956479344391e-03 5.365373293837156317e-04
1.241238915157577951e-03 4.775907551066612940e-04
1.415866942329382277e-03 5.948970026071008889e-04
1.152173551719114881e-03 6.003508994932136742e-04
1.348633613060116034e-03 6.097929818211682632e-04
1.175022973164587719e-03 5.002280066236048988e-04
1.318115331543860637e-03 4.803824635990654505e-04
1.533727248515020115e-03 5.421340586820312364e-04
1.429802457564576055e-03 5.688615568331671819e-04
1.378630681939311056e-03 5.365199908195342248e-04
1.342107993032411444e-03 5.434596248106446717e-04
1.163144052131666025e-03 5.229830861820221072e-04
1.428056806250020336e-03 5.279139479578772061e-04
1.373421699537483382e-03 6.542256025478121332e-04
1.288024073870172809e-03 5.518951524483829653e-04
1.264577393421845468e-03 5.007536314565168983e-04
1.340698309922936033e-03 5.263835767913159405e-04
1.274506649606616231e-03 5.629987576566645047e-04
1.261766400203349079e-03 5.682670251016046182e-04
1.016528175511984336e-03 4.724616051397972417e-04
1.718092145655041904e-03 6.016806563348049176e-04
1.399173894903871793e-03 5.225556155606540581e-04
1.344216050601698036e-03 5.289463791978269748e-04
1.159280085348405806e-03 5.089540906811810357e-04
1.517087423594505038e-03 4.962893531643790528e-04
1.408932945453314056e-03 5.202620784003661285e-04
1.336616255441505944e-03 5.717916645701949779e-04
1.292924066757681614e-03 5.074868190278359215e-04
1.396250429908717705e-03 5.443946477057286975e-04
1.479691172063416892e-03 5.891573030108347231e-04
1.300251741283911522e-03 5.403107063517595355e-04
1.577078585677627043e-03 5.142620555703945624e-04
1.449503780909229848e-03 5.719429999464015939e-04
1.247581668434661348e-03 5.653462955297325126e-04
1.150309692819172658e-03 5.393333061615359237e-04
1.435725895616401897e-03 6.247286577092790337e-04
1.276664814958346520e-03 5.189691168533350435e-04
1.157919304528254052e-03 5.108040929481597048e-04
1.162908364683142666e-03 4.504302387595809898e-04
1.227643131384151005e-03 4.960401671244402642e-04
1.505820804505945097e-03 5.039430857036057481e-04
1.338653095297842946e-03 5.403706467271135721e-04
1.621399275011100628e-03 6.118963103180034011e-04
1.308365689562484722e-03 5.395296212708247880e-04
1.314757477125477530e-03 5.148869051782920111e-04
1.522725147351927264e-03 5.656834066862494398e-04
1.180746642371670492e-03 5.879032355267019543e-04
1.416045624628738163e-03 5.935126215711906007e-04
1.347655282016931846e-03 5.530317995947554768e-04
1.406290230293387586e-03 5.046695796533170065e-04
1.209734927932769972e-03 5.273338351312896986e-04
1.213055074784848445e-03 5.176602369623750427e-04
1.238865075155631303e-03 5.503829553842280861e-04
1.189977987192284131e-03 5.227197865436037337e-04
1.495429573361737371e-03 4.937275351986286989e-04
1.184381694566506282e-03 5.158159876675498306e-04
1.353485364184476387e-03 5.275038480892376390e-04
1.400365745179593582e-03 5.498818765371375804e-04
1.214491302492317270e-03 5.119864847416082630e-04
1.305761337060730573e-03 5.502395385085296535e-04
1.359596634169659085e-03 5.370312125835102453e-04
1.558050663335763548e-03 5.481420522164446533e-04
1.297768073988585366e-03 5.193533897785803559e-04
1.266194216046397569e-03 4.865894209634082286e-04
1.524792595967810983e-03 5.873340127760298115e-04
1.322737609414984016e-03 4.943079988909352806e-04
1.415911321754762323e-03 5.490983831343123961e-04
1.501755277067390098e-03 5.139886021889610761e-04
1.307024550787817211e-03 5.552140554397999410e-04
1.307692340500058760e-03 5.257065619508464495e-04
1.375790074024645787e-03 5.189069173159929901e-04
1.385709508967119261e-03 5.036424776854708232e-04
1.342599161705592369e-03 5.116564524373580676e-04
1.309165505878194091e-03 5.457088856114594927e-04
1.423862477780991334e-03 5.307638122373290043e-04
1.427763846525116577e-03 5.212882554706358166e-04
1.395296132841651821e-03 5.490418206218267887e-04
1.263407858512834636e-03 5.689871163259617405e-04
1.447958116360604369e-03 5.281551297258291330e-04
1.367730942842078660e-03 5.756439284927404067e-04
1.313366730421348678e-03 5.876724049334532173e-04
1.420214622549773389e-03 5.862628470613852729e-04
1.405846093308311257e-03 5.265203008395247805e-04
1.316126072428612731e-03 4.582078461253415299e-04
1.396153612405355397e-03 5.767681760209238204e-04
1.430934926985793273e-03 5.844340054090956926e-04
1.274966840328456983e-03 5.440500599970105305e-04
1.252882283701804754e-03 5.582420574067025734e-04
1.318450652055836933e-03 5.218082101953721913e-04
1.389242824884453012e-03 5.059598453534716296e-04
1.190334287482555696e-03 5.068195516416953636e-04
1.343839316946493891e-03 5.597069738483414700e-04
1.371580562078960914e-03 6.014515877359805692e-04
1.494764139798866265e-03 5.856936841599417846e-04
1.328542449008906275e-03 5.716938065799062347e-04
1.226067198287523943e-03 5.212537945452931165e-04
1.134025944808244755e-03 5.264382031959593568e-04
1.075186899870740533e-03 5.176827705309955570e-04
1.397045579139744812e-03 5.324608529051283673e-04
1.576353057964520726e-03 5.222226843420583109e-04
1.409356897308214557e-03 5.684451456060069571e-04
1.323594543043390623e-03 5.347765558129775020e-04
1.294278185222941203e-03 5.149600881046257706e-04
1.204322952949890514e-03 4.834891253553640880e-04
1.178650556294861792e-03 5.338797859756300819e-04
1.352222105701624683e-03 4.376728540632578396e-04
1.108064301072469874e-03 5.689153021098141859e-04
1.436212065087782248e-03 5.856009420790183424e-04
1.438828905694847964e-03 5.663183755942526477e-04
1.318525902167470799e-03 5.630743288874917813e-04
1.119257506467678798e-03 5.518010709248429143e-04
1.183573143784610567e-03 4.947284303873338961e-04
1.143068502912777517e-03 5.200677880226420736e-04
1.246435604999049720e-03 5.429051660166575545e-04
1.523658948871045539e-03 5.309958356419410951e-04
1.551385904211909084e-03 6.064021844520747339e-04
1.283571237343392830e-03 4.941806596086859103e-04
1.190697437709803842e-03 6.565457814127876896e-04
1.400412703678152173e-03 5.623789243461529931e-04
1.319744402182710611e-03 5.026501638634056938e-04
1.143452441296513101e-03 5.450320686785074158e-04
1.337304281700219238e-03 4.924055669713088904e-04
1.421279953755101707e-03 6.003887406065906880e-04
1.204279327701020339e-03 5.870868094698408843e-04
1.353509269295664679e-03 5.334618415425174684e-04
1.265323705359921568e-03 5.629974196477705028e-04
1.125624279616869788e-03 5.491075493122180668e-04
1.406695581928814939e-03 4.852111130839241015e-04
1.185809003196067885e-03 5.262819733080815630e-04
1.247751786440620594e-03 4.672369063832737166e-04
1.179600061488306033e-03 5.071790451295018782e-04
1.354508416446004128e-03 5.550817553375604228e-04
1.192886688340072648e-03 4.858758422269733091e-04
1.664253845984129841e-03 5.846305581844773091e-04
1.228742745799468739e-03 4.964598369389431557e-04
1.336263352700415392e-03 5.688481509960028638e-04
1.291392966344985949e-03 5.764855662466747193e-04
1.364464425883034045e-03 5.654640626745171660e-04
1.285044053294969076e-03 5.203926083211829782e-04
1.218350000979749907e-03 5.494612275128371321e-04
1.276235765976388133e-03 5.106673993261820607e-04
1.358215473061011661e-03 5.332470399725211009e-04
1.340234723057798357e-03 5.772471527714420061e-04
1.158698573008640860e-03 5.407021783655778426e-04
1.273718594076228604e-03 5.671572107929829945e-04
1.273754909187019713e-03 5.013044636158285041e-04
1.461203498515532785e-03 5.565971877831951730e-04
1.205122212762152608e-03 5.717931572114798560e-04
1.298508967652493590e-03 5.966296273949548866e-04
1.297127209192795597e-03 5.410262703831281118e-04
1.327972272852951351e-03 5.404156366148215500e-04
1.210839075906223810e-03 5.378485473523879736e-04
1.196141538446561384e-03 5.826288923362322146e-04
1.396690392986741150e-03 5.300431540800501582e-04
1.274797508377819482e-03 5.549008076354232637e-04
1.518866680824516131e-03 5.217454692683770861e-04
1.191530482674599180e-03 4.976827283036423799e-04
1.417291854964327627e-03 5.666372728898056311e-04
1.557699908745064287e-03 5.496995907949951297e-04
1.580993416772013107e-03 5.555530899681518234e-04
1.161281408012133096e-03 4.861019344884119045e-04
1.605189233825336619e-03 5.100347181767874924e-04
1.351595947899984773e-03 5.306274121949372405e-04
1.282859722894476827e-03 4.998939579412829985e-04
1.455041880437271933e-03 5.904541893945765415e-04
1.353890041344787357e-03 5.452896333130375544e-04
1.599691128597270076e-03 5.728735032987661638e-04
1.378082928629815280e-03 5.106222353263550461e-04
1.336296607625624133e-03 5.632625165871731326e-04
1.401638793341138415e-03 5.831495332732166380e-04
1.369711640594305484e-03 5.859289393994844075e-04
1.310223571513207969e-03 5.432405894419167812e-04
1.252807431244290807e-03 5.984883449782999344e-04
1.562874150288923788e-03 6.268906500940537403e-04
1.190655509918803028e-03 5.371686126613649769e-04
1.143355503114172264e-03 4.725438741024938017e-04
1.332467041080677428e-03 4.833943369977024220e-04
1.221622707885545436e-03 5.627497326268931545e-04
1.486847848466582925e-03 5.396470630339207262e-04
1.352012931489533169e-03 5.599390673392289942e-04
1.765206922454501740e-03 5.254514002515134861e-04
1.232186157108926695e-03 5.742668568203272879e-04
1.432571327215962330e-03 5.759490493769700396e-04
1.494113764722804867e-03 5.995558690938468990e-04
1.463939702171225500e-03 5.670668268449191064e-04
1.218939749619726799e-03 5.386958069730669874e-04
1.210391045988079345e-03 4.638896767467362223e-04
1.448898891777158958e-03 5.797395708003313854e-04
1.475718610456377283e-03 5.660530269419620716e-04
1.431110610082727153e-03 5.359008746556277259e-04
1.280504987395518881e-03 5.057580226027134614e-04
1.368049910917846666e-03 5.895581764429186616e-04
1.112041361084205315e-03 5.285459005412666139e-04
1.453888913787632770e-03 6.584740253046828667e-04
1.279791001318328868e-03 5.914909172096842515e-04
