1.278533316548395669e-03 3.844742842605245077e-04
1.207273646459982794e-03 3.949488158167261320e-04
1.249364626685201115e-03 3.981428100505121658e-04
1.050351967136388918e-03 3.926570612391671439e-04
1.259852042647089526e-03 4.103082902894878846e-04
1.259270368571777099e-03 4.223874370618020397e-04
1.192936293366505477e-03 4.005906558826636491e-04
1.365431336502233046e-03 4.099351459636084395e-04
1.206982261370249335e-03 3.999189018540882370e-04
1.173477113401498722e-03 4.080582842200706985e-04
1.014258174827424759e-03 4.248715462809159616e-04
1.197530108045218641e-03 4.175020024782494731e-04
1.287741826652424914e-03 3.650788952435565500e-04
1.198413523908256357e-03 3.726749394520603915e-04
1.211153998005813593e-03 4.003174409035211269e-04
1.254596438329295786e-03 4.573065533991140658e-04
1.304665335666584146e-03 3.957740624935890753e-04
1.198973233739651211e-03 3.976621259445510819e-04
1.229866913643252015e-03 4.168238192191121741e-04
1.092043349502592889e-03 3.993401258737239688e-04
1.082915541562682335e-03 4.163764731575422665e-04
1.354551533516628941e-03 3.864048663142361905e-04
1.289663481283085571e-03 4.638555247799050203e-04
1.280507906713500895e-03 4.125751196001934502e-04
1.237386692165722999e-03 3.976707502685860609e-04
1.169945568536101804e-03 4.476353711564282295e-04
1.324848298075570734e-03 4.202622910458061307e-04
1.210589054208025418e-03 4.129165105772797709e-04
1.190453213170738177e-03 4.283622960859299195e-04
1.030985655492482229e-03 3.808150121962516638e-04
1.315234776780346187e-03 3.999515223978216761e-04
1.279052448098409863e-03 4.359603173896388698e-04
1.232669062077617608e-03 3.951989916395033469e-04
1.244685983034810386e-03 4.056954819936036912e-04
1.335759464053059599e-03 4.047977190321751435e-04
1.176013902096864064e-03 4.445522003472865804e-04
1.178549701920517025e-03 4.095109302419770096e-04
1.225641694101486543e-03 4.119541622881161798e-04
1.259812122035471483e-03 4.179563214879284359e-04
1.208372793264679513e-03 4.210962207765696417e-04
1.331641806914118367e-03 4.065980652219200811e-04
1.227447287522320622e-03 4.247367913558372445e-04
1.300040351046242342e-03 4.412767537123368409e-04
1.304250181231338167e-03 4.060527376922921884e-04
1.249939936067963201e-03 4.055665946311178363e-04
1.105132947294515606e-03 4.373898147050055488e-04
1.157098884831946495e-03 3.824267466108966971e-04
1.131451331226312118e-03 4.271651022275602051e-04
1.331003559182376275e-03 4.000436411382638359e-04
1.212213228343883044e-03 3.858712021863476126e-04
1.271694514141609575e-03 4.253638456240277778e-04
1.338763156762126693e-03 3.743179009402669306e-04
1.241310024645109981e-03 4.118035608598794549e-04
1.192497915937273988e-03 3.932326713285168437e-04
1.336909750894592222e-03 4.153422886408118493e-04
1.195821757647110538e-03 4.308987624662574830e-04
1.196685660750536817e-03 4.043801169769701848e-04
1.237744602228161911e-03 4.111574643335255620e-04
1.237894911984107173e-03 4.006121390459812235e-04
1.238874379555723057e-03 3.906436963965257661e-04
1.280215570002524259e-03 3.733886371920884777e-04
1.205540291818314692e-03 4.226018927966803231e-04
1.116920305270037309e-03 3.668120897820617739e-04
1.190362697835277775e-03 4.025626991541909482e-04
1.426182272039543033e-03 4.333729508983249893e-04
1.177767051128312007e-03 4.435437046463491014e-04
1.216650273455053850e-03 4.140865755519933049e-04
1.109622873569182482e-03 4.360581835359780465e-04
1.357354594214131094e-03 4.224802047224551142e-04
1.328580603413890247e-03 4.323963316108525318e-04
1.167442592368702573e-03 4.014425018597045738e-04
1.201190822593529951e-03 3.661551795932979766e-04
1.223543810265710760e-03 3.705185083099957850e-04
1.242315177679658659e-03 4.614184817708207259e-04
1.251642116940025664e-03 4.193336497749050834e-04
1.154799053038874047e-03 3.853686128071958034e-04
1.261794582117319952e-03 3.951848300184115080e-04
1.211568531696074428e-03 3.825945861663674957e-04
1.246717828177321043e-03 4.199083273326884936e-04
1.265091635922982764e-03 3.956074751912775711e-04
1.198890579941436652e-03 3.936448970863928149e-04
1.280924107224038584e-03 4.265255944172395238e-04
1.003404301433846041e-03 4.325834834809460356e-04
1.223987880845631626e-03 3.865422726876180642e-04
1.240684872687034326e-03 4.126457931656626562e-04
1.219096398056141025e-03 4.341024369746372593e-04
1.343372865546857073e-03 4.339290911274279222e-04
1.315562066371087600e-03 4.128743769482282511e-04
1.152447136927601872e-03 4.029855984660631290e-04
1.191324928768617251e-03 3.902932156703644868e-04
9.800211335641107000e-04 4.457216890030025439e-04
1.119167266927335825e-03 4.135166719474784561e-04
1.154384642432861952e-03 4.000916209339681852e-04
1.293251125122423959e-03 4.062370214965925312e-04
1.154001325869248454e-03 3.836770194608199111e-04
1.074280505142809032e-03 4.093386299354798401e-04
9.964603730506114629e-04 4.042587831362235719e-04
1.206663926299347952e-03 3.770535910131958177e-04
1.143631300111502911e-03 4.044214687059631162e-04
1.305022502330470489e-03 3.969695222239540220e-04
1.242450515480200820e-03 3.870900824957930020e-04
1.155223743585002743e-03 3.981791107894802075e-04
1.315615599856007978e-03 4.275965522736769079e-04
1.271893418725717362e-03 3.942154584484865902e-04
1.128740445059695733e-03 4.317339508494055680e-04
1.245069047307465360e-03 3.848243404622003977e-04
1.354046846743080625e-03 4.121233019832377031e-04
1.174512982801158116e-03 3.994751122905889295e-04
1.295679572542413321e-03 4.445017818853507136e-04
1.211413700294507872e-03 3.959856381489564319e-04
1.193111208530669032e-03 3.986733702218214033e-04
1.173046977435469656e-03 3.871893717409208378e-04
1.171018618238770957e-03 4.105208291666552511e-04
1.177877832031570728e-03 4.072371720165814438e-04
1.348469369240330295e-03 4.056371584354069712e-04
1.240158399982523550e-03 4.086434851469287447e-04
1.256864885381218542e-03 3.960619440763220702e-04
1.114588548955107840e-03 4.391737226533794160e-04
1.284012924230488323e-03 3.779124311672997223e-04
1.293541241440255857e-03 4.327508999880661433e-04
1.360320636765252221e-03 3.853745211078603815e-04
1.261898169596522819e-03 4.661660099107914346e-04
1.183194825786722899e-03 4.139367695103357168e-04
1.113139430678131364e-03 4.433485882712472916e-04
1.306494186594587279e-03 4.149865189828559858e-04
1.170696952562608369e-03 3.768108102957845097e-04
1.243671435546726302e-03 4.262850356634627315e-04
1.186228203814351572e-03 4.189195269010497738e-04
1.109414811512987207e-03 4.010247244899829136e-04
1.098620347054449871e-03 3.948309973967581064e-04
1.280237254606674544e-03 3.993806972960919216e-04
1.316781289708543121e-03 3.991840090016666727e-04
1.175686819651916440e-03 4.412193397646243858e-04
1.134820424105835663e-03 4.103482857644193929e-04
1.132060723909051247e-03 4.350524356478787280e-04
1.256430323220003933e-03 4.441967079051924736e-04
1.255949080435697727e-03 3.963395289116096063e-04
1.172956067428503925e-03 4.194482529623964721e-04
1.202934503031287319e-03 4.541876493360812628e-04
1.228507384816191709e-03 4.315354632064302785e-04
1.080678052108678981e-03 3.933150604591251578e-04
1.263030432863745988e-03 3.884345729784301118e-04
1.113996987953914334e-03 3.878385881732619354e-04
1.282726824904577463e-03 4.158087951347494253e-04
1.140837338334642435e-03 4.660729660881323365e-04
1.278550129206129995e-03 4.647364456723292181e-04
1.075269487641278277e-03 4.185796805821586416e-04
1.083197292895435922e-03 3.766739646760851649e-04
1.236818800351464995e-03 3.953507095809426566e-04
1.311880523646897405e-03 4.217503032560865079e-04
1.093522553801057947e-03 4.264984469348622560e-04
1.272922002433424672e-03 3.979911905289422783e-04
1.243756674654913040e-03 4.006025661656382000e-04
1.229219110319135048e-03 3.882307713057030511e-04
1.119313730277509290e-03 4.019284390805916737e-04
1.132199931309008610e-03 4.012297435189105194e-04
1.244577648557866666e-03 4.400683311657553566e-04
1.319412947347953398e-03 3.931764274760159205e-04
1.090417112382810949e-03 3.913425044325081689e-04
1.410682615703993991e-03 4.098441934201828393e-04
1.166872364726819714e-03 4.224103094475436691e-04
1.175472001349296214e-03 4.016842006798713462e-04
1.357808198113219901e-03 4.003889109213130460e-04
1.237724268779222779e-03 4.223543578166906128e-04
1.082376150210335834e-03 4.018118000643403727e-04
1.198736585346709630e-03 4.061719260836108231e-04
1.288495485957525050e-03 4.369621003584735338e-04
1.262709562073851101e-03 4.153755482461286711e-04
1.114599099898192554e-03 4.203572041120293081e-04
1.158758578856345853e-03 4.169749545854347012e-04
1.253258508187142690e-03 4.232474432104532777e-04
1.149748994471056418e-03 4.380955655053621008e-04
1.177348982576926009e-03 3.876266991284743157e-04
1.154485612880016068e-03 3.978575072899540174e-04
1.200654090701772699e-03 4.041495854715349912e-04
1.175717920416822571e-03 4.132799590614910971e-04
1.163944893039738169e-03 4.216750970163345180e-04
1.201933084755055703e-03 4.383587702303994461e-04
1.132749795394316118e-03 4.074909222825232372e-04
1.162865368332314858e-03 4.206245784708357704e-04
1.222601990764781658e-03 4.128501383830637220e-04
1.279318748192500785e-03 4.272947197609376917e-04
1.183141390215450631e-03 3.741033071679510471e-04
1.239623295967289983e-03 3.940900488545082104e-04
1.188137046487397616e-03 4.415408393952734807e-04
1.127941968312147405e-03 3.971283257317155904e-04
1.286129684288112723e-03 4.119896619512120267e-04
1.240685806216505500e-03 4.188256547764038348e-04
1.240301208682202455e-03 3.873459713117415265e-04
1.390624563343852713e-03 3.965676592984842554e-04
1.243707832218494567e-03 3.843983012256257568e-04
1.116444220992348193e-03 4.019484253951381226e-04
1.322997640354724776e-03 4.160882207361965785e-04
1.278886505429935446e-03 4.024901088695750071e-04
1.194221275041033653e-03 3.984194569363730789e-04
1.133710709064327232e-03 4.243278444929643868e-04
1.194224017511508976e-03 4.250164335010635079e-04
1.219826985255652264e-03 4.021342410330422759e-04
1.225555608402650442e-03 4.550385463122602983e-04
1.234694048783263175e-03 3.875715214262265979e-04
1.218932376379447402e-03 3.651987210066055031e-04
1.230454662751542631e-03 3.941492560349891053e-04
1.360878437192810427e-03 3.885072060867606793e-04
1.243897749825002971e-03 3.967927308206209576e-04
1.051816378995233539e-03 4.088060501441611780e-04
1.271268466738566943e-03 4.055395045250548801e-04
1.096533301204029179e-03 4.699751738769211880e-04
1.190739731216784074e-03 4.039997770663933743e-04
1.120817500969255092e-03 4.238287211200024787e-04
1.163679406077859201e-03 4.420522856664465682e-04
1.066372460246405333e-03 4.335048055463585422e-04
1.161583002217674281e-03 4.220010100461789228e-04
1.037883939255887554e-03 4.088334880024818425e-04
1.201101893767919041e-03 4.435917100981610060e-04
1.241398083169165025e-03 4.180681936195627208e-04
1.132242206690490778e-03 4.128094322501659288e-04
1.247798945657570312e-03 4.088552771432016320e-04
1.076739779212979248e-03 4.005060817728766276e-04
1.262399074854544858e-03 3.987016321361095197e-04
1.260217120667748471e-03 4.133860234374516483e-04
1.249530346759217475e-03 3.986811723749733583e-04
1.131676444661129611e-03 3.684955795262524411e-04
1.181353028837881956e-03 4.091545369461026586e-04
1.149144781739609190e-03 4.075501734284440363e-04
1.332255448887345768e-03 4.493067655250841436e-04
1.218195853945470801e-03 4.130080109927657529e-04
1.280786311649167097e-03 4.098255198167219480e-04
1.199920418336483446e-03 4.425362412417136642e-04
1.320237795428552598e-03 3.923371602821837194e-04
1.240564566526582797e-03 4.009302096909631865e-04
1.455048473365136820e-03 4.162592693898880419e-04
1.068740417161174842e-03 3.768427038450963633e-04
1.161471587751595298e-03 4.131173659599863364e-04
1.206376578907853185e-03 4.427714619334050536e-04
1.154647737453582757e-03 3.923424471179313348e-04
1.246782243673778519e-03 3.932247739395067893e-04
1.248152589598234804e-03 3.931116071793781981e-04
1.137717826893560897e-03 3.911918384754469943e-04
1.148896585371331647e-03 4.120982955795826305e-04
1.076979120705806939e-03 3.991263132012471369e-04
1.126819556569471541e-03 4.302954249232743820e-04
1.346290919962349342e-03 3.965616464614350289e-04
1.041803542042486850e-03 3.675954204558550486e-04
1.251619693850367174e-03 3.826899518743486785e-04
1.270426024104155584e-03 3.844394631794894831e-04
1.205962007471295594e-03 4.053026313665490654e-04
1.240992310319173359e-03 4.357836083395612054e-04
1.256886204348977437e-03 4.167015475888297018e-04
1.202736713899214740e-03 4.295314191858071911e-04
1.109802689940843183e-03 3.987567171854839083e-04
1.251587105338765890e-03 4.010751560551554834e-04
1.369078567186678835e-03 4.362912844867258442e-04
1.362693574304663395e-03 4.293270674463858425e-04
1.274497382966193349e-03 4.063118762610361907e-04
1.280072953373296912e-03 4.026930654090611714e-04
1.226788233400608009e-03 3.593992471108599786e-04
1.063678680333155673e-03 4.146964071989645310e-04
1.115935300910392280e-03 4.132076866518597912e-04
1.302841716100163003e-03 4.145384299089490375e-04
1.210535095978214088e-03 4.116562283389560775e-04
1.244435073963996502e-03 3.961506265606041339e-04
1.213688330185386504e-03 4.282109456068832094e-04
1.261572540495916770e-03 3.960323329313835176e-04
1.190452858161609746e-03 3.787381156063123833e-04
1.184646454453048897e-03 3.996189738060910166e-04
1.177768883528267736e-03 4.454155928189737642e-04
1.244857469550663363e-03 4.541253921301876889e-04
1.222868102737247531e-03 3.983570759401766268e-04
1.158155322967379525e-03 3.970394956564093263e-04
1.124774319438518648e-03 4.302693803022031370e-04
1.353236904185079956e-03 4.035669111693749819e-04
1.193010132969158027e-03 3.913806936565422906e-04
1.293121928394537186e-03 4.364486959913032520e-04
1.228186046187245686e-03 4.280629694294489293e-04
1.137508196989004284e-03 4.473763243884860507e-04
1.187445597230043712e-03 3.780817798668605978e-04
1.333107409119701483e-03 3.536879790444524331e-04
1.198804951486776016e-03 3.960980583049192164e-04
1.215551637155368441e-03 4.010632299389334590e-04
1.237247507534211619e-03 4.102771142879579652e-04
1.164083180360172545e-03 4.276546345564648504e-04
1.242738491957090258e-03 3.814954975261160416e-04
1.199900629146561509e-03 3.847199064257431122e-04
1.298590082502317335e-03 4.018093136501466956e-04
1.273670044919669080e-03 4.392014608085258978e-04
1.313045844145781802e-03 4.326644268058862366e-04
1.114962032612588352e-03 4.351648151067268890e-04
1.231458846477672623e-03 4.021009400956457682e-04
1.082192355144865822e-03 3.934878937689420845e-04
1.156645861743063174e-03 4.478163111097942543e-04
1.218396974001889838e-03 4.680578393080124348e-04
1.199820937477194061e-03 4.226673749392511931e-04
1.115100281728204730e-03 3.905954210740771732e-04
1.222737389072210863e-03 4.254065648042679431e-04
1.350047587162693736e-03 3.871462973001874486e-04
1.144847783205131661e-03 3.971628454020533785e-04
1.327447529576586622e-03 4.213504792584840501e-04
1.236585094849749046e-03 4.103072931143924586e-04
1.307087119352815137e-03 4.194754287608772709e-04
1.140143330648065931e-03 4.139437412619792109e-04
1.164184920290808585e-03 4.260683190492912053e-04
1.185957175462855253e-03 4.299806872750089304e-04
1.217355653645965955e-03 4.112869324132431515e-04
1.412335104691202345e-03 4.010696053016770996e-04
1.223700985877928648e-03 3.754734071042430316e-04
1.315253952466931015e-03 4.076721768494325957e-04
1.521839655564003130e-03 4.300561219445111333e-04
1.195674236866835043e-03 4.318218451814707470e-04
1.408238952685561974e-03 4.321029770114664307e-04
1.068322905103345159e-03 3.827131668985122833e-04
1.202797045871686682e-03 4.098647101744355530e-04
1.336598139536545335e-03 4.576669891187697646e-04
1.289786124701707308e-03 3.945147168652323203e-04
1.162504183128318250e-03 3.925435944763581942e-04
1.279062240431041476e-03 3.925236571229991718e-04
1.296556788157944215e-03 4.352539016256765461e-04
1.169355554204626379e-03 3.923461673756737733e-04
1.354216282665048369e-03 4.349402067431216794e-04
1.410319938640918185e-03 3.990886802136958331e-04
1.253676679238045375e-03 4.364191243341205379e-04
1.249032947894489860e-03 4.106641400746004482e-04
1.141279223438640888e-03 4.065395946594599439e-04
1.359601762134141382e-03 4.093459421803128588e-04
1.158281120233868155e-03 3.708650713419499334e-04
1.201003825920730862e-03 4.105346234905349139e-04
1.226734145017736042e-03 4.564727890833391731e-04
1.266846983476401737e-03 3.897795616533485412e-04
1.166463419321016673e-03 3.836331506922440880e-04
1.232820141002710082e-03 4.369744836175717376e-04
1.161766885095056982e-03 3.752363210506386398e-04
1.283802706200898227e-03 3.864467753831819026e-04
1.276358178213762113e-03 4.081516582438109012e-04
1.144132548915872353e-03 3.682258056778156064e-04
1.316280479747755378e-03 4.081803032695469654e-04
1.330033166403053659e-03 4.043426837086567193e-04
1.187239369261130443e-03 3.824055858082708653e-04
1.183150435226551197e-03 4.077231928206178973e-04
1.036951951207201912e-03 4.521783453838540781e-04
1.128560008010350002e-03 3.827475458926876749e-04
1.182986755398176756e-03 3.923804268489593434e-04
1.162541976791314291e-03 4.013672646055984673e-04
1.315621163178619163e-03 4.170080647499903250e-04
1.160131098431293507e-03 3.901525655549966613e-04
1.340965118267109816e-03 3.893390060617099926e-04
1.188181150997174142e-03 4.258747013685822125e-04
1.029417170623031898e-03 3.962685934023942470e-04
1.194084234112212676e-03 4.020174373265072119e-04
1.155801028492254917e-03 4.122012386888349251e-04
1.063871535812646943e-03 4.234826085726586657e-04
1.228776774150581530e-03 3.853870779394570276e-04
1.103594765577870689e-03 3.768100527117778601e-04
1.202097388574898231e-03 3.652341049817784584e-04
1.415368542067312659e-03 3.779992393025720723e-04
1.152675501271202638e-03 4.205268011990349647e-04
1.162193091910488285e-03 4.200264915904633163e-04
1.308470844064102846e-03 4.420512957944117507e-04
1.201543178226527949e-03 4.049659917662747056e-04
1.093982828092508264e-03 3.513365586844222912e-04
1.080520820046274987e-03 4.169414285044301723e-04
1.274653829861843463e-03 4.117928516587605133e-04
1.225393903465931160e-03 4.128957635384069083e-04
1.182591250048008755e-03 3.553709570898760830e-04
1.055967824790681603e-03 3.832132303251936829e-04
1.383069021970520030e-03 4.541678759113023690e-04
1.050388648944051029e-03 3.917442217838753042e-04
1.221028231172040582e-03 3.754836116637233294e-04
1.282450292170741893e-03 4.135911780317138198e-04
1.278734543661766985e-03 4.291542510110747774e-04
1.323349521164032859e-03 3.963878251333967200e-04
1.097208154374950664e-03 4.237948830742855862e-04
1.116498260511228531e-03 3.905406163534469433e-04
1.186408688221459763e-03 4.272891858923330696e-04
1.237153631214425080e-03 4.284684583112527098e-04
1.155384956616680586e-03 4.334719946978743584e-04
1.156927031642406012e-03 4.484002685087597716e-04
1.481571598036853865e-03 3.824912839529508819e-04
1.167901084786465010e-03 4.170177310912333919e-04
1.459160970757889799e-03 4.613683870183641115e-04
1.178364716825669022e-03 4.214647203336933305e-04
1.124515169092326489e-03 4.039299522928209082e-04
1.310758705564568118e-03 3.903396595580729432e-04
1.081993079418051840e-03 3.837608376884923825e-04
1.224434450197024130e-03 4.325413169957786842e-04
1.172430808231970413e-03 4.148121877843076065e-04
1.317122378171312188e-03 3.778488730720101600e-04
1.141264516226922878e-03 3.610225816073523537e-04
1.202305397425387171e-03 4.230087712047491495e-04
1.382177791655663174e-03 4.404392779612824522e-04
1.189234550110199531e-03 4.102386160604887537e-04
1.283754341939434681e-03 4.245261891476783084e-04
1.118468904834049550e-03 3.953424609141470425e-04
1.252391913007341005e-03 4.424239806765137934e-04
1.301548596515905926e-03 4.204347266442326524e-04
1.162365584027737469e-03 4.339834173610705986e-04
1.332941088545557418e-03 4.380850354612619152e-04
1.316085568781436487e-03 4.157406058099248495e-04
1.390689227429881642e-03 3.798575947812347811e-04
1.204874483334859208e-03 4.261141579604449153e-04
1.140426705873866025e-03 4.209032364128945558e-04
1.233649919410046434e-03 3.834383222430437694e-04
1.210330316856699862e-03 4.130592421461428353e-04
1.179681401483226354e-03 3.988476677011047180e-04
1.105149931237176279e-03 3.985044706898674990e-04
1.060800928325642250e-03 3.803451885289990306e-04
1.306105432569152919e-03 4.145490789779929870e-04
1.137259153218720537e-03 4.292574844109901073e-04
1.295501285209952778e-03 4.538397568646369254e-04
1.082288175108956458e-03 3.911699082919527400e-04
1.288625452693396714e-03 4.577934589623964211e-04
1.156908944519856753e-03 4.337238858256262921e-04
1.101547828997867344e-03 3.776914840741593779e-04
1.105583353918492863e-03 3.673142543265986134e-04
1.100085613955031124e-03 4.116853914290879947e-04
1.313916899966541436e-03 4.332012085703075381e-04
1.282195398945213966e-03 4.298326442712232316e-04
1.118534262125669499e-03 3.614571873763864122e-04
1.143327196118460419e-03 3.991289030248918466e-04
1.333844698434678844e-03 3.609443355720804098e-04
1.170060021365950786e-03 3.896840530049633248e-04
1.162492544901807265e-03 4.003414205857669188e-04
1.197227339030753485e-03 3.929532202208251674e-04
1.237296068152195184e-03 4.554954602313621235e-04
1.213897537916500862e-03 4.288106888109883999e-04
1.196419012134992662e-03 4.412015271345664179e-04
1.185897961195557602e-03 4.201775018892750795e-04
1.169333972648431029e-03 4.184702817590732634e-04
1.268476421956133381e-03 4.063673861842130607e-04
1.243870760276136970e-03 4.198408173021714622e-04
1.219603701189995917e-03 3.980504285318029237e-04
1.154002120874528595e-03 4.125330186700664446e-04
1.009751291532335086e-03 3.859441154808914949e-04
1.222748365507860804e-03 4.188851948082139109e-04
1.346331523585326444e-03 4.101821108106300240e-04
1.243487433545603215e-03 4.123730407694170888e-04
1.214960900382182178e-03 3.933491575300148346e-04
1.195115733435620246e-03 4.167472214927024610e-04
1.272680413936920756e-03 4.127581926889267120e-04
1.077682297580885009e-03 4.065571355938441401e-04
1.184925894869525353e-03 4.312150301906695011e-04
1.045541261365124947e-03 4.055930041196706870e-04
1.158556074598936876e-03 4.275655375928948186e-04
1.163335896027542027e-03 4.064937098540594975e-04
1.390294830836585546e-03 4.444892158181417926e-04
1.329994906866511280e-03 4.192226666813968477e-04
1.313750831013160009e-03 4.007160557203918051e-04
1.209244900936426535e-03 3.940525499255528906e-04
1.163830574516981327e-03 3.987805142052838758e-04
1.217228216167668504e-03 4.345457807564896734e-04
1.337078882460326825e-03 4.084620930232056276e-04
1.151934818009531063e-03 4.112006869716007193e-04
1.058985123917054920e-03 4.335634526942772288e-04
1.213265159463235198e-03 4.051591225242326096e-04
1.225836014093800459e-03 3.847710271883351399e-04
1.084103123486829809e-03 4.351704703837770368e-04
1.213890437024532035e-03 4.385512071401495115e-04
1.220377567051720170e-03 4.454747342444860233e-04
1.298209866479551992e-03 4.257500285281302921e-04
1.202655406329960954e-03 4.278017444922519244e-04
1.353764629717208422e-03 3.922621667522532742e-04
1.156160445989221292e-03 3.849404648893706626e-04
1.269712410867709093e-03 4.380611664721048245e-04
1.292189087852243937e-03 4.143640293349140744e-04
1.140326817872962814e-03 3.984589814017143157e-04
1.362961934995775672e-03 4.092148123560308349e-04
1.255922854707776154e-03 4.117647117674225719e-04
1.131522943476175914e-03 4.212905740304986445e-04
1.333028457305876968e-03 3.793578203197597453e-04
1.280500189548956997e-03 3.996370333067918363e-04
1.206843708993551780e-03 4.313871644463267629e-04
1.165773312720414607e-03 4.026226510056648438e-04
1.127823804455272598e-03 4.170256137225141738e-04
1.152194820248025582e-03 3.959478530277687103e-04
1.240176810733674157e-03 4.058112143245800100e-04
1.314705473343649213e-03 4.133846444609400560e-04
1.171074008191574619e-03 4.183303688457715402e-04
1.052310752126337217e-03 3.950173431035554437e-04
1.219389012516947307e-03 4.313278793885032725e-04
1.239947916061245013e-03 4.130727746585291147e-04
1.172539447781265629e-03 4.120621826958781059e-04
1.235670526313771772e-03 4.369434487942502107e-04
1.276527408218601457e-03 4.335933506165534439e-04
1.307333127756546377e-03 4.235579414366003048e-04
1.264785088849681993e-03 3.991835838625981377e-04
1.197754463179942410e-03 4.106694394217161987e-04
1.259022853602142795e-03 4.268496204612419877e-04
1.282070616222739890e-03 4.076224902017820065e-04
1.169387804231655694e-03 4.331693814951218554e-04
1.031758151797220000e-03 3.977084155593343202e-04
1.214697329089537998e-03 4.146146721713207719e-04
1.153996058426124630e-03 3.923929735579264211e-04
1.210125937386665297e-03 4.141399205523009453e-04
1.080134924501223578e-03 4.262449304263654496e-04
1.226129547458405279e-03 4.035233156211438907e-04
1.201499023006525908e-03 3.841264780356719072e-04
1.454364738885050023e-03 3.863988389789648967e-04
1.332609211896173575e-03 4.218506009114722554e-04
1.246564050297928501e-03 4.258850559994690381e-04
1.137676936357814861e-03 4.152261729635360566e-04
1.195160182057805479e-03 4.345588647008415107e-04
1.309374310926216716e-03 4.221894058734743755e-04
1.139749132617474308e-03 4.603551598006264730e-04
1.244051590473439816e-03 3.913827097084859505e-04
1.180841616854303930e-03 3.991353169924930790e-04
1.075511618447460476e-03 4.276752706859843971e-04
1.203634943986415812e-03 4.243537626759753606e-04
1.124761194684540137e-03 4.581573489573283089e-04
1.119613916600447658e-03 4.268325044631325442e-04
1.318581597499576818e-03 4.168894161754661452e-04
1.197561279205334615e-03 4.447222263209235247e-04
1.058941417239949497e-03 3.861545389368460949e-04
1.220679210746885993e-03 4.245293145334203466e-04
1.218946317151052864e-03 4.252705840549198782e-04
1.313247762518197047e-03 4.125739974381129613e-04
1.295202737759807311e-03 4.246013253398500946e-04
1.158278087553528879e-03 4.099802141799931327e-04
1.355586434002529648e-03 4.432740975151849036e-04
1.130061465890059950e-03 4.529115509249632705e-04
1.123404693865628521e-03 3.923373956968204514e-04
1.175116265604964592e-03 3.907244454124646237e-04
1.084935475526585969e-03 4.137174588022870928e-04
1.284749644040613335e-03 4.615300937997884466e-04
1.290343444949779280e-03 4.122376778259158694e-04
1.132361811043896887e-03 4.146938023142734443e-04
1.305576099213972023e-03 4.018074980033515121e-04
1.300679488006265504e-03 4.133107850391250270e-04
1.285015228314285041e-03 3.888738702631246136e-04
1.290080251902125767e-03 3.845615862374118115e-04
1.245896411770891716e-03 4.151697507175525844e-04
1.119118206746785599e-03 4.123886973185785540e-04
1.146964731774218578e-03 4.299239373789634283e-04
1.219769716495717462e-03 4.417365403172590610e-04
1.180353723108935231e-03 4.204745558757186103e-04
1.139507972992745291e-03 4.389740285943713525e-04
1.195579555037459786e-03 4.189531630849047507e-04
1.237131516447840911e-03 4.173627455668837906e-04
1.223848490552785495e-03 4.877393531288215403e-04
1.269054228130963701e-03 4.009083577631256069e-04
1.237337401277333656e-03 4.005967167162434537e-04
1.496139739744563194e-03 4.339084950220990430e-04
1.211574541861124964e-03 4.145514360957751419e-04
1.388802311239516760e-03 4.306560931216625804e-04
1.249313633918528723e-03 4.503583604237149486e-04
1.230042695026811695e-03 3.810282810167532684e-04
1.293447357497067192e-03 4.493590383525435583e-04
1.344193550835579660e-03 4.124642716743479216e-04
1.124163200661650345e-03 3.504428432014792508e-04
1.100322788388491142e-03 3.675147776412967800e-04
1.114557051414371202e-03 3.836298589086692000e-04
1.185601678950610029e-03 4.092738865680479077e-04
1.296841760421142253e-03 4.062144067315748091e-04
1.296176079643383697e-03 4.084994206044823342e-04
1.239881073892849491e-03 4.404608499259337175e-04
1.185905438218354084e-03 3.922001730332690204e-04
1.058604191407796396e-03 4.065523176405379702e-04
1.074244391573859298e-03 4.292048084197496328e-04
1.158027985779726135e-03 3.723582975255022159e-04
1.359299796672768347e-03 4.116262706226043555e-04
1.440494604394735928e-03 4.531061864211861543e-04
1.258359423880748120e-03 4.334662326803925044e-04
1.252330237690100958e-03 4.005028691223069554e-04
1.325384591737825820e-03 3.941117979864341959e-04
1.305819271933868382e-03 4.034103440096720281e-04
1.253760419614554289e-03 4.156196656291213671e-04
1.316987059280501013e-03 4.399495468453077231e-04
1.151141038191725880e-03 4.219414032688038256e-04
1.118732697721793639e-03 3.884588202861817530e-04
1.226511233078671822e-03 4.193108759067169442e-04
1.144180948686261993e-03 4.143051939730825624e-04
1.245005234655202370e-03 3.947549019727042982e-04
1.208115480945395111e-03 4.175598071176075759e-04
1.178597781438419593e-03 4.033938620075378781e-04
1.178224612297548886e-03 4.106387056167298756e-04
1.213021917443029857e-03 4.154523337723608979e-04
1.352394233512465909e-03 3.961702372267333168e-04
1.302961839622111036e-03 4.053932535793135119e-04
1.072961420631594323e-03 3.805471642169614950e-04
1.240493174649333471e-03 4.067732205270079265e-04
1.280997901828905472e-03 4.067674278897728118e-04
1.149166332358977438e-03 3.914297394441932092e-04
1.229487557877516129e-03 3.917722275396855278e-04
1.245232942856532628e-03 4.238035789444091718e-04
1.267498879421142611e-03 4.358357201722682056e-04
1.306123392474048015e-03 4.545304996306424958e-04
1.228731916257242438e-03 3.997734090585972934e-04
1.392304975408963259e-03 3.905034476211866968e-04
1.259227924690731887e-03 3.900470296407429049e-04
1.249428661484920785e-03 4.068216683671371618e-04
1.232671610255360638e-03 4.137087591556407387e-04
1.235074420243000839e-03 3.986883995716013532e-04
1.319860432523206227e-03 4.098787210945219520e-04
1.123093888248034074e-03 4.154200315687972761e-04
1.265260624295300390e-03 4.147322238354890023e-04
1.261576909569094886e-03 3.951813826446044071e-04
1.331652327572930596e-03 4.072432718569676596e-04
1.291882732938094821e-03 3.862488553690285428e-04
1.201055912976513535e-03 3.892988266804572688e-04
1.450868404853255210e-03 4.516225159356793725e-04
1.299206469622527947e-03 3.678121271820544605e-04
1.226330629589789459e-03 3.763888954960526519e-04
1.356221050156229549e-03 4.293270948284346193e-04
1.185682007127287227e-03 4.382539334556736989e-04
1.308982054574915101e-03 4.135879806683013756e-04
1.231831402401311563e-03 4.190202136173410297e-04
1.237258231346218419e-03 4.019587799173452271e-04
1.176634373193419713e-03 3.797403889108630880e-04
1.238722238970378685e-03 4.133191271458865296e-04
1.177107659692107301e-03 4.063530963663025556e-04
1.192792541335619370e-03 3.706772802454335507e-04
1.299009953286247307e-03 4.135554401685134752e-04
1.261687260781843871e-03 3.898283232311134197e-04
1.108080567488646355e-03 3.969721566934997486e-04
1.181837932707386837e-03 4.126902842744354337e-04
1.270543580806483049e-03 3.815720431796087043e-04
1.085785041713466584e-03 4.117082134239319520e-04
1.282143238351727806e-03 4.194939487994892285e-04
1.157521132094895683e-03 4.119399891906508327e-04
1.306472052155081831e-03 4.070726855859067525e-04
1.182806527353992511e-03 4.173873470278987880e-04
1.290299125543132057e-03 4.185998186130590886e-04
1.078640638919745737e-03 3.705964168728127458e-04
1.166684213092270038e-03 3.999738336807823679e-04
1.224851114695476098e-03 3.958372619497551930e-04
1.269740349344069402e-03 4.606151737677668251e-04
1.216791871902802831e-03 4.143128817959628135e-04
1.222203508868241213e-03 4.323875769315678463e-04
1.264897542519974544e-03 4.351430185555673789e-04
1.115973791331701910e-03 3.948152542002347212e-04
1.095156666833824611e-03 4.389022789907414453e-04
1.276707681156778957e-03 4.493446575376775854e-04
1.193528336409992218e-03 4.142058963206846751e-04
1.117436734052742716e-03 3.869929938944586612e-04
1.150730778560865065e-03 4.535787455498225618e-04
1.172685139490600844e-03 3.924680218664325306e-04
1.192584834989120820e-03 3.881621766423684313e-04
1.155259686159669291e-03 4.362776101870067679e-04
1.437574855077841706e-03 4.061708240790017836e-04
1.228510363457214127e-03 3.610875681572759538e-04
1.307129719225882166e-03 3.968849281304111395e-04
1.276605888666385588e-03 4.098773546606928014e-04
1.023774585667439974e-03 4.043530979602127863e-04
1.230255017540544081e-03 4.226848538664835348e-04
1.288697510967567626e-03 3.915154630335852099e-04
1.377515126671075701e-03 4.516467074760196544e-04
1.315695105756341373e-03 3.965262227043492294e-04
1.197360786966939709e-03 3.975644670435132290e-04
1.161223751864092326e-03 4.218824066435934153e-04
1.105606804613020171e-03 4.245565952140436671e-04
1.339007770703569671e-03 4.030829708522511590e-04
1.497526869251722794e-03 3.827796032111405178e-04
1.201772119790035353e-03 3.975107156903875494e-04
1.258389539112275603e-03 3.855399150737425385e-04
1.191718859727101390e-03 4.088662454041886406e-04
1.139497300097033977e-03 4.151216855914064124e-04
1.242963013640978895e-03 3.946491743167655666e-04
1.145607224694321184e-03 4.312948236832626903e-04
1.350600788849674796e-03 4.062000270535949943e-04
1.171825944111526624e-03 3.808636139459475227e-04
1.179058214279324075e-03 4.329778430382132657e-04
1.162342739129218136e-03 4.368969063561249037e-04
1.165921419263877407e-03 3.697284470115527679e-04
1.182471510475514983e-03 3.870369632668352734e-04
1.220262575553760203e-03 4.202973308138324682e-04
1.308629026971703038e-03 4.331867634307633315e-04
1.118681402825305506e-03 3.749067509438142303e-04
1.258420255799047637e-03 4.183403026195141468e-04
1.152264331907694754e-03 3.663185644479913022e-04
1.201953292432739661e-03 4.072986205420041773e-04
1.107141921177023187e-03 3.988839739787471508e-04
1.265127101935382449e-03 4.371334546768590739e-04
1.250969306022707605e-03 4.132383268929992314e-04
1.073941678778064053e-03 4.300720599106213704e-04
1.234565842166986723e-03 4.131199438343973970e-04
1.271806483734811647e-03 4.100517457262858249e-04
1.210195525436822371e-03 3.969955306585837285e-04
1.218624592751901782e-03 4.100653851124808438e-04
1.200788318007720793e-03 4.075735095424390538e-04
1.256020984088089716e-03 3.609822932050382998e-04
1.339578009993753344e-03 4.330217599937538154e-04
1.281894152139077814e-03 3.926245654471190324e-04
1.096369826328365358e-03 4.036781207707146432e-04
1.187883692072508714e-03 4.289037101708049853e-04
1.207844128734582691e-03 4.053639731325792400e-04
1.207316606457945439e-03 4.071803482254432601e-04
1.165792351378878598e-03 4.094576986768789996e-04
1.146988908499722111e-03 3.941631506125579617e-04
1.126999302787612530e-03 4.180238236333840484e-04
1.237659808143002065e-03 4.226497646393432553e-04
1.207449240711606659e-03 4.077986336837123972e-04
1.253289454874614416e-03 4.209486838851521579e-04
1.238774090685325997e-03 3.806954159680920702e-04
1.321746389419868042e-03 3.918207803839151757e-04
1.216170778761433736e-03 4.156991247702626494e-04
1.230165366679451637e-03 4.080603333754422891e-04
1.249908395655327607e-03 3.998946929542845333e-04
1.320184171396266825e-03 4.227178595962566678e-04
1.182291701793793462e-03 3.905984622341378775e-04
1.314078310150777881e-03 4.163293871608147513e-04
1.184510372409842277e-03 4.082406787057932620e-04
1.120185610979439455e-03 3.899410699098890070e-04
1.386389389283364248e-03 4.163509484884023041e-04
1.224049853430165136e-03 4.413992132396388711e-04
1.248646732749602055e-03 4.315468949887708567e-04
1.297761858973531333e-03 4.448654962172538278e-04
1.124770690459726916e-03 4.194222211727633418e-04
1.393170608179924389e-03 4.180824716070579436e-04
1.274351580252318155e-03 4.258396742039145528e-04
1.230258972746650506e-03 4.150034939160227162e-04
1.269016728683529729e-03 4.178159832038883512e-04
1.290728538015464529e-03 4.377445134132488744e-04
1.163105516714226743e-03 3.641958907374417509e-04
1.287736219456003545e-03 4.283428982822544201e-04
1.257239929271760726e-03 4.170307507173406513e-04
1.330680056310379854e-03 4.196647843887840539e-04
1.135954545404889004e-03 3.860052717613914682e-04
1.131610905848906860e-03 3.822496391514933743e-04
1.113579215740785437e-03 4.668940801112445482e-04
1.203143395406612885e-03 4.505442851471855282e-04
1.236135841154940157e-03 4.099179653399705973e-04
1.223397239811168519e-03 4.145242850711076607e-04
1.242637095357998402e-03 3.903463668865178224e-04
1.260251831787633338e-03 4.155349903313599507e-04
1.262286791539972289e-03 4.442932051934920363e-04
1.078202465610427711e-03 3.955566791594044749e-04
1.019212726029668703e-03 4.137249619262879435e-04
1.286657511159851504e-03 4.260085593482787589e-04
1.144474427751828024e-03 3.871580626419817393e-04
1.220280309811175214e-03 4.269601270728346138e-04
1.164601592275989238e-03 3.962869845924907970e-04
1.159609025609985734e-03 3.847252636063508728e-04
1.206643088426732164e-03 3.779233304208146852e-04
1.079908600643381903e-03 4.069943619791666252e-04
1.274508988991546578e-03 4.058754318595183467e-04
1.152396819548140916e-03 4.686640308900318899e-04
1.204363610929192830e-03 4.130286196616829312e-04
1.217548362411709738e-03 3.870606288273366617e-04
1.261770768280032207e-03 4.728999830678327454e-04
1.277092871743679917e-03 4.026533691420494426e-04
1.313435513870502523e-03 4.081332019471783034e-04
1.115626544270568489e-03 4.203959605458085311e-04
1.047038437885237970e-03 4.423043112379713483e-04
1.106157360105698923e-03 3.979951013128393031e-04
1.289032211238785646e-03 3.894209629463790158e-04
1.210469061841221638e-03 4.115434660064265352e-04
1.202643005904392411e-03 4.457245457534323991e-04
1.382519145137695070e-03 4.389913893274528843e-04
1.255382518979294201e-03 4.211782399940948809e-04
1.301585696303940356e-03 4.591032677300468847e-04
1.338913628167580838e-03 4.051432970679952643e-04
1.343394197648099852e-03 4.241255491912929425e-04
1.218608842060976867e-03 4.194772531740800846e-04
1.145296370095537190e-03 3.946866838026881334e-04
1.210334928306556167e-03 4.288053446024968590e-04
1.303999041733908343e-03 4.339800088213941788e-04
1.135287042859974482e-03 4.247843495398432949e-04
1.151102529777162879e-03 4.072505316544816211e-04
1.281787943070375208e-03 4.121011620969239949e-04
1.204122176148646195e-03 3.891910383916647332e-04
1.282543226444871672e-03 4.090586009998193684e-04
1.227068104189142986e-03 3.755270505378995602e-04
1.214250328312296238e-03 4.017186623186482408e-04
1.349943700149398027e-03 4.218839853108749495e-04
1.183489412385557585e-03 4.198171692775901640e-04
1.197387336733852885e-03 4.020488019606340327e-04
1.188073303051944861e-03 4.260479332066040422e-04
1.246761744413666436e-03 4.276119697537414431e-04
1.210727685692132398e-03 4.034745843234539006e-04
1.212410666076712152e-03 4.262132749506386390e-04
1.108636526164849621e-03 3.665802971723850921e-04
1.123565843473354293e-03 4.054423261355898870e-04
1.221569206995739600e-03 4.179768068222904261e-04
1.189132557031310480e-03 3.996252689849701719e-04
1.234394132248762491e-03 3.976222019586369161e-04
1.164466073191533198e-03 4.805059693858597727e-04
1.099164275515843560e-03 4.268444743377482328e-04
1.276126991107930141e-03 4.203572200979777671e-04
1.328285129805565614e-03 3.990615987045432783e-04
1.282216216850665547e-03 4.474343953568704233e-04
1.168871511197095868e-03 3.958630967783511082e-04
1.193345917786135021e-03 4.321854967770828184e-04
1.277975128536006262e-03 4.268826678713370207e-04
1.314563803243173293e-03 4.326339391967911154e-04
1.212145135844348767e-03 3.946058246559685330e-04
1.225910860207375360e-03 4.125026542451902252e-04
1.268731648301878699e-03 3.793707607158718271e-04
1.200257060383780588e-03 4.181487662197428410e-04
1.160099188186370289e-03 4.525767856067126568e-04
1.187341554931472263e-03 4.020634842704254937e-04
1.241209491987172418e-03 4.102087941702522523e-04
1.342744894832830329e-03 3.781377869903021515e-04
1.131136500398436046e-03 3.988842922544725872e-04
1.239235421683494319e-03 4.122050479673516226e-04
1.371054181278171750e-03 4.098232162860341904e-04
1.163051186841569141e-03 4.119198619502449686e-04
1.119326083250927984e-03 4.578428931740772048e-04
1.231233094023680098e-03 4.827963130541802522e-04
1.244673224425820552e-03 4.043709791785698028e-04
1.248961360982988981e-03 3.754972571328495448e-04
1.157027168230381807e-03 4.387505852541175337e-04
1.171068720906332612e-03 3.882023751027278307e-04
1.099187981048323692e-03 4.233346929207475098e-04
1.382150652673427632e-03 4.162150432473837544e-04
1.266035133415416942e-03 4.085783060183745307e-04
1.161687117420494124e-03 4.306460280958755303e-04
1.265887113714197392e-03 4.290654354167400025e-04
1.243405315999017045e-03 4.236406798055197408e-04
1.205982259264663532e-03 4.480086683427418376e-04
1.122485335763166942e-03 4.318276400362140483e-04
1.118749853701259686e-03 4.227314136626255585e-04
1.168655078059503737e-03 3.905475812188526552e-04
1.187958998085045844e-03 4.094271013485457889e-04
1.070233919684259166e-03 3.983891429376939315e-04
1.332013059932609387e-03 4.239192542012089966e-04
1.252447837827693573e-03 4.040481686568553592e-04
1.141793035920320859e-03 4.565511431191979436e-04
1.250770979154755980e-03 3.904971564969902920e-04
1.269467518949854695e-03 4.077191868421619855e-04
1.258697380809385138e-03 3.985968148489784702e-04
1.222287046669810447e-03 4.207744675192310181e-04
1.325043786934584694e-03 3.802635041388862237e-04
1.326555265459323021e-03 4.104341707603886250e-04
1.212673031817656849e-03 3.704189291729832550e-04
1.190495853262199576e-03 3.919045728397489909e-04
1.253030222913408464e-03 4.328116105470911968e-04
1.176082795221622661e-03 4.061904580103490605e-04
1.298915114412465708e-03 4.232750780344055725e-04
1.209912572555138120e-03 4.307739738477160273e-04
1.150933155558024829e-03 4.066569182443197507e-04
1.090585366289547123e-03 3.992139931324306646e-04
1.183939642632453933e-03 3.951108709284140261e-04
1.188579278082897359e-03 4.470470369325021454e-04
1.210883147745336636e-03 3.972973246826841821e-04
1.282563308359661826e-03 4.162645530505544198e-04
1.181971415118593122e-03 4.333398837316284908e-04
1.310241253320958360e-03 4.003378069671764163e-04
1.414153262120240251e-03 4.586628345703919413e-04
1.095834588069727637e-03 4.195291260988009713e-04
1.316535418602883881e-03 4.091652210916158980e-04
1.266264084975318683e-03 4.165704018268451313e-04
1.218092249004021225e-03 3.969549629454590290e-04
1.221388450165795166e-03 4.632538664340411089e-04
1.138705567391504929e-03 4.471948755566970647e-04
1.108781831572039399e-03 3.887555569825659318e-04
1.397124277794656007e-03 3.981310927348433236e-04
1.142813136806353691e-03 4.199131576944577010e-04
1.142319285089026318e-03 4.341448149950248863e-04
1.165278835816006527e-03 4.207325232531921276e-04
1.324660851352365849e-03 4.327236171723403981e-04
1.462324263250517177e-03 4.256707263767985083e-04
1.272191265058690915e-03 4.353190221481632784e-04
1.175410967630720989e-03 3.972718829160966098e-04
1.269462755874096235e-03 3.778321549573262507e-04
1.289668665931593397e-03 4.031554750732319861e-04
1.214209566035929664e-03 4.410242567770910021e-04
1.217764770645123756e-03 4.490702296308714280e-04
1.192574164116484356e-03 4.036643192611743852e-04
1.135539278022515896e-03 4.444080688675896141e-04
1.243885409983116162e-03 4.016409862214935598e-04
1.087959565976938381e-03 4.095872018466921319e-04
1.135225930869850942e-03 4.413647652261034281e-04
1.303372228593197013e-03 4.408716008526601215e-04
1.304299894812260179e-03 4.136709168388382363e-04
1.160818242954367654e-03 3.868936632458705753e-04
1.282833058778278836e-03 4.026232450460230346e-04
1.167578521003135228e-03 4.284522449517643404e-04
1.381173326047094568e-03 4.314276688493222421e-04
1.281767067796898583e-03 4.084833810677702330e-04
1.343001989902200492e-03 4.216917386018654581e-04
1.199228468212883711e-03 4.341981243074646639e-04
1.338657444739541460e-03 3.750783247319634762e-04
1.223562461172099294e-03 4.339481097115453225e-04
1.341344229788964939e-03 4.026318780607298395e-04
1.288054128933344752e-03 4.442435289168357123e-04
1.253330678201982837e-03 4.155602404338663782e-04
1.321246854725135382e-03 4.573405544732704478e-04
1.085089096265392811e-03 3.763105642267066233e-04
1.257565483148661255e-03 4.585734898871206039e-04
1.285422573732094859e-03 4.458138221644785152e-04
1.130650788690229199e-03 4.018530186386356953e-04
1.134603421863444655e-03 4.578112846605516119e-04
1.067085437173610199e-03 4.278727947026584829e-04
1.138876982884788136e-03 3.853090620822948375e-04
1.257416383725525229e-03 3.755277655935439218e-04
1.158788289200872674e-03 4.100931325057162436e-04
1.071940565946557372e-03 4.082296275736663985e-04
1.073513387191246411e-03 4.108280254553114876e-04
1.303105807046437857e-03 3.856784914375189100e-04
1.186554867726417016e-03 4.353979536819688645e-04
1.188265733641899816e-03 3.832077369690265411e-04
1.173224605220333974e-03 4.138472119428137871e-04
1.190277784820296643e-03 4.054292650525354318e-04
1.050727013513578492e-03 3.817319172945772185e-04
1.204896157409613127e-03 4.019936810429558744e-04
1.215482325238773564e-03 4.120870482336794747e-04
1.310060376534148956e-03 4.192450527969991420e-04
1.312872812613744391e-03 4.198210809126448747e-04
1.385938834359295383e-03 4.458319537010126880e-04
1.199213839126258467e-03 4.090049420419268633e-04
1.126608991380048013e-03 3.751802288102867671e-04
1.261240291327494524e-03 4.461292029843408401e-04
1.198729872607801495e-03 4.022867507550049473e-04
1.312816061561511817e-03 4.216047029596635800e-04
1.290801776755775643e-03 4.070624459283147547e-04
1.221425737559048499e-03 3.767819260133996101e-04
1.071202773634673949e-03 3.962896435758129490e-04
1.166129280795697581e-03 4.265708199113444157e-04
1.234993465136694554e-03 4.154466487127523320e-04
1.233148108938965804e-03 3.657238791175345554e-04
1.356924950343165728e-03 4.220960624579397588e-04
1.253784754284429162e-03 3.868221388003199694e-04
1.192525422500416649e-03 4.139641155276053410e-04
1.218524663491654106e-03 4.127952767321435828e-04
1.274030807718787685e-03 4.358258447306823037e-04
1.213447563578786813e-03 3.794513451566050078e-04
1.200686820790006779e-03 4.098679450708242900e-04
1.227554756532451326e-03 3.795079805695064624e-04
1.281686969766412769e-03 4.099639816337855469e-04
1.199425813578491960e-03 4.135665671903165008e-04
1.401084389941923075e-03 4.121199966406902939e-04
1.270666964236349342e-03 4.250713302628095149e-04
1.409169526775639432e-03 4.145698811996467747e-04
1.297757791659088404e-03 3.666700387150845621e-04
1.131399270388257954e-03 4.252122197420983856e-04
1.218471732688889645e-03 4.298339397824323376e-04
1.299307692928564116e-03 4.180910270361195375e-04
1.255620655826925362e-03 4.255733808587880288e-04
1.141804189694609365e-03 4.458270633389651888e-04
1.136016652755643917e-03 4.210588493348248348e-04
1.150324068537437322e-03 3.999750397974904492e-04
1.132626819973107934e-03 4.178186818616578787e-04
1.238898095234452698e-03 3.894157897870834410e-04
1.291708753008656433e-03 4.079053507918492549e-04
1.226342634793645440e-03 4.074015162732389471e-04
1.245434941823363130e-03 3.755438277995105175e-04
1.319013289973964068e-03 4.041078473366588580e-04
1.251006655836962248e-03 4.247717096219697495e-04
1.206914025291369380e-03 4.059100280946230854e-04
1.279987434840305265e-03 4.022329133632895491e-04
1.255304815003118650e-03 4.099363130908750168e-04
1.302728005496561281e-03 4.270821539044779356e-04
1.230446576635200366e-03 3.835393009699876628e-04
1.218031366430989129e-03 4.031122078099243374e-04
1.104627340302440910e-03 3.890248968017091412e-04
1.059813777401229706e-03 3.866660630894499249e-04
1.336719156796113955e-03 4.173274019011398613e-04
1.261593599237617082e-03 4.058440416075000372e-04
1.351202104024296037e-03 4.380535813664598985e-04
1.332155279328548153e-03 4.109008741478489542e-04
1.223427459308127577e-03 4.338255944043831777e-04
1.251880174481858135e-03 4.302033034520440788e-04
1.158333363953429783e-03 3.791775137895647858e-04
1.159845963618505579e-03 4.002723731815222702e-04
1.260568227426595890e-03 4.782592053882901728e-04
1.255488815369583400e-03 4.162869561045080434e-04
1.270321583647121555e-03 4.291586726513941250e-04
1.204303788597098314e-03 4.027364652912369643e-04
1.218739109540837489e-03 4.019431770146122073e-04
1.255621035239739679e-03 3.888251419863978774e-04
1.302189410587872983e-03 4.391257583769889281e-04
1.245120358276815501e-03 4.195647351629700340e-04
1.223292456003198482e-03 4.018439366355215105e-04
1.200564606809046255e-03 3.990680898383018723e-04
1.264304663954049892e-03 4.572374735757967824e-04
1.256409178592882234e-03 4.187245812971150281e-04
1.255270584616508152e-03 4.281134647335281757e-04
1.101155928001348221e-03 4.077266244427798386e-04
1.202436185331322641e-03 4.680480695448040944e-04
1.063872619662513570e-03 4.056619478501127200e-04
1.189455109675920542e-03 3.865101767435434772e-04
1.183140649840406155e-03 4.016735957731218777e-04
1.213790934534348526e-03 3.757612645255413463e-04
1.233130829283940379e-03 4.359314033340254912e-04
1.170829880827535226e-03 4.259968236286095877e-04
1.235711288709918834e-03 4.226659701175444219e-04
1.174091745019488313e-03 4.125809468925512491e-04
1.177309762106877036e-03 4.150230106580352052e-04
1.170123192914166105e-03 3.733519931043341846e-04
1.096808993961931322e-03 4.543364856500727370e-04
1.142432562049439625e-03 3.648161558277573393e-04
1.099583690890192176e-03 4.109688653890607038e-04
1.219112823165574176e-03 4.162405682668538875e-04
1.157780738535251364e-03 4.029039620127013535e-04
1.161191469078142217e-03 4.016073464488083950e-04
1.233345581561819809e-03 4.257247794480442942e-04
1.103239522348790523e-03 4.234842629624447469e-04
1.158092220632055917e-03 4.076693978183511128e-04
1.227413273015221223e-03 4.036646522289293157e-04
1.257671461467742193e-03 4.123100257899662874e-04
1.318708608018005551e-03 4.157026162115094433e-04
1.148544942568482724e-03 3.784088669906110849e-04
1.223167147730386999e-03 4.369452790808079951e-04
1.199927511343306828e-03 4.277410556484687260e-04
1.106917037283576197e-03 3.958359592046488493e-04
1.264948508491937473e-03 4.116020557035436731e-04
1.207813007271374981e-03 3.649027054403871598e-04
1.252912040657286038e-03 4.065426675294456986e-04
1.131954234565931035e-03 3.982403184443272857e-04
1.254120180323098094e-03 3.972748057626014216e-04
1.187338647166038879e-03 3.665421337577052987e-04
1.260698458067578210e-03 4.360908717228706259e-04
1.261019329780917143e-03 4.246061315285341105e-04
