1.017045347289563919e-03 4.480438860826674373e-04
1.091685518813599078e-03 4.177714208730987913e-04
1.391322466748086970e-03 4.575985057997031518e-04
1.144254106679459251e-03 4.170665754232363029e-04
1.210283880763878646e-03 4.517237658582777407e-04
1.116087930049022587e-03 4.720058065015294104e-04
1.042957841159398817e-03 3.887599688687430697e-04
1.101865933998820175e-03 3.932166053749971990e-04
1.161894897080445422e-03 4.138132047304178031e-04
1.229502519130673066e-03 4.098945204477316261e-04
1.107256191764450929e-03 4.369938776046304011e-04
1.087367386164658518e-03 4.684149495885418638e-04
1.243378518614865523e-03 4.135911100457584670e-04
1.311119641236009733e-03 4.553887172864234923e-04
1.055355117327228453e-03 4.533170642207016835e-04
1.226418293419901610e-03 4.005268119057231067e-04
1.026626332405650415e-03 4.006201041721450546e-04
1.247146145425145425e-03 4.253056997717461450e-04
1.221443314514598618e-03 3.859788082374719415e-04
1.061425227005541707e-03 4.082052643376515117e-04
1.157873834131144166e-03 4.115184298729569323e-04
1.068881975106208927e-03 4.584668856668196527e-04
1.161270922996081962e-03 4.420661069787663595e-04
1.153657868783422146e-03 4.293231699554041973e-04
1.266138738016366538e-03 3.802477488617360293e-04
1.165841298614551632e-03 3.958900446172590850e-04
1.168370523913612319e-03 3.905664234151709404e-04
9.454596489088620305e-04 4.603743830868012614e-04
1.274331623473881321e-03 4.656923694197684024e-04
1.209951452967380743e-03 4.239912307676589154e-04
1.078020080511438508e-03 3.916485336962964949e-04
1.124730712515839949e-03 4.086554816237356405e-04
1.285403974301732024e-03 4.902960143231032330e-04
1.108856004818274330e-03 4.209884415698723708e-04
1.116121207019629387e-03 4.630702749721894913e-04
1.046897795642275130e-03 4.619413850013409217e-04
1.200804391710855786e-03 4.306704105783343197e-04
1.107262819158254166e-03 3.902942919865250875e-04
1.315147727467183732e-03 4.706572197292523477e-04
1.133756375249577808e-03 4.714258566298523191e-04
1.038074723352571359e-03 4.139969356863541067e-04
1.151251954517034477e-03 4.249382405693601442e-04
1.134464655157749842e-03 3.744853934754746182e-04
1.143794555398710156e-03 3.957058947352036721e-04
1.077218645614580689e-03 4.366720359481865757e-04
1.126037306612964707e-03 4.205469445454937351e-04
1.379098680543468410e-03 4.271505795604477575e-04
1.200324709578973930e-03 4.390820591684866606e-04
1.129803840333752207e-03 4.325237189310512259e-04
1.146873302028199402e-03 4.362188636997346063e-04
1.150236670128057873e-03 3.807566781886068336e-04
1.204406427216025456e-03 4.113016115720613151e-04
1.197021930755513396e-03 4.336977439114849081e-04
1.138497557813702597e-03 3.847106756076935094e-04
1.072983570883428864e-03 3.935287953379886959e-04
1.131898178240202868e-03 4.501698117663141541e-04
9.377760750768847874e-04 3.967786000233637059e-04
1.251565857475419284e-03 4.863567071963870257e-04
1.166459834544420881e-03 5.028159654668455658e-04
1.113265780386405671e-03 4.101860699609835592e-04
1.187516725704464843e-03 4.261824038428656085e-04
1.156303857960343413e-03 4.847014387598193633e-04
1.004401936321622918e-03 3.731331714038224980e-04
1.236230352059472992e-03 5.537121953280476142e-04
1.211225362776126432e-03 4.506546016543424345e-04
1.192148702226074894e-03 4.213075285025373574e-04
1.253456756977501963e-03 4.650630024143044224e-04
1.178418390199687318e-03 4.314700532735184506e-04
1.231097281532400698e-03 4.519413336845275750e-04
1.099722136489600247e-03 3.997025322018173815e-04
1.089574360762177565e-03 3.937611672408686822e-04
1.081635235276554811e-03 3.836263153486130294e-04
1.251914388021255990e-03 4.322209860985494739e-04
1.102801304342337398e-03 4.195615709034543838e-04
1.102575776263481832e-03 3.756752975277932662e-04
9.804945200093087739e-04 4.305185550344942363e-04
1.166466132794326434e-03 4.225614003886178855e-04
9.942962526639231857e-04 4.543896368325353575e-04
1.136560021534768110e-03 4.517392168767573224e-04
1.048481379986167727e-03 3.951152345910079969e-04
1.148610630450166677e-03 4.534001899568095755e-04
1.090473197146654910e-03 3.973027441488167708e-04
1.213579708287063985e-03 4.215527192637492059e-04
1.114443866633350703e-03 4.266001569559313400e-04
1.269198055173632617e-03 4.787057064818055164e-04
1.010661714330866531e-03 4.585540213604420213e-04
1.151842076666328594e-03 4.435347813553467832e-04
1.218839264941465458e-03 4.545904180704666967e-04
1.083716315853985738e-03 3.965532220580175455e-04
1.194444034530205319e-03 4.423252502910504495e-04
1.171261359614396902e-03 4.386611295378752386e-04
1.141950776090813443e-03 4.238602527322368556e-04
1.057216979029960546e-03 4.036640006896357160e-04
1.092510870212587632e-03 4.340100249695245222e-04
1.184691556741185358e-03 4.159647984804138994e-04
1.094719554503968423e-03 4.369024633857870161e-04
1.148437885564686668e-03 4.594313753370513694e-04
1.018673079369361665e-03 3.691968743076997185e-04
9.517194173013028471e-04 4.298248126603186874e-04
1.263331904702871778e-03 4.164062945002701150e-04
1.186621969633496225e-03 4.351903955773191775e-04
1.168453537400596315e-03 4.097399697372409218e-04
1.110606393559942107e-03 3.831675903693814865e-04
1.097887522854714250e-03 4.920010549648061926e-04
1.037927011728921557e-03 3.933087702729396525e-04
1.064910708817411742e-03 4.248593933080406287e-04
1.108872732716196206e-03 4.200766648316287357e-04
1.140905836922388381e-03 3.973831815394260293e-04
1.039460601067475820e-03 4.006834422110065676e-04
1.141066334372305710e-03 4.592323716131479789e-04
1.228909238444756812e-03 4.225194863347622818e-04
1.215379403018279278e-03 4.548723151961813209e-04
1.000064854457377193e-03 3.687521972389021544e-04
1.107468615369790405e-03 4.247347813308147884e-04
1.038660030286553491e-03 4.404277825096273159e-04
1.244231856938175524e-03 4.188944271600556499e-04
1.151977739365366666e-03 4.283969624771195384e-04
1.071452767913359501e-03 4.236900430666034017e-04
1.084502396229854474e-03 3.830397297610911318e-04
1.235001332742673803e-03 4.522190039166167205e-04
1.214263260427258032e-03 4.115059012149158970e-04
1.216184000715662267e-03 4.481095795120869471e-04
1.147259784185338926e-03 4.116217683779685465e-04
1.061631975893953051e-03 4.072955953956041938e-04
1.215679455425083171e-03 4.726544212073153692e-04
1.033354419000907538e-03 4.247926397035086516e-04
1.263168342386635163e-03 4.076529501140923207e-04
1.164004256010493571e-03 3.853446968235531528e-04
1.147694045031988005e-03 4.357297614980615362e-04
1.231143439110500212e-03 4.067412263924627880e-04
1.024939023317227157e-03 4.542055644422955348e-04
1.106155610486785415e-03 4.072934905795000697e-04
1.149355355153375800e-03 3.605419821157002103e-04
1.021198637686344122e-03 4.127379810116015859e-04
1.358229887071187416e-03 4.402429618634313827e-04
1.150980764149385710e-03 4.046534026617718623e-04
1.094914624886619229e-03 4.403498980585185364e-04
1.077495676482373953e-03 4.326654158914307151e-04
1.164727342895108741e-03 4.254741791031456844e-04
1.030345048823779223e-03 3.890467559471913884e-04
1.266511845546530258e-03 4.356352821915705927e-04
1.105242744806712168e-03 4.858206023511710920e-04
1.135268495570776730e-03 4.232337778211470820e-04
1.135978697131041206e-03 4.051611505642253863e-04
1.283867363023349180e-03 3.822199727016835163e-04
1.070640574852494689e-03 4.334258118384257813e-04
1.146102400187322921e-03 4.293998174785244480e-04
1.246502870457315412e-03 4.718304105619666538e-04
1.038426256267245117e-03 4.423621105850980627e-04
1.295310569950068515e-03 4.500843690027499689e-04
1.079741739977777134e-03 4.037387528653119248e-04
1.323001616137864118e-03 4.682950367950056559e-04
1.151721481732982796e-03 4.070344005939281122e-04
1.070085855528265552e-03 4.344006730741155277e-04
1.208998578897207488e-03 4.367253912278302465e-04
9.525057322326420080e-04 4.067858996355713905e-04
1.315029060250815732e-03 4.542350862664417343e-04
1.131954225778322156e-03 4.389639736783691650e-04
1.275425980785151832e-03 4.432698228988767941e-04
9.801285446357839871e-04 3.840240184707728252e-04
1.400935984053413262e-03 4.547154620044033344e-04
1.295364832030999674e-03 4.171122711626718796e-04
1.309766730704656256e-03 4.718598661397745771e-04
1.020154422240665505e-03 3.536203453934815759e-04
1.054295113301191794e-03 4.274719591865459053e-04
1.247988416759365955e-03 4.356844051109024906e-04
1.156365228443322329e-03 4.333308485765853557e-04
1.100314731105327126e-03 5.025628186649299181e-04
1.037829662345134130e-03 4.205156277253032098e-04
1.092661240366602903e-03 4.201034569208243774e-04
1.225967145918461024e-03 4.152380199511064790e-04
1.192963741276867372e-03 4.862151515997208064e-04
1.193042275565281808e-03 4.326520238731840868e-04
1.233955659995089084e-03 4.254364905644456843e-04
1.107526827288555756e-03 4.289132612352611297e-04
1.056972854428897633e-03 4.237684845898752654e-04
1.115144528562923452e-03 3.398939585166738759e-04
1.288398859647048051e-03 4.537188984601192186e-04
1.139375259871036779e-03 4.796525634580884093e-04
1.161943104291745729e-03 4.192234684363147835e-04
1.109924772306965105e-03 3.997149623983845793e-04
1.199599158807996896e-03 4.222747893427418746e-04
1.349534373765718352e-03 4.325035418923525395e-04
1.149051192379303135e-03 3.791112465001698407e-04
1.000031597201361680e-03 3.525215989718480944e-04
1.071440468778079398e-03 3.876218191350758982e-04
1.161977183525925161e-03 4.362243023978363480e-04
1.319161331426824037e-03 4.239978806286968222e-04
1.204564484464738057e-03 4.596570055283121631e-04
1.253451173431265270e-03 4.292897260682219463e-04
1.066157631327672951e-03 3.562750764671276872e-04
1.156105687261997899e-03 3.812932518288014608e-04
1.174939654554565558e-03 4.642361134949514793e-04
1.126116611841757303e-03 3.604360907365075574e-04
9.571873267411973264e-04 4.165263113392673718e-04
1.279350960488020994e-03 4.268595486422992083e-04
1.091232373092937977e-03 4.063884201805371054e-04
1.157198127431509046e-03 4.979691854969576538e-04
1.161760997780106981e-03 4.392618029042747851e-04
1.269190660527177994e-03 4.124077545846617878e-04
1.236459595921595139e-03 4.454338768710162434e-04
9.875088043172909440e-04 3.899532654032886593e-04
1.242514818504484577e-03 4.453015967423497052e-04
9.104656445930182354e-04 3.824324561424381525e-04
1.366513686362307673e-03 4.611708711027501587e-04
1.198966490275580211e-03 4.302482306467976590e-04
9.697017857739049325e-04 3.694474897775036713e-04
1.241591934354558356e-03 3.980803902231522229e-04
1.242014565896724064e-03 4.168788652608437437e-04
1.145091822208590265e-03 3.758820491585775081e-04
1.075915419635448339e-03 4.614569294791076755e-04
1.234808375501509009e-03 4.845360447302049837e-04
1.207333426875182008e-03 4.467508308661467613e-04
1.237472978411573426e-03 4.148637230161961913e-04
1.259474886978446864e-03 3.864186302190650573e-04
1.156837831891091356e-03 4.320113200423510136e-04
1.259644915160145016e-03 4.034227819816710000e-04
1.009463423297601772e-03 3.864639121318244738e-04
1.193619137435065862e-03 4.534925630592597542e-04
1.242391759155620336e-03 3.910908389285777274e-04
1.129316516651470521e-03 4.393548353555503392e-04
1.034739731881123862e-03 3.700225407102006423e-04
1.144105953733016035e-03 3.588397240375690062e-04
1.074341972656325415e-03 3.922710520609403286e-04
1.232646381755476842e-03 4.717307159745226281e-04
1.174517794106341587e-03 4.295565847611759963e-04
9.970573833849741361e-04 3.515895980842184600e-04
1.078511730457868767e-03 4.082967841134819845e-04
1.033677470162332234e-03 3.738637070545252749e-04
1.150366829930012406e-03 3.786950234911960408e-04
1.141710512249444892e-03 3.733326481107966752e-04
1.067164668352724730e-03 4.004811792754301705e-04
1.031232904983200990e-03 4.148693192841577623e-04
1.233140657356463507e-03 3.471789884249895501e-04
1.245405017655271552e-03 4.017471606763927511e-04
1.087402974189508043e-03 3.688394828749375553e-04
1.114281249744880327e-03 3.952331538675512841e-04
1.080708698033214015e-03 4.646263371326815736e-04
1.040883122316144885e-03 3.548769548064063112e-04
1.129498246360125923e-03 4.187777605503269327e-04
1.062409198802355490e-03 4.280693724611497560e-04
1.036261512624324626e-03 4.144121118065264555e-04
1.282052998744665634e-03 4.349847030189948199e-04
1.084280795085774745e-03 3.902668816429184003e-04
1.185063693569275668e-03 4.021267862672362609e-04
1.271204774965667980e-03 3.914490236741661826e-04
1.100624424628171300e-03 4.617357475406231085e-04
1.146024959419827700e-03 3.920774863951696451e-04
1.036178310271712415e-03 4.272962800733432300e-04
1.183884066956534782e-03 4.513785209201429051e-04
1.228256566095984161e-03 3.928057998206894194e-04
1.184659250449157956e-03 4.630869491805562335e-04
1.136341244019976014e-03 4.459610750095670609e-04
1.188244429764697980e-03 4.020211187645773474e-04
1.137514090646329695e-03 3.962963821670570353e-04
1.118350917921273873e-03 4.546949646186792117e-04
1.231689257559020123e-03 4.584076036501232997e-04
1.187030720318362842e-03 4.083158196013292655e-04
1.079178933429042258e-03 3.740936753435813349e-04
1.166460078919044066e-03 4.512912026914170220e-04
1.114930229776855833e-03 4.127021880018026364e-04
1.253382201847701031e-03 4.106659360772523318e-04
1.216687569049395646e-03 4.546098747817248382e-04
1.217788432569168666e-03 4.454130727207870465e-04
1.206549753415541012e-03 4.190614038888840665e-04
1.046241816995955101e-03 3.902923398110998685e-04
1.089028237905329466e-03 4.327720529780539603e-04
1.221506660142314101e-03 4.698331429706448844e-04
1.159067552989655756e-03 4.229280211491312611e-04
1.253229326846506909e-03 4.458140499616758531e-04
1.204312561504946189e-03 4.375690410353970969e-04
1.229978571677105238e-03 4.413255579945253755e-04
1.094139410578878454e-03 3.968597699659436539e-04
1.166780616237374137e-03 4.005332044844224049e-04
1.127547727987554581e-03 4.169217943258867517e-04
1.198806810651197822e-03 4.369133148654544925e-04
1.165006981033170179e-03 4.667919943082799545e-04
1.100049161716831411e-03 4.275796104061433626e-04
1.149375361908218027e-03 4.247549000202359708e-04
1.112581117727128683e-03 3.807163260513176371e-04
1.054455734071981952e-03 3.857689017289856804e-04
1.146571717786610406e-03 3.658373847350458383e-04
1.056971778801630256e-03 4.481540142077390762e-04
1.034398895526026339e-03 4.739018428322351985e-04
1.170523434453478971e-03 4.282397558402872948e-04
1.020594149997955131e-03 4.128016466068979286e-04
1.132410897100285911e-03 4.355550061274025809e-04
1.138770517479517240e-03 4.438194468103079100e-04
1.105564770263945795e-03 4.433403781011115846e-04
1.221098451720926178e-03 4.231448313637889815e-04
1.079767233721867304e-03 3.577146812411142714e-04
1.164716576997784289e-03 3.953153655487004459e-04
1.301026161388982956e-03 4.175312183138220009e-04
1.190674559102253066e-03 4.332451143202678415e-04
1.119796546356773351e-03 3.788852670991405772e-04
1.012580685508090734e-03 4.091532845802930778e-04
1.110939711551425227e-03 4.121997599964940975e-04
1.203225607659644649e-03 4.345875120830346725e-04
1.128599862901827778e-03 4.132939517254564888e-04
1.131338385599477440e-03 4.297344199620292118e-04
1.148284899390012402e-03 4.212689051914645147e-04
1.058344773313256871e-03 3.829369181635502431e-04
1.166246941929006704e-03 4.912610896996702156e-04
1.116976626422448845e-03 4.534853151927650621e-04
9.705081902044449937e-04 4.426608649283843332e-04
1.112941156272767617e-03 3.528989648185478986e-04
1.106088949431328124e-03 4.120361013206730533e-04
1.157876820740397694e-03 4.198010696146805849e-04
1.105503357742804648e-03 4.341525875455931106e-04
1.206026940432736259e-03 4.137943373360709583e-04
1.067089181488853041e-03 4.417817125288038939e-04
1.104488366856557109e-03 4.542967730255316906e-04
1.100162987244671445e-03 3.465848894099460699e-04
1.145902237140373819e-03 4.450013330715534552e-04
1.193029407088537107e-03 4.292478279804233781e-04
1.053239089536379914e-03 3.962946317542665733e-04
1.111033913981794314e-03 3.856512002853985477e-04
1.042019055449216114e-03 4.151743330987272369e-04
1.111673224402814344e-03 3.916592310149446805e-04
1.023940783178160004e-03 3.983247115733231356e-04
1.007160884287851060e-03 3.683341811899448304e-04
1.192930805742983434e-03 4.137959207298309784e-04
1.186754907611539027e-03 3.849885813840837325e-04
1.146415247004181669e-03 4.057527998698010367e-04
1.096810975283311722e-03 4.467298947905165140e-04
1.153704239671974946e-03 4.462377972003106377e-04
1.093553753300647484e-03 4.293472022076255971e-04
1.148675577333442598e-03 4.071345314268482417e-04
1.032029033531516168e-03 4.864628336594078962e-04
1.128791276716841581e-03 4.022901013243507912e-04
1.107710391114421046e-03 4.001322707497421624e-04
1.139165942499005416e-03 4.018618289317367758e-04
1.232938311862208846e-03 4.179263989213848540e-04
1.295474775568475128e-03 4.157148104529005076e-04
1.077908635022168998e-03 4.084157330704467652e-04
1.155585138721913719e-03 4.373017276793989623e-04
1.178559766426901358e-03 4.040448610602881711e-04
1.224284414917883217e-03 4.142683347409908652e-04
1.141110474953513886e-03 4.254681688359483412e-04
1.091434626904861207e-03 3.956161955341753870e-04
1.036855258121725538e-03 4.524220735604623676e-04
1.108474743681129616e-03 3.711306644875860005e-04
1.218599978320428472e-03 4.497238351240614475e-04
1.240737404891508345e-03 4.768469171851759066e-04
1.071449057900074201e-03 3.859115948067284602e-04
1.061246240975104302e-03 4.724190285610388061e-04
1.046963635138355251e-03 4.468469345413482625e-04
1.221934794602140420e-03 4.343205133295082701e-04
1.270150356147055695e-03 3.876987996963692515e-04
1.176600280717869391e-03 3.973123336487688036e-04
1.138591181430174699e-03 4.095182516282802154e-04
1.248929699162385941e-03 4.704788315836346121e-04
1.273366244579029723e-03 3.870643528566215861e-04
1.112985837954082137e-03 4.280693418345072037e-04
1.113675093454044801e-03 3.872352563727162302e-04
1.127235336507960255e-03 4.078978842103118496e-04
1.110239998006535113e-03 4.636450241106990569e-04
1.054510769250576038e-03 4.168697297340232043e-04
9.917280220210415546e-04 4.517689003336915676e-04
1.166876446343955136e-03 4.235498170252131704e-04
1.182237412799082722e-03 3.801993332004584454e-04
1.189892522793776705e-03 4.128989395067692871e-04
1.056362261510596957e-03 3.609333550000753650e-04
1.171779208453675508e-03 4.447128368297769622e-04
1.136072308947200194e-03 4.140824497291406710e-04
1.051773913339292422e-03 4.189423470899442982e-04
1.081882470799098214e-03 3.555714162955108141e-04
1.264380007159670921e-03 4.011033759164924720e-04
1.087850728953511717e-03 4.682808079885373599e-04
1.041658555091972815e-03 4.406938465548624825e-04
1.082411362965075884e-03 4.088597274826334020e-04
1.040744523698220771e-03 4.005557500978904604e-04
1.076221468281321741e-03 4.088891308688473968e-04
1.050362122746910506e-03 4.497922284808065054e-04
1.373873217464644447e-03 4.991453361844462675e-04
1.141444138904931316e-03 4.252094440400572338e-04
1.205614442661155162e-03 4.509800374997149442e-04
1.076337356148316477e-03 4.161469829876041798e-04
1.128723585950417189e-03 3.847426937513474766e-04
1.249044292168565318e-03 3.969804509393405124e-04
1.123691858138886569e-03 4.838686071881428464e-04
1.057577062256998468e-03 4.467816142061248612e-04
1.209221834725695589e-03 4.565830091744766512e-04
1.192770959859376992e-03 4.319346871498464923e-04
1.248001085858157925e-03 4.219955602435446857e-04
9.989619663204902383e-04 4.105607167381819067e-04
1.090115690835990201e-03 4.133709122483476437e-04
1.122378867574822794e-03 3.848673425685144082e-04
1.209459030532235996e-03 3.780397837093040945e-04
1.144343648612349733e-03 4.252267031746540405e-04
1.143601523113170352e-03 4.128737809065275008e-04
1.229127021303530552e-03 4.422133898414500313e-04
1.232087679434805058e-03 4.093359230827983870e-04
1.085985718184310231e-03 3.871750466363107178e-04
1.202831721757762406e-03 4.552009333642068924e-04
1.265773774306513423e-03 4.429481965471436609e-04
1.213486330871359556e-03 3.959114790310597578e-04
1.259113822826946191e-03 4.131338908541567091e-04
1.224810263979604673e-03 4.804985864239910112e-04
1.100046391355278836e-03 4.404983743345003509e-04
1.113392466563614940e-03 4.845313885204402256e-04
1.192059770728990916e-03 3.618752834213349585e-04
1.087159993343985928e-03 4.358571527870729219e-04
1.196749825162126335e-03 4.323286399598500851e-04
1.134619481380478787e-03 4.034829368129442054e-04
1.195950702040081979e-03 4.712991293511674742e-04
1.246181773363050750e-03 3.663508580261310896e-04
1.199833664007712505e-03 4.390387042902275851e-04
1.114932582869031588e-03 4.584079501275042110e-04
1.243078161605082940e-03 4.926120909206768228e-04
1.152431576939039280e-03 4.112295325570828946e-04
1.089568858071724745e-03 4.324592906173830241e-04
8.786401207180674633e-04 3.832336836845377705e-04
1.038644607406435287e-03 3.997894243647066273e-04
1.235358433171629628e-03 4.312707595102891161e-04
9.714428555955246462e-04 4.480056861400367324e-04
1.236381372208081352e-03 4.461390386160929270e-04
1.063792958202563772e-03 4.210243272480473312e-04
1.052830010725167324e-03 4.462129417017654249e-04
1.038536815938051125e-03 4.577064255174907617e-04
1.011629542667262906e-03 4.022161994982801996e-04
1.192378520701564996e-03 4.888592996084653326e-04
1.106814642157888514e-03 4.315328769348848845e-04
1.175253304362067685e-03 4.184736377567439434e-04
1.168938699999194251e-03 3.999677747277532915e-04
1.282531730051940291e-03 4.682885736449524756e-04
1.292142765792125055e-03 4.160608818546587383e-04
1.185082793383847397e-03 3.793746661550872318e-04
1.206333147678285370e-03 3.974222157443286834e-04
1.225560360640380944e-03 4.021141816672246317e-04
1.159430212776244246e-03 3.998365760192693769e-04
1.157660750273480739e-03 4.101787423900003066e-04
1.066697613217148849e-03 3.588749144356253857e-04
1.087265652088367915e-03 4.425460406042785533e-04
1.116364432530243724e-03 4.347647846665716001e-04
1.307301503009866478e-03 3.858605025263912359e-04
1.148812819094796470e-03 4.344344928067262347e-04
1.152510739742799170e-03 4.065324584942408138e-04
1.134542811620517424e-03 4.182818159638975798e-04
1.077485689717820171e-03 3.787602954421775709e-04
1.219865617571854648e-03 4.020387080440469114e-04
1.194320798708272497e-03 4.973179802213599683e-04
1.113498401813102414e-03 4.381754929005849428e-04
1.156719730232494544e-03 4.363525722586143957e-04
1.079644334734412327e-03 4.084275599188383430e-04
1.119859774830558180e-03 4.282429827435869853e-04
1.382918203516277740e-03 4.512372250709495653e-04
1.176548433982042060e-03 4.667548035824329602e-04
1.246975043120784931e-03 4.409340498344816784e-04
1.211169299992851528e-03 4.540596782823253636e-04
1.012740865388506335e-03 3.675423947803478967e-04
1.103649448736705296e-03 4.326757131740310478e-04
1.169433764216284977e-03 3.699157644607634749e-04
1.068744622841680952e-03 4.117957372263207454e-04
1.083271022306840419e-03 4.532623009576072629e-04
1.241342190569187480e-03 4.763598560432485865e-04
1.087928102872745637e-03 4.008748860792168468e-04
1.231171837961232609e-03 4.381106755749295130e-04
1.082669968107502880e-03 4.531495765497893773e-04
1.290202207021546666e-03 4.741607579055835621e-04
1.266854569775356220e-03 4.627255037592523427e-04
1.165665746351218215e-03 4.004843921206016101e-04
1.143417485549748716e-03 4.194167017301992685e-04
1.178713790785018483e-03 4.386801885977449460e-04
1.117875967563522520e-03 3.789689572703936848e-04
1.028593400100647447e-03 4.163934505184541763e-04
1.165637142547044881e-03 3.884734047814114252e-04
1.157865695438145765e-03 4.623230766687082727e-04
1.209827355810280019e-03 4.363919474621591335e-04
1.091764002267074825e-03 3.934428534825291490e-04
9.637060875731015943e-04 4.041269335710747615e-04
1.029754927642720364e-03 3.956590495414738702e-04
1.166113872614394894e-03 4.605841618529002706e-04
1.141079090574855046e-03 4.515996971425571805e-04
1.290482784331827481e-03 4.024601117087782875e-04
1.083765192836072620e-03 4.202426481858664506e-04
1.156649797449168160e-03 4.296038741638435522e-04
1.158246322164018915e-03 4.246765267838131558e-04
1.121333923205169612e-03 3.855873526573540093e-04
1.099337768956967255e-03 4.335371444283426644e-04
1.206625313000330747e-03 4.526207394160128880e-04
1.173727011690372038e-03 4.518390611041108069e-04
1.270744337622019618e-03 3.977776461841321730e-04
1.105307895958138010e-03 4.024683393915276953e-04
1.173214077002887904e-03 4.290861155490973268e-04
1.138330888437425088e-03 4.061500610129004400e-04
1.192399250697220164e-03 4.235696376104382938e-04
1.080090643098789629e-03 3.785633037185930278e-04
1.338519925441914111e-03 4.666998436127048106e-04
1.192055754434009863e-03 4.525193681400560596e-04
1.195050463975764294e-03 3.613870069691414787e-04
1.269793942155767212e-03 3.734641309279894796e-04
1.179427023452190963e-03 4.626980154780824055e-04
1.179628099752474566e-03 4.135500315429199106e-04
1.315727121919535491e-03 4.582031733622127321e-04
1.162761164841649231e-03 4.056018398503177173e-04
1.141124934769555035e-03 4.223425934314149863e-04
1.343341425854600781e-03 4.295072020995923030e-04
1.126209092012521061e-03 4.313727752192815252e-04
9.962770667451025571e-04 4.576685412301454412e-04
1.033530420500613882e-03 3.570951040688706362e-04
8.965793687244780295e-04 3.599276277428902870e-04
1.156172750522271517e-03 4.237992914247163756e-04
1.186043807623103933e-03 4.508353765097338340e-04
1.095306310901540724e-03 3.619527522989718360e-04
1.230457693312004717e-03 4.409795934197129259e-04
1.129298336341339479e-03 4.567807626451941762e-04
1.115168340114396214e-03 4.053936688414093805e-04
1.178583320223259992e-03 4.683816989033781782e-04
1.195779979032613339e-03 4.176362415814485144e-04
1.083374600345411633e-03 3.902588371721559153e-04
9.543999226281292591e-04 4.543979516629039102e-04
1.000211720281471818e-03 4.100711882643696135e-04
1.156885099499923349e-03 4.164505416559552355e-04
1.143345517081494848e-03 4.142412507885056107e-04
9.882491591783303109e-04 3.841222528897444977e-04
1.075932771301524966e-03 4.761741372725101433e-04
1.238189111886641011e-03 4.552581912816057864e-04
1.111577341910953204e-03 4.827290771740432983e-04
1.370625499967305285e-03 4.076540547099914442e-04
1.188100507600903894e-03 3.799568613957768977e-04
1.093677402493312047e-03 4.469671004846106411e-04
1.247739005446813669e-03 4.303184416804273216e-04
1.101974650153060434e-03 4.137541275166205907e-04
1.040566500537626034e-03 3.496562890614625927e-04
1.241666610628181910e-03 4.220403168505345161e-04
1.147582102289855912e-03 4.396917325781589717e-04
1.090295925630365998e-03 4.319601604092681213e-04
1.191376233990574596e-03 4.375102206273005041e-04
1.206651483766590580e-03 4.293543942926027548e-04
1.076786624591073889e-03 4.323354688511872037e-04
1.089790020976128156e-03 4.177081034612648708e-04
1.139059334543401653e-03 3.906806094000625507e-04
1.008473255441916933e-03 4.399564219385793183e-04
1.065404044757169806e-03 4.189614572740306821e-04
1.160137700460511529e-03 3.961410100536814937e-04
1.039443073984732324e-03 4.774058190827714168e-04
1.133845232724923829e-03 3.934676394396870104e-04
1.247515592196954057e-03 4.117181902606761824e-04
1.123978329337345025e-03 4.066993219841043674e-04
1.399941060765335721e-03 3.951269198060521092e-04
1.286956123661407627e-03 4.480352849826945631e-04
1.147441313920307846e-03 4.091784100348067315e-04
9.917050304511182499e-04 4.104741331643267611e-04
1.238400523859754148e-03 4.027681029401031275e-04
1.272532605525474210e-03 4.527705056716935001e-04
1.177949499827546940e-03 4.513268084437350200e-04
1.008566023415788425e-03 4.739926637922466037e-04
1.272715035656583372e-03 4.903533377708577373e-04
1.056252692991587003e-03 4.133358624498650229e-04
1.236122340277755714e-03 4.775127272594219870e-04
1.118711538872637148e-03 3.783541487235644592e-04
1.090721325647409871e-03 4.902768878090656233e-04
1.196647232443409257e-03 4.324218287783231497e-04
1.133719284781224039e-03 4.060604644032685248e-04
1.272896750364752244e-03 4.371330939945274161e-04
1.080415652678744102e-03 4.398203611118593824e-04
9.685916298593756852e-04 3.806631837772707968e-04
1.303711050870495465e-03 4.763295949350013821e-04
1.078400846888179785e-03 3.855040365318936134e-04
1.128767835988716542e-03 4.211643979920899356e-04
9.922050084465500099e-04 3.802031427749076923e-04
1.377989859108611544e-03 4.686715871103720233e-04
1.099921643901147260e-03 4.480968732576679869e-04
1.044959390984389865e-03 4.027500194741419760e-04
1.316987515366380796e-03 3.799270276739791664e-04
1.118758912726273329e-03 3.791153276065773554e-04
9.630541809946210636e-04 3.574961334877248416e-04
1.103562959659252661e-03 3.983833026158426329e-04
1.053552935087439689e-03 4.242991029679667246e-04
1.098747966709231073e-03 3.613983087057013265e-04
1.139299097127799811e-03 3.989945599495631256e-04
1.160658496569938990e-03 4.518024369252948355e-04
1.276274183777753634e-03 4.266971960229147759e-04
1.118099309694680493e-03 4.272111906165031452e-04
1.115838060521346471e-03 4.004572987273430514e-04
1.169833131965264568e-03 4.000871208767256006e-04
1.411457855969093208e-03 4.522005955700916574e-04
1.185639421553932220e-03 4.670584289385507071e-04
1.251241513308763058e-03 3.854882909280740234e-04
1.080751030896781248e-03 4.373405445851792899e-04
1.028583188514293383e-03 3.969538226183510609e-04
1.153690477000114721e-03 4.420855628287153217e-04
1.149027418640868881e-03 4.328969080818444171e-04
1.093562710459028810e-03 4.055565802289971236e-04
1.292248807071531749e-03 3.961286278714260607e-04
1.181928464982217502e-03 4.497347251255459535e-04
1.093465913639400525e-03 3.255921972242369240e-04
1.115065898042157068e-03 4.052079947630055686e-04
1.111514255035380479e-03 4.127649415417525302e-04
1.095034466646078270e-03 4.132609384014471351e-04
1.067976935762177809e-03 4.065527121018588908e-04
1.091616532634129191e-03 4.407670556597531770e-04
1.034210792539100570e-03 4.058634324697354924e-04
1.404009895765659030e-03 4.419628649419036440e-04
1.104407797630811618e-03 3.992632586745971661e-04
1.017105358508241025e-03 3.850687241220862611e-04
1.238535040551745148e-03 4.501450963879055178e-04
1.217665151627938874e-03 4.356552953057558843e-04
1.359597215828524473e-03 4.103113074721779358e-04
1.177829358781911327e-03 4.673290803416607847e-04
1.022815902326513040e-03 3.909375113490694796e-04
1.112002549205419379e-03 3.734400316750995574e-04
1.254593815087924483e-03 4.890672650855156433e-04
1.153734076563400594e-03 4.129120911726807128e-04
1.249593063023014339e-03 3.539268455062589318e-04
1.179371773506789241e-03 3.844548986277618319e-04
1.261633693500944457e-03 4.570063834602389121e-04
1.304106838471863960e-03 4.042288874811409511e-04
1.295617753560686283e-03 4.134764554773319271e-04
1.047446242087352822e-03 4.344490956162257666e-04
1.113844469624128766e-03 4.449429506938619417e-04
1.093904878411105716e-03 4.107670189286756631e-04
1.041876668877524288e-03 3.760788836215243794e-04
9.642217777707755419e-04 3.879890850744963722e-04
1.227732086907631307e-03 4.623881028322264497e-04
1.234764257111589138e-03 4.529649959290088946e-04
1.172496354136741935e-03 4.415575079943030094e-04
9.178033626055765544e-04 4.043467034224330751e-04
1.155462602627393195e-03 4.571892441489847645e-04
1.195180279103454654e-03 4.103312563754575376e-04
1.250846221640352675e-03 4.544548275232510644e-04
1.176918499672568834e-03 4.499202924922473569e-04
1.255024166875410175e-03 4.215531246214735349e-04
1.108532363343591289e-03 4.063062111971263522e-04
1.137150265301585137e-03 4.343342352887856667e-04
1.134515739574255139e-03 3.808843809279149244e-04
1.157976109324749571e-03 4.635583963248132277e-04
1.124996432013758820e-03 4.239862348836151646e-04
1.166259153585484610e-03 4.544435117561488094e-04
1.098005966034311560e-03 4.304642304150415699e-04
1.323218776961378402e-03 4.248803692601307034e-04
1.266154606481758064e-03 4.298418157614531591e-04
1.251569218057891741e-03 3.913674536664314566e-04
1.220511911723939696e-03 4.316405548309798328e-04
9.262566795832272333e-04 3.898138800917489116e-04
9.920358050806020629e-04 3.828166127786749857e-04
1.129681989427026639e-03 4.340527407829788335e-04
1.057159929402608700e-03 4.625605449786589782e-04
1.080387788395661833e-03 3.508994149459469629e-04
1.116026699869562691e-03 3.755038692761415329e-04
1.101808133695035205e-03 4.079736264433818198e-04
1.162794370254353416e-03 4.016418670976010762e-04
1.156414513051200622e-03 4.366191775575173155e-04
1.169329811985729724e-03 5.091282402309308189e-04
1.124976389460761138e-03 4.957698216368168140e-04
1.256181051214327578e-03 4.115786919481082494e-04
9.754943488193578739e-04 4.030806259520655676e-04
1.076981876467610370e-03 4.838245511153538140e-04
1.083187627851849716e-03 4.520803462396722904e-04
1.009559217886179085e-03 4.005896934065936144e-04
1.173432092775165666e-03 4.506206412860380988e-04
1.185853589664872003e-03 4.453659181880102996e-04
1.059301357660341137e-03 4.611087637967131638e-04
1.182825640726960182e-03 4.391720645166260800e-04
1.106243125876802064e-03 3.813062320577559165e-04
1.068830502419285643e-03 4.090819669428220852e-04
1.023882526455960036e-03 4.018590685829592063e-04
1.151159344065836058e-03 4.852037724005503353e-04
1.159028312658036929e-03 4.449423414364026799e-04
1.105883537953019583e-03 4.797771874264503069e-04
1.191886418862106532e-03 5.303440353900031870e-04
1.322761359121703284e-03 4.400300785496223731e-04
1.142492738575061513e-03 4.176732267955772970e-04
1.100717815116715849e-03 4.003694332663056197e-04
1.168305575466203243e-03 4.113277919113659240e-04
1.124719780235620623e-03 4.271994329322941950e-04
1.250016058199740010e-03 4.265479283785364754e-04
1.070421082490514856e-03 4.695169571219805845e-04
1.190699845691960178e-03 4.387449163065924775e-04
1.140123777621394408e-03 3.937145686562674518e-04
1.087327032584672285e-03 3.797995585916072686e-04
1.171247249435901014e-03 3.942954188834105612e-04
1.135513561553517549e-03 4.574970731954964447e-04
1.214175796400409008e-03 4.205199033059741319e-04
1.326324236493903056e-03 4.450948660768277586e-04
1.280969771829773996e-03 3.918708508184762739e-04
1.167093219486496809e-03 4.438341515639440595e-04
1.093175989969290187e-03 4.556962393809296926e-04
1.024684518395563987e-03 4.201635007843351516e-04
1.113587015563651797e-03 4.494385235443561178e-04
1.065289379072474011e-03 4.345397464164118683e-04
1.265998465123483298e-03 4.198881517790467848e-04
1.090229361333457147e-03 4.002078595268922321e-04
1.083347680477098627e-03 4.300507473170114055e-04
1.136969582445491404e-03 3.561820972466712455e-04
1.166292709501048170e-03 3.916492151632601916e-04
1.236654055648943144e-03 4.690371175247956700e-04
1.184869851090141141e-03 4.573797742886554353e-04
1.196828986531900917e-03 3.832927683701390829e-04
1.193593609320489852e-03 4.314529063372777185e-04
1.113602348324018278e-03 4.063351837808004382e-04
1.369548148561262196e-03 4.739945889875373875e-04
1.199523694051689467e-03 3.998115294518372691e-04
1.137914343306428277e-03 4.745219939502187266e-04
1.221704945921238362e-03 4.259138534138087913e-04
1.108542440218567449e-03 4.619543381102955552e-04
1.383780553210362972e-03 5.284036681543779514e-04
1.111267456862718430e-03 4.120282271122406277e-04
1.197743568745546563e-03 5.004515003555855875e-04
1.219658466976958604e-03 4.410614688345109520e-04
1.105809647154330473e-03 4.219839579898574332e-04
9.816407117421168359e-04 4.123141106346768178e-04
1.018036323880151589e-03 4.132729795209867381e-04
1.100450726969771920e-03 4.487502452564588436e-04
1.243080998681308363e-03 4.151193706129395152e-04
1.158100771174645641e-03 4.382517207572617784e-04
1.177297654159865925e-03 4.154902931421864906e-04
1.277635822222222654e-03 4.248574112633180530e-04
1.170708882282357971e-03 4.486071683828375223e-04
1.229410010761341479e-03 4.073358969009182153e-04
1.030615938627417894e-03 3.695587446428870936e-04
1.086766632208122085e-03 4.453420410556176113e-04
1.111101714826690651e-03 3.945585167759851626e-04
1.174849065937942551e-03 4.217059879285927487e-04
9.882641295646890384e-04 4.541245768421310592e-04
1.123819337208456330e-03 4.426419647048410416e-04
1.071373893030150726e-03 4.099783045329998617e-04
1.233125332922062811e-03 3.975594482348544724e-04
1.145702936791813354e-03 4.185779411276556797e-04
1.018333151154431808e-03 4.207057525476984240e-04
9.183207983842076256e-04 3.611112992102224681e-04
1.134305617945221200e-03 4.023857865343959399e-04
1.166416575451409594e-03 3.861646695484807702e-04
1.092924398417508946e-03 4.083683006571263560e-04
1.101450411225269677e-03 4.426980402400532014e-04
1.254540179241309898e-03 4.295259616987615243e-04
1.097567925197558136e-03 3.964200999409494804e-04
1.188323997498549065e-03 4.097251230033840605e-04
1.141455469680489800e-03 4.289468650353538766e-04
1.027165529181437841e-03 3.911114781696321211e-04
1.291128013349708602e-03 4.197735486936407827e-04
1.310237087617499531e-03 4.427009893954872237e-04
1.055849643007549530e-03 3.797240898464883342e-04
1.149029054306733135e-03 4.373739751793622441e-04
1.097415595492321058e-03 4.464302678478276778e-04
1.020146406494280280e-03 3.954339542845015649e-04
1.244696000645486699e-03 4.600463852772384231e-04
1.277545297761949151e-03 4.657106414241077145e-04
1.076897777051434753e-03 3.975955687560397598e-04
1.145472073926459382e-03 4.294298053105870933e-04
1.125978483075367386e-03 4.441663356197185020e-04
1.200558101754129218e-03 4.270929495628786950e-04
1.153482396854216101e-03 3.717399931431847695e-04
1.084314951507748528e-03 4.460031356581012265e-04
1.061467197892406421e-03 3.906015699689414792e-04
1.102566588564715981e-03 4.173225792593579010e-04
1.130523659970648475e-03 4.096690984235798168e-04
1.445946011165725499e-03 4.888327058293506127e-04
1.248102496844301227e-03 4.355448535015630476e-04
1.202518819399347929e-03 4.411323740038173408e-04
1.227573604110637848e-03 4.706696861537505196e-04
1.073850169202754347e-03 4.269176773521028115e-04
1.108511090683151484e-03 4.029993070660604806e-04
1.139371647487083614e-03 3.735045808869643779e-04
1.318259584039963754e-03 4.056737060346098491e-04
1.054665972844774560e-03 4.065921208113937660e-04
1.076956043837923099e-03 4.445474789031795887e-04
1.201120162144187365e-03 4.265899763841710557e-04
1.256863582335021341e-03 3.786531538604347635e-04
1.090267022068642936e-03 4.274878715116851337e-04
1.179692718625447541e-03 3.639378136485445854e-04
1.125767710649914523e-03 4.920524117124559955e-04
1.131490671648342165e-03 4.585367530576008174e-04
1.179867522011558353e-03 4.777163284450231776e-04
1.187071112109820822e-03 4.741906860287372206e-04
1.167290682876661982e-03 4.006399187698414001e-04
1.188650642659129335e-03 4.300083636354149722e-04
1.105128383699896435e-03 4.327401998847031162e-04
1.116379666760129773e-03 4.168970109179199459e-04
1.191067657855045042e-03 4.471678308255710435e-04
1.179006525056334586e-03 4.609587378912505164e-04
1.121753550043084937e-03 4.742487315433905649e-04
1.058514304288976160e-03 4.163692213050481099e-04
1.264541180809373869e-03 4.332913054677769776e-04
1.135468551154251516e-03 4.150920814193910209e-04
1.152762605810884198e-03 3.784541205087614633e-04
1.273622710450851656e-03 3.765426529196491201e-04
1.078809860334768939e-03 3.494329646289348872e-04
1.047522287607505253e-03 3.870717162782389862e-04
1.352411557180668118e-03 4.181969215286315800e-04
1.254870244789637723e-03 4.371250695916812810e-04
1.099995206703078578e-03 4.414580989635770664e-04
1.146255463314888945e-03 4.064941143706391814e-04
1.092847250557808748e-03 3.684978285079530181e-04
1.159648493656419230e-03 3.517364466638798820e-04
1.170721018838334756e-03 3.899993132078861447e-04
1.107627550068642896e-03 3.755784256867204665e-04
1.134734254077081729e-03 4.470390580081029194e-04
1.075827704198212232e-03 4.487033118049326254e-04
1.115256186908721156e-03 5.026286941843569967e-04
1.177404255420225502e-03 4.608279635998673495e-04
1.290876060040716802e-03 4.141657017327957080e-04
1.050987202921252256e-03 3.990254319105976822e-04
1.205626344357287483e-03 4.318768614346284737e-04
9.811137456322165974e-04 4.101764923560895985e-04
1.246016060637021626e-03 4.402006286257592149e-04
1.200417773250277457e-03 4.101747370520584038e-04
1.067823045646806726e-03 3.944311358219553454e-04
1.104801567726808147e-03 4.225389213041783184e-04
1.206928241427342868e-03 4.540336688605490947e-04
1.170739225259500140e-03 4.243738865083691793e-04
1.099557301998064715e-03 3.937275551345735839e-04
1.036806546937009714e-03 4.199350446907086773e-04
1.193323115866096488e-03 4.418942466514448955e-04
9.996178659318697823e-04 3.914990432981338094e-04
1.110900338651960159e-03 4.304305104152684656e-04
1.353836557898614647e-03 4.254996310154480913e-04
1.119342376171602932e-03 4.797521964369154098e-04
1.146498440094744853e-03 4.002095462450638332e-04
1.095190774206376101e-03 4.518327308074677031e-04
1.284485565420504394e-03 3.962962843649156497e-04
9.951292334572511226e-04 3.957133269688259403e-04
1.098722418017372996e-03 3.986522012847887406e-04
1.196194754418115685e-03 4.156789974272811225e-04
1.059811360178369464e-03 4.304679406257001838e-04
1.195908053693246331e-03 4.741720728020091852e-04
1.314615216456592331e-03 4.837765468679295733e-04
1.239199547278223897e-03 4.133346666430862842e-04
1.154752587063869297e-03 4.368332456552849832e-04
1.141869054048080465e-03 4.302532622180176600e-04
1.248314375025599485e-03 3.990105675545326577e-04
1.087882042182474829e-03 4.097592776465629042e-04
1.307538873739595448e-03 4.266130358958474954e-04
1.283129738101408375e-03 3.939359492709038958e-04
1.302974812784545543e-03 4.147755649096328918e-04
1.130816697064872169e-03 3.877959170682854836e-04
1.081457975450403688e-03 4.416295426029013269e-04
1.233513370908969221e-03 4.469886844015855858e-04
1.088752393692959215e-03 4.132294546794850181e-04
1.061584810902734032e-03 3.826431657752999023e-04
9.281588053444804476e-04 3.570028433957598418e-04
1.075303766970204253e-03 4.282532319313904555e-04
1.240168181459235051e-03 4.857063362249256422e-04
1.082109765859478202e-03 3.966815090412971435e-04
1.129785893480887487e-03 4.357854193385734165e-04
1.230604585193250354e-03 3.607558205224773665e-04
1.239455767612986396e-03 4.112563319495421616e-04
1.361353322639984216e-03 4.245700741613001841e-04
1.220867648867884165e-03 4.184473918761987682e-04
1.135624213243715012e-03 3.836611056395271128e-04
1.163075531008278323e-03 4.199504033610606873e-04
9.702467057018431202e-04 4.213096916630150305e-04
1.143272844789599467e-03 4.137979038942789602e-04
1.123744877054639940e-03 4.347588636935268954e-04
1.220241260302063271e-03 4.199063175103021225e-04
1.125457244789663863e-03 4.075223924968949087e-04
1.211618506395635304e-03 4.943033836494369537e-04
1.231573454799962360e-03 4.989602083369637899e-04
1.165092263762124072e-03 4.471349782230969456e-04
1.168177661983474608e-03 4.020079808673810394e-04
1.064901519483547583e-03 4.243597512660440244e-04
1.288016549325703098e-03 4.012643717170641107e-04
1.097478732949469819e-03 4.131558361167813991e-04
1.058907747946731884e-03 4.191680438678046074e-04
1.165377886036058751e-03 5.017066279336230509e-04
1.215944850870710097e-03 4.406285476714529308e-04
1.217022745063355959e-03 3.765829889328862448e-04
1.051178768634703463e-03 3.215410607254984179e-04
1.038627345065935761e-03 4.126863215627349347e-04
1.283433159091181908e-03 4.480702811602886386e-04
1.173539908365473687e-03 4.304005299947886694e-04
1.090503196867127463e-03 4.254116089875519522e-04
1.174464944440867589e-03 4.651040034939206858e-04
1.138731556032331537e-03 4.531758591797207473e-04
1.037431191430018005e-03 4.063323909631957626e-04
1.280605416002412187e-03 3.860713500334464390e-04
9.707861628978008920e-04 4.399024325758848792e-04
1.122148468234080961e-03 4.486490169605929982e-04
1.138761300105518197e-03 4.327312646529689745e-04
1.020484543100015152e-03 4.211238962287705860e-04
1.141789869008750851e-03 4.116435781882502097e-04
1.206066056138580108e-03 4.437469468393887028e-04
1.164196720748791750e-03 4.439440888004476710e-04
1.177362993963676713e-03 4.342263373732992322e-04
1.248500685538324068e-03 4.466548774486841285e-04
1.074419898834136963e-03 4.555444249193140913e-04
1.154387051490387683e-03 4.129792171134089073e-04
1.047466266937920271e-03 3.835249013132117782e-04
1.131893276353116307e-03 3.664161377160230978e-04
1.158319386384274938e-03 4.173154648539977138e-04
1.226922864035134755e-03 4.364188520174318081e-04
1.247560390990863155e-03 4.463291462948694769e-04
1.078456964028358866e-03 3.581357440308034789e-04
1.267849952100316051e-03 4.801386484521367841e-04
1.279750231853154369e-03 4.461518953455125111e-04
8.943332495553826290e-04 3.881505349433541827e-04
1.159052951335874703e-03 4.865480769431993206e-04
1.093802691139994249e-03 4.125711942613638624e-04
1.057111108139513304e-03 4.339469340480190469e-04
1.179980698232302450e-03 4.159967456653911066e-04
1.171218614794172948e-03 4.467726084452138739e-04
1.098615205770002868e-03 3.887168251169682365e-04
1.136352962105396849e-03 4.373772819093337916e-04
1.277784558281188981e-03 4.398292304074216371e-04
1.215862881290546461e-03 4.194323588002192636e-04
1.164182870493169234e-03 4.327233575544385687e-04
1.159766807039808254e-03 4.055157824097555918e-04
9.849493625226663374e-04 4.596750967971286817e-04
1.074258448836385837e-03 3.968235220082465026e-04
1.163756184719188678e-03 3.919237937184652694e-04
1.150828661761094281e-03 4.398535639664023647e-04
1.114082477033121951e-03 4.029941213981519453e-04
1.143159313844990073e-03 4.726736980834310192e-04
1.209571586411742079e-03 4.005687748685634827e-04
1.042852996979334521e-03 4.611226838790064377e-04
1.213036181684302170e-03 4.806122524421626045e-04
1.222291850176127764e-03 3.895220991266791434e-04
1.106052118372856385e-03 4.111855823136210432e-04
1.179736840856352017e-03 4.482303150605148776e-04
1.203625757768623291e-03 4.466786677362083349e-04
1.080546986489817939e-03 4.135989686427489031e-04
9.997198027203190764e-04 3.669476236975069525e-04
1.030469643488495565e-03 3.815954551521356887e-04
1.060455340212354894e-03 3.932584109325134485e-04
1.211890277583487201e-03 4.340225750905348716e-04
1.195298053071390185e-03 4.782846798013965341e-04
1.225212737391932283e-03 4.157635921815223349e-04
1.161139089674388192e-03 4.348221525669826123e-04
1.205968414151872056e-03 3.913648888625661268e-04
1.129832756884450833e-03 3.962463647191031180e-04
1.214691052555221624e-03 3.566446162085498261e-04
1.171207014803942207e-03 4.085784742197938490e-04
1.230644892839947947e-03 4.535269180246066854e-04
1.115635025400215589e-03 4.142184645719656382e-04
1.118571895510181912e-03 4.047605881027612536e-04
9.498195725216644842e-04 4.056221800666326796e-04
1.194707492642909036e-03 3.971496056072835752e-04
1.056411230803007504e-03 4.390063410520883493e-04
1.156194605809128051e-03 4.214853556485356127e-04
1.123625563342028249e-03 3.869147754933680646e-04
1.170691736856135966e-03 4.142283467624373870e-04
1.020058768764161390e-03 4.691707411930485963e-04
1.011050544618873320e-03 3.928870752305370991e-04
1.190320853079610995e-03 4.789994923779393367e-04
1.034203417782853266e-03 4.377905775946965396e-04
1.001175864129950303e-03 3.835578748460400397e-04
1.175008945222428929e-03 4.325853659345111333e-04
1.220240753561903672e-03 4.131094296573125410e-04
1.147400337108746759e-03 3.774415687107839849e-04
1.261783662750367435e-03 4.001843760921167483e-04
1.251483385787799992e-03 4.629531158721410353e-04
9.785391041536052863e-04 4.303974343787208244e-04
1.071473781299642908e-03 4.350161737916591613e-04
1.150807214925767506e-03 4.186242493249097123e-04
1.092422049487767411e-03 4.112585923883109429e-04
1.193665811928969808e-03 3.884168907367088275e-04
1.267024011837775610e-03 4.458314601465635332e-04
1.150140875613649962e-03 3.959392314868484530e-04
1.355448471432288589e-03 4.731415142151746745e-04
1.353043503153240380e-03 4.983237508703619329e-04
9.423443856923342061e-04 3.509144477688693137e-04
1.087378388353458071e-03 4.458049420924552111e-04
1.112381165255236538e-03 3.651485807523925545e-04
1.158906904836984764e-03 4.517337043458490129e-04
1.139852869455155017e-03 4.066753427596127442e-04
9.206330536377907350e-04 4.285599667037119404e-04
1.257854789385969875e-03 4.210728254510555813e-04
1.020600279198224415e-03 4.051491076217238088e-04
9.745472402339173728e-04 4.232765686408833405e-04
1.054812047387909376e-03 3.820237562194403642e-04
1.043682090582689122e-03 3.852831238257090085e-04
1.042807360040815933e-03 4.474373778034889792e-04
1.212266537791672778e-03 3.956537803149452423e-04
1.116980843541275515e-03 4.040534053081185312e-04
1.163392717092835704e-03 4.419120928599753854e-04
1.160287518609254363e-03 4.364764899225517325e-04
1.235882488737329249e-03 4.721497112346340085e-04
1.200909267301897851e-03 3.756583138234162152e-04
1.137030574019090969e-03 4.161987658150318879e-04
1.137077458313227223e-03 4.817778807879064961e-04
1.173946735115593979e-03 4.317682093308404393e-04
1.097484325856223865e-03 3.940576286402284263e-04
1.058001122218621979e-03 4.398806464380062295e-04
1.044982901725660142e-03 4.615677074674511796e-04
9.821400514967821519e-04 3.925643021714161213e-04
1.334166478011147936e-03 4.245074217465018914e-04
1.185035315129112123e-03 4.551615433654071269e-04
1.035196010877175842e-03 4.602785317339339022e-04
1.247823675999325645e-03 3.906492740854497232e-04
1.201426559970480154e-03 3.822028184222688095e-04
1.143079979623455459e-03 3.942672405061694078e-04
1.059442277121451070e-03 4.142109780647043474e-04
1.332990518446763861e-03 4.267454025712593356e-04
1.214811649085831627e-03 4.389690688042871287e-04
1.166117977645677890e-03 4.310519299051723992e-04
1.059745966296074364e-03 4.319083613414690065e-04
1.130986797212080695e-03 4.730097410366492362e-04
1.193982057622739595e-03 4.320115473530606025e-04
1.125122031357217705e-03 4.111110164446544774e-04
1.001161925931321828e-03 3.631030080749178871e-04
1.354497424082718457e-03 4.601441628404335247e-04
1.158561156009673071e-03 4.457253473804452157e-04
1.096580213006380323e-03 4.304607263742721139e-04
1.118728614713060876e-03 4.443835677009349986e-04
1.165780637549309728e-03 4.247527999508179638e-04
1.229525734212331099e-03 4.473931294660468010e-04
1.070599156630724002e-03 4.235714910530575649e-04
1.194876652594229621e-03 4.035730050311511210e-04
1.198035082022849305e-03 4.486810540062255805e-04
