1.214737295065906192e-03 4.467799241579051089e-04
1.215016899369274770e-03 4.050527210943529409e-04
1.515903121347794095e-03 4.343154677330688610e-04
1.347405042996602676e-03 4.213631628137503400e-04
1.363332349347314617e-03 4.039226338933027296e-04
1.166981548937979802e-03 3.915809834861896108e-04
1.223368510847977920e-03 3.800985695703713277e-04
1.141955909213215837e-03 3.696378214020058458e-04
1.206282814145429169e-03 4.487169860558778371e-04
1.346972262287741756e-03 4.491458294495155514e-04
1.224490949628836674e-03 4.680859569624585236e-04
1.306988425856732503e-03 4.652211006324345516e-04
1.270115368774720225e-03 4.607037006907337574e-04
1.150305708227925645e-03 4.068818128610656175e-04
1.193325490005751541e-03 4.540237118589314611e-04
1.249601488124325822e-03 4.435032593484699854e-04
1.336482504896375958e-03 4.533900595976050299e-04
1.246537562296450323e-03 4.429848892952020930e-04
1.395884998936364847e-03 3.880542882714763326e-04
1.109210900231192122e-03 4.277444327967187408e-04
1.325913362816236868e-03 4.670657626450902154e-04
1.438213303038197652e-03 4.363606303190388285e-04
1.318214559176628456e-03 4.243090423606676463e-04
1.286032596122686474e-03 4.294773586287842703e-04
1.382241410396268166e-03 4.052604171492358415e-04
1.398603447102663268e-03 4.256796131595659148e-04
1.385328063677474441e-03 4.441893064852998115e-04
1.234008277570538582e-03 4.382542358142492672e-04
1.218607250609150426e-03 4.063320129648830990e-04
1.260734598227314157e-03 4.202477543247862312e-04
1.513511418066583458e-03 4.308430800629121731e-04
1.265505032105353634e-03 4.093235542584528386e-04
1.722392061995073678e-03 4.089042581217033467e-04
1.155052104830166194e-03 3.855584815682721678e-04
1.282335732674614887e-03 4.056364003154242729e-04
1.278675134167797049e-03 4.770666480885441506e-04
1.213026144821169675e-03 4.114444554482223353e-04
1.374556850782326402e-03 4.414369553728884595e-04
1.103389704427701042e-03 4.592937784907138369e-04
1.085106341377622312e-03 3.989431952922941824e-04
1.415619296548020420e-03 4.726913137493826125e-04
1.422114592789966133e-03 3.929849292390304259e-04
1.409500239131598800e-03 4.240811871809216219e-04
1.335801248001289819e-03 3.971322535197148429e-04
1.351851158417650359e-03 4.331625417647240223e-04
1.239046821477029787e-03 4.398962599918297190e-04
1.469831496287681309e-03 4.324518536385288793e-04
1.324491856278454081e-03 4.488213806511838228e-04
1.199650228160628000e-03 4.415300069876638479e-04
1.321090124207921750e-03 4.218646236575626434e-04
1.280832524334658785e-03 4.162354758356751581e-04
1.455330583808577124e-03 4.047599420663282451e-04
1.414126279566893648e-03 4.109199436911564014e-04
1.249531647578509385e-03 4.107679278845523209e-04
1.137139150020371895e-03 4.126622379994662726e-04
1.331790007481306387e-03 4.050622166352208626e-04
1.339806278748969246e-03 3.923569629343073872e-04
1.206100826843799255e-03 4.005481262527825080e-04
1.514459489027419371e-03 3.894293905617221790e-04
1.287556627492006519e-03 4.138432995722558924e-04
1.352872106120727195e-03 4.370387825982172949e-04
1.309224775176338808e-03 4.694307677404527647e-04
1.368049885105542766e-03 3.835741804511365338e-04
1.300676569174456657e-03 4.062844481216466982e-04
1.264646237209728552e-03 4.722681093859673780e-04
1.249033893021056713e-03 4.706106209690464693e-04
1.251826197146630772e-03 4.765846304650136946e-04
1.463604254349847901e-03 4.364936308615956391e-04
1.353770984924942836e-03 4.485909625102779273e-04
1.359026326072210623e-03 4.550529688969324723e-04
1.482348188216214401e-03 4.690886384297682991e-04
1.187208700286325382e-03 4.047434211813722739e-04
1.265273751645513327e-03 4.019068770077276133e-04
1.249753683031941051e-03 4.281728696134706356e-04
1.041432010576455198e-03 4.604602279815840160e-04
1.309529486191521536e-03 4.960236578966678665e-04
1.161893577324344794e-03 4.073643791264133806e-04
1.179648801211984283e-03 4.117693957028428146e-04
1.386587495579122116e-03 4.356559546832798201e-04
1.482675515645405420e-03 4.567547256430838404e-04
1.583184250197920825e-03 4.351358204174387515e-04
1.274629746524221343e-03 4.302293518713967832e-04
1.473787709403409770e-03 4.348904618042454570e-04
1.356404299633097704e-03 4.474766826688386504e-04
1.547656633639200689e-03 4.257140238946687384e-04
1.228059599097501954e-03 3.619764510507479313e-04
1.297394129061519175e-03 4.549188185253839846e-04
1.251537104018812276e-03 4.465247360164643648e-04
1.294625421657821275e-03 3.997902045300792532e-04
1.469007183531402137e-03 4.449651447138711687e-04
1.260578752401149676e-03 3.945974157293466759e-04
1.410750246233548203e-03 4.244443162689970524e-04
1.362590267058869488e-03 3.972859733398457225e-04
1.106745590137097300e-03 4.113266943160657943e-04
1.210756638251452239e-03 4.141861931774433697e-04
1.428664302366020088e-03 3.901806633955099204e-04
1.575863595429562039e-03 4.411920026305599682e-04
1.278447397211197574e-03 4.365465515417984023e-04
1.393713229129946336e-03 4.037291854375072244e-04
1.229194428287083609e-03 3.947165657595254709e-04
1.443439568378794471e-03 4.535091837018813952e-04
1.405722025802721379e-03 3.976221546891269411e-04
1.295962242668534468e-03 4.176256805758139941e-04
1.399019779926995643e-03 4.302564937361990694e-04
1.365427072576995415e-03 4.350523584444247575e-04
1.548597560687831314e-03 4.665319483085972395e-04
1.203072306717128817e-03 4.560885867771867367e-04
1.190612539810781976e-03 3.858853960115493273e-04
1.314550094275712287e-03 4.565237060167049170e-04
1.486063040925731044e-03 4.136859305118806632e-04
1.244269276980302513e-03 4.177571242526862023e-04
1.269185536472882975e-03 4.782159726768026964e-04
1.404868739870486364e-03 4.430394191032560039e-04
1.119000532878043110e-03 3.905322853282179965e-04
1.467741546954485880e-03 4.162861916862681819e-04
1.477511509861801796e-03 4.577235906510047176e-04
1.147887512279567503e-03 4.013561157454186316e-04
1.355785509178623069e-03 3.640395903941018004e-04
1.500787264538683448e-03 4.276312715315348724e-04
1.598658337946255378e-03 4.488992103320168310e-04
1.534186838081218456e-03 4.364432273533455230e-04
1.215458571017507573e-03 4.277023445016286864e-04
1.503095325879287179e-03 4.240387217946315593e-04
1.299296690729367714e-03 4.307821675189389297e-04
1.140914369953843419e-03 4.277424171374689878e-04
1.513515197837921825e-03 4.052447764998471941e-04
1.428286053809085191e-03 3.869379918273315941e-04
1.192706807273307204e-03 4.076439186991156018e-04
1.390640814514303939e-03 4.161739799929676229e-04
1.355169851574061302e-03 4.223551461515132727e-04
1.317341263657227863e-03 3.875509649549483716e-04
1.213219030315447391e-03 3.893545812553408014e-04
1.247187018898583515e-03 4.620593432583015728e-04
1.326139200179604497e-03 3.992396547202307390e-04
1.372685945726480642e-03 4.178575903216990694e-04
1.277829943875869682e-03 4.001673537862730019e-04
1.186437162461548810e-03 4.567473245560694345e-04
1.296256958476418863e-03 4.192840120776276003e-04
1.241323739488557534e-03 4.192683233242530433e-04
1.444767936928613482e-03 4.121966351132026795e-04
1.322954968097735974e-03 4.322746389748044525e-04
1.341607671445420183e-03 4.177002224784783641e-04
1.387010144443230099e-03 4.807801581686739468e-04
1.345440910137284162e-03 3.722535179842983185e-04
1.301620088158408168e-03 4.460574664509499429e-04
1.454099453463323895e-03 4.364950401424404387e-04
1.324466875160535675e-03 4.002804055443763293e-04
1.262787371477076988e-03 4.040141984432619971e-04
1.565011077764773620e-03 4.389583632235425866e-04
1.433211679569900560e-03 4.257992887167539892e-04
1.201998087686408827e-03 3.837452855151667454e-04
1.332032719819284611e-03 4.499772230318857709e-04
1.200704482707177318e-03 4.017388423744496623e-04
1.379297738942998619e-03 3.831674250039205786e-04
1.539837874657210438e-03 3.664576584176944892e-04
1.508388164882545814e-03 4.373534603473712510e-04
1.431893519826305970e-03 4.245108491878484165e-04
1.394005196223026570e-03 4.348856120681536281e-04
1.508142021483795071e-03 4.096079035195354851e-04
1.229120868691477905e-03 4.189443068103347666e-04
1.392917551823033475e-03 3.776989664333978689e-04
1.275784197928224884e-03 4.283891309820388486e-04
1.284081527569684404e-03 3.920219048100451317e-04
1.227846058797799848e-03 4.250745517650265752e-04
1.211604630569816871e-03 4.177479594454842123e-04
1.397239847805481841e-03 4.278769011471162320e-04
1.276086895058078062e-03 3.853594573269759796e-04
1.395433640318391368e-03 4.004063892920962410e-04
1.221681531204754298e-03 4.379956172280268780e-04
1.284677800344649406e-03 3.682967473358738481e-04
1.311074387095910844e-03 4.601486198104568783e-04
1.114467638373137833e-03 4.184719584484091924e-04
1.530403722299283377e-03 4.377693561955895872e-04
1.313067374107110318e-03 3.628321698805768891e-04
1.386177743821135700e-03 4.228703302383950559e-04
1.420136329460922964e-03 3.944027448016546185e-04
1.139083548702494834e-03 4.205200676270386454e-04
1.427829338686054279e-03 3.896062636220981872e-04
1.325456847008604777e-03 4.264395302237349006e-04
1.263236840015334247e-03 4.106597192547223633e-04
1.209727960375892811e-03 4.738621844807460793e-04
1.180509050551077155e-03 3.921106632094145629e-04
1.463232314154669800e-03 4.606396659320965135e-04
1.434084011641661343e-03 4.214301350808575598e-04
1.126523538927004953e-03 3.820911284878179717e-04
1.210010953157677647e-03 4.602549954486525458e-04
1.302892515890322588e-03 4.172415375719729373e-04
1.313048878100316671e-03 3.764000911998258907e-04
1.269494149580833531e-03 3.980174943477683084e-04
1.341954324451829789e-03 4.226519905721976889e-04
1.298417177270494351e-03 4.624148089450912731e-04
1.199788738123829662e-03 4.047998686342007125e-04
1.277951915627094153e-03 3.993338698717998421e-04
1.372852685484362342e-03 4.374366879606204688e-04
1.339643300699343851e-03 4.150495034745997559e-04
1.262993304312993656e-03 4.186573155413901765e-04
1.331406627617210195e-03 4.152060312355908777e-04
1.133015020926902159e-03 4.436253493717287675e-04
1.480070273402568594e-03 3.883728238180878586e-04
1.353049594742311654e-03 4.162227202757100611e-04
1.262916585162134021e-03 3.745732497256494000e-04
1.328615629951657466e-03 4.221978435851915794e-04
1.356701472466302063e-03 4.227238082964313178e-04
1.448795679067567919e-03 3.950846878874478231e-04
1.362761081208273490e-03 3.786406803573298479e-04
1.380782183237954644e-03 4.351134286185906995e-04
1.311306699708731857e-03 4.074710234750425638e-04
1.263297113065166418e-03 4.231346504462379725e-04
1.204940927651759058e-03 3.939046360409995877e-04
1.319833306928224230e-03 4.237278592691981569e-04
1.465225682482313623e-03 4.290758572434535847e-04
1.268793962916295141e-03 4.353487504158033965e-04
1.300888762686957687e-03 4.221982774420536912e-04
1.211221241399287017e-03 4.300079167542123566e-04
1.251274266963152675e-03 3.993173511157132715e-04
1.371309385747112881e-03 4.709982136733217449e-04
1.289465566806653101e-03 4.724302002592236207e-04
1.358476614139400964e-03 4.509332155541338283e-04
1.318512654672063505e-03 4.220801878471611905e-04
1.378420541916505803e-03 4.185200572245631120e-04
1.365188367789037325e-03 4.160308462405479723e-04
1.348991244870164198e-03 4.281386588088880308e-04
1.273838550904748479e-03 4.306969908398759110e-04
1.071647369001216743e-03 3.887254490758504290e-04
1.146521615361384850e-03 4.736554399919055578e-04
1.244377752808669855e-03 4.265510831194559279e-04
1.400009583860145797e-03 4.409120556975050487e-04
1.275740921214028054e-03 4.170750018748232545e-04
1.290776353078560519e-03 4.140174219650393840e-04
1.378863872000816093e-03 4.401113280049570456e-04
1.394650330480797125e-03 3.992565317545663378e-04
1.293772667390137186e-03 4.674113158555264001e-04
1.508935104162011792e-03 4.120627837971584562e-04
1.533785245934236267e-03 4.341689825756914591e-04
1.296779568851596761e-03 4.681951275079447670e-04
1.412872727031018851e-03 4.565760651162790551e-04
1.446303550284180114e-03 4.237352451260551498e-04
1.132730260758587661e-03 4.461600194200279475e-04
1.633840019633760448e-03 4.541990807338108782e-04
1.341536386919232491e-03 4.587542119396736755e-04
1.237354946970045319e-03 4.113973996952463878e-04
1.372970005248317455e-03 4.620019625084473714e-04
1.445654576913001088e-03 4.037450959532557621e-04
1.217804913522471709e-03 4.660202547960358736e-04
1.045660115554515731e-03 3.572376019864186079e-04
1.276025008077055376e-03 4.169022347699648896e-04
1.453208079290542768e-03 4.106250206831043919e-04
1.202178382305389313e-03 4.298428639801137388e-04
1.330411665170148873e-03 4.232994860104013308e-04
1.243406630826053788e-03 4.148062496736069698e-04
1.491808669019455353e-03 4.201010479849067196e-04
1.755214420513809053e-03 4.726734194259817989e-04
1.305199921222587305e-03 4.515522108089385861e-04
1.405725378083013278e-03 3.907939588334343730e-04
1.283788830406462026e-03 4.318880968715643276e-04
1.243595436286629120e-03 3.872902541126557090e-04
1.250856426006615894e-03 4.265764172082253951e-04
1.237303069398489053e-03 4.532916756799045314e-04
1.510754481803449354e-03 4.229849611820693219e-04
1.480793406962573663e-03 4.124442242595895603e-04
1.222634062399855035e-03 4.136957137999867310e-04
1.519507160271234671e-03 4.183979413578099390e-04
1.340348505153601995e-03 4.058450539397533813e-04
1.181512059302316760e-03 4.409135772262444755e-04
1.232795901425810803e-03 4.465123755445474284e-04
1.439558751955767471e-03 4.148995737906463845e-04
1.441575887818149354e-03 4.107956413668674249e-04
1.387229051758883010e-03 4.190700612136207177e-04
1.305727146272806817e-03 4.520207867089875856e-04
1.197742337731591729e-03 4.273223677694425572e-04
1.313173616827867807e-03 4.156775448189005905e-04
1.421043929183932360e-03 4.383551260214977891e-04
1.277028592624268599e-03 3.700147599167402635e-04
1.231795287214557631e-03 4.180837412265279930e-04
1.306354009671216541e-03 4.607107651923171955e-04
1.267478320350769617e-03 4.273375156551420854e-04
1.312081370458952024e-03 3.996450849234029585e-04
1.309750962833908239e-03 3.991866358461349635e-04
1.517196130802766357e-03 4.495028877847106075e-04
1.240857890848937961e-03 4.168638563830405551e-04
1.201993408338218649e-03 4.473187388733515968e-04
1.256752555024680598e-03 4.424740702661318810e-04
1.204959232851907482e-03 3.937316915135673570e-04
1.208566670114783869e-03 4.281536313313982029e-04
1.249727227668709145e-03 4.325560565809324952e-04
1.484497589075045674e-03 4.197231708358470890e-04
1.265816071329257508e-03 4.178494275904268010e-04
1.281564033115289384e-03 4.585132900374930655e-04
1.283731929641608463e-03 4.755209300468677541e-04
1.480025188862874605e-03 4.332033843244430444e-04
1.044430361169589082e-03 4.282614059398606493e-04
1.299256088793508939e-03 4.192279698731675528e-04
1.326239319350787458e-03 4.336583312223044268e-04
1.518706537117460193e-03 4.324922798934994692e-04
1.320064297410556385e-03 4.264427560106935221e-04
1.304527759692642981e-03 4.739671358034688365e-04
1.370750877664271344e-03 4.494875825528160326e-04
1.289395350605136974e-03 4.506516108844559141e-04
1.382802526464667250e-03 4.423176456991744811e-04
1.265643463138306024e-03 4.147134679001366437e-04
1.487482354615633339e-03 4.275475151400332961e-04
1.220575335234533494e-03 4.295003019934618446e-04
1.247791041909845867e-03 4.009652791935960111e-04
1.510944096346811998e-03 4.592451939248072545e-04
1.280256351510126360e-03 4.356699192075376881e-04
1.305221623884542407e-03 4.053466959010036024e-04
1.505313717483951685e-03 4.048469910879241786e-04
1.161301718671308228e-03 4.532237574740809031e-04
1.149735107730967846e-03 3.649233866861810839e-04
1.282703731276595540e-03 4.223148397988144421e-04
1.409872946326358369e-03 4.599967345236607042e-04
1.192924120925229403e-03 4.489791165403556115e-04
1.262553990915986661e-03 3.997963716350721140e-04
1.504211234421150983e-03 4.560100788802968997e-04
1.255614265016703193e-03 4.159841041263710932e-04
1.288635332252836569e-03 4.087669826224326090e-04
1.273991650779857446e-03 4.469699182404354254e-04
1.407256636578488014e-03 4.063513677635566951e-04
1.123258313964553166e-03 4.436970054663414136e-04
1.240427175800155575e-03 4.162766805392896182e-04
1.356602587168636133e-03 4.113628728795534371e-04
1.485010489789242516e-03 4.504465064625737735e-04
1.439922344151587166e-03 4.520918928381370333e-04
1.347380490238444476e-03 4.114023579331493223e-04
1.361814026159579964e-03 4.500637116714371715e-04
1.444976381877505038e-03 4.268121532800256000e-04
1.168946262165947289e-03 4.387382024558127884e-04
1.480395032272647030e-03 4.265802767148819366e-04
1.184286720462392976e-03 4.601583574405410408e-04
1.457016688237713995e-03 4.451151215032790056e-04
1.318171245933641000e-03 4.313737570007541056e-04
1.200964343959092656e-03 4.213231219607594486e-04
1.423615214604205970e-03 3.899462453920331468e-04
1.528417372867053653e-03 4.231497482474013729e-04
1.419705747836166746e-03 3.921403323351136077e-04
1.358199885434763741e-03 4.512481900916562967e-04
1.406407739165130722e-03 4.268239072581036077e-04
1.192401100163621155e-03 4.399443815402356048e-04
1.146096378960396577e-03 3.706346343438429182e-04
1.322138386771317927e-03 4.367710391292121009e-04
1.357449586981759144e-03 4.665004017740657406e-04
1.360725670048705017e-03 4.191030552311751449e-04
1.205956776269756807e-03 4.206771024660805941e-04
1.243235687128980320e-03 4.353001299570729990e-04
1.474990340245860374e-03 4.820938829303234789e-04
1.177217909297379296e-03 3.988260317945542597e-04
1.380497360960183028e-03 4.109793973854231888e-04
1.314114309043971527e-03 4.223094518722149914e-04
1.387158672730957410e-03 4.304858129115876901e-04
1.242053129273228314e-03 3.746442951554590874e-04
1.370677866840778678e-03 4.673987065455897211e-04
1.221550059271297789e-03 4.726825060778828188e-04
1.271355024338822028e-03 4.307978807329530010e-04
1.360708681770198859e-03 4.301073394639424096e-04
1.189234140060981644e-03 3.829607166205632436e-04
1.261139318526155635e-03 4.013602344152859217e-04
1.109287258576586391e-03 4.304339064224773086e-04
1.379001839830678883e-03 4.320103620082507744e-04
1.326511875943392959e-03 4.489491537319475014e-04
1.266746940453975347e-03 3.973789734972678128e-04
1.181388170195048605e-03 3.982878977714415965e-04
1.286502729895654899e-03 3.853697309406490341e-04
1.268672709372444234e-03 4.095517323609506612e-04
1.392539276034705873e-03 3.689839531139485246e-04
1.285838644797413681e-03 4.005120541090969807e-04
1.183535849092772320e-03 4.257596748928195278e-04
1.263663601137758217e-03 4.326813095093446130e-04
1.284255413546029657e-03 4.209323475182844411e-04
1.285637102530596708e-03 4.433247312162011812e-04
1.353087321397558737e-03 4.916957212720539112e-04
1.371645934689964428e-03 4.511566721960635971e-04
1.271341883674722856e-03 3.965374781088542395e-04
1.330748911296315623e-03 4.489305241304827215e-04
1.183502208839604585e-03 4.368338704041261852e-04
1.451880106646224414e-03 4.009600475456278181e-04
1.302180354594400504e-03 4.587593816494900498e-04
1.340164571781703607e-03 4.643278488876510378e-04
1.197060177918614961e-03 3.810018782949314733e-04
1.393983799243455821e-03 4.737258803733900014e-04
1.549078473087922743e-03 3.968612233766896842e-04
1.213689227180878277e-03 4.026969374875003578e-04
1.395979453008862293e-03 4.397316393918913836e-04
1.244257095176217734e-03 4.538314493534539406e-04
1.203296042388265824e-03 3.935021655418658067e-04
1.239815847752889820e-03 3.747469752257545552e-04
1.242983898062352587e-03 3.999780953846746577e-04
1.512631154652102281e-03 4.783094057076495544e-04
1.296400031067315457e-03 4.294318583202511117e-04
1.441739528121277220e-03 4.872357961841880026e-04
1.462713867210678085e-03 4.031516136969380245e-04
1.356064394128301751e-03 4.507219316804703048e-04
1.250987696086513362e-03 3.994969072905929139e-04
1.206923066177628418e-03 3.665024163387452672e-04
1.330002401857860190e-03 3.795724756013217844e-04
1.177922100942905594e-03 4.822550721764730331e-04
1.408768464842810424e-03 4.646123673500617631e-04
1.289302118325845415e-03 4.299100277528534911e-04
1.266829839108528453e-03 4.245644731357210819e-04
1.230906913136194840e-03 4.157007646946176533e-04
1.409122136146272707e-03 4.580403024657547523e-04
1.389085140761128637e-03 4.689856358675946317e-04
1.373588719988719925e-03 4.098723194563051405e-04
1.065818035434967087e-03 3.769385976839634126e-04
1.161145949739952627e-03 4.282731202408339563e-04
1.414802625558269408e-03 3.796207517214588985e-04
1.305325041612325973e-03 4.803696387673397168e-04
1.334830073709034710e-03 4.511752770228906863e-04
1.371185847763896652e-03 4.027660583482645194e-04
1.043999090584323995e-03 4.399278060215239435e-04
1.275270063777401769e-03 4.578215460478632500e-04
1.196015591355675941e-03 4.186923583376855017e-04
1.424506930342959868e-03 4.542337797732626291e-04
1.382558786322224658e-03 4.018684595635597825e-04
1.085728205293646012e-03 4.016238577093858152e-04
1.217437178012802448e-03 4.094279945692926677e-04
1.219708816916874761e-03 3.856220276531418362e-04
1.353655087106365789e-03 4.770045381459236044e-04
1.387578111279279183e-03 4.592665273267703069e-04
1.379226846114324978e-03 4.370097106933945727e-04
1.213224889497564307e-03 4.302208557375123018e-04
1.299754584207174143e-03 4.121136884049182779e-04
1.238440771820711016e-03 4.853405441021977165e-04
1.507319739438737908e-03 4.675290534151165162e-04
1.386353070281891959e-03 4.982269946917117524e-04
1.201103487670410154e-03 4.249496087155445905e-04
1.304844789318645700e-03 4.919503948267975628e-04
1.365754611639916289e-03 4.648388381636128124e-04
1.132448381092144261e-03 4.325687717646521679e-04
1.261066355081953997e-03 4.047525194464251402e-04
1.279621558208033066e-03 4.135215659317882219e-04
1.369923656287993455e-03 4.152564109882602122e-04
1.185630050514754072e-03 4.300184471538494855e-04
1.280083523769142860e-03 4.110654723125394569e-04
1.344315207850003274e-03 4.528996825078856992e-04
1.308651058318265016e-03 4.625131501218803214e-04
1.296512124212744138e-03 4.599856254643655703e-04
1.451117122807018059e-03 4.098363880686458596e-04
1.434165998718400130e-03 4.371721942178575029e-04
1.321746596372248839e-03 4.420031013330843420e-04
1.345321324894998942e-03 4.736440340449663434e-04
1.311819868945535410e-03 3.947490207124474478e-04
1.255669160367458301e-03 3.988110793560200739e-04
1.320007146792859546e-03 3.959485342175576936e-04
1.470828078135722698e-03 4.614754172365036298e-04
1.353988722665240780e-03 4.441441246728768349e-04
1.121769869474825362e-03 4.163629277535362493e-04
1.289780689675743735e-03 3.948055460191346087e-04
1.354024219925902038e-03 3.924975824475489109e-04
1.300485186129645213e-03 4.348522474220111594e-04
1.071184754669737491e-03 4.422074363012204294e-04
1.279005864882093620e-03 4.030375232998919957e-04
1.319663610522836279e-03 4.358060420291501877e-04
1.440589170816760625e-03 4.329341774546120389e-04
1.352617881698707719e-03 3.984413958727061190e-04
1.155687815453686207e-03 4.396783847606166380e-04
1.399580180325225767e-03 4.422081184497925958e-04
1.219844023110245364e-03 4.635114173794660053e-04
1.277079057721381252e-03 4.065712921899021504e-04
1.160299013590661635e-03 3.888120620872096583e-04
1.239122758217716747e-03 4.085140972616073092e-04
1.438140075595798796e-03 4.268865323575290636e-04
1.353159366845696010e-03 4.024540606699608691e-04
1.507825449762574804e-03 5.018188512698312223e-04
1.092306694393586821e-03 3.997522635445261720e-04
1.402770208210736428e-03 4.520612730608383387e-04
1.317551008317602822e-03 4.289038300594589484e-04
1.508523874449268967e-03 4.310241577661657578e-04
1.427574838477968511e-03 4.643585389704957310e-04
1.551814510108563781e-03 4.507952094383516268e-04
1.255159670056463488e-03 4.559830971246368121e-04
1.360530285169206811e-03 4.045427736601957800e-04
1.236360364353131583e-03 4.295153240860771987e-04
1.433505323873095292e-03 4.151309457944164631e-04
1.209054857379161796e-03 4.011497582474621640e-04
1.439497396404910501e-03 4.636419224782261728e-04
1.367270269638656529e-03 3.812820164335990964e-04
1.282547745356761321e-03 3.989783271749431444e-04
1.462310507459313805e-03 3.910654192368595398e-04
1.305441404287446035e-03 4.149910577454904892e-04
1.167459851364950575e-03 4.077991590533735838e-04
1.143000276197541102e-03 3.587913190290976419e-04
1.494375188940719884e-03 4.844241569601443810e-04
1.344231966612142093e-03 4.312826519459385952e-04
1.354461267744311043e-03 4.067002600214190207e-04
1.397319959626428182e-03 4.602146275034537889e-04
1.191751153536350959e-03 4.324832998864161005e-04
1.303254771405964281e-03 4.550090141898841109e-04
1.162908891059760957e-03 4.153455479627855677e-04
1.460449388862604609e-03 4.506912074715900638e-04
1.255527722611030897e-03 4.559453018915203808e-04
1.303915217073284370e-03 4.040128122230808192e-04
1.384123760421781006e-03 4.765863300534735727e-04
1.157555377199560431e-03 4.010199368398675271e-04
1.161265458154487522e-03 3.867408792215633936e-04
1.333197672437459388e-03 4.271881947597805178e-04
1.348038688021758677e-03 4.803876627674314652e-04
1.069765248201935215e-03 4.050754162750226650e-04
1.370274388105266992e-03 3.881665379197380599e-04
1.410961331865413912e-03 4.048804756062100003e-04
1.351019882516351842e-03 4.348762523477215508e-04
1.343651184059160668e-03 4.243643748873879968e-04
1.359967760167302489e-03 4.439792789159914305e-04
1.419035618712002770e-03 4.745452092416820229e-04
1.252428117907054871e-03 4.236705903318909697e-04
1.345439580128176323e-03 3.894161539594992428e-04
1.223508243814604027e-03 4.796798000311971056e-04
1.349082242117102337e-03 3.953707173736274380e-04
1.514972496340282956e-03 4.348622640967240885e-04
1.449073165208889912e-03 4.626417559954097377e-04
1.269972879740292188e-03 4.121045505556107007e-04
1.328299921044916133e-03 4.318601538277823284e-04
1.369131567145084796e-03 4.398566054909427286e-04
1.204259119188741184e-03 4.690965010639120509e-04
1.391448804108276916e-03 4.422898379772381705e-04
1.362267558285903523e-03 4.278510449396094682e-04
1.331717973114772847e-03 4.786549074837069019e-04
1.320338946926126163e-03 4.343811114874100297e-04
1.381025201610972409e-03 4.267329071758360040e-04
1.290036730084845925e-03 3.781800546203788996e-04
1.258592086258697017e-03 4.211713338817384697e-04
1.451720918731730977e-03 4.207896654429600387e-04
1.258490862895712912e-03 4.811388716705389582e-04
1.344233465043769135e-03 4.682346763193493094e-04
1.274335130596983669e-03 3.843706914356634255e-04
1.282824113605412954e-03 4.173116986821326195e-04
1.406009775930810004e-03 4.108910138610538860e-04
1.498556745240151120e-03 4.717225651871668102e-04
1.510820441217757383e-03 4.864334384202913730e-04
1.549198099512633705e-03 3.881344507824365463e-04
1.315941022965027175e-03 4.489448996743473940e-04
1.363516243624725158e-03 4.624095941652843532e-04
1.133258615633885285e-03 4.035550354753307295e-04
1.446980481331243146e-03 4.410747338376426289e-04
1.275122997337488264e-03 3.780662786275083625e-04
1.281373759681064513e-03 4.147206216520870530e-04
1.333773958122252230e-03 4.627779234733617902e-04
1.285534322120655522e-03 3.751756981896537139e-04
1.323101858094373473e-03 4.439016718044922079e-04
1.168999066625520198e-03 4.104575911567583417e-04
1.464946657528709171e-03 4.360759340828345332e-04
1.382718238321852715e-03 4.104225762304880435e-04
1.084114158451175312e-03 4.296744312686357728e-04
1.309280290020977408e-03 4.830708037726177398e-04
1.395469781219414339e-03 4.146810772758110987e-04
1.357177412098760924e-03 4.868723496337604845e-04
1.271776778459208839e-03 4.163750798624498480e-04
1.341907034966112943e-03 4.982234294751430610e-04
1.303790929716602733e-03 4.086609288197112278e-04
1.487073726534703490e-03 4.336643636963637702e-04
1.332801875584232500e-03 3.983265591297484765e-04
1.093633930067938785e-03 4.103089135206975258e-04
1.347416728470060467e-03 3.995090881557789410e-04
1.241198740369142293e-03 3.925012675375770142e-04
1.216827982452168416e-03 4.168183584013569385e-04
1.182779650621061489e-03 4.137518155848103705e-04
1.466345222341803147e-03 3.732766795679037081e-04
1.409761004003742477e-03 4.397071119066911721e-04
1.101186589829559852e-03 4.244549924144210939e-04
1.516720632341639168e-03 5.031297714767821432e-04
1.505176503459427356e-03 4.212907425668286645e-04
1.464295054843179266e-03 4.481529019024518661e-04
1.205713665508427847e-03 4.447148101270396959e-04
1.529785013919903293e-03 4.740869517646445551e-04
1.476743803948174505e-03 4.193421579892523342e-04
1.307573782845881678e-03 4.339114902905081574e-04
1.391789955585755320e-03 4.269701599706447357e-04
1.641966214790455082e-03 4.573209926475585983e-04
1.285528870248710959e-03 4.049363149455056021e-04
1.199911954437397725e-03 4.934068452338803354e-04
1.119174264783640233e-03 4.136290875930978615e-04
1.398651062634046925e-03 4.318351696125109817e-04
1.233598410548641120e-03 4.379867023245356773e-04
1.251400837225734655e-03 4.707715133828975365e-04
1.286009422176619685e-03 4.616762349789244502e-04
1.300048992641219484e-03 4.055370022821512240e-04
1.370811753202693783e-03 3.759071110407476461e-04
1.289297839874264332e-03 4.157070712778598311e-04
1.256363170138999168e-03 4.244496217476832062e-04
1.165149749306789231e-03 4.185415143375218220e-04
1.235095351265893399e-03 4.508128759021516239e-04
1.233433906880973888e-03 5.027467588053900370e-04
1.335662247543056196e-03 3.674327187072305581e-04
1.216754989256616957e-03 3.993473738833381182e-04
1.185980565408325301e-03 3.884563026327683146e-04
1.327744218858714848e-03 3.953370138372487835e-04
1.170741314659824771e-03 4.445037434177764044e-04
1.137735243679873116e-03 4.537883541352906989e-04
1.126210904981887924e-03 3.836970424512202286e-04
1.281456754317935633e-03 4.337170306626654624e-04
1.335932716152913409e-03 4.050420221105840231e-04
1.196897942487502907e-03 4.753263647429610225e-04
1.109232516851414892e-03 3.863583309588579785e-04
1.466133385213747508e-03 3.814097209469798837e-04
1.399048825653386547e-03 4.486734893898964107e-04
1.285281559840456209e-03 4.152347770456756362e-04
1.214851971760726006e-03 4.259189678032786631e-04
1.573305204216277455e-03 4.583624290653069656e-04
1.501416637404712120e-03 3.907711016000385931e-04
1.176698280253576099e-03 4.213253043139301296e-04
1.304182896675341050e-03 3.852611344997181357e-04
1.508218967376355859e-03 4.649152465784713896e-04
1.671957921519236310e-03 4.150965800869525378e-04
1.286251851732983162e-03 4.487071335337949819e-04
1.408882821891382182e-03 4.681752427034365947e-04
1.324564659813391287e-03 4.048546069102484674e-04
1.035965698778721755e-03 3.722575250506097305e-04
1.184490080887937906e-03 4.039594598118365141e-04
1.214180277359356219e-03 3.815520078569451380e-04
1.491667923177240939e-03 4.819165588668109955e-04
1.464350394332461979e-03 4.564946108704288365e-04
1.332724385972041629e-03 4.596096598388466309e-04
1.397186782032231638e-03 4.761081066876681291e-04
1.228149128040036684e-03 4.495225768059485415e-04
1.219082272814501046e-03 3.881953396084404694e-04
1.448164020169138326e-03 4.353605922731570380e-04
1.221926054125428880e-03 4.370555600978287352e-04
1.448519152184712206e-03 4.330069630029681612e-04
1.446310307184364013e-03 4.351723056285816335e-04
1.319332835349519041e-03 3.945650874547386965e-04
1.445984211381303288e-03 4.088211729948693193e-04
1.100266910170586603e-03 4.057665235498731640e-04
1.237779887200316517e-03 4.047566731765519219e-04
1.503400300815325129e-03 3.838306093981490655e-04
1.240434306544427757e-03 4.213744337457581363e-04
1.340395036378137566e-03 4.113233781924493680e-04
1.231631649198516518e-03 4.244441190089259276e-04
1.438005706868510569e-03 4.176624139722666905e-04
1.304632122651626499e-03 4.078528683633533347e-04
1.038347392008201085e-03 3.914941453529448929e-04
1.164906686525842526e-03 4.252034548352887642e-04
1.270594718231333672e-03 4.291351838801714283e-04
1.130168843558215222e-03 4.476555938888206448e-04
1.284942541836829382e-03 4.031800873324751806e-04
1.441134726636323325e-03 4.244352724986060615e-04
1.352397090412977860e-03 3.713492415136593165e-04
1.300421071385894330e-03 4.486801957228640975e-04
1.452718690256777061e-03 4.704236473958869316e-04
1.467068705515824339e-03 3.806391144490620430e-04
1.395477046453098531e-03 4.049134500133256122e-04
1.387815876549963181e-03 3.876100430781508933e-04
1.426730936645824021e-03 4.030297337800622178e-04
1.304963197215554998e-03 4.211077407313728238e-04
1.307560187581428834e-03 4.079053982704386200e-04
1.155214352589641622e-03 3.941463916876574098e-04
1.406975427451212426e-03 4.507014670257239951e-04
1.248527776363330104e-03 4.519640583314262351e-04
1.337904097303843371e-03 4.253959815720579165e-04
1.386327095451661898e-03 4.596075302621457220e-04
1.209698106062851363e-03 4.860763057815581140e-04
1.358870717518217671e-03 4.273061185138645932e-04
1.467576847462764194e-03 4.481615408536524805e-04
1.313039166211340050e-03 4.356385885217945765e-04
1.294972545752722665e-03 4.249681224975573055e-04
1.482393501740132766e-03 4.549279201804680537e-04
1.327736546820888416e-03 4.245239110918522457e-04
1.385477518594036613e-03 4.344790412704161602e-04
1.437220821618620048e-03 4.541298557072655185e-04
1.277512934673165649e-03 4.075234947212840343e-04
1.275231160409987527e-03 4.543419168317327454e-04
1.344315370989189896e-03 3.950815081578479206e-04
1.273411745946376400e-03 4.798727487594676251e-04
1.232559198395872038e-03 4.523617923489370871e-04
1.276490354758975368e-03 4.197065632635017004e-04
1.506844239119178907e-03 3.991315776034364319e-04
1.264424726467935607e-03 4.506851574640994163e-04
1.281578433626916289e-03 4.587602520234866665e-04
1.212189041275799420e-03 4.739741762644146842e-04
1.365482283386501442e-03 4.185256658255827604e-04
1.337971159917844023e-03 4.146167069274643503e-04
1.114431349811350605e-03 4.011657076242659717e-04
1.411358798309054205e-03 4.284163882299576618e-04
1.353226074273495465e-03 4.244770696255506948e-04
1.445206126453556922e-03 4.119115173443464468e-04
1.434699839969032480e-03 4.230123349314579020e-04
1.328977485899152360e-03 4.108396921689276711e-04
1.350969603531267755e-03 4.203594983279826977e-04
1.172987615786450378e-03 3.844318840183178778e-04
1.388980688019930037e-03 4.112964808266567703e-04
1.181453116499740904e-03 3.835384301586338101e-04
1.237937904801839940e-03 4.545090042219180845e-04
1.386621056943283413e-03 3.885715505204889405e-04
1.277985348287268745e-03 4.378779212129482452e-04
1.358825714536334101e-03 4.086924621953892168e-04
1.085437063483438852e-03 4.062441285978220023e-04
1.354882276658107192e-03 4.286319773131648677e-04
1.334668516343513094e-03 4.472635770047346721e-04
1.578187118751800920e-03 4.439020922755913356e-04
1.464512189189590922e-03 4.290266404273430966e-04
1.322808407690867797e-03 4.564602128389901427e-04
1.300630459922204373e-03 4.314812572231002934e-04
1.346913033303036040e-03 4.607116717260159979e-04
1.233203714988856956e-03 4.196774379672913672e-04
1.361528141745739148e-03 5.079374483525575263e-04
1.230804884310994713e-03 4.168617445314487329e-04
1.289340510651389377e-03 4.500781216901766761e-04
1.464693471731166050e-03 4.004801674016634822e-04
1.322426593826351400e-03 4.060983955062256166e-04
1.412732226246050200e-03 4.217262373458270002e-04
1.228429523055811837e-03 4.618125812592814051e-04
1.483498273613842499e-03 4.139880872071193007e-04
1.410556219790060160e-03 4.471669050733797753e-04
1.411448984055880661e-03 4.284832711625358496e-04
1.249855145601299049e-03 3.942197752926093692e-04
1.467755165085482018e-03 4.237592619067401169e-04
1.196100294969881924e-03 3.946887870184179106e-04
1.271332002963613747e-03 4.454492085177435960e-04
1.284182132613918576e-03 4.883472703889088322e-04
1.292248648028121796e-03 4.129020940205046369e-04
1.207715736803233490e-03 4.432957592919886214e-04
1.336417643539422606e-03 4.378218264494315357e-04
1.147116107128540305e-03 3.908730780503553190e-04
1.021782164376184481e-03 4.138501432061581441e-04
1.351062486262095356e-03 4.448162472807350642e-04
1.178514450271562954e-03 4.063237040466096328e-04
1.081542358582247452e-03 4.053062842302210906e-04
1.235039666850561374e-03 4.793671237519302186e-04
1.355622317285462130e-03 4.297380332607170813e-04
1.321966726363196310e-03 4.377827828101703137e-04
1.315751580667063030e-03 4.341813281126248613e-04
1.398478923965244466e-03 4.685460024463381857e-04
1.284568871096819932e-03 4.485760025152563503e-04
1.301404199953386893e-03 3.807890743118108037e-04
1.250836695253311915e-03 4.182168244989137589e-04
1.453776347802597209e-03 4.530311020384810241e-04
1.373763336046775543e-03 4.748720368858072778e-04
1.358609714281692592e-03 4.784360860856331403e-04
1.222952104557847430e-03 4.502957836186475887e-04
1.251474460743711879e-03 4.477081244145965215e-04
1.293669997147759007e-03 3.985346863442653601e-04
1.304901080775424781e-03 4.224569860654107836e-04
1.224957829474857766e-03 4.188990048808683081e-04
1.397522184400238785e-03 4.549649369822813985e-04
1.415792731658372479e-03 4.467407081146568585e-04
1.321467343450669595e-03 4.277137438729550168e-04
1.195698840165521602e-03 4.607758702375461062e-04
1.223596225973415082e-03 4.450319346015625655e-04
1.317119423034604150e-03 4.383812317651348644e-04
1.590800073785142345e-03 4.490752357851953021e-04
1.184063014273232291e-03 4.396638703396042822e-04
1.465252887963391405e-03 4.658618544230762131e-04
1.521634894005582462e-03 4.296457072466899072e-04
1.546554252617243210e-03 4.541551382447728117e-04
1.390189099255377363e-03 4.050406496061344664e-04
1.376871083868516513e-03 4.390393718998654047e-04
1.399725478425985345e-03 4.117051356042825258e-04
1.196011012668631197e-03 4.576206320290417866e-04
1.413052823498342795e-03 4.296738167611050289e-04
1.221846033348918201e-03 4.604983858701629110e-04
1.084718046514913806e-03 4.027724981414740595e-04
1.577392289556064833e-03 4.430328183351112592e-04
1.122541901421308377e-03 4.079982632819347389e-04
1.332529183180198272e-03 4.425369086002515075e-04
1.217939942663943129e-03 4.105025165280625442e-04
1.002117554734841681e-03 3.738864396690431751e-04
1.171846302470453891e-03 4.512239292617753299e-04
1.509777968721625176e-03 3.985499276188600296e-04
1.451918048858145353e-03 4.051240504964427266e-04
1.309108946307633616e-03 4.379364690719420310e-04
1.292595637171284817e-03 4.117632106381841897e-04
1.382071640110459120e-03 4.102506048701931823e-04
1.311383184585988588e-03 4.234951236646270108e-04
1.371824285091110878e-03 4.490773514868232996e-04
1.448915148346957386e-03 4.827138314619014567e-04
1.319027183649423753e-03 4.405162736724343325e-04
1.104832486948066758e-03 4.637594961668270281e-04
1.371211651872068478e-03 4.236736400269971742e-04
1.426781539330709012e-03 4.623012770472002624e-04
1.429216770565344035e-03 4.399806035782668199e-04
1.391543208760227497e-03 4.457388806472468512e-04
1.278841917098086887e-03 4.267744176497132520e-04
1.164186641312150950e-03 3.777686713694160129e-04
1.341170184235072546e-03 4.124400035163365021e-04
1.401539027644282736e-03 4.254782188701722247e-04
1.413291756953994607e-03 4.915863609096234954e-04
1.184696010936292076e-03 4.596476631185094698e-04
1.412498376527259770e-03 4.619296716247670606e-04
1.228711233896943433e-03 4.083040150936277494e-04
1.440418258981798197e-03 4.165426745323085869e-04
1.477948595003928918e-03 4.486518984223307775e-04
1.515386572774257787e-03 4.132025924613369266e-04
1.189252860612712839e-03 3.878381262329499242e-04
1.177495969495737354e-03 4.145988170625222041e-04
1.277623796785610014e-03 4.091723772405386848e-04
1.376113706547046336e-03 4.174068063084266506e-04
1.366961054485475464e-03 3.994372075377891369e-04
1.262857979443005258e-03 4.244329875318664257e-04
1.255038346146059936e-03 3.927984972542091923e-04
1.317617375809728916e-03 3.936989040820651768e-04
1.231379339857927935e-03 4.249656629315476776e-04
1.188505827361272882e-03 4.075512755032004684e-04
1.265687362372325438e-03 4.519248159838539771e-04
1.347030850762376058e-03 4.257393734371102390e-04
1.365354337107115706e-03 3.825043790915894277e-04
1.283535571168964483e-03 4.288406181588099407e-04
1.261759023522901393e-03 4.157878922552460149e-04
1.581427856998557455e-03 4.397057960927951798e-04
1.352728626729176025e-03 4.168295096911838610e-04
1.198140667007453926e-03 4.648318177979109556e-04
1.418497433124159051e-03 3.702458758995600253e-04
1.438824712664111324e-03 4.174152018508223258e-04
1.385252528518214664e-03 4.073787283532647060e-04
1.342430993604272352e-03 4.225801543680201395e-04
1.436400773033829226e-03 4.820485930481316567e-04
1.383177327542377093e-03 4.063990669504559720e-04
1.526166253353595072e-03 4.943749308591346807e-04
1.329377194328051773e-03 3.863164329011939966e-04
1.349745272107780386e-03 4.181811973363974396e-04
1.393935601326698514e-03 4.221365888750775917e-04
1.411538314324429491e-03 4.534828295223857918e-04
1.512565737624133435e-03 4.460840429910196731e-04
1.462641928389097571e-03 4.476304527714979964e-04
1.572214116877691499e-03 4.524690116652617953e-04
1.041699136006427138e-03 4.848362086149159687e-04
1.181899729005514302e-03 4.333725141251036118e-04
1.256837520113576571e-03 3.486720640716180859e-04
1.399673577777037084e-03 4.362716420577841207e-04
1.106838706533068992e-03 4.240178092568076731e-04
1.299126136866233247e-03 4.394049619796119182e-04
1.301538414784183433e-03 4.116662564701919656e-04
1.338873309686641321e-03 4.473649748495611093e-04
1.310150973615524734e-03 3.954930676627445643e-04
1.226609318449929003e-03 4.298669413525350327e-04
1.163734592913118161e-03 3.659536323167384363e-04
1.275366835768281621e-03 4.158263901151001084e-04
1.314072597976249143e-03 4.625605910598076949e-04
1.375653040532176692e-03 4.039119800630303677e-04
1.465990372366566315e-03 3.963948604821752593e-04
1.280133159060471530e-03 4.254343626332162407e-04
1.468163528486257988e-03 4.298405314218080525e-04
1.283452048228167800e-03 4.503386050666964503e-04
1.403270093342355411e-03 4.400603989281426744e-04
1.240123111717674484e-03 3.917673581123138423e-04
1.172734491208410248e-03 4.144157057884276566e-04
1.177588158206299652e-03 4.434287952371307549e-04
1.318086860041589158e-03 4.480918778083260983e-04
1.168284964840910194e-03 4.082304096225395956e-04
1.312227634392987589e-03 4.431671026295598060e-04
1.431142025958525308e-03 4.228879694715165119e-04
1.281645630189843545e-03 4.370769568531730851e-04
1.178648805685473654e-03 4.661550449870828505e-04
1.255603828106470216e-03 4.491225073908499711e-04
1.357203613717528371e-03 4.429027669408140341e-04
1.323301490468178042e-03 4.333782087786006328e-04
1.107829316949537641e-03 4.196478729162503936e-04
1.331715441485872842e-03 4.240514932878093049e-04
1.308378825583514111e-03 4.357639534173844112e-04
1.177996997146583784e-03 4.325527674132305660e-04
1.398908041955792278e-03 4.154917151811802654e-04
1.392951655401730845e-03 4.277677908907391970e-04
1.248135270549473059e-03 3.873093126983316527e-04
1.278889652605501607e-03 4.189145864810203722e-04
1.475154598447549984e-03 5.083843420772782501e-04
1.279602023268025003e-03 4.133328566062450084e-04
1.390353330829852000e-03 4.324100088489981285e-04
1.232029573788890687e-03 4.501800758731508640e-04
1.195796053605394484e-03 4.209114043882300374e-04
1.190967051484918566e-03 4.054703991079934046e-04
1.400216678661169714e-03 4.303594572729861362e-04
1.405976296910549719e-03 4.395724549146310832e-04
1.440632986250556550e-03 4.335924891256881996e-04
1.237319583256808915e-03 4.367418657482244511e-04
1.506329038586453955e-03 4.300503253282890112e-04
1.445937175738648680e-03 4.108636110822009267e-04
1.390150868751581460e-03 4.463284799240148219e-04
1.380720315162461661e-03 4.528470213287994948e-04
1.188085140128509456e-03 4.465530344020431498e-04
1.371244539974826116e-03 4.695687069567593694e-04
1.444763073305650779e-03 3.880538765085404644e-04
1.230039335441163824e-03 4.415473072815293020e-04
1.218901095405502608e-03 4.622871958514843094e-04
1.368431897627658432e-03 4.531983625168341853e-04
1.497087608338157436e-03 4.311194117804354234e-04
1.476924304988441088e-03 4.188149302942246761e-04
1.377888905190455000e-03 4.213643441255836329e-04
1.297138376479009623e-03 4.481493606101690668e-04
1.234822177169492404e-03 3.950938906919163334e-04
1.196167239274719546e-03 4.381283947482223135e-04
1.121556824152954331e-03 3.986278896247253171e-04
1.692414499086754504e-03 4.076089425144382994e-04
1.188787885474707406e-03 4.695893623029604932e-04
1.435260706050622316e-03 3.894016956864792297e-04
1.314072362785619584e-03 4.612248164211325092e-04
1.434176162427136525e-03 4.749662598768435206e-04
1.320358250155467296e-03 3.870093265188606223e-04
1.096038754191343842e-03 4.163083121543153077e-04
1.317476458748345885e-03 4.792055441747931888e-04
1.274766916608374798e-03 4.320309074980284068e-04
1.383354574060344450e-03 4.151921836308909209e-04
1.379271006782937549e-03 4.315955257572160332e-04
1.288711616102975388e-03 4.537020179247133636e-04
1.531816798103256957e-03 4.500770255371957921e-04
1.198688173528853016e-03 4.149276402573989580e-04
1.330998759745569528e-03 4.285941012108187751e-04
1.493930387055546986e-03 4.185970542918246071e-04
1.343679262289480900e-03 3.926778394826055223e-04
1.397409450456076150e-03 3.983481641925683703e-04
1.258376337169813189e-03 4.220757719366206905e-04
1.332777496265316651e-03 3.880240205700459890e-04
1.434186713249594857e-03 4.202309485876268573e-04
1.547953871793833871e-03 4.553721903176554645e-04
1.340772173850606061e-03 4.773054930819207510e-04
1.392478226139460401e-03 4.613745052551757151e-04
1.324820184204195074e-03 4.460276612050509339e-04
1.334420481661636147e-03 4.661087578380861932e-04
1.260961689629180697e-03 4.304255535360579322e-04
1.376672439612868252e-03 4.489695558070876547e-04
1.355090967425385661e-03 4.026766612456160205e-04
1.294533813666283494e-03 4.146187174764662665e-04
1.328126348107160071e-03 4.679413520734303439e-04
1.282869914487553024e-03 4.105806073623450040e-04
1.272712994719135465e-03 4.015926018178747636e-04
1.422123803982360468e-03 4.461616826095005399e-04
1.300285609059089603e-03 3.972385339351503322e-04
1.427948902263216678e-03 4.596682268501944358e-04
1.351523943784581176e-03 4.068808018523672543e-04
1.301250070993253917e-03 4.317861714203228988e-04
1.261295322204640090e-03 4.439500459586032187e-04
1.261325194683333897e-03 4.532025986034073366e-04
1.408085915885875930e-03 4.217139853204932118e-04
1.364135637078385966e-03 4.350467219388042786e-04
1.443217571423110329e-03 4.221902969698627310e-04
1.134154784268714055e-03 3.790315351958406585e-04
1.502966650168121926e-03 4.400346545453778140e-04
1.333415541200330115e-03 3.631274897208436108e-04
1.211569100806095473e-03 4.297211630246231939e-04
1.266308084981112702e-03 3.660976356267118159e-04
1.312509507487575082e-03 4.271485770771385948e-04
1.486571506637626066e-03 4.212258515959541342e-04
1.247010408688409722e-03 4.034444830016025623e-04
1.181074086381589438e-03 4.069383594991708014e-04
1.465818694434419716e-03 4.050961830109710412e-04
1.379336657707448070e-03 4.281458847079025877e-04
1.374223222084977733e-03 4.500381676923168907e-04
1.017990655724074732e-03 3.999702167881855281e-04
1.314742303153846248e-03 4.400678551457002773e-04
1.140124670429396416e-03 3.846424755023266219e-04
1.164543783125781325e-03 4.569097043062701779e-04
1.660322451844229883e-03 4.276884698643106694e-04
1.349410162697483413e-03 4.429142735710399348e-04
1.284737543320714579e-03 4.746460534663741863e-04
1.203571980900761725e-03 4.250390364291356353e-04
1.207131653177368705e-03 4.535263435339081830e-04
1.389923936903618646e-03 4.271944084918554026e-04
1.260799260039933544e-03 4.375406703005910625e-04
1.173209665369343751e-03 4.051014564621806583e-04
1.260568072425842338e-03 4.586672129101914352e-04
1.157509844214029771e-03 4.130558056950686132e-04
1.402689217468708772e-03 4.290561849546795353e-04
1.545118173594619638e-03 3.939318406055220727e-04
1.394748241956718891e-03 4.046557662373014399e-04
1.227863346698486804e-03 3.959268151322295134e-04
1.330210779447299312e-03 4.173426975896748440e-04
1.227340689326987793e-03 4.353268084990528485e-04
1.201629631716406681e-03 4.563533744934903085e-04
1.419028085800655989e-03 4.348653183949010388e-04
1.031756665693794352e-03 3.601465318135481592e-04
1.421465956656120001e-03 4.293304592292541359e-04
1.264297501537813831e-03 4.424963404266691268e-04
1.360644508178845621e-03 4.714980889106356807e-04
1.357909070825532097e-03 4.586051677810833020e-04
1.350015478940952635e-03 4.384480980661468108e-04
1.250351003181609296e-03 4.037506058021259406e-04
1.411665785280784725e-03 4.291142775155350458e-04
1.337443069360884449e-03 4.352555736221912566e-04
1.294392810291196015e-03 4.261377376413907751e-04
1.343234913728041588e-03 4.899192413221211502e-04
1.422563840791215466e-03 4.184992602353236526e-04
1.213893200018473315e-03 4.510522293661578118e-04
1.442828488066987816e-03 4.255562429664520819e-04
1.269802856655598234e-03 4.192078103725184923e-04
1.182253155836494396e-03 4.489029126251175054e-04
1.346180433323518983e-03 4.403160334091148881e-04
1.393518899400454777e-03 4.079897024645175846e-04
1.449004613529936755e-03 4.582562848357059500e-04
1.071300793249057226e-03 3.805250900435991433e-04
1.579055479879805596e-03 4.332630640136508004e-04
1.589041387691107971e-03 4.299180977132237963e-04
1.327069451939086363e-03 4.072082068151728924e-04
1.386367989436695881e-03 4.462833319649322779e-04
1.267729647185495507e-03 4.025216161476685077e-04
1.018055946603640223e-03 4.201392257677103370e-04
1.168548218102779916e-03 3.988967855751151420e-04
1.087408648428330772e-03 3.886186163888884692e-04
1.100602704743024142e-03 4.127671962995594257e-04
1.241270801385718683e-03 4.499016020608711565e-04
1.289154407449386117e-03 4.105005802302395096e-04
1.270299397680321957e-03 4.852085110397883340e-04
1.202356467027174223e-03 4.130045772719218521e-04
1.249295491364730030e-03 4.058887937390255433e-04
1.260473839388082280e-03 4.515837957140967480e-04
1.108628522042088985e-03 3.714151613106567206e-04
1.333896307607440601e-03 4.028925724892522026e-04
9.997982206142797586e-04 3.742565662983430739e-04
1.294286798606852917e-03 4.216481051555476256e-04
1.387083149344523619e-03 3.992741776880321205e-04
1.157327764003819722e-03 3.778849130471678632e-04
1.267265455520163097e-03 3.995884831284101995e-04
1.443793091848343023e-03 4.162462150503394597e-04
1.140039643539914526e-03 4.212534247706027114e-04
1.428505721822740304e-03 4.078989079402046991e-04
