1.598695553141421793e-03 4.434606853410757868e-04
1.507258793080102277e-03 4.014783321415747491e-04
1.586639489380432377e-03 4.244215872365957433e-04
1.183718857189712276e-03 3.983956100839645314e-04
1.397539761691143478e-03 4.505115133867100530e-04
1.262777980177914828e-03 4.011290486323732083e-04
1.388806489091874014e-03 4.626229114506880255e-04
1.209356433938934888e-03 3.900928862250769170e-04
1.253715233449883421e-03 4.506849789273998318e-04
1.234132228779861356e-03 4.057801954437242008e-04
1.607731217994978019e-03 4.593075849218322682e-04
1.326258286647522639e-03 4.236057932621027275e-04
1.350885003143081301e-03 4.294444651612828816e-04
1.209666257218717979e-03 4.708741241391083132e-04
1.303982618820779746e-03 3.968119539119880344e-04
1.156554163919556490e-03 4.157409877363452979e-04
1.256494322486165953e-03 4.305409262121440714e-04
1.295610398501728135e-03 3.942489870827192017e-04
1.529878858483294142e-03 4.846930167342613995e-04
1.269014502803439024e-03 4.357096650932133037e-04
1.467699856518331347e-03 4.161037171452258774e-04
1.352781591192677877e-03 4.422027745891336033e-04
1.563568037694627790e-03 4.792606434536494822e-04
1.508570944701283006e-03 4.793687965793459781e-04
1.495445566566348935e-03 4.148572232543938968e-04
1.340572648331359029e-03 4.882054721855576544e-04
1.490061960021424759e-03 4.327412644498170209e-04
1.390718408833501113e-03 4.834028089450200373e-04
1.276423745594258479e-03 4.285641945313827948e-04
1.269804895867545757e-03 4.591174954370236976e-04
1.477221531142245336e-03 4.884758346703369034e-04
1.380704825492599800e-03 4.393722652795739093e-04
1.426824013034149645e-03 4.112660122218855341e-04
1.414919321374610026e-03 3.957032334847582363e-04
1.615511324910494590e-03 4.794466061293564132e-04
1.407809156203656880e-03 4.616306034382941623e-04
1.449120872638428236e-03 4.364239708324284110e-04
1.552952907982986996e-03 4.417838980900072100e-04
1.291067755576879184e-03 4.036972119874969542e-04
1.050537565559260490e-03 4.477062605864024717e-04
1.392569157037087946e-03 4.506503375689345872e-04
1.280515108878524117e-03 4.094331083128896443e-04
1.536568987551354586e-03 4.658900234044743220e-04
1.464045600815489781e-03 4.011496697136754169e-04
1.492776063474667491e-03 4.650791798261037931e-04
1.311489556752333790e-03 4.232459950006356940e-04
1.397761295934652620e-03 5.157792767127676722e-04
1.424897369123510242e-03 4.170208952332096005e-04
1.411700288529263740e-03 4.932423926098236308e-04
1.664086404447031589e-03 4.848193581382283777e-04
1.419540525470192483e-03 4.513592503843101003e-04
1.593024129289607625e-03 4.288884280469500349e-04
1.582998974421018440e-03 4.373878454750580931e-04
1.333121133567732658e-03 4.325787507734706050e-04
1.411251434076044291e-03 4.669849451660146680e-04
1.018543600011477578e-03 4.541709823491266282e-04
1.446419018458635448e-03 4.385131046794589699e-04
1.380844470766590202e-03 4.614706098835345827e-04
1.562898655857581200e-03 4.291205790651037673e-04
1.380129295403156268e-03 4.287905658291332419e-04
1.384019358144076249e-03 4.014975738851087679e-04
1.254625819206282768e-03 4.682673591955761362e-04
1.492297468024675723e-03 4.064866840970148324e-04
1.502632236885889649e-03 4.285446127042291989e-04
1.559429481868223255e-03 4.145713551306269172e-04
1.503263576180802847e-03 4.852768529659345171e-04
1.447991094137315599e-03 4.052983581155953459e-04
1.275254601759766120e-03 4.765959751529316160e-04
1.580850797926755449e-03 4.367788819869601082e-04
1.420289279261231470e-03 4.571533867849134156e-04
1.545258593174892977e-03 4.679079426143899082e-04
1.647275871560072288e-03 4.564074087772964998e-04
1.331964173615061715e-03 4.048979056393987429e-04
1.375320742876749019e-03 4.459148628624224090e-04
1.377595721906343636e-03 4.237660310633632071e-04
1.501872046532765938e-03 4.606940861027669968e-04
1.398051018038955293e-03 4.323979025645791736e-04
1.539474558546920398e-03 5.229901206199520473e-04
1.707935601733040834e-03 4.667842595987300807e-04
1.392240615784954595e-03 4.637700555698527150e-04
1.536353551875769760e-03 4.697645298553584925e-04
1.246394378681292114e-03 4.362404895292967214e-04
1.372419521126585400e-03 4.285626516461605966e-04
1.518520708740213419e-03 3.878141489511446557e-04
1.798796292470589489e-03 4.925280042547577853e-04
1.372380833395634922e-03 4.858311998837741823e-04
1.620082068840897511e-03 4.402168662719459962e-04
1.273345872454586386e-03 4.101071504360687082e-04
1.563147023349675683e-03 4.522650610077717857e-04
1.780486642125419204e-03 4.828994350076807143e-04
1.654072855226299205e-03 4.260304263914221554e-04
1.497903240274416330e-03 4.314960411619486497e-04
1.338354624719693010e-03 3.914176418867568240e-04
1.417055478744713975e-03 4.062476392761731102e-04
1.300369423962556255e-03 4.917411653936511065e-04
1.649965356970405257e-03 4.583116143485509641e-04
1.237291245464861716e-03 4.260407901193347937e-04
1.277362349538321666e-03 4.371422807490420257e-04
1.375962295819546048e-03 4.414478732203173201e-04
1.177021389975311041e-03 5.042458397148975044e-04
1.614398115675403245e-03 5.049394947387281056e-04
1.248274365986113549e-03 4.523250479270188567e-04
1.289839566215984345e-03 4.119394487145822559e-04
1.474593326941689604e-03 4.392647708982643060e-04
1.562605694816593480e-03 4.906180145614792579e-04
1.485822833717792644e-03 4.767079709243878059e-04
1.199387148937863454e-03 4.106531902005683215e-04
1.457448734585726526e-03 4.535537740977826048e-04
1.584134054826472418e-03 4.495105717953736067e-04
1.345728870257892687e-03 4.619627624206404620e-04
1.299178280221627161e-03 4.126471236669147433e-04
1.306033882734939462e-03 4.785192012844168724e-04
1.509162305275601112e-03 4.159895856336478766e-04
1.554805480864312160e-03 4.172091724284674829e-04
1.570323116643570441e-03 4.395124902361162715e-04
1.371710386111320160e-03 4.285322507140546292e-04
1.588732045092399034e-03 4.469577913290991955e-04
1.486963437754289415e-03 4.835479562399029314e-04
1.780280922302571308e-03 5.253600961372132056e-04
1.069247245305765233e-03 4.220459239665661421e-04
1.497308514329056704e-03 4.196022210174917824e-04
1.660569360635506244e-03 4.646832049336071082e-04
1.294122486995712834e-03 3.801092242730091833e-04
1.257797280161492264e-03 4.696907352618751854e-04
1.351304971105296441e-03 4.597972796547432264e-04
1.600006450723997792e-03 4.038704815123044423e-04
1.338026192099105909e-03 4.476116972784374573e-04
1.325321108484260818e-03 4.218914145897859807e-04
1.404897255622026588e-03 4.959582593523881007e-04
1.339665077133122455e-03 4.647374231438860929e-04
1.508889440178389635e-03 4.194029782451913751e-04
1.297896957945704520e-03 4.853547597630088694e-04
1.639546499495588960e-03 4.446604759399776837e-04
1.486823187590691642e-03 4.879631417291156975e-04
1.165791867137458632e-03 4.324687671813659952e-04
1.549010904767220099e-03 4.509661894620345672e-04
1.284719855799749781e-03 4.535421239711664781e-04
1.191446701232584020e-03 4.360766076270387761e-04
1.448133322798008694e-03 4.429698717623448004e-04
1.319904488588612276e-03 5.010911049714907592e-04
1.660499918384766632e-03 4.250578554470304388e-04
1.242249839205256459e-03 4.282563223085590338e-04
1.427734084115900607e-03 4.236487943712035752e-04
1.341918179926485924e-03 3.861357247274762347e-04
1.356762332202961609e-03 4.144247846132588465e-04
1.230797040397352184e-03 4.086934063895508750e-04
1.492511548131690395e-03 4.645815586284968569e-04
1.232389410772849296e-03 4.955328271722803492e-04
1.402275199308511021e-03 4.457781411771630860e-04
1.355263497856714619e-03 4.881289037762938203e-04
1.446925677230180519e-03 4.528570309631805646e-04
1.489705182286579083e-03 4.476385365613945845e-04
1.254383288421702511e-03 4.014079675918769022e-04
1.421744353480606290e-03 4.730222186253826887e-04
1.478756745074266514e-03 4.509185120958161320e-04
1.290915294071426833e-03 4.484491639927836153e-04
1.273461010245059612e-03 4.424602143069123741e-04
1.360075035448662971e-03 4.296910862733043131e-04
1.608094867321183856e-03 4.768212478206377571e-04
1.446713153107199957e-03 4.345673957982249935e-04
1.412880537935884027e-03 3.925716084615434444e-04
1.576765865312989819e-03 4.826800777944535302e-04
1.413290860172110395e-03 4.566773468590968428e-04
1.325565731214348305e-03 4.333110883630827189e-04
1.435478106686783554e-03 4.710468470469726318e-04
1.441564865903873990e-03 3.801325773803627441e-04
1.315000772975175166e-03 4.483158699342419586e-04
1.369072320334634293e-03 4.271129108430968551e-04
1.519298070025773897e-03 4.559502422883410797e-04
1.476688332089465608e-03 4.268167266786294348e-04
1.329960290281422420e-03 4.106466907956427188e-04
1.493087147317413406e-03 4.395452263989831727e-04
1.367447652632324201e-03 4.547697298271704820e-04
1.408931459835559155e-03 4.033430688994534344e-04
1.426535423582245060e-03 4.556008211150806755e-04
1.411133599281469246e-03 4.381797719139345396e-04
1.470846248631409127e-03 4.383603394068818831e-04
1.448653404324230396e-03 3.883108862879412044e-04
1.593510016916994954e-03 4.661622887333703833e-04
1.407969302238662934e-03 4.471037321059727603e-04
1.419461890246319054e-03 5.139362636971802961e-04
1.305786212359637656e-03 4.619297477515978655e-04
1.617127651957603243e-03 4.816021001404560686e-04
1.453343464991979986e-03 5.127311196950958428e-04
1.291680575878308710e-03 4.705642441331310045e-04
1.709265206771825533e-03 4.129708918911931411e-04
1.183116359874451101e-03 4.963084114565001568e-04
1.255559715586438037e-03 4.724913381968825674e-04
1.212012164311689197e-03 4.449620573398273575e-04
1.604472085664379903e-03 4.226756464338421795e-04
1.417897775244082682e-03 4.062073925834827669e-04
1.425070708037706226e-03 4.971867004628860920e-04
1.441465998746581162e-03 4.762165814151297547e-04
1.549686423324180386e-03 4.153670968900570492e-04
1.501968918685822520e-03 4.748404789680077528e-04
1.330724073505954721e-03 4.573186194638732783e-04
1.285301176276667720e-03 4.466309270649593027e-04
1.426821202077357660e-03 4.755379122105641903e-04
1.518637398292099153e-03 4.843641040297888925e-04
1.535690079352089498e-03 4.182895557118009229e-04
1.494355586366895739e-03 4.545895918200527973e-04
1.447855617925874593e-03 4.482993601146503782e-04
1.275106685905611414e-03 4.344391619080249702e-04
1.627105479822095685e-03 4.651333022082344100e-04
1.793788207659699485e-03 4.457767230067496804e-04
1.237945726101765580e-03 4.565750196590093635e-04
1.489386519839815820e-03 4.362480199694378073e-04
1.509742366556731481e-03 4.497803359601287962e-04
1.521994020077800571e-03 4.416920970814156456e-04
1.251418608845494655e-03 4.847927433239653710e-04
1.527447205350308292e-03 4.729350717336713145e-04
1.438218313446114121e-03 4.307080053714204548e-04
1.458304644743683466e-03 4.326121763653161477e-04
1.468789912685409529e-03 4.150516190862945927e-04
1.559397846663034947e-03 4.527100986709773614e-04
1.337998871953179330e-03 4.134774204882078232e-04
1.231397350239398858e-03 4.642852948777337124e-04
1.208759059031699456e-03 4.045459599125057889e-04
1.661676422480579118e-03 4.809426027354268265e-04
1.369391181639124933e-03 4.306276533821551790e-04
1.392661404026064890e-03 3.886183851583787405e-04
1.429435278915091711e-03 4.689410134103990475e-04
1.531580484670665848e-03 4.622435714081359081e-04
1.340646498745590642e-03 4.707993808833640091e-04
1.130184573973384669e-03 4.736997551363211008e-04
1.697269214282377814e-03 4.544743563780232420e-04
1.440264952239047724e-03 4.735566387969533534e-04
1.299793823373456697e-03 4.457009023578007768e-04
1.264652367449748587e-03 4.148361861469979594e-04
1.372518776082007124e-03 5.053986583720017746e-04
1.483266540587455887e-03 4.268544862660078230e-04
1.328570742597768271e-03 4.548566674331283610e-04
1.407862091853819865e-03 4.813195899007629663e-04
1.202166106553627422e-03 4.513314583694361224e-04
1.572732076486491049e-03 4.591303467395747460e-04
1.292570359360536601e-03 4.255513318763933699e-04
1.253413336278561951e-03 4.839008630799734281e-04
1.354287577560405343e-03 4.484843836642341962e-04
1.533760126916810075e-03 4.975587314737283176e-04
1.278188786558780762e-03 3.756307276896179341e-04
1.360004064626664424e-03 4.305762743139023279e-04
1.612382478228960867e-03 4.062119524368154144e-04
1.399882294777930877e-03 5.036041639303326855e-04
1.360780306224315455e-03 4.669645386929574798e-04
1.454705130129269487e-03 4.263409379817674396e-04
1.502432426265626689e-03 4.478874711510647802e-04
1.396839410066142697e-03 4.702053626632638015e-04
1.729041735700353891e-03 4.498337187173362568e-04
1.422496196636280049e-03 4.585534538243335261e-04
1.230738501105871525e-03 4.118484604935261010e-04
1.372648633392343099e-03 4.453565879655777514e-04
1.161297936638779928e-03 4.464627761388010240e-04
1.345710160551306803e-03 3.888399216126028381e-04
1.426932628598944928e-03 3.963117967749566622e-04
1.525528591783380282e-03 4.604856556644660323e-04
1.562806981632198621e-03 4.628246009422147447e-04
1.358520864548570751e-03 4.476048053591494789e-04
1.361731347498485855e-03 4.186832191763739794e-04
1.302126306754276515e-03 3.877813820781127120e-04
1.567066305257748754e-03 5.094811541436021756e-04
1.473546709031525173e-03 4.472983728591287708e-04
1.752883798685190035e-03 4.189205787213247487e-04
1.282267626012619909e-03 4.066657357442233145e-04
1.347716520055110409e-03 4.694250220855785772e-04
1.633747247110319033e-03 4.771567833563359175e-04
1.246672135342369574e-03 4.208512598492167149e-04
1.313179037021291453e-03 3.980721135588908264e-04
1.255484515211775440e-03 4.272453459616273809e-04
1.505839786148222828e-03 4.111783857321380702e-04
1.655805454951284322e-03 4.584706087761185930e-04
1.201389616386393504e-03 4.849750359273441187e-04
1.389885479782884421e-03 4.938429783140244967e-04
1.648785659001320144e-03 4.726378703065115179e-04
1.483993276570458883e-03 4.133268272559134497e-04
1.239061551186539838e-03 4.634438342728109512e-04
1.274121293546025832e-03 4.759246181051767616e-04
1.547296332133038608e-03 4.578266860121582029e-04
1.504374783602325984e-03 4.351363010354995634e-04
1.425897555107564921e-03 4.252592540854017414e-04
1.360038895969457743e-03 4.667647496955877736e-04
1.441952454059067723e-03 4.469764158982058189e-04
1.577977186676194406e-03 4.377985533027418789e-04
1.387070312530887901e-03 4.285747916351684761e-04
1.464642429519239777e-03 3.953913999369757719e-04
1.564181951681519606e-03 4.607815832766963700e-04
1.358611662324820876e-03 4.820110631476855027e-04
1.321969171560931355e-03 4.572160012710769746e-04
1.400503410624431583e-03 4.721664095477044981e-04
1.378446170523046606e-03 4.291174370730027545e-04
1.458134030172703131e-03 4.130439502005335810e-04
1.462355251043572250e-03 4.190068648905766711e-04
1.452689641767584668e-03 4.302475712915587941e-04
1.483119497607992329e-03 4.374510770111446909e-04
1.555479593703606262e-03 5.079627293547913378e-04
1.502049009058600750e-03 4.722865054374496903e-04
1.450680538707244593e-03 5.113361062512418930e-04
1.486100020923307105e-03 4.208374113097445332e-04
1.427038544872951927e-03 4.256880566626977213e-04
1.530083081094382735e-03 4.741262296649288461e-04
1.165167887942569671e-03 4.177789218119486560e-04
1.334847621134939172e-03 4.462160849385660936e-04
1.487713168117361711e-03 4.728806540824926621e-04
1.459250402610218211e-03 4.732941107652521937e-04
1.656957531133442484e-03 4.564520455784104439e-04
1.268968758005982510e-03 4.530688759584486727e-04
1.566016006062820537e-03 4.784646614431436432e-04
1.350610676166044081e-03 4.477287160490699656e-04
1.296505137574338953e-03 4.344885757156615770e-04
1.517766482366353278e-03 4.135630568038205289e-04
1.364516457120584954e-03 3.941048371859582461e-04
1.534891061218679898e-03 4.961807260454034144e-04
1.345065323647072573e-03 4.939754778913655990e-04
1.284051249078900329e-03 4.045030892365994598e-04
1.588856102002532758e-03 4.721557174573255732e-04
1.518489216497935501e-03 4.406057439987665666e-04
1.521819296274654976e-03 4.146986134552906544e-04
1.517940117197453739e-03 4.305017351410027229e-04
1.222944323402214845e-03 4.445656442582091830e-04
1.344295408463785490e-03 4.304093460184677629e-04
1.401814476532325243e-03 4.413680312798918507e-04
1.398875703910551537e-03 4.671740178629123718e-04
1.326850129163311635e-03 4.085433597434132624e-04
1.325008536669233924e-03 3.927928856044942416e-04
1.541530245121242688e-03 4.868672519062803260e-04
1.202421415271158565e-03 4.038258271402333848e-04
1.543744183273081279e-03 4.609278142961838404e-04
1.332726051298496490e-03 4.435185928063523509e-04
1.481626270239953889e-03 4.332110692386507522e-04
1.217201185366115690e-03 4.442089855370990052e-04
1.281647904107981531e-03 4.031318380464021713e-04
1.335301882601808371e-03 4.302721415554745799e-04
1.271761209063146294e-03 4.337822978076205389e-04
1.490632578928504292e-03 5.010508006705962931e-04
1.424621826502129370e-03 4.461850804033046041e-04
1.210630855763127327e-03 4.459992618145723381e-04
1.527601381676014104e-03 4.957125498174293644e-04
1.515138637841381784e-03 4.556500651044722585e-04
1.575053416821345538e-03 4.323816401827547005e-04
1.209997140396549620e-03 4.643479975773866816e-04
1.131464127099933003e-03 4.590132031872203901e-04
1.460246693240152029e-03 4.228521839398393083e-04
1.142288912789332384e-03 4.643793541926540544e-04
1.448731609097292979e-03 4.660898448031167195e-04
1.576837573492719012e-03 3.992328850323847425e-04
1.740097658826177769e-03 4.862800591190033798e-04
1.486396359224294696e-03 4.598007788334414875e-04
1.359429367408237837e-03 4.772643403434193303e-04
1.330664689832988757e-03 4.285164738715744551e-04
1.523361996986491397e-03 4.622407182925591051e-04
1.427989874098133886e-03 4.659939778325731543e-04
1.244312857513751435e-03 4.149653512502593966e-04
1.446230249079032961e-03 4.663557933156092252e-04
1.578337154045603066e-03 5.011155319543831059e-04
1.288602165403110282e-03 4.301892473868358809e-04
1.403396122404128830e-03 4.909078902327214779e-04
1.490964441018725233e-03 4.321003473272221453e-04
1.411580478526284523e-03 4.209275116871909672e-04
1.372493565648295584e-03 4.090076259675840507e-04
1.121807643126915060e-03 4.301102888973458113e-04
1.410358069760368066e-03 4.233865279240523350e-04
1.456463448989886141e-03 4.046510353353691917e-04
1.248433918441400805e-03 4.404687889855790303e-04
1.410465254667186497e-03 3.948431954679761428e-04
1.435369850814029397e-03 4.519177507784093617e-04
1.273189027828637489e-03 4.437041199794443543e-04
1.447721456484705842e-03 4.189639751470127871e-04
1.534234279701372945e-03 4.640787507738035160e-04
1.718438604642217888e-03 4.685914143904408797e-04
1.109251920997630274e-03 4.315098847082369051e-04
1.560869781115590930e-03 4.526235138328813337e-04
1.218907012501346289e-03 4.009288669695609689e-04
1.455662152589085392e-03 4.371867422888971763e-04
1.355032456168428923e-03 4.315074825175101332e-04
1.642028990370382512e-03 4.459266350502632159e-04
1.458873167410463167e-03 4.311329180167067384e-04
1.555011461640404095e-03 4.318779242349551689e-04
1.623030146706398247e-03 4.386169970650773825e-04
1.343460477086855145e-03 4.230191789519861605e-04
1.459595282409971873e-03 4.276761726216068852e-04
1.529986292777908794e-03 4.464562562973644309e-04
1.367976785334028408e-03 4.448825237934822888e-04
1.326866242098527753e-03 3.851204406139581600e-04
1.397145559363610580e-03 4.204297070098309930e-04
1.514948467440328100e-03 4.841158859094995366e-04
1.363206584555763656e-03 4.754178932014218478e-04
1.600333839874915065e-03 4.026067998560297853e-04
1.674335120987285614e-03 4.332397569729039321e-04
1.109169505751135326e-03 4.160725034814674247e-04
1.200268127136338995e-03 4.263661816257633829e-04
1.528685778189626133e-03 3.963026407413206388e-04
1.423577045827107172e-03 4.342312905321190166e-04
1.557557178284746770e-03 4.072409047568373861e-04
1.458527556984184730e-03 4.421067242957468042e-04
1.214518820450419343e-03 4.940973992681855533e-04
1.447561205754493291e-03 4.009748068081124659e-04
1.154550818423229859e-03 3.694149948153315497e-04
1.158161469054051675e-03 4.287359724919784058e-04
1.504753666482903105e-03 4.424383365029649459e-04
1.299264739519239310e-03 4.130096973330540282e-04
1.145814675092540454e-03 4.441282419120761056e-04
1.408422135506753273e-03 4.368938218877672008e-04
1.191891409706236646e-03 4.363534654524393419e-04
1.508235308386172199e-03 4.661825642729138116e-04
1.759763456482729346e-03 4.333455534471713578e-04
1.463180000290180980e-03 4.801285136254210793e-04
1.268059916397656093e-03 4.326648752958554118e-04
1.327474855766498174e-03 4.645668019132925754e-04
1.347706526522133999e-03 4.374661774698918254e-04
1.181592324380428740e-03 4.778132077781670683e-04
1.389007573483794786e-03 4.467205113687770812e-04
1.222859588951781843e-03 4.476705106252502550e-04
1.534063023315924718e-03 4.075948469651800117e-04
1.388972645684870407e-03 4.703112975152307714e-04
1.259385978596994256e-03 4.087560191031363644e-04
1.463193522789488568e-03 4.789029012419762470e-04
1.386034233887978393e-03 4.974113615700866001e-04
1.455350563909201889e-03 4.608049382925394647e-04
1.372538226675853405e-03 4.326417274669927255e-04
1.360343838456718303e-03 4.572651480700201600e-04
1.539771775571484530e-03 4.812146053265884326e-04
1.250069553348409765e-03 4.279742032961630720e-04
1.427718134555690504e-03 4.179454665071150260e-04
1.475617655149034663e-03 4.475810266006444941e-04
1.696423049884520848e-03 4.385914536265250719e-04
1.496585619189519465e-03 4.514475438207425097e-04
1.396985386944905047e-03 4.616696508049340330e-04
1.377120031473242755e-03 4.489402597766625237e-04
1.424660690861333538e-03 4.770848345256467897e-04
1.361176011876639612e-03 4.151172033839945451e-04
1.441113260134325698e-03 4.484903112569017737e-04
1.389333165814013102e-03 4.263022252373601610e-04
1.416774904938472449e-03 4.584475671731250450e-04
1.489162627043520660e-03 4.928025110053942245e-04
1.356646448227482021e-03 4.350983197352023719e-04
1.847175156342165288e-03 4.640447601361578391e-04
1.327072755919291025e-03 4.486605596537509449e-04
1.197851488003176491e-03 4.394463391323630004e-04
1.505139300520014645e-03 4.412669650679650491e-04
1.452909178166182386e-03 4.327198879818843955e-04
1.247748943169357198e-03 4.328901417950013156e-04
1.294762876580188510e-03 4.729582306713708329e-04
1.727925553215356284e-03 4.207841128148177108e-04
1.576582071765015788e-03 4.713235700573227441e-04
1.358409790067882737e-03 4.562106436218791791e-04
1.607289800100996984e-03 4.748777319380474574e-04
1.430022811333053886e-03 4.663692208983318595e-04
1.263369595843527376e-03 4.254675773953445466e-04
1.585347492205422225e-03 5.012447147795975715e-04
1.561550392273786461e-03 4.961505924116238779e-04
1.402734028626588612e-03 4.446096616181908416e-04
1.799688033050758119e-03 5.016007541099390399e-04
1.385586632878468231e-03 4.304113528402197250e-04
1.345919740589766270e-03 4.380282344490779643e-04
1.404261329563716125e-03 4.717892242489979166e-04
1.728669949229941129e-03 4.413025578976968689e-04
1.352977098256117651e-03 4.608732660998876118e-04
1.374694123004897373e-03 4.457670506134415686e-04
1.326467081458162492e-03 5.004890572963813017e-04
1.401534590963133967e-03 4.598674578597641339e-04
1.260697064589737064e-03 4.343966874169318416e-04
1.180722198292754330e-03 4.628088209703923534e-04
1.315308124511498393e-03 4.158074185875898542e-04
1.408079210321266928e-03 4.878824252692831424e-04
1.559376123978101561e-03 5.061083847860399585e-04
1.418848410828151343e-03 4.178605872836810915e-04
1.223023875501570929e-03 4.495086496439082142e-04
1.390824453886845349e-03 4.361124075222516769e-04
1.120874911270850231e-03 4.188112763247309450e-04
1.318972139261562421e-03 3.853764814116365117e-04
1.522807467547230903e-03 4.480023950530427125e-04
1.374098197741086122e-03 4.561055476375663149e-04
1.487759199917910308e-03 4.895700735500638700e-04
1.563131296427981926e-03 4.424284238466088246e-04
1.582022795749300857e-03 4.722439904497369948e-04
1.501327748460388068e-03 4.318158342973274022e-04
1.493131933774414534e-03 4.756311122052580653e-04
1.348518776900528657e-03 4.816225740568463474e-04
1.494702443437414706e-03 4.467232579873914311e-04
1.556939091588969504e-03 3.997184982203889057e-04
1.324652374729782742e-03 4.442030023759962662e-04
1.192765005270687026e-03 4.388082711997898970e-04
1.363977359339563905e-03 4.825345431303714188e-04
1.341870260445383574e-03 4.567538553008061004e-04
1.356914309353718286e-03 4.724255028962276491e-04
1.425539054096517820e-03 4.309934197567707494e-04
1.253476395911860266e-03 4.088213411031699825e-04
1.415460298870626276e-03 4.191563560289767636e-04
1.315974516315199716e-03 4.260927930508970189e-04
1.475378864874936488e-03 4.348092407551671355e-04
1.707986187035196671e-03 4.039656973424517942e-04
1.510488616891411586e-03 4.266653586783033755e-04
1.428189883831556400e-03 4.407162215922815927e-04
1.247572844810225425e-03 4.965611641386034978e-04
1.725231213576185413e-03 4.340718983258526819e-04
1.238388730364821345e-03 4.174826605837118616e-04
1.357434881288847482e-03 4.328969654288075328e-04
1.387530779554207311e-03 4.209464731713483533e-04
1.349396441404449119e-03 4.495057013877677438e-04
1.570840624921536607e-03 4.723092024083732320e-04
1.616833886572933586e-03 4.621652793963532796e-04
1.193320538523811800e-03 4.360226611373433248e-04
1.497859027686278223e-03 4.429106119632822132e-04
1.300980276037187007e-03 5.105072409987004844e-04
1.537413993256820169e-03 4.180512803433614937e-04
1.449897317907329055e-03 4.223320814174085489e-04
1.275936142191087114e-03 4.342062148051961689e-04
1.244912623471118411e-03 4.162280789964271704e-04
1.187901587660121841e-03 4.728766605025413365e-04
1.133172083678851173e-03 4.107294392885030656e-04
1.473190463659663487e-03 4.346569135567899026e-04
1.231760002887571839e-03 4.632763211289611378e-04
1.437177567633616529e-03 4.639870947108739783e-04
1.517437472901503716e-03 3.984453091953027003e-04
1.757503220959596426e-03 5.302433560532753085e-04
1.623899856544943308e-03 4.754951379035300533e-04
1.504791730688678298e-03 4.186109901494536713e-04
1.229818643136598375e-03 4.481659822385258558e-04
1.298614596991796077e-03 4.583911738584522076e-04
1.414627780604511701e-03 4.000183874411515671e-04
1.528293954384543196e-03 4.507864550562150439e-04
1.306914251415538077e-03 4.494421861574548322e-04
1.196703798844938682e-03 4.238898004466556740e-04
1.436470654012980512e-03 4.041430243606201119e-04
1.403201317223809908e-03 4.652325832997808658e-04
1.567416443198217353e-03 4.152428747887448803e-04
1.388486265756862671e-03 5.595983728572903083e-04
1.260721589177002562e-03 4.401000267874663604e-04
1.243763656383642261e-03 5.029947074506053561e-04
1.303598865250077095e-03 4.147899095982364014e-04
1.415661870631738928e-03 4.887025977873499325e-04
1.239954886891992498e-03 4.603537705960328275e-04
1.134494008756723208e-03 4.220045902094677454e-04
1.314876023333998341e-03 4.304793331414423258e-04
1.455149847911136251e-03 4.278011336465389371e-04
1.350661817817172235e-03 4.932427427132205335e-04
1.444874446426710557e-03 4.662247465653316910e-04
1.387283772535598215e-03 4.895739013826172926e-04
1.331514136044252040e-03 4.913620434144654525e-04
1.210953207665105670e-03 4.445147054705264177e-04
1.261159681366385817e-03 4.542148672739657360e-04
1.427743136150538090e-03 4.545395637913089465e-04
1.461924884584308876e-03 4.913652334757930701e-04
1.069127637355888998e-03 4.406610609674917038e-04
1.414789155161029922e-03 4.324131806316837997e-04
1.420705926340237995e-03 4.678073122137367318e-04
1.443255089927257756e-03 4.251742500862533067e-04
1.226642659198600880e-03 4.645305391515090277e-04
1.467237479733760237e-03 4.351809517803755054e-04
1.258512816918373484e-03 4.503020923556873062e-04
1.292141162365911420e-03 4.584567617602208637e-04
1.156165190309993906e-03 4.460623902844422419e-04
1.505170953279943167e-03 4.405951440479290268e-04
1.608106419900526014e-03 4.686260700701771814e-04
1.640922820309476116e-03 4.853253764124504095e-04
1.410901425848298026e-03 4.982012386557313358e-04
1.405317267002935931e-03 3.883607850774720279e-04
1.366009674017320315e-03 4.396179182220247847e-04
1.239347090474749238e-03 4.322279096335976466e-04
1.644206825598707724e-03 4.413827953768422797e-04
1.429245702099776099e-03 4.203506140604794383e-04
1.262642093526273549e-03 4.775792845187440167e-04
1.425438643676820404e-03 4.999126209130747879e-04
1.621781940601536636e-03 4.364476366986483574e-04
1.145804706682067731e-03 4.379728194776932914e-04
1.336378726181877913e-03 5.456109283524580335e-04
1.286006683905621065e-03 4.559664106882599616e-04
1.497705839209849833e-03 4.389466830231796902e-04
1.501041574381512889e-03 4.557917840640968925e-04
1.358494769759922925e-03 4.579643127714323921e-04
1.268071745237653227e-03 4.173319920354731432e-04
1.330186114676109449e-03 4.719609446604119073e-04
1.449997558500071889e-03 4.659493294500208194e-04
1.656837463151607974e-03 4.165219093756364170e-04
1.587200439154499423e-03 4.275024968896422935e-04
1.268518816975182113e-03 4.291564255502195563e-04
1.593108010671299762e-03 4.372301402658438480e-04
1.539513610901785921e-03 4.498154577241654842e-04
1.385931337132727519e-03 4.412672327688584571e-04
1.517554250038474902e-03 4.726677411880285612e-04
1.642764636275201697e-03 4.499742875011067552e-04
1.480156478841343146e-03 4.754976383964525273e-04
1.429836836832377349e-03 4.931685441133680688e-04
1.377552903132011437e-03 4.632151395701018977e-04
1.550769237404580171e-03 4.349116380434781969e-04
1.734143879370858739e-03 3.849400082552845419e-04
1.564066455637566112e-03 4.602118528388755045e-04
1.169198614020962963e-03 3.848985141098125559e-04
1.447324981566412401e-03 4.236480067058461581e-04
1.401482528175881188e-03 4.349455238669437522e-04
1.258748639707907594e-03 4.681847219300948760e-04
1.269781828652200885e-03 4.654319289525010056e-04
1.662902976907530955e-03 4.179548747515356415e-04
1.484592157777776594e-03 4.126967175262046244e-04
1.480237505987758552e-03 4.328732455230989906e-04
1.573293056376729804e-03 4.690694693069466211e-04
1.324268301106816753e-03 4.739650625177975994e-04
1.404795371586606235e-03 4.992851231214147844e-04
1.164406448998111469e-03 4.155756863294081328e-04
1.479541580424564330e-03 4.605502864226133290e-04
1.216707427223033891e-03 4.051112521053042885e-04
1.370428122211026596e-03 3.771894164619587738e-04
1.444655118085861603e-03 4.914679183171038806e-04
1.242054226298996067e-03 4.494375043716331767e-04
1.389268964642163384e-03 4.284109005755249062e-04
1.419737931631677528e-03 4.735163702145994257e-04
1.559901083221110381e-03 5.041855793899565697e-04
1.586344854494029302e-03 4.004091642633196969e-04
1.452499295197130953e-03 4.872185297801656287e-04
1.613321719737445233e-03 4.775103309190551252e-04
1.259345607853573070e-03 4.369920623393310508e-04
1.354755426244965777e-03 4.825527252910134703e-04
1.660866968796054655e-03 4.310558234894269433e-04
1.220727260484230766e-03 4.152870137243864514e-04
1.399109368562843382e-03 4.773847751718947405e-04
1.446779122158689014e-03 3.983849991900533958e-04
1.128085472627007001e-03 4.236447584884380033e-04
1.455661964309959379e-03 4.209611277687529043e-04
1.327675132749110047e-03 4.728504552110424455e-04
1.484640178379170120e-03 4.645343716905840268e-04
1.752867222952470688e-03 4.665729224492515368e-04
1.228530348007407643e-03 4.249294389792372889e-04
1.603865952840107922e-03 4.180343565759588259e-04
1.324725780982692917e-03 4.282450454330848696e-04
1.359183638013834391e-03 4.327951682807019604e-04
1.633506339151873966e-03 4.909819661212197353e-04
1.398223130794284128e-03 4.424066593359564435e-04
1.675970042442562202e-03 4.318347511258662300e-04
1.600292193315024916e-03 4.657795487243587980e-04
1.529062170809740136e-03 4.161405665316652864e-04
1.308835100153140718e-03 3.997110657621589245e-04
1.556387833725611340e-03 4.514279023783252334e-04
1.222138747000810167e-03 4.427060125613739377e-04
1.532939298502619414e-03 4.507086467485404329e-04
1.622983750706607055e-03 4.169825404015730860e-04
1.223910589551779502e-03 4.739625150097382246e-04
1.272952065554330782e-03 4.490525000014589877e-04
1.434879826164645825e-03 5.027329985509188014e-04
1.258593387329798134e-03 4.859872637224276382e-04
1.612078994909395832e-03 4.206199636723758988e-04
1.660076541095297821e-03 4.820575515814553517e-04
1.534614880665903600e-03 4.178415601487368695e-04
1.612070706628642054e-03 4.493230419555403407e-04
1.170423884342308013e-03 4.391854469933865091e-04
1.488756036362984389e-03 4.971551754414138850e-04
1.164935489280958169e-03 4.200033653781933690e-04
1.436762835100753371e-03 4.427307289322197177e-04
1.599926691506158103e-03 4.332902579436451423e-04
1.277205199571007947e-03 4.237558710486324172e-04
1.380681918973588771e-03 4.600671245084688951e-04
1.401979690400309000e-03 4.354226059617594818e-04
1.312888531575702846e-03 4.473135355519375594e-04
1.656984562866266417e-03 4.717926223845887571e-04
1.311851144439464675e-03 4.675330601620193119e-04
1.258981493417453325e-03 4.392190417040713730e-04
1.526075311775190952e-03 4.639590213810002224e-04
1.264092082911201205e-03 4.825147005466983645e-04
1.208232239435569951e-03 3.860584801789732935e-04
1.426417023528541231e-03 4.524549971527260330e-04
1.436037672613838792e-03 4.463896754845015019e-04
1.209642196359752815e-03 4.554260477797305163e-04
1.563671235348248686e-03 4.394664880421534129e-04
1.682516384017324453e-03 4.321373052072905114e-04
1.519012796839293040e-03 4.260792692254978501e-04
1.275656620668342255e-03 4.096959537536450850e-04
1.654552161189286634e-03 4.607097604683144153e-04
1.700220346514216092e-03 4.635399306196254774e-04
1.480102772724547176e-03 4.101533456656960056e-04
1.274722441292588460e-03 4.485126571474489562e-04
1.341518420771263412e-03 4.379652616750836862e-04
1.189476562212494516e-03 4.122826294219457508e-04
1.696494473751034276e-03 4.469916686848342735e-04
1.411777145515880072e-03 4.449433829951775633e-04
1.499054845390814742e-03 4.185796463273651412e-04
1.377250062483898483e-03 4.613892881306890501e-04
1.405477546466295420e-03 4.083575202710340254e-04
1.162387893308199733e-03 4.199396125523969679e-04
1.598528885439935449e-03 4.613353784297047279e-04
1.493981577860772816e-03 4.800821368311634267e-04
1.329563967120676914e-03 4.670341798459082001e-04
1.401605946550532828e-03 4.538817256483290772e-04
1.086639471491931573e-03 4.154806653854656111e-04
1.543730637382785759e-03 4.708237574781465470e-04
1.235422675629017485e-03 4.583641669297261771e-04
1.476818467351216071e-03 4.434868467932246675e-04
1.546032877838067346e-03 4.606061023569019944e-04
1.444110202292499777e-03 5.027332832935112617e-04
1.426591897355005247e-03 4.552262014271020842e-04
1.466824484575492398e-03 4.341778995430389614e-04
1.402995767263691580e-03 4.259889676397033103e-04
1.639537656314660544e-03 4.474783789029085747e-04
1.553808815987983618e-03 4.298654802552815389e-04
1.266542391172349345e-03 4.554663729945925346e-04
1.404563731059401766e-03 4.377886284746285574e-04
1.277553388207493127e-03 4.896200096072430251e-04
1.381423667808183431e-03 4.001888270545179136e-04
1.496229442705200152e-03 4.503269709227969929e-04
1.209261657205304170e-03 4.190707879036517300e-04
1.285155317638912850e-03 4.766482589594585122e-04
1.324354579629251089e-03 4.230374568570773649e-04
1.371569754358770111e-03 4.701581125446364050e-04
1.361325184800058971e-03 4.130948621110959169e-04
1.141234440827439090e-03 4.283253244588021815e-04
1.297438662436914067e-03 4.556667706563707204e-04
1.558843090176543827e-03 4.354543829501241348e-04
1.483247530409795333e-03 3.988631181381125800e-04
1.249026070700153717e-03 4.415606469651916187e-04
1.562007303773195856e-03 4.696441567940235840e-04
1.301265638320665656e-03 4.252501264468810786e-04
1.549777884268132904e-03 4.394996024709443231e-04
1.545491547948730842e-03 4.064895509653798774e-04
1.348681910199031175e-03 4.287426992415762847e-04
1.520475398375200097e-03 4.513621441602896282e-04
1.542945867635185479e-03 4.775936395677247959e-04
1.517728155898129564e-03 4.770331770179318050e-04
1.457110060237762870e-03 4.348556785687081100e-04
1.232202693918055779e-03 4.177867460986365005e-04
1.491003529576247297e-03 5.113986594029867883e-04
1.346548099715394941e-03 4.206984884014161011e-04
1.536741024840940608e-03 4.473648626452931512e-04
1.657904356744678478e-03 4.558055927680903542e-04
1.459672138658526901e-03 4.332346358589028094e-04
1.425914844936360592e-03 4.239143512148893728e-04
1.436453597463986350e-03 4.578500859154337730e-04
1.270343486124775366e-03 4.282085363917168138e-04
1.426593828318370796e-03 4.545666347250564747e-04
1.304665001130968791e-03 4.768181688196092803e-04
1.676946649632876044e-03 4.190799861586294106e-04
1.293313645791322689e-03 4.988168442876398170e-04
1.477421888134582183e-03 4.582703922435952312e-04
1.371473164643376196e-03 3.897293851495968486e-04
1.512755579217377145e-03 4.808315097180363654e-04
1.289405544326733188e-03 4.872518487929481594e-04
1.358349911507611375e-03 4.046112557995580009e-04
1.425024630405813701e-03 4.160960932279800998e-04
1.387129108250768341e-03 4.437723565500884914e-04
1.370094162982460947e-03 4.228041655225140837e-04
1.560274584593979077e-03 4.404199759917305757e-04
1.448596019541284301e-03 4.632145219067490874e-04
1.192203543653635968e-03 4.618520242932280286e-04
1.383690468171097296e-03 4.608671545708485293e-04
1.631619908550756932e-03 4.773239558971146472e-04
1.208806047579744384e-03 4.408810293186910391e-04
1.419632681518512079e-03 3.859770230475271244e-04
1.373242398126934194e-03 4.552958068356392990e-04
1.168434395257648755e-03 4.402521614219174714e-04
1.473998140898645851e-03 4.765315337717662973e-04
1.557743701914035897e-03 4.418197781503874211e-04
1.357008847977978026e-03 4.555104261377897223e-04
1.635156392157914671e-03 4.684377333343853916e-04
1.557049783988119235e-03 4.174774944125295541e-04
1.410710782258676804e-03 4.465860713369261222e-04
1.272778497928839453e-03 4.622438706841458609e-04
1.396303724375549992e-03 4.833585991172853263e-04
1.357723946110149993e-03 4.414242356047786819e-04
1.756148062985380927e-03 4.225688926828795040e-04
1.399863099322805511e-03 4.217492905621219061e-04
1.401622325120445043e-03 4.390935012608067258e-04
1.587598404385065758e-03 4.279471485361892357e-04
1.212082336248435956e-03 4.232443232431211009e-04
1.506237462115652065e-03 4.450974734292031595e-04
1.318865640745981024e-03 4.547544861483809138e-04
1.564446039215101588e-03 4.748570527427712208e-04
1.446154817206103628e-03 4.592843965174616219e-04
1.325406339513721500e-03 4.331637789607305266e-04
1.499241706589467173e-03 4.110506843312490468e-04
1.482429598171855533e-03 4.966940342968761014e-04
1.554855837446313853e-03 4.307984059627241891e-04
1.461785900493896414e-03 4.843937722883902026e-04
1.344927349461597782e-03 5.175175217015367873e-04
1.299616495554961398e-03 4.249037970683872795e-04
1.442442982134704886e-03 3.933436594317347404e-04
1.595315272212513959e-03 3.973235469406260264e-04
1.212280661791067084e-03 4.112865216228502930e-04
1.511467220611618445e-03 4.615821259930474700e-04
1.408182345628246519e-03 4.406785794946717696e-04
1.485543815552951754e-03 4.490903287266560014e-04
1.356748562535876673e-03 4.774272680658440396e-04
1.350580538724526240e-03 4.117103577095537910e-04
1.701020970752386381e-03 4.613691860599034261e-04
1.654702586678757524e-03 4.867628452860611027e-04
1.259421007507147616e-03 3.994860237068807544e-04
1.634320230069633137e-03 4.386870210211692308e-04
1.290892863803009237e-03 4.598923772928441506e-04
1.194198482044151388e-03 4.801415749668869908e-04
1.545287532058993007e-03 4.535546550644067995e-04
1.475429920877990506e-03 4.687104419841050260e-04
1.455374629628488617e-03 4.374035768845231154e-04
1.420635958109971089e-03 4.453486446979242020e-04
1.368792348803954438e-03 4.443463317466883654e-04
1.151865018977070746e-03 4.215552020207007306e-04
1.630849461124714555e-03 4.711656479890972277e-04
1.605251304862139686e-03 4.362743238706042219e-04
1.204610803863524846e-03 4.451768113009831897e-04
1.478442171208846096e-03 3.929155833593596533e-04
1.535051493371464727e-03 4.336063031146271569e-04
1.488895165722704068e-03 4.552243059706243835e-04
1.311630416489106919e-03 4.754999464101522283e-04
1.247032170647502771e-03 4.837666529189937220e-04
1.373134034958657310e-03 4.907325777088437794e-04
1.278349895684121728e-03 4.227293158500707590e-04
1.444420508049882408e-03 4.783893708682856972e-04
1.266367329301974808e-03 4.711068837585507142e-04
1.626214565031413326e-03 4.309321364519186391e-04
1.587030642874140765e-03 4.311055540566759593e-04
1.417367309711520858e-03 4.365782281042851010e-04
1.341300969431996832e-03 3.923964182382417166e-04
1.123526875472370288e-03 3.955478718532300726e-04
1.291156449069419138e-03 4.471936491873088624e-04
1.421754272424900030e-03 4.449921257242218432e-04
1.406770067630812955e-03 4.762464808713575922e-04
1.527508777642250411e-03 4.086273771488263323e-04
1.724195921252552523e-03 4.548058274263368857e-04
1.452750740412916573e-03 4.325494358523661429e-04
1.307970448036862047e-03 4.302061989604821302e-04
1.287922339953490860e-03 4.304342408485148440e-04
1.297603007664651070e-03 4.328221807546209850e-04
1.386994700542530570e-03 4.794308551731057055e-04
1.451377669752111632e-03 4.246917676545971057e-04
1.654744750996043874e-03 5.371754360363697502e-04
1.673364623072281371e-03 4.067804493355190744e-04
1.525394776445867465e-03 4.983618651317250556e-04
1.173066845414563178e-03 5.038854527562989551e-04
1.389009438071668427e-03 4.085300178599314091e-04
1.534400939841617508e-03 4.749766686198172278e-04
1.431097719021360345e-03 4.609029595908189819e-04
1.547182310772379429e-03 4.317697879912563174e-04
1.751695716108036963e-03 5.510176803937513225e-04
1.779631211970010823e-03 4.458935097935236335e-04
1.323188659037329582e-03 4.786409507008477018e-04
1.334997215386485216e-03 4.812836718833334677e-04
1.586386175551718954e-03 4.404030907823483455e-04
1.337814901647374271e-03 4.802608068147478097e-04
1.396773534336994815e-03 3.886483752998067041e-04
1.712413570680834055e-03 4.062729745688149741e-04
1.250508506026524721e-03 4.605802454565543721e-04
1.168904023404091289e-03 4.177650607545049517e-04
1.510523387668978893e-03 4.217974482133907870e-04
1.634596195140498908e-03 4.790383362905332792e-04
1.695659206044552265e-03 5.138727520360440769e-04
1.674377667835676414e-03 4.514269629962917017e-04
1.334314486111666835e-03 4.021969940241973819e-04
1.379131482074488421e-03 4.275500073163699603e-04
1.202860624414536827e-03 5.117955617244641453e-04
1.561319745861374430e-03 5.045763736631452001e-04
1.434923373590311305e-03 4.322002089219323688e-04
1.419218062028923749e-03 4.705790447222355671e-04
1.366326913341716883e-03 4.800166709176769309e-04
1.154329132015384030e-03 4.507546410472292845e-04
1.156888124448791780e-03 4.438419849338471495e-04
1.215756044805648686e-03 4.434982663602641010e-04
1.400245043047568813e-03 4.178606342604274776e-04
1.445862148397534077e-03 4.419603625875975100e-04
1.412468603916620328e-03 4.807890075127408303e-04
1.496048695881694972e-03 4.279894799713184796e-04
1.487486133440944379e-03 4.494190958006322395e-04
1.566666842986519327e-03 4.732699298352474387e-04
1.427716977595540207e-03 4.040942279285288856e-04
1.443255683911122238e-03 4.011392815324293232e-04
1.410876977161625847e-03 4.139742761652068096e-04
1.287990193338130369e-03 4.943193539418816711e-04
1.324049655783778078e-03 4.469870222638610917e-04
1.485793860656939823e-03 4.905895703007456896e-04
1.315773213967229033e-03 4.848436870232862355e-04
1.257126540360876824e-03 4.476292002452489914e-04
1.600771050800353038e-03 4.134715210303300452e-04
1.316872378516259750e-03 4.144459126806042631e-04
1.416045181210135329e-03 4.258000471949048267e-04
1.355206837013270618e-03 4.367909586664717246e-04
1.638112715893834392e-03 4.146661371516109813e-04
1.264404241222470389e-03 4.392640052283616628e-04
1.536450930696704785e-03 4.831136626642654414e-04
1.376765632428114281e-03 4.862093079458634499e-04
1.597867818142958106e-03 4.493952013368418953e-04
1.549855279516449205e-03 4.049167588592713848e-04
1.474458029316664436e-03 4.975861881410446842e-04
1.431408208149486912e-03 4.408815249538951958e-04
1.497885592641285670e-03 3.989317686509177016e-04
1.224170614789132482e-03 4.350810392990516200e-04
1.412704863889695760e-03 4.422829633638642182e-04
1.315436609566718188e-03 4.001071616988544164e-04
1.663284190509073260e-03 4.506709034632736151e-04
1.285827029070243628e-03 4.500948147543355087e-04
1.221819091993525284e-03 4.486798928897506398e-04
1.679158123367305343e-03 4.258725508482215740e-04
1.612427672308247312e-03 4.126255982602701142e-04
1.401976911430947948e-03 4.103289381688346167e-04
1.348296601284577597e-03 4.260111167997088048e-04
1.461015109542601956e-03 4.653649358291144086e-04
1.472592520308183689e-03 4.548833127434053934e-04
1.315276101751992671e-03 4.395423395746638124e-04
1.204971846504656729e-03 4.198602491513563203e-04
1.579614990031579956e-03 4.363249163688810370e-04
1.442177520860518994e-03 4.674701865396191955e-04
1.575429582816186523e-03 4.207153823607703781e-04
1.299003721180822055e-03 4.504445276352927021e-04
1.410336533064900045e-03 4.540000070399413602e-04
1.457917598489151230e-03 4.439836391945180694e-04
1.350599265791476138e-03 4.412737181965679738e-04
1.420809813930985852e-03 4.668027896431822701e-04
1.360371008745129813e-03 4.544300186658374011e-04
1.488040780586471915e-03 4.561769065679149534e-04
1.297466717891777649e-03 4.459047082575770494e-04
1.330232475672633646e-03 4.516304984657322974e-04
1.588046489419634019e-03 4.527885234402108557e-04
1.235183509285965988e-03 4.062658053293836382e-04
1.344203950566714946e-03 4.029547906620692551e-04
1.288070370290898305e-03 4.348925527080156768e-04
1.409505556903951689e-03 4.045114675767967020e-04
1.730335233677111895e-03 4.559366819574060120e-04
1.212223156453424121e-03 4.646204407854606557e-04
1.565148624008103799e-03 4.893916141343403236e-04
1.421672019368601034e-03 4.396215627164153593e-04
1.329974642514789029e-03 4.869367736637055704e-04
1.466421166266336290e-03 5.108378212394447089e-04
1.311270001668290736e-03 4.089987332647453534e-04
1.487923207937166988e-03 4.703103702413163802e-04
1.430938088512692490e-03 4.086092595164098713e-04
1.442988201644708392e-03 4.840905619648041809e-04
1.259422823043594057e-03 4.213979431681739909e-04
1.389120846552794209e-03 4.803813704815904410e-04
1.298562335515313082e-03 4.491501649601647170e-04
1.227240972897115836e-03 4.034081579985752258e-04
1.306367783610684489e-03 4.905422325098571321e-04
1.483160025760514025e-03 4.677470997785891649e-04
1.443591493382147565e-03 4.863023058977934037e-04
1.445431877503466651e-03 4.060845929319521503e-04
1.402036971541124628e-03 4.691730042659528004e-04
1.215291904368973660e-03 4.202371236788471744e-04
1.641322322734787209e-03 4.662518921269146518e-04
1.367310166818373404e-03 4.693305014640426613e-04
1.240620665648900804e-03 4.648223099989908218e-04
1.119307725782069584e-03 4.497396366708227228e-04
1.250327230816935522e-03 5.169056014080030542e-04
1.479790565009154188e-03 4.416266338800013073e-04
1.408626259060686810e-03 4.833809001139810686e-04
1.374237391540461019e-03 3.997713379816166435e-04
1.357133575835724540e-03 4.547201055130420258e-04
1.175464915869721188e-03 4.163497714516522282e-04
1.551078181714309620e-03 4.949917343061157682e-04
1.265346458043773142e-03 3.993840250333790393e-04
1.507977849681382734e-03 4.130901417647016120e-04
1.275484875282260639e-03 4.628428563027453839e-04
1.363789140826031625e-03 4.419517018454024310e-04
1.422744185799613417e-03 4.866494286701693165e-04
1.267069496571576401e-03 3.990311653434514905e-04
1.228885775500612818e-03 4.571726287704512798e-04
1.521220098156489441e-03 4.683821838286107426e-04
1.367015727458337779e-03 4.626627439932059875e-04
1.463543571735540080e-03 4.278867445049216230e-04
1.442211484795601116e-03 4.458056591091150698e-04
1.404466624078047751e-03 4.406591754895216066e-04
1.451383197731776799e-03 4.635665597667015239e-04
1.461320619379886466e-03 4.366177580299683146e-04
1.473282556900624160e-03 3.914211152619664533e-04
1.467498979047032921e-03 4.695394208860202549e-04
1.528333475658176250e-03 4.048428476276936584e-04
1.477601121285304110e-03 4.718539059508580031e-04
1.453368330239019745e-03 4.379774393730945866e-04
1.589700574318135464e-03 4.811627132953486072e-04
1.653807337359348983e-03 4.328224743360852998e-04
1.551443064109102364e-03 4.049446143089219458e-04
1.209221651993269394e-03 4.595898804696913983e-04
1.498853373958637138e-03 4.316093102204960003e-04
1.343627214273134191e-03 4.360751281676658402e-04
1.286160189694356311e-03 4.751251361500427530e-04
1.321970239937230894e-03 4.524920473520734651e-04
1.549076215814516573e-03 4.728105116449564317e-04
1.473626937599546629e-03 4.143028119221956189e-04
1.262674186268275631e-03 4.663776830274557993e-04
1.847677412663598865e-03 4.572970689247387558e-04
1.351958778210767854e-03 4.479175794627939249e-04
1.399978943254284866e-03 4.629174625989032751e-04
1.162195344874807513e-03 4.417382543864044699e-04
1.599818423866187838e-03 4.263088692696789957e-04
1.339172534550579817e-03 4.704383769380646348e-04
1.379267773301387544e-03 4.170146251240136452e-04
1.294092262939765389e-03 4.289106594345870258e-04
1.624665061233952117e-03 4.583825503584949596e-04
1.746870526534024907e-03 4.707849615940853613e-04
1.242711266548649548e-03 4.340516655011514963e-04
1.384135717082560528e-03 4.284686132052488851e-04
1.453470512448699469e-03 4.978169126782563134e-04
1.701296008435426981e-03 4.250209873613698219e-04
1.260686579718578709e-03 4.185212422726867620e-04
1.235149922172561893e-03 3.971107469789344341e-04
1.375899769309428099e-03 4.371410374374695685e-04
1.336333930092884099e-03 5.087487260942375258e-04
1.521920711325697737e-03 4.625242527501532909e-04
1.290959490554293310e-03 4.640519851487771635e-04
1.435167649935404537e-03 4.993534738297725250e-04
1.402912574998574011e-03 4.877742844730325960e-04
1.350922639576544564e-03 4.125944406183639662e-04
1.589923735276664672e-03 4.535592586366213146e-04
1.606747931772615828e-03 4.248223262362846157e-04
1.210144074180877390e-03 4.493317125547455931e-04
1.314213569639150359e-03 4.361912961833583824e-04
1.428284096712386731e-03 4.574166642717852416e-04
1.416490928135749963e-03 4.524054823762841695e-04
1.307300141973614244e-03 4.087445902927806405e-04
1.395520406150418989e-03 4.599148034867044316e-04
