4.600378787878789573e-03 4.702238805970148337e-03
6.684313725490196451e-03 4.150833333333333632e-03
1.115690376569037842e-02 5.811965811965844270e-04
3.533101045296169022e-03 1.055306427503737050e-03
1.400000000000006491e-03 1.469674556213016858e-03
5.885483870967743621e-03 2.535211267605617783e-04
1.362343096234309471e-02 2.026234567901233005e-03
6.968137254901958164e-03 1.892395982783358875e-03
3.996539792387540798e-04 2.169969512195123011e-03
9.663568773234203213e-03 3.321917808219183171e-04
9.535856573705182859e-03 -2.065648854961832891e-03
8.039622641509432122e-03 3.474702380952380838e-03
1.141512915129151359e-02 1.574854651162791103e-03
4.789370078740160484e-03 7.914364640883977736e-04
1.534246575342465254e-03 1.428571428571429221e-03
1.034905660377358379e-02 9.913419913419915363e-04
2.803571428571432177e-03 2.166158536585363007e-03
2.069204152249142382e-03 4.725312934631435355e-03
7.404166666666669137e-03 4.694189602446476148e-04
1.245017182130584051e-02 2.174809160305343422e-03
2.721189591078075100e-03 3.717637540453073552e-03
1.349812030075187887e-02 5.413043478260852557e-04
2.371382636655947149e-03 2.395522388059715519e-04
4.242537313432838061e-03 -1.848163841807910594e-03
7.250000000000003837e-03 3.992997198879554184e-03
-1.034999999999996643e-03 -1.917510853835025831e-04
7.225913621262456017e-03 1.732732732732733278e-03
7.410416666666664980e-03 1.669365721997300833e-03
4.034246575342468992e-03 8.448275862068976199e-04
6.056338028169028611e-04 1.526007802340702789e-03
-1.849999999999995745e-03 1.606488011283497674e-03
2.859922178988331086e-03 1.349834983498350528e-03
-1.544715447154450239e-04 2.636363636363637207e-03
8.902654867256630522e-03 1.813262195121948927e-03
-3.710714285714284636e-03 1.598901098901098694e-03
4.740566037735859453e-03 2.651515151515160458e-04
3.973765432098768854e-03 6.910511363636359129e-04
9.094036697247705539e-03 8.844011142061287576e-04
4.581395348837206775e-03 -2.376595744680851715e-03
2.011627906976747385e-03 1.930612244897957986e-03
-2.145973154362412413e-03 -1.806833114323245951e-04
1.850694444444442571e-03 2.470414201183436867e-04
7.508583690987121785e-03 3.260563380281677093e-04
1.294884488448845052e-02 4.420505200594359837e-04
8.299283154121865624e-03 1.108108108108109714e-03
-1.726537216828476391e-03 -2.771903323262845677e-04
-7.373737373737340554e-04 -7.901591895803179375e-04
1.039301310043662689e-03 -1.295518207282922061e-04
8.663194444444438647e-04 1.094353640416048049e-03
1.078488372093022729e-02 2.768867924528300214e-03
2.409972299168971956e-03 8.974175035867998276e-04
6.728033472803351608e-03 5.510355029585783894e-04
4.820261437908491750e-03 3.900763358778625532e-03
3.130872483221476110e-03 2.967094703049758583e-03
6.872580645161296443e-03 3.438596491228068566e-03
9.953068592057757666e-03 2.502683363148480809e-03
2.022900763358786882e-04 1.898550724637681824e-03
6.395759717314485580e-03 2.318055555555554540e-03
6.859922178988330302e-03 -3.450000000000004712e-04
3.447791164658640852e-03 3.728310502283103869e-03
7.907142857142866049e-03 1.507342143906017801e-03
5.465625000000001732e-03 1.704775687409550242e-03
3.613461538461540216e-03 1.410056657223794294e-03
5.157088122605367475e-03 3.161458333333331226e-03
-8.902077151332189896e-06 1.716783216783216749e-03
8.997881355932204825e-03 3.029780564263322845e-03
7.137254901960849102e-04 3.581178160919538511e-03
1.061538461538461507e-02 2.436246418338108930e-03
4.839832869080781808e-03 1.138805970149253796e-03
1.560416666666674789e-03 3.521481481481479169e-03
9.100000000000002184e-03 2.460937499999997849e-03
-1.175241157556267558e-03 2.363705972434915811e-03
6.032894736842106878e-03 4.748125937031484264e-03
5.031598513011155231e-03 1.713549337260676176e-03
7.807807807808164540e-05 3.702702702702702440e-03
6.666666666666672299e-03 3.094213649851630145e-03
6.615234375000000888e-03 3.221678321678322389e-03
1.989959839357430260e-03 7.445652173913042690e-04
-2.321428571428542668e-04 2.290040376850605106e-03
6.592424242424252054e-03 1.265007320644213505e-03
8.133620689655176109e-03 -4.351464435146444143e-04
2.110561056105609689e-03 1.891791044776116280e-03
7.433054393305442605e-03 2.663636363636363250e-03
5.189003436426115924e-03 1.203079178885630611e-03
1.062909090909090748e-02 4.302737520128824614e-03
1.053368794326241080e-02 9.585034013605425469e-04
1.255775577557756602e-03 2.846655791190862411e-03
2.840551181102367664e-03 1.201078582434515502e-03
4.372137404580160071e-03 4.048543689320388030e-03
3.382867132867134301e-03 1.999999999999999608e-03
1.421541501976285662e-02 -1.094249201277969273e-04
4.520270270270271284e-03 1.562408223201175147e-03
7.718232044198899099e-03 8.427977839335173320e-04
2.629870129870127103e-03 3.613733905579400146e-03
2.425986842105264628e-03 1.343749999999999892e-03
7.169776119402984128e-03 -3.019145802651153050e-05
9.833333333333334550e-03 3.426578560939794182e-03
9.660714285714255140e-04 -1.835616438356160057e-04
1.026573426573426130e-02 2.659801136363637228e-03
7.093537414965983903e-03 -3.499317871759905093e-04
7.667820069204154231e-03 1.157523510971787814e-03
3.312500000000001207e-03 1.256963788300835896e-03
3.925724637681156370e-03 3.174963396778916411e-03
-6.574923547400532767e-04 2.167803547066848684e-03
-1.421568627450881786e-04 3.457386363636362567e-03
8.517543859649126872e-03 1.882845188284696769e-05
1.933609958506224673e-03 2.692307692307691763e-03
9.524436090225565574e-03 2.701526717557251132e-03
2.978040540540548026e-03 1.590152565880721030e-03
5.649122807017566399e-04 8.215962441314461368e-05
1.233700440528634826e-02 3.002954209748892253e-03
2.983812949640287163e-03 2.520958083832335831e-03
6.901408450704262908e-04 1.882126348228043214e-03
-1.567944250871118356e-04 9.577363896848117017e-04
4.810606060606062093e-03 -1.799729364005406079e-04
8.844621513944219207e-03 2.292439372325248172e-03
9.215094339622637368e-03 1.290513833992094428e-03
-7.245901639344194244e-04 2.755458515283841763e-03
5.657894736842073368e-04 3.177954847277552567e-03
8.019784172661869465e-03 1.406869220607660873e-03
-1.434451219512190758e-03 -2.765647743813668411e-04
6.747368421052635581e-03 1.838351822503960778e-03
3.782392026578076417e-03 3.896331738437001490e-03
2.619230769230772998e-03 -1.180209698558320336e-03
-8.451342281879190704e-03 3.808494783904616508e-03
9.675572519084050171e-04 9.204851752021559180e-04
4.979591836734711474e-04 3.351959361393322661e-03
5.867449664429528165e-03 3.863976083707021977e-04
7.396616541353384817e-03 3.390697674418603671e-03
8.524096385542226720e-04 2.073365231260149337e-05
2.481632653061227600e-03 2.287786259541985546e-03
5.844357976653695094e-03 2.998587570621470688e-03
8.822580645161294186e-03 1.232167832167831113e-03
9.506000000000005765e-03 8.228730822873092437e-04
4.709923664122142237e-03 -1.205928237129488345e-03
2.791338582677166044e-03 1.349056603773585985e-03
2.430000000000005940e-03 7.727272727272732362e-04
1.016338582677166029e-02 1.929676511954992249e-03
2.102649006622520078e-03 3.994301994301994486e-03
-3.142215568862267907e-03 9.554234769687951385e-04
2.490601503759402955e-03 4.661951909476663367e-03
1.182321428571428239e-02 3.009708737864080969e-04
1.352489626556016566e-02 3.831884057971016687e-03
1.650380228136882552e-02 3.803008595988538118e-03
1.058365758754864407e-03 -1.702816901408451362e-03
5.339920948616611214e-03 1.276581426648722584e-03
-1.518050541516237188e-03 1.672804532577902526e-03
4.066343042071198996e-03 1.217156105100461374e-03
-2.087458745874579483e-03 1.748196248196248531e-03
8.654618473895587041e-03 1.727828746177369288e-03
2.395744680851066497e-03 1.319742489270386409e-03
4.382239382239386423e-03 5.168367346938773817e-03
6.759786476868323742e-03 2.941843971631207325e-03
-2.047781569965929078e-05 2.316742081447962631e-03
-3.425650557620815977e-03 7.796242774566488308e-04
4.682119205298018380e-03 2.308417997097241686e-03
8.455399061032866856e-03 1.545710267229254186e-03
8.170000000000005383e-03 3.810549777117384646e-03
4.757462686567162126e-03 4.402627511591961605e-03
1.315734265734266016e-02 -1.162709497206705330e-03
-5.992481203007518804e-03 -9.503916449086160676e-04
1.061753731343284372e-02 1.934477379095162798e-03
2.001592356687900958e-03 3.499999999999999639e-03
7.280966767371644787e-04 2.191176470588236322e-03
-4.298892988929885152e-04 -1.192249240121579131e-03
1.575289575289587785e-03 1.649470899470897606e-03
8.549122807017551021e-03 2.661051212938004250e-03
4.647260273972606166e-03 2.309022556390975377e-03
7.450450450450450332e-03 -7.626728110599077575e-04
1.055660377358490568e-02 2.474789915966387182e-03
1.157321428571427523e-02 3.186244204018545082e-03
-3.420967741935476182e-03 1.271212121212120499e-03
7.417938931297707143e-03 -9.219440353460983976e-04
7.993197278911561010e-03 2.867412140575091020e-04
4.178733031674207975e-03 -1.554435483870965492e-03
5.611607142857134335e-03 -5.853658536585371053e-04
3.474308300395263088e-03 1.545857988165682618e-03
-4.843260188087783577e-04 1.788674033149169795e-04
-1.132404181184615863e-04 1.203225806451612562e-03
7.839999999999998012e-03 -8.355855855855865485e-04
1.849090909090910471e-03 2.833080424886189139e-03
8.009578544061304525e-03 2.238484398216936209e-03
5.217105263157898777e-03 -3.634423897581799483e-04
-3.460365853658544538e-04 -1.380714285714283946e-03
9.384782608695655878e-03 2.661244695898160820e-03
1.818897637795275886e-03 1.016594516594516951e-03
6.783505154639176034e-03 9.841867469879514874e-04
6.517241379310350496e-03 1.548312883435584274e-03
1.608548387096773655e-02 1.234693877551018646e-03
5.899999999999999863e-03 2.743181818181816920e-03
3.703971119133574880e-03 2.346210995542347393e-03
-2.508896797152977893e-04 3.200479233226838013e-03
1.014903846153845587e-02 1.060000000000001479e-03
9.150234741784042322e-03 1.554347826086954895e-03
1.507851239669422486e-02 1.393274853801170724e-03
9.604166666666665367e-03 -1.736526946107777472e-04
6.582417582417589112e-03 2.127180232558140063e-03
9.916666666666665644e-03 9.194407456724360082e-04
4.750000000000003351e-03 -1.947218259629099053e-04
2.028985507246379091e-03 1.466765140324960285e-03
-1.621405750798718794e-03 5.081967213114748890e-04
5.743670886075959332e-03 2.909276944065485211e-03
-1.665634674922593112e-03 1.352825229960577915e-03
-2.788844621513880426e-05 -3.345428156748916806e-04
5.828990228013034708e-03 1.891869918699186186e-03
-6.467065868263449343e-04 1.915242165242164295e-03
8.624100719424461839e-03 1.116417910447760125e-03
7.371428571428566973e-03 2.854395604395606068e-03
3.421153846153844602e-03 -6.905797101449285148e-04
8.030303030303374368e-05 3.552877138413685753e-03
2.383458646616545221e-03 3.406752411575562998e-03
4.120938628158851529e-03 5.904761904761893351e-04
5.226837060702878290e-03 2.187499999999999341e-03
-1.202090592334484283e-04 -5.021367521367534103e-04
2.319078947368454055e-04 -5.261707988980737381e-04
1.008518518518517967e-02 2.038205980066444632e-03
2.243243243243243923e-03 4.222650231124804726e-03
7.302047781569957936e-03 1.032775453277546239e-03
-8.494809688581283873e-04 1.061481481481482692e-03
9.500000000000010172e-03 5.341880341880326968e-05
4.742481203007526368e-03 1.415929203539823520e-04
5.731939163498098004e-03 1.321888412017166708e-03
7.434931506849315648e-03 2.123906705539358331e-03
3.387159533073933783e-03 3.776629570747218247e-03
7.865384615384614364e-03 3.806818181818180744e-03
3.834394904458597077e-03 7.877862595419835631e-04
1.130933852140077710e-02 3.154239766081869470e-03
6.523474178403752301e-03 1.472179289026275028e-03
-3.275316455696196827e-03 4.503671071953010280e-03
4.685950413223138357e-03 1.635215453194649969e-03
1.578947368421057366e-03 1.865682137834036520e-03
5.045608108108111042e-03 5.234948604992661339e-04
3.994736842105261858e-03 1.705580029368575657e-03
6.534836065573779509e-03 4.335948644793150356e-03
5.239837398373985503e-03 -2.221849865951744038e-03
8.524137931034483223e-03 2.405367231638418785e-03
6.022727272727269876e-03 1.104972375690606301e-03
4.070588235294114038e-03 3.355371900826444910e-03
-2.769230769230764718e-03 1.708039492242593212e-03
6.633211678832114620e-03 -8.812580231065464051e-04
-2.451310861423215259e-03 -2.753424657534244476e-03
4.884030418250947039e-03 2.165242165242165385e-03
3.629757785467130089e-03 -1.340981012658229053e-03
7.786476868327407881e-03 4.406705539358597191e-03
1.335144927536235883e-03 -7.909226190476201322e-04
6.534798534798537568e-03 2.785921625544265923e-03
3.624505928853756151e-03 1.347181008902075721e-03
9.714285714285715231e-03 3.416792738275338526e-03
6.573426573426579059e-03 2.648965517241379589e-03
7.743772241992880057e-03 1.567142857142855492e-03
-5.823045267489676460e-04 5.544323483670300949e-04
8.773504273504265788e-03 -2.093373493975922981e-04
9.676375404530786987e-04 7.724679029957213713e-04
3.056537102473502136e-03 -2.442583732057416763e-03
1.283464566929137969e-03 1.540935672514617783e-03
9.515021459227477468e-03 2.340442338072670856e-03
9.973333333333330580e-03 2.087828492392805255e-03
5.104700854700858909e-03 3.008196721311476134e-03
9.000000000000007994e-03 1.526107594936709560e-03
3.902083333333332058e-03 3.641399416909621434e-03
4.223938223938225600e-03 2.641238670694864843e-03
5.957680250783697548e-03 1.929873772791023366e-03
1.429536679536679705e-02 -1.391509433962270716e-04
-2.485245901639340088e-03 2.237410071942451568e-04
6.280000000000027964e-04 7.879234167893950955e-05
1.171370967741936116e-02 3.699861687413553524e-04
3.134482758620695843e-03 2.615615615615616164e-03
-2.149812734082394775e-03 3.791208791208791964e-03
7.485389610389611530e-03 3.636913767019666829e-03
6.681102362204728411e-03 1.248965517241378302e-03
6.442307692307697696e-03 4.801470588235283465e-04
3.411149825783977695e-03 6.344537815126044056e-04
6.242677824267782796e-03 -3.625377643504528602e-05
6.088744588744588772e-03 -1.449125596184420734e-03
5.150763358778631847e-03 -5.065217391304337353e-04
1.126208178438661660e-02 1.502911208151381768e-03
1.212043795620438430e-02 2.288043478260867562e-03
6.440613026819923433e-03 -5.068212824010912996e-04
9.259259259260980309e-06 2.581632653061222658e-03
5.663568773234200528e-03 1.552941176470587666e-03
5.046992481203016814e-03 3.476027397260276347e-03
-1.957295373665430909e-04 8.333333333333324110e-04
-1.246268656716409580e-03 6.143740340030912463e-04
5.767175572519082742e-03 1.738618524332808876e-03
7.277227722772342238e-04 9.230769230769225123e-04
5.173745173745174925e-03 1.976083707025409579e-03
3.743288590604032691e-03 2.343835616438352462e-03
3.796934865900388357e-03 -1.086614173228347318e-03
5.791139240506339506e-03 2.021923620933522171e-03
5.389273356401387549e-03 -1.520661157024793750e-03
-1.559726962457332359e-03 1.821888412017166935e-03
6.902985074626942583e-04 -1.244695898161258347e-04
-1.063829787234044739e-03 1.371199999999998418e-03
-3.188405797101443069e-03 -2.161629434953985028e-04
5.540740740740742777e-03 -1.917767988252569531e-03
7.136734693877544444e-03 1.254916792738275865e-03
-9.379562043795644771e-04 -6.596516690856326325e-04
2.136186770428018678e-03 6.355932203389825716e-04
3.942508710801391654e-03 5.635930047694752160e-04
6.984320557491297508e-03 1.069088319088319725e-03
1.172480620155039351e-03 -1.179450072358910278e-04
1.546511627906976393e-03 3.047653958944280747e-03
1.333877551020408447e-02 2.677931034482758377e-03
3.073333333333333299e-03 1.550364963503649083e-03
7.839483394833954982e-03 1.059259259259249489e-04
8.985294117647054865e-03 3.123978201634879277e-03
1.148156682027650852e-02 2.964383561643833993e-03
5.147916666666660888e-03 -7.691807542262681964e-04
5.458029197080290114e-03 2.576716016150740196e-03
6.807272727272732117e-03 1.296851574212895021e-03
7.255102040816329735e-03 1.162518301610542936e-03
6.000000000000000125e-03 7.258522727272714598e-04
1.374509803921568178e-02 2.515463917525772274e-03
2.498376623376627730e-03 1.153576437587657856e-03
5.498076923076923236e-03 1.499296765119547585e-03
6.048657718120804827e-03 1.818767908309454990e-03
2.539748953974903072e-03 1.621323529411765330e-03
4.279245283018872324e-03 -2.069732937685456534e-03
5.873605947955394362e-03 1.644867549668874596e-03
-4.783333333333329544e-03 1.343609022556390515e-03
-6.023510971786829975e-03 1.846860643185298289e-03
9.832684824902723775e-03 3.892351274787532629e-03
5.475000000000005036e-03 2.319119669876203247e-03
4.392720306513407669e-03 7.415730337078645529e-04
1.364806866952795236e-03 2.785945072697897790e-03
4.555555555555560951e-03 9.432515337423032426e-05
3.604651162790701007e-03 -3.343605546995377306e-04
5.983146067415727465e-03 1.600566572237958939e-04
4.433333333333333397e-03 2.834848484848484333e-03
4.562101910828030016e-03 2.139175257731959143e-03
5.971887550200801961e-03 -1.631578947368436531e-04
6.428571428571431927e-03 1.294036061026352519e-03
2.174836601307192276e-03 1.358050847457629865e-03
2.956656346749228503e-03 3.120253164556963457e-03
-1.364583333333327245e-03 -9.519498607242342933e-04
1.315217391304347727e-02 -1.625162972620601120e-03
6.552123552123555184e-03 2.839665653495439084e-03
5.113207547169819692e-03 2.491240875912409478e-03
-2.730891719745218334e-03 2.065251572327043116e-03
-6.373801916932849429e-04 3.751891074130105086e-03
1.261589403973514822e-03 2.013975155279502677e-03
1.582508250825083625e-03 3.447204968944099696e-04
4.631313131313133727e-03 2.307750759878418340e-03
1.620860927152323024e-03 3.707831325301204350e-03
8.149056603773593629e-03 2.028906249999999026e-03
1.345833333333333257e-02 -1.506276150627615384e-03
2.320247933884295091e-03 1.767191977077363016e-03
2.249103942652323947e-03 5.390835579514816631e-04
6.476833976833978705e-03 1.294378698224851092e-03
9.342233009708740890e-03 2.195402298850574006e-03
1.381386861313868737e-02 2.700622083981338989e-03
-1.218965517241374103e-03 1.051829268292683427e-03
8.243682310469317362e-03 9.611650485436895120e-04
2.418439716312054469e-03 -1.308955223880599057e-03
1.229924242424242087e-02 2.980851063829787883e-03
6.723529411764708058e-03 4.000751879699246914e-03
1.901734104046250325e-03 1.769387755102040227e-03
5.622676579925654436e-03 2.324324324324325650e-03
6.507905138339922443e-03 2.004985754985754830e-03
7.612179487179517598e-04 1.537195994277540390e-03
5.811387900355870044e-03 2.012091038406828205e-03
1.397490347490347277e-02 2.791366906474818804e-03
2.066513761467890335e-03 6.343792633014996548e-04
-6.342975206611649276e-04 2.308575803981624541e-03
5.413265306122453345e-03 4.654225352112677239e-03
6.378521126760567164e-03 -9.125386996904023612e-04
4.742788461538466685e-03 3.513121546961320979e-03
7.089788732394366154e-03 3.395314787701316905e-03
1.060486891385768043e-02 2.267699115044246889e-03
6.338709677419352914e-03 3.795163584637268554e-03
5.319256756756762794e-03 3.853527607361962627e-03
3.629707112970715494e-03 -5.365126676602097411e-05
7.579487179487184867e-03 4.218115942028982310e-03
3.003378378378380835e-03 1.144628099173553883e-03
6.793577981651379404e-03 2.210013908205841950e-03
1.063868613138690793e-03 8.449453551912587245e-04
9.537401574803150428e-03 1.537964458804521456e-03
6.095323741007194554e-03 1.657228017883754113e-03
3.892976588628764469e-03 1.772307692307693470e-03
6.367588932806326520e-03 2.350427350427373736e-04
7.143122676579931850e-03 2.894347240915209462e-03
-5.596726190476184956e-03 8.616573033707867644e-04
9.210616438356168667e-03 1.516689847009735238e-03
4.598275862068967185e-03 1.439794419970629770e-03
2.597345132743364513e-03 4.544740973312413868e-04
7.160256410256415037e-03 1.114934114202048359e-03
1.205681818181818764e-02 -6.626506024096254449e-05
1.860335195530732951e-03 1.555702917771882967e-03
6.050200803212860308e-03 3.689327485380115932e-03
5.326180257510730424e-03 1.576866764275255831e-03
1.022692307692307616e-02 8.002936857562435551e-05
5.816793893129773053e-03 9.034090909090894839e-04
-8.916184971098240625e-04 3.414307004470939350e-03
-4.341642228739003156e-03 -5.360429447852766262e-04
1.768852459016395217e-03 3.476228209191759445e-03
4.831372549019602794e-03 -8.345921450151056039e-04
2.727739726027404287e-03 1.008333333333332653e-03
9.027586206896547408e-03 2.416442048517520279e-03
1.006792452830188207e-02 -3.231441048034920378e-04
3.028037383177578125e-03 4.235419630156471958e-03
-1.108303249097469800e-03 1.098130841121496568e-03
1.024401913875598244e-02 1.568145800316955241e-03
4.917647058823526596e-03 1.181568088033011247e-03
8.719298245614056113e-04 1.261868300153137995e-03
5.925572519083968995e-03 2.017857142857140684e-03
9.852830188679250964e-03 1.372492836676217571e-03
6.511111111111115950e-03 2.403614457831324165e-03
-2.289370078740156963e-03 2.489520958083832596e-03
1.913793103448273390e-03 2.530364372469636521e-03
9.405357142857137184e-03 7.090103397341184313e-05
6.596153846153850545e-03 1.861185983827494525e-03
3.536507936507937537e-03 -4.644351464435147255e-04
-2.608766233766229240e-03 1.949263502454992017e-03
5.877394636015328272e-03 1.953170028818443458e-03
1.050899280575540162e-02 1.007320644216689026e-03
6.936842105263162257e-03 2.201966717095311596e-03
7.918699186991871170e-03 1.875000000000000581e-03
6.564516129032261713e-03 7.362962962962946818e-04
-8.565737051792820600e-04 1.712286158631414141e-03
3.552434456928848638e-03 9.284741144414159668e-04
9.184782608695651884e-03 2.389592123769337072e-03
1.191469194312795403e-02 3.138148667601683463e-03
3.436507936507942479e-03 1.096153846153847177e-03
5.351666666666672102e-03 7.133333333333338310e-04
4.396616541353385622e-03 9.213235294117639272e-04
3.594795539033459383e-03 2.159149484536082228e-03
6.099137931034479682e-03 1.024544179523140556e-03
-2.944664031620529594e-04 4.432489451476792977e-03
4.235000000000003519e-03 2.877633711507291553e-03
9.369918699186992675e-03 2.179178470254959036e-03
6.899628252788106084e-03 2.630276564774379575e-03
7.078125000000002817e-03 2.154761904761905416e-03
1.271090909090908695e-02 2.136080870917575741e-03
5.874100719424467203e-03 2.964333781965005320e-03
7.080708661417323482e-03 1.507645259938837547e-03
1.147440944881889316e-02 1.908736349453977110e-03
-2.509090909090897241e-04 1.388655462184874064e-03
4.324013157894734428e-03 1.112781954887216793e-03
2.593253968253971149e-03 -1.928675400291125688e-04
5.184887459807078700e-03 1.337774294670844707e-03
3.908560311284052513e-03 4.380706921944033105e-03
6.254355400696859878e-03 5.323691460055074735e-04
5.616487455197138531e-03 2.254470426409903219e-03
8.462790697674421256e-03 1.210674157303370541e-03
7.385906040268458081e-03 3.666666666666666165e-03
1.664705882352947698e-03 1.551893408134642121e-03
7.216165413533838328e-03 3.242917847025492389e-03
1.327100840336134513e-02 1.481003039513677320e-03
7.336898395721927132e-03 -2.356828193832598078e-04
9.658102766798416436e-03 2.090775988286969200e-03
-3.010909090909081459e-03 3.545658682634730136e-03
1.062894736842105725e-02 4.675036927621853172e-04
1.176388888888888797e-02 4.409285714285713677e-03
5.992248062015503342e-03 1.720389805097451283e-03
8.947169811320760183e-03 3.089413447782547641e-03
1.408461538461538119e-02 2.564786585365852901e-03
7.811151079136683002e-03 1.845688350983350190e-04
2.653679653679654176e-03 4.235382308845568578e-04
5.354430379746838442e-03 1.113893376413569499e-03
8.217213114754096104e-03 2.119636963696367327e-03
5.475925925925933559e-03 -1.253443526170801184e-04
1.474504950495049774e-02 2.480932203389831815e-03
6.607287449392715631e-03 1.992447129909366305e-03
7.119771863117857133e-03 1.751031636863825246e-03
6.128048780487807719e-03 3.837386018237082773e-03
-2.142605633802806796e-03 7.820512820512812808e-04
6.697826086956527522e-03 -2.972258916776694261e-05
4.732203389830515888e-03 7.786421499292782650e-04
5.069148936170215017e-03 4.728878648233483979e-03
1.476136363636363497e-02 1.079939668174962220e-03
1.374999999999998836e-03 -1.633812949640286007e-03
2.380149812734079062e-03 -4.147230320699710616e-04
-2.813559322033896276e-03 1.336053412462906952e-03
1.347368421052632693e-03 5.128983308042487071e-04
-5.239747634069395407e-03 2.095070422535211339e-03
6.918402777777775056e-03 1.715753424657534163e-03
6.470689655172411937e-03 2.080118694362016827e-03
6.580971659919031443e-03 2.606656580937971503e-03
8.199203187250994618e-03 1.495881383855024709e-03
1.037922705314009604e-02 3.558123249299720899e-03
8.347826086956515804e-03 1.438686131386862329e-03
7.134191176470590541e-03 4.097684515195367146e-03
1.089920948616601021e-02 2.291610284167794678e-03
2.188016528925622144e-03 1.714719271623664390e-04
1.982758620689657487e-03 5.971599402092674222e-04
1.022813688212927813e-02 2.779325513196479261e-03
-2.397142857142847694e-03 1.047794117647058874e-03
5.387152777777777166e-03 -3.193215339233035333e-04
4.785447761194037454e-03 2.424454828660434907e-03
8.302675585284286994e-03 1.899025069637883282e-03
2.872909698996657310e-03 9.290681502086217073e-04
3.905579399141638746e-03 1.795292439372325397e-03
1.434563758389261357e-03 1.623310810810809756e-03
5.962962962962966781e-03 4.137226277372263103e-03
4.888000000000002586e-03 -2.684444444444446763e-03
3.911290322580647516e-03 2.315340909090892938e-04
4.695970695970695837e-03 2.139223560910306909e-03
1.162666666666665842e-02 -1.195876288659794215e-03
4.867449664429528144e-03 2.613385826771656099e-03
5.582437275985662264e-03 2.839064649243466364e-03
1.885382059800665838e-03 2.088495575221237938e-03
1.372400000000000182e-02 1.210696920583466916e-03
1.266283524904218824e-03 2.055800293685756692e-03
8.560218978102189166e-03 3.655898876404494856e-03
5.096707818930043370e-03 1.201399688958010997e-03
5.728174603174605688e-03 9.658935879945414063e-04
2.835347432024174028e-03 1.448194662480374898e-03
8.564263322884011972e-03 1.615953947368421392e-03
8.573593073593071753e-03 2.898529411764706482e-03
4.133204633204633389e-03 2.053445850914204212e-03
1.396153846153845579e-03 2.221337579617824046e-04
1.927816901408451735e-03 1.482469512195120232e-03
2.461890243902444247e-03 2.849702380952379849e-03
1.151567944250876966e-03 -1.942090395480217417e-04
6.331168831168833278e-03 2.150621118012422880e-03
1.075303643724695793e-02 -1.775568181818222728e-05
4.069343065693446348e-04 9.879773691654875848e-04
9.212328767123352351e-04 1.605849582172699927e-03
-1.464843749999995880e-03 8.930131004366811173e-04
8.789592760180995126e-03 1.309523809523807951e-03
7.951492537313436040e-03 -1.564254062038404744e-03
7.365470852017939538e-03 5.686903137789905451e-03
3.282520325203250756e-03 -1.672343324250682474e-03
-3.779999999999991700e-03 2.586718750000002211e-03
8.870722433460077883e-03 5.483162518301598880e-04
1.881924882629107398e-02 -1.168032786885257746e-04
5.680921052631578150e-03 6.230899830220697341e-04
2.650183150183148869e-03 2.564213564213563973e-03
8.230496453900712495e-03 -4.790996784565936689e-04
1.202057613168724948e-02 4.710488505747123522e-03
1.264785992217899724e-02 3.646853146853148812e-03
1.270769230769236337e-03 3.871060171919771340e-03
2.400000000000011065e-03 -2.548611111111094606e-04
5.171806167400881497e-03 4.350988700564969829e-03
5.568464730290462184e-03 4.419847328244269299e-04
3.198214285714281666e-03 -2.500000000000000052e-04
5.930555555555557835e-03 1.002941176470589042e-03
6.108050847457625193e-03 -3.866959064327489515e-04
6.414498141263939163e-03 1.311263318112633469e-03
9.090073529411766759e-03 -6.959459459459300175e-05
8.841911764705881124e-03 -6.771472392638043123e-04
6.400398406374504211e-03 2.821589205397299644e-03
1.020995670995671935e-02 3.607484076433120027e-03
6.194346289752646235e-03 2.674506828528073078e-03
3.878839590443687677e-03 6.471014492753620001e-04
7.919475655430711913e-03 4.952802359882004478e-03
6.126315789473685443e-03 9.418960244648313202e-04
4.607594936708862832e-03 4.256333830104317914e-03
2.559160305343517825e-03 2.855999999999999598e-03
9.335341365461852225e-03 2.810296191819460811e-03
7.486238532110091326e-03 -4.457142857142846917e-04
3.076923076923106844e-04 1.781060606060606323e-03
5.062068965517240240e-03 1.959326788218792702e-03
9.872262773722654660e-04 2.304416403785490390e-03
2.529929577464788866e-03 1.166195190947665094e-03
5.756838905775080173e-03 2.293956043956045174e-03
2.328671328671332377e-03 2.217455621301774905e-03
2.960674157303375565e-03 2.121678321678323407e-03
4.373015873015873196e-03 8.363363363363358676e-04
6.918604651162793898e-03 2.494505494505495306e-03
8.419172932330829667e-03 1.250647668393781642e-03
6.573943661971841552e-03 1.727554179566562860e-03
5.210820895522392041e-03 3.822058823529411471e-03
2.617449664429537422e-03 -1.931962025316456572e-03
3.714285714285711637e-03 -7.485029940119767439e-04
6.205172413793102332e-03 1.618271954674219571e-03
1.034364261168385646e-02 2.114644970414201412e-03
9.071428571428577503e-03 2.255730659025786695e-03
2.221115537848610336e-03 2.798192771084338001e-03
1.096942446043164786e-02 2.127450980392157995e-03
5.037313432835826936e-03 1.254150702426562328e-03
1.920875420875426797e-03 4.675516224188787221e-04
8.095000000000004969e-03 1.104225352112675300e-03
6.216312056737590200e-03 1.113888888888887787e-03
4.281456953642387604e-03 7.499999999999567356e-06
6.340277777777778880e-03 7.383900928792550781e-04
4.704391891891893281e-03 1.274509803921569998e-03
-4.106463878326915514e-04 2.334070796460177479e-03
6.344978165938861860e-03 1.498633879781420975e-03
1.150856164383561725e-02 2.978801169590643283e-03
3.157980456026063601e-03 -1.384404924760602833e-03
2.668384879725082919e-03 1.492307692307691868e-03
9.725738396624477450e-03 1.497720364741640664e-03
6.117886178861792028e-03 4.774052478134110412e-04
3.761732851985563533e-03 3.595800524934378425e-04
5.345238095238089536e-03 1.933229813664597138e-03
-1.941176470588215337e-04 3.707261724659604348e-03
1.827205882352950185e-03 5.562898089171973773e-03
5.065068493150691117e-03 1.355754857997007890e-03
6.560553633217997352e-03 7.692307692307807769e-05
5.525193798449610540e-03 1.739705882352942474e-03
8.818681318681321005e-03 1.086455331412102899e-03
7.821799307958477235e-03 2.928571428571427084e-03
7.734265734265734736e-03 3.276934749620635107e-03
-1.871323529411760564e-03 5.689149560117298578e-04
4.055970149253733392e-03 -4.785714285714300358e-04
5.251773049645389740e-03 -8.511821974965233907e-04
2.878289473684293200e-04 1.431185944363104609e-03
7.982142857142854320e-03 1.432352941176470327e-03
2.597727272727276722e-03 -1.625567322239032187e-03
2.533333333333332750e-03 1.620610687022901002e-03
-3.476618705035963534e-03 1.950081833060556729e-03
8.192857142857151026e-03 3.525179856115080441e-04
4.976293103448286084e-03 1.461012311901506390e-03
6.933085501858752761e-04 1.556853582554517182e-03
8.110921501706487222e-03 1.409158050221564736e-03
8.007017543859651712e-03 1.179487179487180007e-03
3.748214285714292215e-03 2.635951661631418148e-03
7.138698630136988341e-03 1.103623188405796146e-03
3.517241379310348699e-03 2.022838499184338289e-03
1.109154929577470554e-03 2.707575757575756293e-03
4.079439252336448420e-03 -1.788243626062322985e-03
3.923948220064726877e-03 4.342715231788079645e-03
9.935185185185192724e-03 2.154141104294478477e-03
-7.843137254901944196e-04 -1.187419768934535886e-04
8.022540983606560663e-03 3.741910631741137468e-03
7.222222222222225360e-03 3.587267525035764317e-03
3.718390804597702069e-03 8.572485207100585293e-04
3.505338078291815075e-03 7.651048088779271615e-04
5.940816326530613985e-03 8.946251768033942117e-04
8.696745562130176257e-03 2.907783417935703128e-03
8.325102880658442894e-03 1.784106891701827975e-03
5.443521594684387448e-03 2.065770862800567296e-03
1.123529411764705860e-02 3.720740740740742340e-03
3.862068965517249236e-03 2.599717114568598185e-03
8.449019607843135521e-03 7.195301027900131725e-04
5.079422382671477942e-03 2.318991097922848497e-03
1.014963503649635689e-02 2.895770392749243052e-03
2.810861423220979097e-03 -1.628075253256149057e-04
7.330078125000002824e-03 2.577988338192418755e-03
1.309141791044775641e-02 -1.941304347826086759e-03
7.184501845018453035e-03 2.143638850889193100e-03
8.153594771241827466e-03 -1.176646706586826534e-03
2.024137931034480919e-03 1.033674963396778636e-03
7.111913357400724556e-03 7.402031930333595477e-05
3.396551724137933468e-03 1.801152737752156983e-03
2.456140350877258666e-04 2.644513137557963529e-03
4.797805642633230956e-03 -2.868975903614467819e-04
9.108163265306123274e-03 2.478070175438596562e-03
5.844594594594599950e-03 9.852734922861134011e-04
-4.139534883720923965e-03 9.851632047477747785e-04
5.061032863849768658e-03 3.080689655172414755e-03
8.646443514644349890e-03 2.050527903469080704e-03
9.692607003891047859e-03 1.721739130434782241e-03
4.793594306049826954e-03 -8.394366197183086159e-04
6.881526104417672214e-03 -1.398305084745767285e-04
1.106944444444444425e-02 2.742567567567566304e-03
2.503571428571435727e-03 2.438583815028902684e-03
4.247272727272732341e-03 2.563565891472866735e-03
-4.633126934984519926e-03 2.176945668135095869e-03
8.962897526501766715e-03 2.462534059945503152e-03
-3.006600660066003489e-03 1.625960061443932052e-03
5.695219123505975908e-03 2.190070921985816810e-03
6.623983739837398764e-03 1.574893009985734848e-03
6.571167883211683630e-03 2.054093567251461840e-03
-5.187285223367688741e-03 -1.527894002789399264e-03
4.266323024054986986e-03 2.389792899408283919e-03
1.643678160919541777e-03 9.589502018842533185e-04
8.717228464419484249e-03 3.091517857142855180e-03
1.365591397849460174e-03 1.902238805970148149e-03
-2.527272727272723493e-03 3.986861313868612922e-03
2.423076923076933602e-03 2.639939485627836556e-03
6.242331288343590592e-04 2.399686520376176010e-03
9.384146341463417765e-03 3.363259668508294898e-04
3.882022471910112280e-03 5.115440115440109256e-04
1.479381443298975318e-03 -1.875683060109289242e-03
-5.304979253112034401e-03 -8.872549019607860882e-04
5.387719298245614852e-03 -5.270467836257310178e-04
3.156000000000005589e-03 2.175213675213673661e-03
1.218750000000000042e-02 1.168682795698925466e-03
-6.348314606741603658e-04 3.811912225705329626e-03
5.177042801556426890e-03 4.237984496124032677e-03
5.327464788732398475e-03 2.126600284495021049e-03
1.033904109589040519e-02 8.663434903047075291e-04
3.232057416267945012e-03 2.091794158553544978e-03
6.711726384364824147e-03 1.783358320839579592e-03
6.627906976744190985e-03 2.046941678520626008e-03
9.194029850746269703e-03 3.846556886227545883e-03
1.596446700507614391e-02 2.098623853211007036e-03
4.071646341463419985e-03 2.356502242152464215e-03
4.402397260273975717e-03 3.543723554301831356e-03
3.692307692307695687e-03 1.874812593703148282e-03
-2.101208459214494798e-03 3.670568561872901642e-04
6.378787878787876148e-03 1.561898211829436953e-03
3.900000000000002857e-03 1.064954682779454403e-03
1.096969696969697303e-02 2.169106881405563191e-03
3.435897435897434724e-03 3.577034883720931271e-03
1.811619718309866872e-03 1.561744966442952468e-03
2.638783269961982904e-03 1.050200803212850446e-03
5.924342105263161011e-03 2.395942408376964053e-03
6.994296577946766506e-03 -4.607692307692300929e-04
-5.592198581560274377e-03 2.002923976608195287e-04
6.555045871559635889e-03 1.266853932584268783e-03
8.098591549295777519e-04 -2.640532544378689818e-04
1.016591928251120956e-02 -5.732436472346789111e-04
7.661538461538463553e-03 2.506598240469207553e-03
1.025423728813559983e-02 5.716691068814055456e-03
1.096837944664037128e-03 4.556631892697469120e-03
9.382936507936512002e-03 2.797050561797755162e-03
7.024999999999998260e-03 2.827338129496401327e-04
4.607806691449817423e-03 3.290591805766311575e-03
1.284511784511789415e-03 3.432989690721650888e-03
7.142241379310349317e-03 3.263043478260867734e-03
7.643939393939398232e-03 3.989316239316239264e-03
1.011491935483870702e-02 4.505208333333333287e-03
-1.153409090909086453e-03 -1.913946587537070239e-04
1.222159090909090938e-02 8.156606851549749173e-04
9.924812030075262897e-04 2.063768115942029961e-03
5.236051502145923180e-03 4.277943368107300047e-03
7.237132352941185245e-03 2.585326953748004388e-03
6.093862815884477403e-03 2.387675507020279621e-03
-3.669322709163343101e-03 2.439586645468998227e-03
6.128919860627180666e-03 2.850146198830410052e-03
3.982683982683983548e-03 2.173076923076923406e-03
6.030674846625771850e-03 2.374999999999999074e-03
4.671936758893282214e-03 1.906732117812062581e-03
2.786610878661088461e-03 2.955525606469004436e-03
4.776923076923077043e-03 1.081447963800904024e-03
4.294520547945205290e-03 1.760841836734693437e-03
5.213607594936710450e-03 7.033773861967683970e-04
-3.914035087719291636e-03 9.785619608074296331e-19
-3.395604395604386906e-03 4.113573407202216967e-03
4.053225806451614399e-03 -8.392351274787543565e-04
3.453815261044179599e-03 3.075068870523415317e-03
1.113169642857142483e-02 3.330014224751068515e-03
7.868217054263559190e-03 2.787356321839080508e-03
-9.456869009584549209e-04 1.240489130434781683e-03
7.396284829721358825e-03 -9.652777777777787676e-04
4.124600638977641599e-03 1.169402985074623593e-03
3.327380952380960561e-03 1.829446064139941819e-03
9.905537459283395019e-03 8.184397163120549342e-04
6.931818181818179617e-03 2.383333333333332790e-03
-1.852649006622511833e-03 2.786931818181816439e-03
9.749011857707505849e-03 6.041055718475072441e-04
-4.893162393162359385e-04 2.489345509893455162e-03
1.656976744186054252e-03 7.189265536723181112e-04
4.708835341365467768e-03 1.002886002886003210e-03
-8.792284866468838556e-03 -1.558122205663190147e-03
-1.189003436426111504e-03 2.318249258160237202e-03
2.963898916967512304e-03 2.799242424242424573e-03
3.393410852713179063e-03 1.540559440559439129e-03
1.028781512605041366e-02 4.424778761062748948e-06
2.051282051282047811e-03 1.913352272727272731e-03
1.284246575342527698e-04 1.103423680456490710e-03
7.934042553191489669e-03 1.314016172506734365e-04
7.401384083044980182e-03 2.909638554216867692e-03
1.155844155844159248e-03 -2.701555869872703723e-04
7.886861313868613610e-03 2.480916030534349140e-04
-9.920382165605051965e-04 2.910179640718562992e-03
2.243902439024393972e-03 5.940740740740733635e-04
-5.423728813559261248e-04 4.310185185185185126e-03
4.145484949832782366e-03 1.287568306010927538e-03
3.604508196721317812e-03 2.170658682634729348e-03
9.403703703703714459e-03 2.080110497237571462e-03
6.030000000000004974e-03 1.022727272727273241e-03
6.455035971223025207e-03 4.474474474474469466e-04
6.572243346007609031e-03 -7.673410404624285983e-04
6.295454545454543319e-03 2.766417910447760333e-03
2.218009478672988786e-03 -3.196248196248207738e-04
3.690635451505018105e-03 -3.548621190130619974e-04
1.324621212121212394e-02 6.688311688311411184e-05
-1.412878787878783272e-03 1.544506258692627176e-03
7.635869565217387640e-03 1.986363636363636803e-03
1.692602040816326703e-02 1.393798449612401041e-03
-4.707317073170722010e-03 1.580808080808079798e-03
9.975728155339804934e-03 1.098976109215016577e-03
7.485596707818929947e-03 2.424444444444442612e-03
7.534843205574911530e-03 2.256656804733725950e-03
1.776470588235289083e-03 1.595447870778265954e-03
-2.903169014084511050e-03 1.561209439528021001e-03
8.109243697478982910e-03 1.897039030955586722e-03
3.901315789473688497e-03 1.854493580599144743e-03
4.192883895131086988e-03 2.605900151285929934e-03
3.351307189542481087e-03 2.219101123595491496e-04
3.656146179401993570e-03 1.654135338345839293e-04
-1.278776978417261838e-03 3.495244565217389167e-03
1.434174311926605244e-02 2.287993920972645687e-03
1.221822033898305009e-02 1.905925925925928098e-03
6.935215946843858309e-03 -7.270072992700718321e-04
8.610544217687077923e-03 -3.351573187414201967e-05
8.671586715867160913e-03 3.892215568862271609e-04
5.602272727272730908e-03 1.473251028806584796e-03
-2.363793103448270667e-03 1.989495798319327290e-03
5.195792880258899918e-03 -8.774373259052786300e-05
9.475806451612929374e-04 1.644640234948606091e-03
6.328571428571434267e-03 2.163994169096210805e-03
5.566420664206642686e-03 2.289193302891934755e-03
-1.330324909747288053e-03 7.685185185185189642e-04
1.421601941747572574e-02 -5.780423280423272088e-04
3.112595419847331932e-03 1.605035971223021159e-03
8.931818181818181393e-03 2.812499999999999896e-03
3.107296137339057938e-03 -6.949640287769773923e-04
5.778969957081544345e-03 4.023494860499295589e-04
1.033333333333332979e-02 5.978593272171253128e-04
8.569548872180450874e-03 2.111747851002864287e-03
1.033460076045626848e-02 2.875776397515527900e-03
9.901515151515150742e-03 5.905797101449274935e-04
5.051546391752577067e-03 -1.867883211678832535e-03
1.140178571428571846e-02 2.801815431164901993e-03
4.753289473684217670e-03 4.711246200607904300e-04
-1.245318352059917059e-03 3.006134969325151111e-03
7.332236842105270720e-03 8.526170798898057750e-04
9.840659340659339144e-03 1.292721518987342616e-03
9.353413654618477138e-03 -2.733812949640278159e-04
-2.164206642066422281e-03 2.220079787234042080e-03
2.371153846153849221e-03 1.975743348982785235e-03
6.515789473684218715e-03 2.983500717360114060e-03
1.163286713286712515e-02 1.029411764705881775e-03
6.258992805755398715e-04 2.796373779637365952e-04
8.211895910780668204e-03 -6.707142857142858782e-04
1.049063670411984686e-02 3.362328767123290169e-03
6.487138263665599702e-03 1.315752461322081557e-03
8.571929824561399028e-03 2.668665667166436541e-04
3.233716475095785390e-03 1.529810298102981256e-03
1.287969924812030868e-02 2.074421965317916651e-03
2.483713355048859043e-03 2.076233183856502750e-03
9.613461538461546413e-03 3.254373177842562800e-03
1.319444444444499616e-04 2.650664697193500906e-03
3.118098159509205894e-03 4.419770773638954280e-04
7.700296735905099582e-04 1.098326359832636724e-03
9.913725490196081611e-03 3.677130044843029380e-04
4.018315018315021109e-03 1.579689703808178410e-03
3.416326530612251965e-03 9.239940387481374333e-04
8.500000000000009284e-03 1.688394276629568390e-03
2.408914728682176511e-03 2.472689075630250463e-03
2.937500000000003043e-03 2.658015267175572582e-03
4.235197368421060593e-03 -5.312046444121911078e-04
-1.297297297297292026e-03 -1.605301914580263686e-03
3.425454545454550102e-03 5.007153075822602184e-04
1.137638376383763410e-02 2.146577380952380525e-03
4.839160839160845315e-03 2.486902927580893641e-03
2.364093959731544941e-03 1.983154670750381880e-03
1.000646551724138425e-02 -1.948051948051859552e-05
3.416149068322989896e-03 2.235243055555552819e-03
5.358823529411763965e-03 1.788571428571426696e-03
1.110641891891892170e-02 2.650704225352112659e-03
2.280487804878051240e-03 5.570652173913041025e-04
5.867924528301895343e-03 8.603395061728379145e-04
2.532608695652181253e-03 5.393343419062027145e-04
1.183067729083664942e-02 2.648459383753499607e-03
1.301999999999999512e-02 6.661931818181807737e-04
-6.800699300699275919e-04 -1.478770131771613551e-04
8.976293103448274024e-03 -5.328746177370033898e-04
3.363984674329505847e-03 -2.011173184357557700e-04
6.445692883895135297e-03 1.559558823529412800e-03
2.751046025104603773e-03 1.761474269819195484e-03
-4.724340175953078112e-03 1.130912162162162797e-03
1.164615384615385295e-02 4.983847283406752510e-03
4.713080168776376255e-03 1.745363766048500668e-03
1.059607843137255062e-02 1.628834355828219982e-03
1.359861591695503110e-03 2.806786703601108716e-03
6.288104089219327328e-03 9.481065918653566304e-04
-1.644927536231878366e-03 8.717391304347829389e-04
1.262237762237767300e-03 3.398507462686568142e-03
2.247232472324725821e-03 1.429588607594935168e-03
-2.914330218068530379e-03 -4.912985274431057228e-04
4.574561403508782369e-03 4.826086956521737081e-03
3.305785123966949873e-03 2.366120218579233908e-03
9.070175438596478346e-04 3.637846655791196764e-04
1.430324909747292608e-02 1.988505747126436459e-03
3.204946996466432121e-03 -1.593571428571429653e-03
-4.045454545454537851e-03 3.571041948579160158e-03
1.328906249999999706e-02 1.621987951807226432e-03
5.387152777777780635e-03 -3.242705570291766200e-04
4.600977198697070100e-03 1.216255442670537449e-03
9.425373134328358243e-03 5.174418604651158209e-04
9.514925373134331191e-03 7.598944591029043469e-04
5.630914826498425139e-03 4.808575803981624810e-04
2.742857142857144971e-03 4.503072196620582120e-03
6.443820224719102110e-03 1.639860139860140975e-03
1.336842105263158324e-02 3.258219178082195824e-03
8.798449612403100306e-03 1.651773049645389188e-03
8.605263157894739098e-03 3.614779874213834825e-03
4.809829059829062552e-03 6.454615384615381563e-03
5.876518218623485480e-03 -9.273255813953489675e-04
1.060344827586207593e-02 3.452110389610393414e-03
9.687265917602990578e-03 1.366343490304708190e-03
1.882758620689662212e-03 1.991863905325443919e-03
3.373076923076926553e-03 2.867781155015197096e-03
8.186311787072247589e-03 1.653508771929824246e-03
7.008130081300812872e-03 1.144157814871017264e-03
4.938976377952760538e-03 1.404285714285715119e-03
5.973776223776222465e-03 1.117474302496327060e-03
9.333992094861659483e-03 2.369565217391306471e-03
2.194029850746270424e-03 4.376657824933695841e-04
-1.219465648854955531e-03 1.076744186046511668e-03
5.866906474820139661e-03 9.685792349726765268e-04
4.369090909090917949e-03 3.215892053973030615e-04
1.029282868525896281e-02 2.964285714285714007e-03
1.000366300366300858e-02 3.212076583210602548e-03
9.358108108108107934e-03 3.493660855784469759e-03
5.270588235294124124e-03 3.002318392581147626e-03
3.439453125000003705e-03 1.376093294460641091e-03
6.263052208835346440e-03 2.110284167794317101e-03
1.328294573643410033e-02 1.125366568914955116e-03
1.029735682819383179e-02 -3.881578947368417767e-04
1.075641025641025511e-02 4.299721835883169377e-03
1.990476190476197019e-03 3.574840764331209137e-03
5.496721311475411854e-03 3.993580599144078147e-03
9.980932203389830670e-03 4.309593023255815260e-03
9.918032786885293706e-04 1.444104134762633652e-03
5.132508833922260275e-03 2.071633237822348862e-03
4.347692307692310222e-03 1.824303405572754843e-03
1.063377926421403726e-02 1.770098730606488400e-03
5.268595041322360296e-04 2.123026315789472342e-03
9.528268551236751885e-03 4.119873817034699903e-03
9.635496183206105139e-03 4.356508875739634819e-04
-3.403614457831320717e-03 2.258132956152757165e-03
-6.624999999999962082e-04 2.511854951185496249e-03
3.019011406844114218e-03 2.114048338368579999e-03
2.236486486486490184e-03 -4.462151394422309513e-04
6.427272727272727651e-03 8.020231213872844626e-04
6.510416666666728105e-04 1.793209876543208712e-03
9.649446494464943708e-03 1.726017441860462544e-03
1.413427561837472682e-04 1.785818713450291464e-03
1.603942652329749460e-02 3.214972527472530033e-03
2.003289473684208722e-03 -4.586709886547815206e-04
1.324170616113743912e-02 3.352702702702704991e-03
8.077075098814227166e-03 1.317320703653586432e-03
8.660156250000000319e-03 1.579439252336446850e-03
1.037651821862348341e-02 1.136764705882352096e-03
2.248493975903622516e-03 1.766328011611030015e-03
8.034482758620682674e-03 2.115151515151515206e-03
4.039823008849563989e-03 3.485333333333331604e-03
5.489583333333336763e-03 1.790468986384268239e-03
-1.066780821917803160e-03 2.530734632683655661e-03
9.153979238754319722e-03 6.352112676056327492e-04
3.609177215189877941e-03 -1.536842105263158285e-03
1.755244755244747806e-03 -5.850144092218997676e-04
1.881632653061226677e-03 2.895652173913043984e-03
1.182199999999999744e-02 1.184887459807073412e-03
5.404081632653058229e-03 4.997667185069983552e-03
2.584249084249087142e-03 1.187100893997444610e-03
5.746575342465756568e-03 2.808219178082213508e-04
-1.267527675276752764e-03 1.645259938837921945e-03
1.206357388316151545e-02 3.511006289308174749e-03
-2.531428571428564686e-03 2.237536656891493496e-03
7.619601328903659668e-03 9.463235294117651854e-04
7.596938775510206528e-03 1.815417256011314304e-03
-1.963286713286710363e-03 3.216157205240173685e-03
-1.130742049469910681e-04 2.161313868613138657e-03
-1.214511041009455746e-03 -3.011527377521600957e-04
1.235952380952381330e-02 1.540166204986148429e-03
4.377510040160639826e-03 1.986191860465116692e-03
3.361423220973783644e-03 1.548746518105848522e-03
1.051831501831501821e-02 3.067489114658926951e-03
6.060000000000005486e-03 3.333333333333315333e-04
5.903773584905658810e-03 3.058867362146050397e-03
1.089830508474579898e-03 4.101892285298397965e-03
7.741150442477882920e-03 4.842632331902717475e-04
5.314102564102566977e-03 1.382434301521438119e-03
1.313008130081300649e-02 1.936974789915967433e-03
-3.370229007633575389e-03 3.219803370786516322e-03
6.299307958477508816e-03 8.724783861671454518e-04
6.996296296296293862e-03 2.805727554179565566e-03
3.120312500000005027e-03 2.705972434915774900e-03
-2.932055749128914101e-03 2.173944687045122753e-03
3.844594594594591234e-03 -1.140602582496412243e-04
3.755223880597023060e-03 1.076923076923075144e-03
8.176470588235293727e-03 3.269402985074627149e-03
-7.951807228915656585e-04 2.855737704918033786e-03
-3.694339622641506973e-03 3.427299703264086368e-04
9.744642857142854497e-03 1.644736842105248484e-04
8.133204633204637810e-03 -1.347736625514402630e-03
7.257028112449802511e-03 2.704052098408104340e-03
5.212933753943219811e-03 -1.278947368421053327e-03
2.931924882629112408e-03 2.000000000000000042e-03
4.628440366972479472e-03 2.366359447004608412e-03
7.712616822429904824e-03 2.781206171107995003e-03
1.766763848396507314e-03 5.736024844720499435e-03
1.975471698113208645e-03 7.260928961748641490e-04
2.331010452961670889e-03 1.429545454545454392e-03
-2.435146443514638655e-03 2.034508076358295531e-03
9.159836065573762759e-03 4.286016949152541416e-03
3.489010989010994917e-03 2.749629629629630513e-03
9.541474654377888123e-03 2.343441466854723210e-03
7.086497890295351092e-03 2.583001328021240512e-04
1.082007575757575578e-02 -2.502873563218393441e-03
4.977430555555562193e-03 4.202272727272725501e-03
7.738683127572021196e-03 1.783625730994151982e-03
4.651408450704224047e-03 3.453074433656957553e-03
1.137380191693294169e-03 4.003039513677811127e-03
8.091111111111109686e-03 9.938650306748470203e-04
1.155555555555556543e-02 1.981595092024540389e-03
4.999999999999996635e-03 4.475524475524468582e-04
6.240740740740746348e-03 -7.793255131964829056e-04
5.096219931271479126e-03 -1.381746031746033422e-03
-2.548148148148141837e-03 1.752532561505064238e-03
1.132206405693949453e-02 -8.884493670886073726e-04
2.453079178885634974e-03 3.715160796324654992e-03
-1.624999999999989625e-04 1.868459302325581285e-03
6.191287878787879451e-03 1.291666666666665573e-03
1.409266409266409642e-02 3.087982832618025274e-03
2.668016194331987619e-03 3.620919881305637630e-03
9.616487455197136880e-03 2.124071322436849301e-03
5.192771084337350143e-03 1.536532951289397257e-03
2.549792531120337758e-03 3.009049773755646546e-04
1.979779411764710523e-03 -2.186588921282254563e-06
1.170545454545454320e-02 -3.696844993141288954e-04
1.653061224489801905e-03 1.151079136690760363e-05
