4.296460176991149377e-03 2.383031301482703250e-03
-2.273037542662109580e-03 5.569948186528518889e-04
3.011013215859033223e-03 1.955766192733020357e-03
-6.499999999999995365e-04 2.569751381215471409e-03
3.043071161048693102e-03 5.170278637770913928e-04
-3.339552238805929755e-04 1.483386075949368055e-03
9.636363636363826980e-05 2.302232854864435293e-03
8.257446808510642000e-03 4.488599348534203469e-03
4.402621722846453492e-03 -2.943485086342209991e-04
8.583690987128283242e-06 4.397897897897900567e-03
7.345360824742274905e-03 -7.230639730639727399e-04
6.918103448275935135e-04 2.696078431372551584e-03
-5.080906148867303952e-04 3.429878048780488683e-03
5.398113207547169078e-03 1.256077795786077417e-04
-8.044217687074826928e-03 2.115120274914093507e-03
-2.529220779220770800e-03 3.269230769230771667e-03
4.539325842696628928e-03 -1.331980519480517600e-03
3.691605839416062847e-03 1.603816793893133403e-03
4.512820512820517674e-03 -1.076794657762937383e-04
2.631901840490797912e-03 2.065916398713837443e-04
-1.441761363636360560e-03 2.644094488188978003e-03
6.286127167630059867e-03 2.547169811320777006e-04
5.175724637681166154e-03 1.041864139020538772e-03
-4.328525641025632482e-03 -5.659340659340648819e-04
2.931338028169018246e-03 3.665492957746483479e-03
5.337539432176663899e-03 3.808866279069769625e-03
-6.957627118644071212e-03 -1.272120200333886914e-03
6.744979919678720237e-03 2.041300527240776010e-03
2.396428571428574957e-03 4.007874015748044932e-04
6.513059701492537532e-03 3.333591331269353426e-03
4.932900432900434728e-03 1.483965014577260690e-03
4.481164383561646140e-03 7.786195286195314287e-04
9.226562499999996919e-03 1.781201848998460995e-03
-3.785156250000001193e-03 5.344827586206923843e-04
5.093333333333336863e-03 1.590909090909092913e-03
4.249190938511329327e-03 2.441176470588237411e-03
2.218085106382983868e-03 2.934782608695656742e-03
1.428825622775803904e-03 3.061014263074487898e-03
-4.165983606557372744e-03 -1.347198641765702401e-03
-2.207246376811592293e-03 3.896464646464649264e-03
-5.298507462686572259e-04 3.311557788944725651e-03
1.164335664335664627e-02 -1.208196721311474882e-03
5.810469314079429529e-03 -1.574239713774595048e-03
3.672058823529414113e-03 2.699687987519503330e-03
8.688212927756729358e-04 1.305640243902439100e-03
1.025088967971530401e-02 1.278801843317973813e-03
-4.354999999999995160e-03 3.758039816232771387e-03
3.832740213523137818e-03 2.532591414944358656e-03
8.092105263157898729e-03 8.883058470764629419e-04
3.463815789473685507e-03 2.454761904761904902e-03
-3.088235294117621038e-04 3.755961844197140079e-03
-4.601754385964903701e-03 6.001564945226933213e-04
5.210416666666675689e-03 2.767441860465126601e-04
1.596566523605157497e-03 3.082905982905987437e-03
1.340000000000003298e-03 8.548148148148183379e-04
-3.254325259515566775e-03 3.094325153374236689e-03
1.168200000000000488e-02 2.789970930232559074e-03
3.034172661870509265e-03 3.223152022315203900e-03
-5.557377049180260188e-04 2.953321364452425341e-03
1.168831168831204094e-04 -1.650641025641015841e-04
7.617554858934169788e-03 3.782361308677103118e-03
4.468543046357614096e-03 4.248691099476440726e-03
-1.374999999999994716e-03 3.465765765765769797e-03
1.178617363344050713e-02 3.091954022988506554e-03
5.363453815261039030e-03 4.093152866242041714e-03
-9.556737588652470996e-04 2.100763358778629485e-03
3.819536423841064787e-03 1.568992248062017281e-03
2.283269961977183772e-03 1.246345029239768641e-03
-2.270114942528731437e-03 1.663865546218488891e-03
-2.311349693251533305e-03 2.401202749140895869e-03
-6.340531561461797139e-03 3.112973760932946643e-03
2.801754385964914593e-03 1.798859934853422847e-03
6.254385964912284948e-03 -8.955223880596256615e-06
-8.942307692307666306e-04 1.927682737169518360e-03
4.237463126843664385e-03 2.758461538461540793e-03
6.077743902439025452e-03 3.524256651017218349e-03
6.892156862745101031e-03 3.815079365079369813e-03
6.214046822742474822e-03 2.418057663125951218e-03
4.333846153846155139e-03 5.460000000000003913e-03
-4.211956521739129537e-03 3.340729001584787604e-03
3.337328767123287285e-03 1.649242424242426544e-03
4.253906250000002477e-03 1.599290780141845829e-03
-4.677489177489170882e-03 1.806260575296110300e-03
-5.199999999999977860e-04 3.236880466472303632e-03
9.112648221343871285e-03 2.427287581699348606e-03
8.231511254019358449e-04 3.684975767366722305e-03
-7.612903225806449785e-03 3.773885350318472408e-03
1.024271844660195512e-03 4.241456166419022011e-03
1.713286713286717947e-03 4.283898305084749523e-03
-1.083606557377041202e-03 2.325695581014730270e-03
4.297577854671284607e-03 1.073667711598750673e-04
3.071929824561410189e-03 7.953074433656959165e-04
-2.115808823529408134e-03 1.179661016949153703e-03
1.100364963503653974e-03 -2.570093457943906719e-04
-8.393115942028980467e-03 -3.988868274582455881e-05
-5.445544554455413789e-05 3.893778452200303761e-03
4.528409090909090752e-03 -6.010638297872319697e-04
6.719123505976102619e-03 2.717095310136156874e-03
1.008540925266904371e-02 3.631205673758867037e-03
7.405357142857148418e-03 4.210613598673302108e-03
-2.942187499999994287e-03 3.542386185243333058e-03
2.953846153846189032e-04 3.345155709342563684e-03
1.325203252032528803e-03 2.461983471074382247e-03
8.490196078431406319e-04 6.315406976744198514e-04
-6.581210191082801156e-03 1.953225806451614095e-03
5.005454545454551644e-03 1.514221556886227943e-03
-2.590909090909090766e-03 1.007913669064749171e-03
3.860182370820668856e-04 -2.073479729729727633e-03
-6.985148514851480077e-03 3.245065789473686613e-03
1.661564625850345429e-03 3.184458398744116105e-03
-2.781350482315077558e-04 1.716923076923078341e-03
4.146774193548391496e-03 1.243399339933994865e-03
4.491134751773054323e-03 2.485197368421055569e-03
-3.209415584415579482e-03 2.431743421052634264e-03
6.256578947368422912e-03 4.357364341085272728e-03
2.110738255033557664e-03 7.566510172143982044e-04
4.312500000000005565e-03 2.531545741324923819e-03
3.170289855072569245e-04 1.669753086419753898e-03
8.351449275362318606e-04 2.226475279106861216e-03
4.212454212454218305e-03 4.670178282009726858e-03
-2.756410256410237272e-04 1.904836193447740494e-03
-2.011406844106459080e-03 2.086059743954481269e-03
-1.053359683794460964e-03 2.330550918196994808e-03
-2.189910979228484097e-03 4.669421487603319905e-04
3.199999999999998419e-03 2.873956594323876998e-03
6.476534296028886237e-03 1.401903367496341868e-03
8.962264150943459072e-04 2.905238828967645921e-03
-1.432024169184287297e-03 3.447409733124019628e-03
-1.640624999999994952e-03 1.527272727272728893e-03
5.354978354978353824e-03 -4.710280373831762161e-04
1.446428571428571381e-03 3.116894197952221283e-03
5.389261744966444660e-03 4.184375000000000594e-03
4.889273356401387105e-03 8.717391304347852157e-04
7.418831168831186741e-04 2.363861386138616828e-03
-1.474576271186438985e-03 2.503736920777283308e-03
2.636363636363637641e-03 3.407407407407411944e-03
3.187279151943469419e-03 2.326890756302524808e-03
-1.377708978328168101e-03 8.933764135702759865e-04
-4.741197183098583116e-03 1.995049504950496821e-03
6.417431192660554527e-03 3.366336633663373663e-04
9.614406779661011787e-03 4.750806451612905705e-03
3.096610169491529393e-03 3.570962479608485746e-03
5.268482490272380532e-03 1.601199400299852058e-03
3.923184357541896830e-03 1.544303797468355799e-03
3.308080808080807265e-03 9.616588419405319417e-04
7.821969696969697031e-03 4.755468750000003617e-03
4.136513157894740333e-03 2.335097001763670761e-03
-1.544067796610166382e-03 2.486863711001644460e-03
6.418644067796611466e-03 1.665198237885466863e-03
3.058823529411770509e-03 2.618127786032692968e-03
8.006024096385544117e-03 1.378144654088052801e-03
1.980000000000007362e-03 4.419902912621359418e-03
-5.545608108108101078e-03 8.246644295302035235e-04
6.926406926406930738e-03 4.140028288543140360e-03
6.719178082191779554e-03 4.624329159212902892e-04
-1.994983277591973799e-03 4.480487804878051372e-03
-2.172995780590637315e-04 2.456584659913171355e-03
-1.174329501915701707e-03 4.952755905511821649e-04
-6.859223300970869117e-03 3.800757575757577559e-03
7.568441064638786048e-03 2.786458333333334796e-03
1.508645533141212899e-03 3.104333868378814087e-03
7.471264367816096187e-03 1.134955752212391325e-03
-1.170568561872650834e-05 2.879736408566724217e-03
9.113149847094819062e-04 1.424831081081081620e-03
7.861736334405181742e-04 5.752608047690030294e-04
5.737785016286644363e-03 3.379491017964072162e-03
1.652515723270442253e-03 1.691919191919194357e-03
3.370656370656373302e-03 1.809322033898306831e-03
3.918181818181822387e-03 1.856154910096820222e-03
8.903543307086616426e-03 -6.720779220779208359e-04
-1.444078947368413217e-03 2.086569579288027193e-03
2.839768339768340092e-03 2.872822299651568885e-03
9.638095238095240741e-03 1.807131280389001095e-04
3.639344262295086778e-03 1.548502139800286359e-03
9.109375000000016981e-04 1.701470588235295825e-03
7.003367003367096024e-04 2.897391304347828652e-03
3.916438356164385695e-03 1.766929133858267985e-03
7.100000000000003010e-03 1.665701881331407711e-03
-1.214035087719293228e-03 1.066129032258067173e-03
-3.372483221476501539e-03 3.483309143686504506e-03
4.627906976744190944e-03 6.225997045790258129e-04
5.227758007117441937e-03 2.345827439886849150e-03
9.441071428571428878e-03 -1.310160427807482682e-03
6.220149253731343565e-03 4.602391629297463913e-03
-2.359550561797721651e-04 2.524429967426933800e-05
2.699288256227765775e-03 6.536502546689319706e-04
2.539062500000095497e-04 3.784578696343402892e-03
3.952229299363067133e-03 1.058176100628933003e-03
4.385185185185189009e-03 1.872641509433964390e-03
-4.820788530465902220e-04 2.537067545304800067e-04
1.741735537190089401e-03 1.463126843657818008e-03
2.535031847133759064e-03 2.497500000000002322e-03
1.541533546325885885e-03 1.207086614173229645e-03
7.926056338028170459e-03 3.057996485061515585e-03
6.817589576547234201e-03 1.258875739644971800e-03
-4.259259259259226440e-04 -6.118760757314957487e-04
-2.048458149779695987e-04 1.307692307692308971e-03
-2.689759036144573779e-03 1.813780260707637633e-03
5.733870967741943291e-03 1.270804911323329678e-03
6.530303030303075259e-04 4.304700162074556746e-03
6.742187500000000784e-03 -3.924418604651061418e-05
-4.043771043771045640e-03 1.076443057722309415e-03
3.874524714828902951e-03 2.509447674418607485e-03
-2.562499999999995337e-03 -8.733974358974161845e-05
-2.204081632653061111e-03 2.861586314152413449e-03
-3.394339622641500982e-03 2.616332819722652029e-03
3.943298969072163256e-03 3.065028901734104510e-03
4.037414965986393760e-03 1.090604026845638352e-03
4.393312101910830381e-03 3.555178268251277078e-03
-2.481424148606808152e-03 2.482343499197434827e-03
2.377777777777782906e-03 1.214513556618820661e-03
-3.386740331491710013e-03 2.397822445561143077e-03
3.183823529411766717e-03 9.893778452200333376e-04
7.151470588235299929e-03 -2.762063227953393181e-04
-5.490875912408758018e-03 1.394599303135889493e-03
-9.765100671140931323e-04 1.527006172839507920e-03
-6.188405797101442264e-03 2.465489566613163035e-03
-1.813084112149528776e-03 3.880551301684533137e-03
-5.549407114624501855e-03 1.986902927580896233e-03
6.981132075471737719e-04 4.156521739130452850e-04
4.737373737373742379e-03 2.350152905198779965e-03
5.926470588235297800e-03 1.651033386327505461e-03
6.043026706231451745e-03 9.442815249266888616e-04
1.313043478260873245e-03 3.335548172757477840e-03
7.861623616236159198e-03 4.220394736842106136e-03
-2.590062111801238152e-03 7.670753064798614381e-04
3.438144329896905549e-03 1.858221476510068561e-03
-2.882352941176468709e-03 2.283653846153846714e-03
3.803773584905661975e-03 2.868874172185433870e-03
-4.351226993865027308e-03 2.494194484760523314e-03
6.935294117647059463e-03 1.409442724458205131e-03
-1.309451219512192816e-03 1.624054462934949915e-03
-1.244047619047613379e-03 -2.266313932980576202e-04
6.650000000000102010e-04 1.120853080568722264e-03
4.832758620689658023e-03 -4.159733777038233737e-05
4.688854489164093024e-03 2.385826771653545061e-03
2.708812260536408098e-03 2.540453074433658698e-03
4.021276595744682596e-03 5.225563909774457068e-04
4.338129496402876734e-03 3.991863905325447430e-03
3.749226006191954102e-03 2.556506849315067983e-03
-1.132786885245897846e-03 2.010416666666669898e-03
4.984326018808793793e-04 1.417944785276076345e-03
-3.310104529616654263e-04 1.365478119935172301e-03
-4.153846153846070207e-04 3.162629757785469058e-03
-1.752192982456140385e-03 3.812295081967213665e-03
-6.462450592885328948e-04 -3.176382660687584124e-04
7.692982456140344365e-03 3.491215226939971359e-03
5.741538461538464588e-03 -3.710691823899371048e-04
-5.434615384615380622e-03 2.306041335453101922e-03
2.325581395348838478e-03 1.024154589371982201e-03
9.551971326164875736e-03 1.837500000000002760e-03
3.077054794520553589e-03 2.123255813953488919e-03
2.701107011070114777e-03 1.226047904191618571e-03
2.045816733067738237e-03 1.122103386809270758e-03
7.138047138047172229e-04 -9.855769230769085545e-05
2.930000000000005950e-03 2.458199356913185526e-03
-5.779467680608362141e-03 3.658139534883723173e-03
-1.263440860215047637e-03 2.635115606936418598e-03
2.123145400593476687e-03 1.825457317073172136e-03
-2.331746031746028541e-03 2.270465489566617871e-03
-3.395470383275257711e-03 1.496290801186945293e-03
-3.878424657534240705e-03 -1.031796502384736214e-03
-4.545454545454503167e-04 1.363849765258217999e-03
3.992156862745098629e-03 1.870401337792644385e-03
-3.013888888888845174e-04 3.358918128654973193e-03
4.477739726027401938e-03 1.658536585365853831e-03
3.978102189781047610e-04 6.423913043478264237e-03
-1.146415770609317958e-02 1.890178571428575418e-03
7.239263803680998175e-04 1.520033388981638844e-03
6.870503597122303886e-03 5.098387096774196527e-03
4.578498293515364213e-03 2.353488372093026464e-03
-6.861563517915305471e-03 1.105574324324326736e-03
8.754152823920312472e-04 5.555555555555562056e-04
2.705357142857146499e-03 1.638524590163936527e-03
-1.076628352490420146e-03 6.354515050167469658e-05
4.983552631578949330e-03 6.961367013372985434e-04
-4.140776699029122439e-03 2.921752738654149681e-03
4.656626506024099874e-03 2.698899371069183456e-03
-4.439716312056737023e-03 1.644345238095261136e-04
7.626984126984129655e-03 3.776671408250358540e-03
1.785140562249000126e-03 2.877535101404059270e-03
-1.742857142857141481e-03 1.784588441331002055e-03
-1.821782178217823834e-03 2.261865793780690973e-03
5.140186915887877406e-04 2.103539823008851364e-03
-2.949218750000009125e-04 -1.981981981981942548e-04
1.158102766798420379e-03 3.153145695364239706e-03
8.543674698795184277e-03 2.868902439024391925e-03
-1.709507042253519777e-03 2.178517397882022400e-04
1.877394636015333827e-04 2.335843373493977273e-03
1.971698113207552300e-03 2.620578778135056425e-04
-7.560553633217994554e-04 -1.145408163265304808e-03
-2.359205776173283267e-03 3.086655112651650375e-03
-3.280241935483870636e-03 2.236434108527135013e-03
1.977409638554219334e-03 2.125000000000002755e-03
5.094444444444444844e-03 3.260542168674700897e-03
4.140117994100295587e-03 -4.228441754916783916e-04
6.383445945945948052e-03 1.781407035175881347e-03
1.239130434782615689e-03 8.532695374800731763e-05
1.925824175824179894e-03 2.766452648475123399e-03
-1.735999999999993408e-03 2.297427652733121349e-03
6.446428571428569967e-03 2.535050071530760112e-03
3.568249258160243083e-03 2.695419847328246309e-03
-1.100378787878786464e-03 -1.061417322834643396e-03
4.697368421052630638e-03 4.709320695102687561e-03
6.226102941176469077e-03 2.525285481239804460e-03
1.253873239436619630e-02 2.290429042904291307e-03
2.142857142857143831e-03 3.019257221458048965e-03
3.081967213114756871e-03 1.966101694915256028e-03
-4.870242214532866619e-03 1.688854489164087974e-03
-4.407821229050278879e-03 1.777777777777780031e-03
3.061224489796351891e-05 7.483766233766246580e-04
9.980769230769261785e-04 6.182795698924937718e-05
-4.368231046931404273e-03 -5.246710526315757385e-04
-1.226937269372689295e-03 8.539967373572595472e-04
1.205555555555559320e-03 3.303664921465973396e-03
9.369747899159700140e-04 2.554982817869418370e-03
1.783582089552244229e-03 3.798122065727700322e-03
1.990347490347495630e-03 1.961883408071750205e-03
-3.189189189189188013e-03 1.972176759410804604e-03
3.232727272727269497e-03 1.873534338358460441e-03
-2.779179810725552775e-03 4.156616415410387642e-03
-9.010115606936416888e-03 1.563071297989032833e-03
9.927652733118975600e-03 2.785046728971963745e-03
4.283154121863796786e-03 1.587610619469029824e-03
9.928571428571481873e-04 1.379965457685666634e-03
1.630225080385854994e-03 1.042944785276076012e-03
9.435897435897445257e-03 2.176609105180536512e-03
1.529411764705883737e-03 1.166666666666666980e-03
5.084090909090912234e-03 5.551342812006319731e-03
-3.531872509960158439e-03 1.407208588957058323e-03
5.000000000000000971e-03 3.249609984399378943e-03
1.724066390041496290e-03 -2.120338983050844544e-03
6.526666666666671932e-03 1.466453674121406857e-03
-2.297376093294459243e-03 2.134146341463416963e-03
4.072243346007605076e-03 7.744252873563225743e-04
2.242125984251973521e-03 3.083333333333336795e-03
1.650974025974034486e-03 1.885167464114834547e-03
-2.170529801324494207e-03 2.163157894736844698e-03
8.898832684824912673e-03 1.088028169014085061e-03
3.304347826086958834e-03 5.656108597285257165e-05
-8.045602605863152838e-04 1.180167597765379518e-04
-1.218430034129690774e-03 3.667820069204156316e-03
1.063513513513513701e-03 2.542785234899329252e-03
6.265243902439065734e-04 9.137168141592934409e-04
5.725308641975331101e-04 5.871369294605815635e-04
5.502857142857146139e-03 1.653906250000002163e-03
3.622302158273383102e-03 4.614457831325300893e-03
4.664451827242526230e-03 1.846541786743517493e-03
2.108562691131503179e-03 -4.304932735425998124e-04
-4.606463878326992611e-03 -7.633093525179839803e-04
6.771428571428569736e-03 3.582018927444799092e-03
1.181818181818188821e-03 1.050874403815580619e-03
3.623076923076923306e-03 1.188905547226388635e-03
5.278455284552840965e-03 1.867601246105920782e-03
6.742424242424235534e-04 1.338345864661663132e-04
-1.762430939226513130e-03 1.749196141479100524e-03
5.231800766283514065e-03 -1.028963414634145304e-03
5.375000000000005641e-03 1.080882352941177609e-03
6.694630872483270769e-04 2.551003344481607340e-03
3.290229885057477811e-03 2.800148588410105929e-03
5.225868725868731274e-03 1.116279069767460739e-04
1.238888888888893969e-03 3.273747841105357267e-03
-5.164451827242516266e-03 1.701827242524918274e-03
6.823104693140872581e-04 -2.496136012364738393e-04
4.166666666666668344e-03 3.647951441578149885e-03
-5.642424242424233516e-03 4.912836767036622682e-05
3.168730650154803069e-03 2.631270903010037195e-03
-2.217687074829929449e-03 1.725118483412324587e-03
1.004983388704320559e-03 3.512269938650310844e-03
6.111570247933888027e-03 8.960817717206144561e-04
1.193181818181819143e-03 1.164725457570717345e-03
2.450184501845021484e-03 6.959761549925493453e-04
-4.413732394366196889e-03 -1.393401015228423832e-03
9.775925925925929225e-03 1.063779527559055842e-03
2.575925925925926820e-03 2.731782945736436520e-03
-1.571153846153842135e-03 4.729729729729891213e-05
1.338174273858924387e-03 -1.398911353032657656e-03
5.225454545454542681e-03 3.803160919540232027e-03
1.531250000000002661e-03 7.627737226277374978e-04
3.954545454545457979e-03 4.049230769230771111e-03
2.089655172413796072e-03 2.904907975460125410e-03
1.618110236220473598e-03 2.130434782608697959e-03
3.068181818181824928e-03 1.196800000000001335e-03
-1.618852459016392655e-03 1.117741935483871794e-03
2.716942148760332146e-03 3.410714285714286451e-03
1.095049504950495155e-02 1.120904836193448292e-03
3.462616822429909289e-03 4.022307692307696553e-03
3.312499999999999473e-03 4.207516339869310116e-04
2.914179104477618212e-03 2.299500831946756606e-03
-5.145510835913309766e-03 2.453525641025642526e-03
-2.823529411764703033e-03 1.563439065108516036e-03
5.201388888888893412e-03 2.193467336683418284e-03
-9.981684981684969208e-04 1.380033557046981586e-03
-4.306640624999996669e-03 7.517241379310377405e-04
-2.431818181818179523e-03 2.642301710730950333e-03
-4.761627906976743756e-03 3.245384615384616991e-03
2.152509652509658217e-03 1.217024539877302729e-03
1.496932515337421471e-03 8.701842546063669973e-04
2.760053619302951095e-03 2.577727952167415803e-03
-3.493710691823898647e-03 3.354041916167668086e-03
-4.839285714285702228e-03 2.032679738562093337e-03
3.205792682926832983e-03 1.082595870206489981e-03
-1.362549800796801925e-03 2.221859706362155473e-03
7.228668941979524490e-03 2.954849498327761712e-03
3.215517241379309103e-03 9.754464285714308782e-04
4.512121212121218174e-03 1.719178082191782052e-03
7.429104477611941926e-03 1.813226744186046584e-03
1.312903225806455378e-03 2.995319812792513609e-03
2.294871794871793796e-03 4.030520646319600379e-04
-1.660156249999996270e-03 2.068542568542570265e-03
-8.827893175074152509e-04 1.767133956386295621e-03
2.555555555555607313e-04 1.778052805280529777e-03
7.831541218638023508e-04 2.083606557377051631e-03
5.763345195729541529e-03 1.202467343976779818e-03
9.927083333333331164e-03 3.355359765051396399e-03
-4.844758064516122703e-03 1.401798063623790370e-03
2.166666666666673506e-03 4.464403973509936327e-03
1.807432432432430017e-03 1.812408759124089271e-03
4.710424710424717699e-03 8.281758957654743875e-04
-3.496732026143765004e-04 2.567353407290032404e-04
2.823420074349444232e-03 1.296795952782462411e-03
5.918803418803466557e-04 7.617554858934173258e-04
-3.509584664536738625e-03 3.418941979522186880e-03
2.140495867768600537e-03 2.220657276995307346e-03
-6.983050847457600817e-04 9.697193500738566932e-04
2.567765567765569433e-03 2.507727975270483255e-03
1.149606299212599858e-03 4.724191063174116093e-03
1.046204620462053711e-03 -1.723564954682779140e-03
2.542955326460481866e-03 3.172560113154174882e-03
1.381578947368421835e-03 -1.345256609642280421e-04
-5.598591549295762288e-04 1.198738170347004054e-03
-2.158075601374566214e-03 1.658914728682171725e-03
-5.104651162790693232e-03 1.155765920826162287e-03
6.979853479853482742e-03 -5.908360128617354051e-04
8.055031446540883086e-03 2.130919220055716053e-04
-2.689969604863214157e-04 6.208206686930115622e-04
3.161231884057971817e-03 4.810419681620843775e-03
4.638775510204086808e-03 2.159777424483306455e-03
1.243816254416967113e-03 2.751987281399048170e-03
1.039166666666667058e-02 3.285256410256411595e-03
1.320346320346307172e-04 2.718600953895074310e-03
8.020295202952025179e-03 2.502564102564106170e-03
1.127450980392162528e-03 3.297546012269950838e-04
4.290378006872853922e-03 1.692367601246106247e-03
5.316037735849063993e-03 1.343795620437958230e-03
5.227963525835873943e-04 1.088102409638557529e-03
6.481273408239702528e-03 4.241157556270098300e-03
6.728187919463138062e-04 2.381435257410299995e-03
5.122699386503145767e-04 2.380059970014993583e-03
-4.586440677966097113e-03 8.412828947368447812e-04
-2.370722433460073844e-03 2.650000000000001313e-03
-2.617283950617276065e-03 5.490848585690516048e-05
3.509842519685045428e-03 4.511811023622043135e-04
8.522727272727272096e-03 1.134674922600621780e-03
4.653198653198654770e-03 2.736574746008710833e-03
2.965587044534416950e-03 3.192246835443039981e-03
-6.855018587360590769e-03 3.735104669887280137e-03
2.200374531835205382e-03 8.564593301435426652e-04
-3.688821752265859961e-03 2.302631578947371242e-03
-5.021276595744636213e-04 -6.956521739129571894e-06
-2.974999999999993275e-03 4.003466204506084714e-04
5.365325077399382692e-03 -5.320312499999969164e-04
4.838397790055251613e-03 6.014814814814832197e-04
-1.326747720364738646e-03 2.662267080745346452e-03
2.801960784313727287e-03 3.901689708141324619e-04
7.345276872964222586e-04 3.035000000000001238e-03
-5.236111111111111521e-03 -9.253499222395005939e-04
5.091254752851717517e-03 4.376026272578025455e-04
4.277192982456145057e-03 1.363422291993721938e-03
2.855513307984792245e-03 2.303776683087029216e-03
5.737421383647805725e-03 3.411504424778763478e-03
1.389655172413804428e-03 6.061588330632111665e-04
6.035211267605635962e-03 2.116347569955817978e-03
2.004531722054379763e-03 2.084317032040474468e-03
1.121052631578954703e-03 7.963224893917981604e-04
3.313114754098362563e-03 2.557936507936509063e-03
6.736654804270466104e-03 3.459779179810725837e-03
-4.940740740740737734e-03 -8.965811965811957933e-04
-4.942796610169485419e-03 8.833333333333343853e-04
-1.587452471482886200e-03 4.677419354838741007e-04
4.879310344827586174e-03 4.201288244766506613e-03
5.747774480712169488e-03 3.595276872964168081e-03
3.963793103448279634e-03 1.763242375601927966e-03
-8.270348837209300216e-04 2.290732436472350201e-03
-2.545302013422818133e-03 1.289985052316892141e-03
8.092827004219409898e-03 1.041322314049605402e-04
2.977732793522271625e-03 2.061328790459978418e-04
3.735059760956175451e-03 1.103047895500727403e-03
3.325000000000004167e-03 -9.560702875399347328e-04
3.586046511627909161e-03 4.068292682926830800e-03
3.637931034482760895e-03 3.707670043415340049e-03
3.675000000000001616e-03 2.097989949748745551e-03
-3.975535168195625489e-04 6.066308243727609566e-04
8.793515358361777765e-03 1.185734463276837385e-03
1.172757475083055761e-03 3.476229508196723370e-03
7.670212765957447679e-03 4.181170886075951873e-03
6.118421052631578538e-03 1.537177541729894915e-03
7.244485294117648799e-03 -2.146422628951726952e-04
1.683706070287537600e-03 1.410130718954251709e-03
1.804347826086959020e-03 2.005384615384615907e-03
1.663533834586472223e-03 1.048632218844985616e-03
1.850352112676058574e-03 1.916913946587538728e-03
4.925249169435218927e-03 2.384036144578315867e-03
2.699186991869922687e-03 2.746367239101720620e-03
-3.383802816901407187e-03 2.371739130434784813e-03
4.712230215827392286e-04 2.121428571428572718e-03
5.777551020408164435e-03 1.427272727272730149e-03
9.312500000000001332e-03 -1.509448818897637023e-03
1.102931596091205266e-02 8.011093502377185371e-04
3.296875000000002495e-03 3.140794223826715980e-03
-2.285953177257523620e-03 5.040630182421232570e-03
8.647727272727280881e-03 2.231155778894475250e-03
-9.293159609120520137e-03 1.909763313609468991e-03
-2.849845201238386787e-03 3.077453987730063931e-03
3.302884615384617251e-03 1.917168674698798477e-03
5.118497109826586691e-03 1.201517706576730755e-03
6.841216216216221800e-03 1.126700680272108837e-03
2.029220779220782932e-03 -5.679687499999983794e-04
5.252307692307695876e-03 1.361911987860396070e-03
-2.925170068027160559e-04 1.839100346020762587e-03
6.831683168316830812e-03 2.059463986599667940e-03
1.201030927835053646e-03 2.175412293853074951e-03
-1.758064516128978252e-04 2.988408037094283931e-03
3.766283524904217358e-03 3.504746835443075604e-04
-1.779359430604930562e-04 2.646755162241888962e-03
4.496835443037980676e-03 3.320287539936104398e-03
7.486725663716817247e-03 -4.364471669218714843e-05
3.552295918367351802e-03 4.261006289308207832e-04
2.548780487804879879e-03 2.236622073578596950e-03
5.619658119658095747e-04 2.494949494949496530e-03
6.129934210526315208e-03 -1.944074567243653966e-04
1.018072289156629921e-03 2.029268292682928545e-03
-3.716374269005847698e-03 3.219709208400651189e-03
-8.532871972318337855e-03 9.121510673234827686e-04
3.297770700636941475e-03 2.976708074534165516e-03
-2.349999999999995755e-03 1.604938271604939258e-03
2.566552901023896275e-03 2.463924963924965603e-03
-1.398477157360405055e-03 2.683812405446295724e-03
3.574545454545454814e-03 -2.312116564417176969e-03
-4.899659863945572853e-03 -8.771929824561389578e-04
1.048589341692794446e-03 2.194262295081970786e-03
7.790476190476194884e-03 3.788834951456312647e-03
-2.148562300319480783e-03 1.371100164203615645e-04
3.326219512195127941e-03 2.611607142857145982e-03
1.483498349834985394e-03 2.533033033033036015e-03
1.223360655737709734e-03 2.741749174917492739e-03
2.514644351464437322e-03 2.123152709359606757e-03
8.051779935275081568e-03 3.475728155339805232e-03
-3.322463768115936633e-03 2.565378900445767097e-03
-1.924342105263174155e-04 1.580218068535828259e-03
2.906250000000002581e-03 2.657575757575760065e-03
4.500000000000003997e-03 -1.331199999999998747e-03
5.233221476510072426e-03 2.391666666666669109e-03
2.681481481481486941e-03 1.574433656957931497e-03
2.110389610389610225e-03 2.137175324675328128e-03
-3.331125827814570249e-03 1.933993399339936506e-03
-9.877256317689524917e-03 3.081831831831832735e-03
4.816498316498318659e-03 8.009188361408894549e-04
3.931034482758664125e-04 3.610544217687077385e-03
-5.499999999999996211e-03 2.159230769230770491e-03
5.903654485049838335e-03 1.781844802342606292e-03
-3.826415094339620862e-03 3.189982728842833803e-03
1.655769230769235829e-03 2.325079872204476907e-03
-5.399999999999995949e-03 2.988405797101452085e-03
6.517350157728705844e-03 4.381844380403460658e-03
7.516597510373446492e-03 7.813455657492369760e-04
2.614840989399325058e-04 1.735239852398524560e-03
7.315254237288133787e-03 1.273031825795647998e-03
5.865384615384616925e-03 2.098070739549840694e-03
2.837278106508878475e-03 1.185907046476762259e-03
-1.412541254125410182e-03 2.817487266553482875e-03
2.481034482758626061e-03 6.159663865546232894e-04
5.226720647773284469e-03 2.854838709677421597e-03
-1.655585106382977947e-03 1.391666666666668221e-03
-1.172839506172794824e-04 7.388973966309355301e-04
8.305647840531564909e-04 3.684413580246914417e-03
-3.616600790513829940e-03 -3.841554559043338269e-04
1.562289562289567463e-03 4.165247018739369391e-04
2.167910447761195632e-03 9.279279279279590480e-05
9.476363636363640403e-03 4.160391566265062881e-03
6.396166134185311304e-03 1.095461658841943506e-03
4.768025078369907306e-03 -5.152801358234283639e-04
6.616906474820149001e-03 -9.717868338557680266e-05
9.189655172413799950e-03 2.631321370309952674e-03
3.073863636363641065e-03 -1.291021671826624332e-03
5.409836065573768969e-03 6.655574043261248789e-04
6.168789808917201495e-03 3.637071651090370171e-04
-2.575704225352110945e-03 3.213564213564216142e-03
7.398484848484851266e-03 3.286991869918701268e-03
-2.059139784946237544e-03 -1.870279146141212495e-03
-2.734251968503938549e-03 -4.156305506216672425e-04
-3.621771217712172267e-03 4.407467532467532721e-03
4.864197530864198746e-03 2.193708609271524234e-03
1.112546125461262103e-03 8.924889543446265288e-04
9.786885245901639704e-03 3.375735294117647271e-03
-3.665529010238902877e-03 3.612334801762119183e-04
4.324626865671647898e-03 3.910741301059005980e-04
1.584126984126989039e-03 1.555178268251273133e-03
1.590116279069773726e-03 2.022400000000003188e-03
1.274021352313170789e-03 7.947761194029865977e-04
-4.747933884297517344e-03 4.093005952380952134e-03
2.635384615384619295e-03 2.844481605351173101e-03
2.576655052264811147e-03 9.254807692307694773e-04
1.430232558139533537e-03 3.118377483443711146e-03
6.393895348837213589e-03 1.580740740740742582e-03
2.536507936507939251e-03 2.834782608695654311e-03
-6.288690476190471161e-03 1.613793103448276506e-03
4.181647940074904347e-03 1.826717557251910035e-03
6.707843137254902548e-03 3.991564417177916740e-03
2.010638297872343466e-03 3.230514096185740664e-03
-1.268018018018011442e-03 1.778409090909091779e-03
6.733333333333333358e-03 5.981666666666668117e-03
3.441908713692948957e-03 2.225609756097562085e-03
5.501644736842102069e-03 1.613221884498481154e-03
2.746644295302010617e-03 2.241459627329193700e-03
4.190938511326861883e-03 3.029191616766470016e-03
5.185185185185187638e-03 3.466317365269461822e-03
-9.118705035971194726e-04 1.648905109489051928e-03
-2.639442231075692959e-03 1.120192307692309238e-03
2.264705882352943418e-03 4.291033434650455905e-03
-4.393939393939392743e-03 3.401325478645070809e-03
2.880530973451331765e-03 2.189682539682542232e-03
-9.394607843137250253e-03 3.357827476038341419e-03
-1.352348993288584591e-03 6.685126582278500592e-04
2.403481012658228045e-03 1.912824207492798152e-03
7.463320463320467779e-03 1.750718390804599468e-03
1.188888888888891887e-03 2.112295081967217446e-03
4.290519877675843044e-03 2.905854430379749016e-03
-4.096153846153770912e-04 1.899702823179794152e-03
5.845901639344262130e-03 8.652892561983474649e-04
8.668730650154804485e-03 5.899116347569954844e-03
1.816326530612244949e-03 5.171641791044792645e-04
1.145161290322579788e-03 2.726190476190478405e-03
2.252307692307698415e-03 2.557661927330178494e-03
-2.370860927152316534e-03 6.081858407079648518e-03
1.845018450184532149e-04 6.399437412095659687e-04
1.455555555555556506e-03 2.440998487140696484e-03
1.280612244897963653e-03 4.342229199372060061e-03
2.864130434782610844e-03 8.209982788296059722e-04
1.080204778156996278e-03 7.718068535825559724e-04
2.976190476190503022e-04 1.335575485799703503e-03
-3.840304182509505886e-03 1.203958691910501965e-03
1.559386973180078469e-03 2.546089385474861310e-03
6.888297872340427147e-03 1.443009118541034932e-03
4.877697841726620111e-03 3.264296754250389440e-03
2.725694444444450287e-03 2.944598337950141489e-03
-3.516417910447754928e-03 5.438423645320202178e-03
-3.296747967479669774e-03 3.210031347962384075e-03
8.201492537313443201e-03 2.641006097560977955e-03
7.667134831460677147e-03 9.914933837429111205e-04
-2.485815602836876064e-03 2.855148342059340549e-03
6.958677685950419647e-03 3.754266211604303767e-05
1.346625766871166561e-03 5.640517241379312645e-03
3.963601532567052714e-03 -1.101538461538459140e-03
-4.579999999999968753e-04 2.889221556886232417e-03
1.501748251748251384e-03 1.831896551724140725e-03
5.338006230529598189e-03 1.810872894333847259e-03
3.222602739726033224e-03 3.592382495948138327e-03
-1.624149659863937875e-03 -2.036124794745493261e-04
-2.466565349544067726e-03 1.099374021909234160e-03
-6.075949367088587369e-04 2.344408427876825633e-03
-2.998054474708163400e-03 3.767828843106182501e-03
-3.429629629629627960e-03 2.270290964777950133e-03
-3.219123505976090836e-03 1.169717138103162826e-03
2.450171821305844200e-03 1.687793427230048797e-03
-9.845890410958854991e-04 4.342313787638676925e-04
2.667187500000004190e-03 1.636146496815289210e-03
-8.432343234323419956e-04 2.487460815047024161e-03
-3.633079847908742346e-03 1.181985294117649486e-03
-4.488410596026487683e-03 -7.982594936708849349e-04
3.880546075085328922e-03 4.765751211631661668e-04
2.188925081433231237e-03 3.830188679245285881e-03
1.942804428044291000e-03 2.627399650959862717e-03
-5.737777777777777408e-03 2.526501766784455816e-03
-3.145614035087718023e-03 1.889871382636656733e-03
5.480303030303027186e-03 4.006299212598429804e-03
-3.883959044368597967e-03 2.007849293563580481e-03
-1.836538461538457165e-03 -1.188870151770629233e-04
-2.461904761904760205e-03 2.327814569536425498e-03
-1.608856088560885059e-03 4.347068145800317938e-03
1.708469055374595971e-03 3.500738552437232878e-04
3.628424657534249156e-03 3.449206349206352870e-03
5.172757475083056278e-03 1.601217656012179089e-03
1.055909090909090686e-02 7.812500000000025370e-04
-7.867132867132829721e-04 3.074660633484164757e-03
-1.490909090909072051e-04 2.114566284779051918e-03
-7.630662020905918351e-03 3.748709122203101179e-03
-4.566666666666660719e-03 1.668665667166419498e-03
-8.076612903225803552e-03 1.713022508038584968e-03
5.833333333333330130e-03 3.520391517128875630e-03
2.685374149659866885e-03 2.797276853252649541e-03
2.895384615384614339e-03 3.221380471380475268e-03
-3.514134275618376567e-03 1.225122349102775480e-03
4.626112759643919749e-03 3.351127819548874263e-03
8.607954545454559901e-04 1.507425742574258114e-03
-3.652671755725191323e-03 3.585321100917434819e-03
2.379411764705887701e-03 1.482522796352584576e-03
4.137323943662006543e-04 1.258164852255055791e-03
2.900928792569664946e-03 2.781010719754979134e-03
2.279720279720281930e-03 -1.007005253940447255e-04
7.076807228915665132e-03 2.629246676514033609e-03
3.923076923076928429e-03 2.205298013245034477e-03
4.370967741935482577e-03 1.834365325077417965e-04
3.353372434017596465e-03 1.251628664495115255e-03
-4.458333333333265700e-04 3.171052631578951189e-03
4.100903614457833933e-03 2.682795698924734032e-03
1.584615384615391232e-04 9.670329670329685066e-04
1.453333333333337940e-03 3.304711246200609919e-03
-3.617283950617279555e-03 3.439062500000001580e-03
7.801652892561985325e-03 3.068862275449104823e-03
8.641719745222931071e-03 1.862266857962699158e-03
4.358108108108110432e-03 1.656148867313919550e-03
-1.671755725190840567e-03 7.922948073701857087e-04
1.226415094339637570e-04 3.014324693042294643e-03
-5.041811846689893753e-03 4.263347763347765870e-03
3.892988929889297945e-03 3.253881987577642194e-03
3.260869565217424629e-04 -1.198275862068963688e-03
3.593137254901964707e-03 1.039473684210528038e-03
4.682926829268293373e-03 1.933571428571429461e-03
2.211604095563145765e-03 9.169329073482466357e-04
7.791666666666673298e-03 5.173267326732686536e-04
1.630341880341887274e-03 3.488835725677832521e-03
5.231958762886601208e-03 1.747415066469719695e-03
-4.233231707317068257e-03 1.381600000000001056e-03
-1.774744027303700779e-04 2.028037383177573334e-03
6.617363344051448160e-03 2.052301255230128563e-03
1.138446215139442969e-02 2.415410385259635605e-03
-1.359589041095884748e-03 2.033279220779221977e-03
1.914556962025322669e-03 1.724590163934429854e-03
-1.560240963855417202e-03 1.207822085889572686e-03
1.444816053511709195e-03 2.582547169811322697e-03
8.927272727272740930e-04 1.740322580645163337e-03
-4.353061224489797494e-03 1.292682926829270091e-03
-1.122448979591836662e-02 -8.022556390977434587e-04
3.208108108108108716e-03 1.876080691642653328e-03
5.777385159010615121e-04 5.665024630541882870e-04
4.687037037037049443e-03 2.174591381872214430e-03
-6.876470588235295521e-03 3.548686244204022570e-03
-5.206896551724140253e-03 -2.796529968454257182e-03
4.963898916967531862e-04 1.946483180428137212e-03
8.829787234042580204e-04 1.951541850220266149e-03
-2.862711864406774880e-03 3.757598784194531808e-03
4.138613861386149229e-03 1.285830618892508598e-03
-2.836538461538458053e-03 3.004709576138149280e-03
5.307971014492780760e-04 7.359882005899709857e-04
6.925724637681159902e-03 9.328097731239117256e-04
5.294979079497903925e-03 1.924311926605506897e-03
-8.885245901639288136e-04 2.390748031496064702e-03
-4.042145593869697043e-04 -1.078124999999985616e-04
8.778481012658233273e-03 2.646604938271614042e-04
-2.667910447761142408e-04 2.841331269349846138e-03
6.082417582417588668e-03 -1.243045387994141070e-03
-3.074324324324325341e-04 1.655172413793103625e-03
-1.003344481605129238e-05 2.322091062394606494e-03
8.924561403508770793e-03 3.035211267605636767e-03
1.200657894736842932e-03 1.338954468802700058e-03
-6.724683544303754158e-04 1.533232628398805797e-04
4.678308823529414746e-03 1.880200860832139569e-03
-1.070821529745042550e-03 1.532824427480918841e-03
4.731861198743427714e-06 6.904400606980282649e-04
-7.603703703703700197e-03 1.985785953177260105e-03
3.403409090909093656e-03 4.269592476489029662e-03
1.202090592334494447e-03 2.754071661237785743e-03
-3.557312252964379452e-04 2.287931034482760823e-03
1.667272727272730778e-03 -3.624161073825481194e-04
-7.791044776119318560e-04 3.427500000000003461e-03
1.400337837837842053e-03 1.211878009630821314e-03
2.091954022988510870e-03 2.617994100294990744e-04
2.394366197183104682e-03 4.201954397394144216e-04
4.117924528301889452e-03 -1.792890262751147175e-04
5.392430278884459936e-03 1.815201192250374268e-03
-8.180134680134674638e-03 1.552102376599636758e-03
6.152727272727271518e-03 1.895223420647164695e-04
5.784671532846777462e-04 1.323777403035415528e-03
-1.825174825174822506e-03 1.922330097087380325e-03
-3.144097222222223473e-03 1.461764705882352515e-03
1.559800664451830438e-03 1.572357723577237762e-03
-5.987037037037031169e-03 -4.677419354838688965e-04
4.558139534883715559e-03 2.067322239031770849e-03
-3.912052117263841063e-03 1.764615384615387693e-03
5.013605442176873213e-03 2.653721682847897962e-03
5.710610932475888683e-03 3.264661654135338209e-03
-1.791836734693874091e-03 3.465870307167238928e-03
3.886206896551733150e-03 9.681978798586583302e-04
1.274247491638791146e-03 -1.770186335403710484e-04
3.674796747967485830e-03 3.996672212978370775e-03
2.888235294117647185e-03 5.617977528090716432e-06
5.168224299065425111e-03 2.834983498349836779e-03
5.536971830985916269e-03 3.220895522388062156e-03
1.065531914893617406e-02 2.127559055118112118e-03
1.271241830065359107e-03 2.481510015408323628e-03
1.247540983606559590e-03 4.064770932069511518e-03
-1.857707509881387328e-04 1.592086330935253528e-03
1.304428044280448937e-03 2.476114649681532276e-03
1.089965397923926398e-04 9.071762870514835922e-04
6.699999999999997624e-03 3.411016949152549096e-04
4.701818181818186344e-03 3.644338118022340495e-04
3.401294498381883091e-03 5.357142857142871504e-04
6.053125000000002080e-03 3.141044776119406544e-03
3.763239875389412688e-03 3.447330447330448910e-03
4.609215017064848506e-03 2.666121112929625749e-03
-4.664652567975831332e-03 5.091068301225923354e-03
-1.940789473684210835e-03 7.893030794165335588e-04
-3.344236760124606918e-03 -6.772151898734157099e-04
7.097222222222220912e-03 2.550527903469082015e-03
4.138576779026252074e-04 2.507680491551461405e-03
4.842975206611567496e-03 3.330158730158733985e-03
5.140449438202255791e-03 7.579185520362010427e-04
2.886454183266936886e-03 2.180623973727424236e-03
3.111320754716981069e-03 3.649022801302934191e-03
4.110108303249097178e-03 2.968468468468470761e-03
1.761324041811850082e-03 -9.255162241887896369e-04
4.075907590759078082e-03 -8.256735340729000209e-04
-5.685039370078727450e-03 3.214183381088827392e-03
-1.166222222222221272e-02 6.464566929133881311e-04
5.380733944954135296e-03 4.975993377483443544e-03
5.301619433198378681e-03 2.176666666666670497e-03
-1.061254612546125818e-02 2.415480427046266636e-03
2.912601626016265641e-03 8.579027355623113776e-04
-1.530585106382971981e-03 2.589869281045771359e-04
-1.365448504983384544e-03 3.174418604651167274e-03
3.910000000000005485e-03 3.511244377811096381e-03
4.232142857142861397e-03 3.512908777969020284e-03
5.389057750759883129e-03 2.102305475504325644e-03
3.898305084745784955e-04 -4.029605263157789004e-05
-5.247572815533973513e-03 2.691722972972977919e-03
1.831597222222228379e-03 3.363981762917935686e-03
2.166077738515900970e-03 1.306055646481179980e-03
-3.724820143884894665e-03 1.983180428134559675e-03
-1.333333333333320387e-04 2.130033557046981819e-03
4.038461538461538512e-03 3.323909531502426164e-03
1.622950819672136329e-03 2.572496263079225142e-03
4.548611111111151893e-04 2.851562500000002533e-03
4.770226537216828988e-03 8.716108452950578926e-04
-1.052547770700632684e-03 1.432956381260097481e-03
5.204113924050642222e-03 -2.470247933884295050e-03
-6.116319444444440721e-03 2.319796954314725605e-03
6.945652173913046366e-03 2.327160493827162748e-03
2.253191489361703378e-03 1.917047184170474726e-03
4.962145110410093665e-03 1.000000000000002189e-03
-1.030844155844154149e-03 1.746587030716725570e-03
4.371031746031752915e-03 1.508561643835618343e-03
-2.700680272108835905e-03 9.463141025641049614e-04
3.219512195121952344e-03 2.109230769230772962e-03
3.536290322580651086e-03 3.289689034369887299e-03
3.174342105263158135e-03 1.496019108280255763e-03
1.917293233082745956e-04 9.071082390953180913e-04
4.180161943319845794e-03 4.425438596491230829e-03
-6.485049833887039823e-03 2.063302752293581961e-03
5.498269896193771177e-03 3.751131221719457027e-03
1.809259259259264575e-03 2.644108280254776032e-03
9.246794871794949619e-04 9.198813056379858376e-05
-7.960481099656351034e-03 -6.043956043956046119e-04
1.061461794019937345e-03 1.958333333333336229e-03
-4.457894736842098193e-03 2.024539877300615513e-03
1.241935483870990314e-04 1.947485207100592636e-03
3.156451612903227958e-03 4.465981012658230311e-03
4.191666666666671662e-03 3.144465290806757081e-03
1.790372670807456167e-03 1.975109809663253176e-03
7.297342192691036802e-03 3.564062500000000824e-03
3.430420711974117246e-03 9.811594202898561972e-04
4.198113207547175471e-03 2.837282780410745574e-03
-8.926174496644293660e-03 8.641666666666703066e-04
3.978102189781023215e-03 7.392000000000024636e-04
-4.491883116883107693e-03 2.686795491143320960e-03
6.179365079365074440e-03 1.416930379746838848e-03
-1.212025316455693936e-03 1.059221658206432231e-03
2.261484098939952822e-04 4.399206349206349724e-03
7.042704626334527103e-03 1.711257309941522850e-03
3.264240506329117806e-03 2.418674698795181873e-03
2.023346303501948485e-03 6.540492957746496441e-04
1.608196721311478316e-03 1.303543913713406475e-03
-2.222419928825622969e-03 1.640122511485453752e-03
7.413793103448276973e-03 5.312500000000039413e-04
-2.669039145907451814e-04 3.143906020558005516e-03
-3.916901408450705092e-03 2.761755485893419536e-03
1.195364238410596145e-03 2.565318818040437931e-03
2.518181818181820016e-03 1.905073649754501688e-03
4.150455927051673218e-03 3.812995245641841516e-03
-1.569354838709674646e-03 3.260312944523472041e-03
-2.568027210884349116e-03 4.107526881720430408e-03
5.606418918918922023e-03 -5.729001584786033892e-04
-4.649999999999997018e-03 2.194017094017094820e-03
6.385057471264371683e-03 3.625806451612905573e-03
-4.283185840707959963e-03 9.948905109489073265e-04
-6.433962264150936685e-04 1.264521193092622625e-03
2.985074626865681646e-03 7.915951972555767538e-04
-8.530716723549484903e-03 1.279342723004696846e-03
1.201541095890411304e-02 2.199699699699702096e-03
4.308394160583942957e-03 4.800423131170663583e-03
1.106054687500000223e-02 1.837155963302752925e-03
-3.282467532467526952e-03 -2.034126984126982413e-03
-9.701986754966859545e-04 2.297727272727273333e-03
6.494699646643110197e-03 2.746231155778897613e-03
-1.462184873949577690e-03 2.303278688524592124e-03
-7.713310580204747009e-04 2.712020033388983301e-03
-2.960714285714283970e-03 1.711038961038962181e-03
-4.316109422492396476e-04 2.100529100529101821e-03
4.211538461538461009e-03 1.464811783960721535e-03
6.803225806451612505e-03 1.404223227752640331e-03
5.917956656346748043e-03 3.261600000000002084e-03
2.342560553633222641e-03 2.274624373956597723e-03
-2.052434456928838198e-03 3.114006514657981922e-03
6.957597173144877169e-03 2.281055900621119931e-03
6.304428044280441235e-03 2.094798657718122299e-03
8.144345238095238720e-03 2.525682182985556842e-03
-7.132727272727267150e-03 -5.024350649350628299e-04
-5.681818181818163111e-04 -7.078402366863875564e-04
2.433852140077823276e-03 2.903478260869568704e-03
1.261682242990653288e-03 2.578125000000004458e-03
4.189062500000003547e-03 4.151515151515165476e-04
-6.679841897233194589e-03 3.736440677966103990e-03
1.228506787330318865e-03 -1.146748681898065959e-03
-3.885036496350359383e-03 1.510743801652892444e-03
3.241554054054057894e-03 5.538571428571429159e-03
4.945544554455442998e-03 1.653198653198654491e-03
2.790697674418665198e-04 1.315217391304349202e-03
9.960288808664259988e-03 3.231707317073171434e-03
-7.617999999999992833e-03 2.986322188449848630e-03
5.673139158576049647e-03 5.478260869565227753e-04
2.112745098039223949e-03 6.692189892802455744e-04
2.630434782608698403e-03 1.618343195266272721e-03
2.625368731563491528e-04 2.613712374581940792e-03
4.536507936507937558e-03 3.312965722801791690e-03
1.506224066390045822e-03 2.727407407407411027e-03
1.617940199335546770e-03 3.282072368421055843e-03
-1.120996441281119988e-04 2.800000000000195792e-05
1.653710247349829063e-03 5.971760797342207886e-04
-5.347490347490345408e-03 9.289026275115932563e-04
4.428571428571430151e-03 2.362098138747886853e-03
-5.143137254901961400e-03 1.639130434782611317e-03
1.534552845528460189e-03 2.732909379968206150e-03
-2.541198501872655568e-03 1.440129449838202286e-04
6.128787878787875058e-03 2.439969604863222608e-03
2.762068965517245917e-03 2.262676056338028784e-03
2.956445993031363989e-03 2.430434782608697445e-03
3.244318181818177209e-03 2.334920634920638078e-03
6.771084337349402883e-03 3.757836990595611257e-03
7.117241379310343397e-03 2.435153583617751145e-03
5.977777777777795384e-04 2.590759075907592048e-03
3.712355212355212056e-03 2.162520729684911259e-03
5.054924242424247045e-03 1.874074074074074227e-03
6.410034602076122683e-03 2.961718750000002544e-03
9.239361702127659587e-03 1.537234042553193994e-03
4.004132231404958220e-03 1.013910355486864583e-03
-9.385350318471340214e-03 1.396940418679552126e-03
5.990039840637454566e-03 3.770197486535251628e-05
3.173758865248227715e-03 1.309262166405025232e-03
7.395348837209306594e-03 -2.268760907504200377e-05
-3.501773049645388620e-03 1.530981067125646239e-03
2.751644736842107433e-03 2.503949447077412523e-03
-3.712349397590360579e-03 2.052238805970152662e-03
9.945525291828793968e-03 1.110260336906601018e-04
5.625000000000027764e-04 -8.545197740112962272e-04
5.607028753993654633e-04 2.073717948717952383e-03
2.886731391585761666e-03 2.091666666666670436e-04
-8.693916349809883634e-03 1.895231213872833114e-03
1.338652482269507170e-03 -6.434108527131782466e-05
-5.765923566878973505e-03 -8.785357737104809413e-04
3.841637010676160219e-03 1.339024390243904756e-03
2.400000000000004560e-03 2.887826086956524901e-03
4.350174216027870126e-03 3.637073863636366630e-03
2.993150684931507755e-03 1.407185628742515767e-03
2.805280528052810519e-03 2.000000000000003511e-03
4.910112359550564999e-03 6.522842639593924748e-04
6.989270386266097784e-03 2.807823129251704481e-03
2.704626334519585440e-04 3.632061068702294084e-03
4.464968152866246286e-03 1.667736757624398722e-03
-2.607547169811318642e-03 -6.304664723032072770e-04
4.428571428571444137e-04 2.427547770700639544e-03
4.010460251046022925e-03 4.680685358255452615e-03
-1.928070175438590132e-03 4.312310030395141019e-03
5.972222222222228587e-03 -1.030520646319568225e-03
4.907196969696975448e-03 1.419452887537995438e-03
-4.301470588235294080e-04 2.667716535433072977e-03
4.716666666666672822e-03 1.892674616695060258e-03
2.213483146067423812e-03 1.297134238310709625e-03
-4.657608695652165794e-03 3.698835274542432768e-03
2.476190476190482954e-03 1.549512987012988553e-03
3.442622950819674513e-03 2.359872611464970075e-03
3.293814432989690486e-03 1.753600000000000774e-03
5.459923664122140301e-03 6.257812500000024206e-04
3.008389261744970518e-03 3.562222222222226169e-03
4.866220735785974018e-04 2.679817905918059455e-03
-1.948214285714283591e-03 2.202003338898166594e-03
2.520833333333337162e-03 2.584202682563340771e-03
-5.127413127413125993e-03 2.203099510603590688e-03
5.970260223048333079e-03 1.533117932148627240e-03
1.009881422924906701e-03 1.507874015748033496e-03
6.515517241379311687e-03 7.478070175438617266e-04
3.545296167247387678e-03 2.572950819672133616e-03
8.272549019607850634e-03 2.426307448494456360e-03
-2.261999999999994918e-03 1.720297029702970307e-03
-2.830128205128211189e-03 2.198127925117008847e-03
1.802364864864867315e-03 4.642744479495268875e-03
-3.649681528662419936e-03 4.157121879588843334e-03
-1.877272727272725041e-03 3.622331691297211217e-03
-3.965156794425084806e-03 1.464406779661018166e-03
-1.429310344827581245e-03 2.440652818991098920e-04
2.598684210526340153e-04 4.180241327300149995e-03
