2.129545454545463817e-03 -4.448529411764690924e-04
1.024801587301587061e-02 4.764705882352957022e-04
1.402016129032258168e-02 -6.914119359534081580e-05
4.949579831932776966e-03 -1.315198618307425720e-03
1.101680672268908270e-02 -7.028081123244933181e-04
1.741603053435114568e-02 -4.078341013824866466e-04
9.468926553672310162e-03 1.035532994923859043e-03
9.077253218884123037e-03 1.826829268292685026e-03
1.051345291479821066e-02 -7.956586826347295362e-04
9.871921182266017031e-03 -1.652006172839508248e-03
1.023519163763066120e-02 2.675840978593278644e-04
7.242957746478871292e-03 3.035321821036107703e-03
6.957999999999999775e-03 -8.920634920634928303e-04
8.456349206349208711e-03 1.020865533230291876e-03
1.522262773722627902e-02 1.434169278996865653e-03
1.457352941176471434e-02 -1.205108359133125022e-03
8.813829787234045768e-03 2.742998352553528761e-04
6.722433460076049187e-03 -5.335365853658538072e-04
1.422448979591836409e-02 3.516949152542363840e-04
1.104708520179372225e-02 7.774480712166182425e-04
1.199551569506726416e-02 7.607692307692335903e-04
1.084462151394422792e-02 -1.209302325581394950e-03
5.341101694915252086e-03 -9.338118022328551187e-04
9.228571428571429730e-03 4.947129909365560263e-04
1.608376963350786198e-02 4.968203497615254370e-04
1.307246376811594182e-02 -9.617117117117104756e-04
1.427310924369747970e-02 -1.183986371379896823e-03
8.510822510822512246e-03 -7.234910277324638293e-04
1.141497975708501492e-02 3.081804281345567557e-03
9.305676855895197302e-03 2.063271604938270252e-03
1.204882812500000441e-02 -1.410575427682734129e-03
1.413636363636363615e-02 -1.650662251655629284e-03
1.344230769230769264e-02 -2.255417956656345299e-03
1.189898989898989685e-02 9.264240506329121617e-04
1.537857142857142201e-02 -1.124420401854711723e-03
7.739336492890998287e-03 2.658631415241059261e-03
5.165909090909096869e-03 -9.202898550724621877e-04
1.443321299638989676e-02 1.819218241042347374e-03
4.507281553398060150e-03 -1.372827804107423950e-03
9.620408163265302751e-03 -9.062499999999993954e-04
9.587209302325582286e-03 -6.042899408284012298e-04
1.419178082191781438e-02 -4.798761609907124174e-04
6.894495412844041556e-03 7.181102362204728638e-04
1.035714285714285990e-02 -2.398119122257032720e-04
1.533992805755395906e-02 2.416534181240061337e-04
7.174273858921167805e-03 2.640264026402648753e-04
6.202702702702705961e-03 3.469079939668299220e-05
8.517412935323384962e-03 -1.545722713864306451e-03
4.464788732394363822e-03 5.565068493150805999e-05
9.570776255707760111e-03 -1.942926045016076355e-03
1.096443514644351337e-02 1.390284757118930253e-04
8.670918367346937272e-03 3.040458015267176201e-03
1.269537815126049567e-02 -4.451510333863270357e-04
8.772413793103452442e-03 1.576763485477195080e-04
1.157812500000000161e-02 -6.669230769230767792e-04
5.263485477178430488e-03 2.237442922374441008e-04
3.586633663366340687e-03 1.356164383561646184e-03
1.079496402877698838e-02 3.297674418604654850e-03
6.201388888888893433e-03 -4.030139103554868096e-03
7.792857142857145640e-03 -3.950715421303659211e-04
2.274058577405859913e-03 -1.495756718528995196e-03
8.628691983122360395e-03 7.526223776223773696e-04
1.236419753086420194e-02 -5.069230769230761427e-04
8.803212851405624317e-03 -1.260833333333334508e-03
1.136796536796536895e-02 -2.816691505216087571e-04
1.310557768924302743e-02 1.409246575342468612e-03
1.164439655172413643e-02 -6.260720411663833773e-05
1.017613636363635943e-02 -1.652037617554858243e-03
5.150423728813561045e-03 2.328000000000018097e-04
8.638190954773871527e-03 -1.622480620155035977e-03
1.130985915492957461e-02 9.945312500000014905e-04
1.115384615384616175e-02 -1.116438356164382254e-03
5.266009852216747139e-03 -1.075268817204233752e-05
1.004029304029304195e-02 -1.918674698795178827e-03
9.126213592233079624e-04 -1.419019316493300251e-04
1.031069958847736882e-02 1.222137404580152676e-03
1.253728070175438858e-02 -2.473591549295746502e-04
1.376444444444443853e-02 3.789237668161441418e-04
1.245041322314049785e-02 -1.262214983713352584e-04
5.928286852589643476e-03 -6.320907617504157303e-05
1.007038834951456095e-02 5.737822349570210730e-04
1.246652719665273037e-02 1.558768656716418531e-03
1.113577586206896709e-02 -1.617405582922821269e-03
4.520979020979021094e-03 5.386398763523967282e-04
8.827309236947793181e-03 9.813084112149775327e-05
1.637330316742081904e-02 8.232405891980367537e-04
7.060301507537687822e-03 1.465313028764806931e-03
9.642487046632128647e-03 -2.308917197452236756e-04
9.287383177570088591e-03 -6.929133858267723031e-04
1.056088560885608957e-02 -4.574829931972769666e-04
1.103860294117647682e-02 -1.996927803379403542e-04
8.980349344978166143e-03 7.234848484848499127e-04
1.529295154185021828e-02 7.211703958691910877e-04
5.633484162895926149e-03 -9.077155824508302074e-04
9.466367713004488621e-03 9.384359400998340756e-04
1.394493392070484013e-02 8.330404217926181461e-04
8.097069597069595295e-03 -1.345428156748910151e-03
1.656415929203539777e-02 -9.375999999999983956e-04
1.364396887159533521e-02 3.102195945945946005e-03
1.287003610108302699e-02 1.726114649681527273e-03
1.085751295336787221e-02 1.973437500000000365e-03
1.243536121673005125e-02 -3.740476190476191200e-03
5.392018779342732868e-03 -3.888024883357724495e-06
1.294129554655870824e-02 6.318864774624380906e-04
8.915384615384613215e-03 -6.197511664074626617e-04
9.216599190283399079e-03 1.759868421052633450e-03
9.950819672131147250e-03 3.080286168521463499e-03
1.265596330275229990e-02 6.597682119205316087e-04
1.517063492063491954e-02 1.391826923076924663e-03
1.368421052631579350e-02 5.240310077519398212e-04
9.108870967741940217e-03 3.495327102803738508e-03
1.167342342342342701e-02 -2.811733800350262914e-03
9.083032490974732656e-03 2.414383561643838622e-03
6.257751937984505804e-03 -4.447115384615372719e-04
7.477064220183487174e-03 -1.070351758793971434e-03
1.118652849740932841e-02 1.749584026622294855e-03
5.796650717703355493e-03 7.132701421800949609e-04
5.450738916256157862e-03 -1.398659966499146462e-04
9.550943396226412030e-03 -2.970034246575339008e-03
1.375714285714285320e-02 -3.801065719360561417e-04
1.643750000000000072e-02 -7.926829268292689967e-04
8.736607142857146652e-03 2.041871921182267409e-03
2.603515625000002963e-03 -8.815789473684201979e-04
7.419354838709680232e-03 -4.064801178203231299e-04
5.844086021505378280e-03 4.984051036682628265e-04
9.894957983193279627e-03 -1.311638591117916287e-03
1.170599999999999072e-02 2.750836120401334403e-04
1.168600000000000194e-02 3.284789644012953082e-04
1.112552301255230990e-02 -5.624999999999990901e-04
7.638888888888896445e-03 7.087827426810479857e-04
1.034583333333332841e-02 -7.942664418212467582e-04
1.764618644067796061e-02 -2.786399999999998340e-03
1.182283464566928795e-02 7.057851239669442464e-04
5.714814814814816665e-03 5.282317979197644325e-04
9.532374100719429033e-03 2.849927849927854262e-04
7.827868852459020019e-03 1.662267080745342962e-03
9.440959409594095256e-03 -6.729691876750707293e-04
1.599752475247525479e-02 8.676035502958571620e-04
1.615858208955223835e-02 2.015151515151514076e-03
9.445205479452059572e-03 2.496830427892238798e-03
6.416256157635471906e-03 1.248901903367494919e-03
8.871485943775105076e-03 -2.281249999999999858e-03
1.330877192982455985e-02 1.461482558139534866e-03
8.969696969696978189e-03 -5.633187772925757255e-04
9.660465116279074935e-03 2.548986486486488727e-03
6.910869565217392027e-03 -4.278169014084494274e-04
9.865853658536585455e-03 9.983766233766242296e-04
9.385650224215254592e-03 -9.600938967136133815e-04
1.307234042553191873e-02 1.606936416184972551e-03
9.548689138576774149e-03 7.157012195121974923e-04
9.766409266409271581e-03 -3.591627172195891674e-03
1.236956521739130191e-02 -1.145238095238094132e-03
9.786307053941910999e-03 -1.787301587301587174e-03
1.064182692307692052e-02 5.703592814371275009e-04
4.615062761506285617e-03 -5.099999999999989524e-04
9.185654008438820517e-03 -1.242857142857141037e-03
5.903703703703704411e-03 1.897590361445784758e-03
3.364253393665162743e-03 4.801652892562002176e-04
9.324390243902443490e-03 1.880293159609120737e-03
1.238675958188153146e-02 2.083333333333344851e-04
7.096916299559472702e-03 7.974683544303818152e-04
2.868778280542987058e-03 7.100290697674417574e-04
4.647169811320754976e-03 1.078464106844744539e-03
1.101176470588235631e-02 -1.771523178807945988e-03
6.673992673992674290e-03 -7.594108019639911680e-04
9.053879310344825279e-03 -1.269470404984423845e-04
8.230769230769235945e-03 3.549848942598194355e-04
8.283783783783790766e-03 1.543408360128619653e-03
1.273437499999999396e-02 1.901360544217688435e-03
1.210109289617486601e-02 7.945619335347435920e-04
1.103238866396761240e-02 -3.142857142857130733e-04
1.349549549549549678e-02 3.872549019607844515e-04
7.021739130434788770e-03 -1.277960526315789422e-03
8.242105263157901290e-03 2.626728110599087229e-04
5.410204081632662490e-03 1.056082148499209962e-03
6.096000000000006795e-03 -1.135862068965515226e-03
4.876237623762379701e-03 -2.736434108527132964e-04
1.369305019305019043e-02 -6.645161290322578384e-04
1.235787671232876916e-02 -1.192700729927007389e-03
7.935185185185197887e-03 -2.607655502392327456e-04
6.144841269841275037e-03 1.868345323741006214e-03
7.960377358490568211e-03 2.858477011494253792e-03
1.293750000000000802e-02 1.332807570977919548e-03
5.253333333333341619e-03 1.222030981067137340e-04
1.044422310756972297e-02 -1.822006472491907725e-03
5.805555555555558592e-03 2.248062015504014588e-05
1.398356807511737417e-02 -6.557239057239037374e-04
1.176170212765957970e-02 -2.098283931357255473e-03
1.370212765957447287e-02 -2.296466973886338101e-04
6.775193798449620323e-03 -3.791304347826078493e-04
9.175115207373275850e-03 4.020979020979145523e-05
4.840248962655598584e-03 2.927512355848435523e-03
1.269905213270142857e-02 -2.933064516129031424e-03
1.082079646017698911e-02 2.427407407407408940e-03
5.858695652173909196e-03 -1.982954545454546427e-03
9.935763888888893280e-03 2.789176090468501595e-03
2.290123456790126369e-03 -2.250410509031196531e-03
1.167913385826771684e-02 4.064000000000007168e-04
7.805220883534137212e-03 2.894321766561519494e-04
8.554999999999998370e-03 -8.521341463414621115e-04
6.610576923076925612e-03 -1.086956521739130882e-03
1.121186440677966224e-02 -2.325976230899829203e-03
1.023430962343096877e-02 -2.136858475894245612e-03
1.124045801526717299e-02 -7.848214285714281285e-04
4.967611336032393132e-03 1.366863905325445966e-03
4.899280575539574113e-03 9.155585106382982657e-04
8.515151515151517247e-03 1.846491228070177562e-03
7.201581027667991464e-03 -1.252100840336127529e-04
8.869402985074626225e-03 9.694214876033065142e-04
2.924528301886796834e-03 4.620437956204384361e-04
1.143749999999999628e-02 1.024590163934426283e-03
7.813364055299542449e-03 -3.069767441860442054e-04
9.668085106382983893e-03 1.909375000000001999e-03
1.298157894736842212e-02 2.421186440677968160e-03
9.395721925133691116e-03 1.006230529595016814e-03
1.073425196850393698e-02 -4.696969696969502162e-05
1.105395683453237569e-02 3.218454258675081288e-03
1.666733067729084250e-02 -5.633012820512810865e-04
1.259338521400778059e-02 6.530460624071328553e-04
3.011682242990658745e-03 1.025000000000003339e-03
1.346551724137931387e-02 2.647853736089031233e-03
9.480769230769233585e-03 1.622923588039869042e-03
1.203317535545024228e-02 2.102236421725241482e-03
9.554716981132074446e-03 -2.111021069692058799e-03
8.525462962962962118e-03 6.897746967071059472e-04
1.354503105590062519e-02 -1.280769230769227907e-03
1.153255813953488716e-02 1.864741641337387765e-03
1.182520325203252100e-02 3.022530329289428459e-03
1.170974576271186299e-02 5.083586626139820078e-04
1.166231343283582501e-02 5.241820768136566623e-04
1.134644194756554043e-02 2.467767295597487077e-03
6.800829875518675342e-03 -3.951219512195119714e-04
7.188755020080319150e-03 1.003311258278146486e-03
1.374545454545455028e-02 -6.216429699842018416e-04
1.284774436090225375e-02 1.191896024464832518e-03
1.337619047619047728e-02 -2.744565217391293469e-04
6.646396396396399807e-03 7.698961937716271645e-04
5.812274368231052507e-03 -6.295487627365351294e-04
5.651376146788984235e-03 9.395424836601188158e-05
9.591743119266055162e-03 -7.405446293494704225e-04
7.403225806451621017e-03 1.713425129087779502e-03
1.312559241706162325e-02 9.401913875598091669e-04
1.123965517241379622e-02 8.259878419452885848e-04
1.126156583629893404e-02 6.440177252584941949e-04
7.099585062240667752e-03 -1.016742770167426528e-03
1.120599999999999721e-02 1.486486486486501770e-04
6.720000000000010687e-03 1.326515151515150152e-03
6.654296875000005260e-03 -5.289968652037608512e-04
9.846774193548393436e-03 -2.176204819277108987e-03
1.369548872180451418e-02 -1.334405144694532711e-03
7.469387755102038264e-03 2.535101404056156588e-04
6.223529411764712818e-03 1.259836065573771962e-03
1.056818181818182031e-02 -1.013761467889905815e-03
8.648148148148149597e-03 1.072902338376899588e-04
9.431279620853078027e-03 -1.834090909090908697e-03
1.250790513833992083e-02 2.256676557863504518e-03
1.477254901960784947e-02 2.316640986132512039e-03
1.256825938566552732e-02 -1.499999999999985774e-04
8.753521126760562335e-03 2.177672955974827745e-04
5.533707865168541531e-03 2.632850241545892284e-04
1.491666666666667355e-02 1.317700453857790534e-03
1.055990783410138377e-02 3.955223880597142711e-05
1.140993788819875954e-02 -7.450331125827973128e-05
1.128125000000000308e-02 -1.854354354354344160e-04
1.074513618677042960e-02 3.542757417102989520e-04
1.184046692607004445e-02 2.515243902439041261e-04
9.321862348178144506e-03 -1.911960132890366554e-03
5.681222707423584650e-03 2.271386430678474730e-04
4.578947368421058296e-03 3.144654088050318104e-03
1.051068376068376234e-02 4.132901134521956043e-05
8.138636363636370455e-03 2.469033232628399434e-03
1.072325581395348719e-02 3.357142857142858127e-04
1.023947368421052918e-02 6.853846153846176494e-04
6.562277580071176897e-03 2.217767295597485987e-03
5.413294797687866200e-03 2.326368876080692032e-03
9.114406779661018282e-03 1.069696969696969395e-03
1.438546255506607981e-02 3.087349397590376937e-04
1.379768786127168710e-02 -1.724025974025973499e-03
5.457013574660631722e-03 -1.117734724291976149e-05
8.693133047210303832e-03 -9.328358208955211776e-04
1.182213438735177716e-02 7.101562500000018017e-04
1.433333333333333681e-02 1.827343750000001059e-03
9.440740740740747802e-03 -1.871880199667219418e-03
5.877314814814817850e-03 1.318548387096775106e-03
9.590566037735859597e-03 -2.270270270270269720e-03
1.006989247311827242e-02 -7.007575757575732226e-04
6.875000000000001769e-03 1.831334332833584912e-03
1.123180076628352286e-02 -4.668769716088295454e-04
1.114414414414414099e-02 2.000000000000000042e-03
1.002558139534883742e-02 2.974068071312805446e-04
6.196172248803831495e-03 -1.505200594353640247e-03
6.606976744186051839e-03 -7.015873015872998823e-04
9.563706563706570948e-03 -5.237730061349687820e-04
1.005090909090909992e-02 -3.034458509142050429e-03
1.971354166666662491e-03 9.323529411764717263e-04
1.292792792792792425e-02 -3.565768621236088128e-05
6.264808362369343915e-03 -2.025345622119815309e-03
9.857913669064750917e-03 -1.942215088282492927e-04
7.784671532846718957e-03 -4.976887519260387227e-04
1.340248962655601894e-02 -3.687196110210679890e-04
8.597777777777780572e-03 8.487804878048784557e-04
1.102653061224490028e-02 -1.954612005856516221e-04
1.027586206896552098e-02 -3.763440860215054302e-04
9.419047619047628966e-03 1.304713804713838684e-04
1.036590909090910444e-02 -5.990990990990972733e-04
1.099353448275861359e-02 5.788667687595737237e-04
6.874384236453209319e-03 1.509730538922155526e-03
5.578125000000009291e-03 -1.463414634146331650e-04
4.885658914728685347e-03 -5.984251968503865541e-05
9.427152317880795745e-03 -6.781524926686205348e-04
1.289406779661016883e-02 6.121700879765408628e-04
8.508547008547006837e-03 1.188888888888891453e-03
8.955645161290329975e-03 -2.643423137876386737e-03
1.161860465116280189e-02 2.116298811544993930e-03
1.041949152542373525e-02 -3.909836065573776961e-04
1.264406779661016687e-02 -2.536585365853657754e-03
6.522058823529413782e-03 2.128874388254498105e-04
8.851758793969858111e-03 -7.157980456026060215e-04
5.480842911877397035e-03 -6.279069767441865235e-04
1.190509259259259212e-02 -7.367986798679862243e-04
5.129893238434166461e-03 2.224842767295601988e-04
1.044186046511629343e-02 2.503912363067322473e-04
6.698717948717959961e-03 1.527004909983635745e-03
1.050946969696970289e-02 -2.626339969372117294e-04
1.001600000000000580e-02 4.456035767511179837e-04
1.160913705583756922e-02 4.130105900151287727e-04
1.354484304932735035e-02 4.471228615863157398e-04
7.942528735632189626e-03 4.074733096085420849e-04
1.527130044843048873e-02 2.192846034214609747e-04
5.153688524590169066e-03 1.218922651933704608e-03
8.134615384615389438e-03 4.023845007451584341e-04
8.345238095238105211e-03 -1.520933977455715029e-03
9.621794871794871890e-03 -1.317700453857789883e-03
1.734201954397394246e-02 9.751243781094531002e-04
4.182274247491640611e-03 2.103109656301167037e-04
7.945454545454550682e-03 -5.705782312925162516e-04
1.128630705394190886e-02 -6.517857142857141754e-05
8.502155172413797604e-03 2.216828478964404602e-04
1.012083333333333411e-02 -1.172818791946308179e-03
1.050862068965517128e-02 -2.421758569299536370e-04
6.620967741935493249e-03 -1.690140845070412217e-04
8.633004926108377164e-03 3.405572755417960438e-04
2.844748858447494755e-03 -3.382137628111260823e-04
1.302409638554216827e-02 9.559055118110239583e-04
9.289473684210521054e-03 3.406086956521741163e-03
1.320121951219513194e-02 -2.004145936981756217e-03
6.400722021660657825e-03 -3.063328424153164125e-03
6.309859154929577975e-03 -1.503124999999998386e-03
1.038034188034188572e-02 2.692913385826774188e-04
1.577100840336133347e-02 2.956018518518519714e-03
1.152927927927928191e-02 -6.485148514851478982e-04
1.384280303030302819e-02 2.204968944099391080e-04
1.326470588235294928e-02 -4.060679611650483932e-03
1.348989898989898933e-02 3.406077348066299283e-03
1.051739130434782392e-02 -7.644817073170736329e-04
1.184978540772532556e-02 -2.991009681881051825e-03
5.405982905982913839e-03 -1.507075471698113159e-03
1.083726415094339937e-02 -1.815007429420505873e-03
1.266122448979591954e-02 -1.330220713073004954e-03
1.726213592233009214e-02 2.775889967637541408e-03
1.655668016194332404e-02 -1.232539682539683136e-03
7.072499999999998926e-03 -7.361111111111108855e-04
7.227477477477481545e-03 -6.636363636363634255e-04
8.403765690376577627e-03 -2.187687687687687402e-03
1.123782771535580295e-02 1.026397515527951998e-03
8.643396226415092642e-03 2.438556067588326572e-03
1.282226562499999035e-02 5.656250000000030828e-04
5.191358024691365355e-03 -1.811561561561562386e-03
9.529801324503312313e-03 1.276755852842808821e-03
1.027586206896551925e-02 3.354032258064518820e-03
1.004200000000000405e-02 6.122448979591816091e-05
1.784037558685445815e-03 -5.763688760807041417e-06
8.371681415929203146e-03 -2.978227060653193255e-04
1.014814814814814746e-02 1.706754530477759806e-03
1.208421052631579277e-02 -6.675938803894292627e-05
7.005791505791504961e-03 -1.140495867768577531e-04
8.619718309859161071e-03 -2.505934718100887373e-03
7.457964601769919571e-03 -3.888800000000001283e-03
1.240983606557377779e-02 -7.905629139072847811e-04
1.264705882352941575e-02 -9.042553191489352202e-04
4.413636363636372177e-03 3.135823429541598727e-03
1.037453874538745574e-02 1.341949778434268267e-03
9.100000000000005654e-03 2.956738768718802576e-03
9.435222672064778882e-03 2.147239263803684631e-04
4.910204081632653372e-03 1.229001584786055699e-03
9.069620253164554016e-03 -7.573149741824401543e-05
1.019954128440366849e-02 8.113207547169837101e-04
1.258750000000000320e-02 1.479687500000000750e-03
1.030371900826446314e-02 2.610584518167456854e-03
1.475984251968504198e-02 -5.178861788617893742e-04
9.452054794520556649e-03 -8.702090592334490267e-04
9.671232876712339971e-03 1.209627329192548232e-03
1.064320388349514722e-02 1.878836833602585661e-03
4.803652968036529677e-03 -2.676923076923067306e-04
6.922110552763818640e-03 1.543300653594771891e-03
4.535897435897434139e-03 4.850352112676069587e-04
6.714285714285716904e-03 -1.537964458804522540e-03
1.033266129032258014e-02 2.400667779632723389e-03
5.198198198198199400e-03 1.559597523219814937e-03
9.657608695652174571e-03 -3.314873417721493653e-04
1.353225806451613562e-02 -9.168012924071066317e-04
7.161825726141084897e-03 -7.214052287581705506e-04
-2.647058823529384970e-04 -1.138845553822152509e-03
5.678240740740739777e-03 5.457516339869298216e-04
3.721925133689840508e-03 -2.639296187683276866e-04
1.259899328859060384e-02 1.526687598116172355e-03
1.103917050691244177e-02 -7.278287461773694841e-04
1.169327731092436803e-02 1.504078303425776530e-03
8.774253731343292437e-03 -1.689417177914111093e-03
1.010344827586207722e-02 1.441732283464568698e-03
1.347991071428570817e-02 3.093900481540933986e-03
1.762068965517244162e-03 -1.192307692307691515e-03
1.391294642857143250e-02 1.506042296072507627e-03
1.186842105263158538e-02 9.575617283950631263e-04
3.717712177121769695e-03 1.202279202279204129e-03
5.253554502369671593e-03 -1.131746031746031248e-03
1.175296442687747550e-02 -2.303459119496832944e-04
1.896287128712871931e-02 -5.444646098003571587e-06
1.080042016806723702e-02 -7.580398162327711079e-04
1.017579908675799241e-02 3.852848101265848001e-04
1.357195571955720215e-02 5.185185185185196095e-04
1.117061611374407966e-02 -1.702657807308968264e-04
6.393305439330546069e-03 1.295121951219513953e-03
1.269920318725099688e-02 1.244460856720828144e-03
1.545205479452054463e-02 1.857704402515725347e-03
1.479347826086956433e-02 -5.036443148688033713e-04
6.365702479338841181e-03 1.313333333333335838e-03
9.079399141630903336e-03 -2.673515981735157584e-03
9.161825726141079734e-03 3.368892508143325228e-03
3.941489361702126860e-03 -1.081081081081082290e-04
1.065599999999999881e-02 2.103960396039619653e-04
1.533725490196078366e-02 3.758169934640527847e-04
9.422727272727278794e-03 3.985666104553121057e-03
1.976126126126125440e-02 -1.619491525423726692e-03
7.247826086956529398e-03 -2.662538699690408578e-04
4.826424870466326789e-03 6.444600280504897936e-04
1.100000000000000630e-02 6.563981042654029379e-04
9.507142857142873715e-03 -1.254125412541252709e-03
1.174883720930233223e-02 -1.111202635914332847e-03
6.925373134328366431e-03 -1.261102603369065054e-03
1.054128440366973278e-02 -1.567362428842501969e-03
9.712500000000002381e-03 -8.436555891238660225e-04
1.013620071684587579e-02 -1.299859550561796237e-03
1.043827160493828073e-02 7.917341977309575764e-04
1.242145593869731744e-02 -1.176470588235292497e-03
9.409313725490196442e-03 8.444976076555028898e-04
6.425339366515838910e-03 1.883620689655172292e-03
1.332129963898917406e-02 1.680534918276374015e-03
6.236286919831224816e-03 2.322274881516586328e-04
6.063829787234045060e-03 -1.335066864784545610e-03
9.490272373540857218e-03 1.332298136645962547e-03
1.116996047430830405e-02 -4.250871080139370325e-04
1.077906976744185709e-02 1.186382393397525208e-03
1.134325396825396938e-02 -1.219199999999999711e-03
6.882462686567164881e-03 9.921752738654180618e-04
9.562068965517244237e-03 -2.167197452229300061e-03
7.938388625592420964e-03 3.406344410876138403e-04
9.783482142857149316e-03 -8.154574132492094923e-04
6.263888888888898693e-03 -1.616903633491310888e-03
1.040981012658228309e-02 -4.090287277701745564e-04
7.862654320987653295e-03 6.876947040498453123e-04
1.451643192488262339e-02 1.070739549839228857e-03
1.201422764227641667e-02 9.935275080906150625e-04
8.653658536585366254e-03 9.226190476190634883e-05
7.283505154639179080e-03 -1.305436337625176177e-03
3.722826086956524273e-03 1.125744047619049466e-03
5.983783783783783866e-03 -5.400981996726620900e-05
1.325298804780876763e-02 6.146788990825694746e-04
8.856249999999999539e-03 1.931899641577062687e-03
9.987804878048782420e-03 1.234271523178809629e-03
4.797244094488196768e-03 1.362984218077513980e-05
1.519911504424778168e-02 1.021416803953872693e-03
6.180434782608702944e-03 -2.982315112540190848e-04
9.377049180327867370e-03 -1.215616045845270598e-03
1.099425287356322993e-02 1.147058823529413995e-03
1.429947916666666347e-02 2.442882249560656056e-04
6.255458515283847908e-03 1.113673805601317996e-03
7.267241379310342489e-03 6.534954407294860318e-04
1.041504854368932934e-02 7.637614678899081952e-04
9.723404255319152700e-03 -1.018292682926827571e-03
1.371572580645161708e-02 2.220520673813181436e-04
9.842105263157895079e-03 3.860569715142443963e-04
1.027152317880794703e-02 -2.924667651403228602e-04
1.166299559471366439e-02 1.411585365853658706e-03
9.197247706422021982e-03 2.381329113924042301e-04
9.934640522875824026e-03 1.880064829821738968e-04
5.560416666666669235e-03 -2.215999999999998299e-04
1.292293906810036697e-02 6.954397394136825790e-04
3.502551020408169527e-03 -2.752442996742657179e-04
9.115079365079367668e-03 1.667404129793511160e-03
7.969696969696966893e-03 -4.705449189985261901e-04
8.488789237668166454e-03 -4.071661237784868746e-05
8.886194029850757320e-03 -2.644230769230764824e-04
1.223589743589744566e-02 1.035885167464117287e-03
1.025097276264591573e-02 1.830745341614909046e-03
1.080785123966942693e-02 4.795751633986923513e-04
1.145493562231759792e-02 1.539101497504161966e-03
6.445312500000003123e-03 2.335545722713865818e-03
8.802173913043481041e-03 3.111620795107033870e-04
1.036561264822134093e-02 1.976038338658148239e-03
9.523809523809531608e-03 -3.237518910741288693e-04
1.031746031746031550e-02 6.731418918918931696e-04
1.417355371900826284e-02 -2.047244094488245432e-05
9.229508196721313701e-03 6.250000000000003383e-04
8.282608695652178554e-03 -3.005738880918217590e-04
7.698347107438025839e-03 1.645264847512046072e-04
8.590090090090091515e-03 -1.354105571847506392e-03
1.070217391304348342e-02 -1.828231292517005667e-03
1.566836734693876840e-02 2.087662337662338306e-03
8.716363636363641879e-03 5.800933125972014374e-04
1.011276595744680686e-02 1.401179941002955850e-04
1.068695652173913546e-02 -1.664062499999992100e-04
1.248156682027650594e-02 -2.522660818713448952e-03
1.597807017543859814e-02 1.871165644171794457e-04
7.784518828451885905e-03 -6.459016393442612840e-04
1.227462121212121067e-02 -1.554367201426024372e-03
1.067148760330578761e-02 9.982788296041319315e-04
8.452380952380956006e-03 1.175074183976262954e-03
1.037226277372263299e-02 1.700310559006211778e-03
4.952029520295208979e-03 -1.217755443886095685e-03
1.563133640552995252e-02 -2.811846689895469535e-03
1.571090909090909135e-02 1.121405750798723771e-03
1.335156249999999711e-02 1.062986003110419830e-03
1.010267857142857321e-02 7.520064205457480154e-04
8.219063545150506744e-03 9.703459637561791988e-04
1.488085937499999262e-02 -9.003241491085890637e-04
9.115226337448557523e-03 3.032710280373834052e-03
1.309210526315790317e-02 -3.047700170357752186e-03
9.303571428571433613e-03 3.829059829059840419e-04
1.186286919831223453e-02 1.162891986062720290e-03
1.062770562770563518e-02 1.737521514629951835e-03
1.348684210526316339e-02 -1.379870129870129896e-03
1.401440329218106573e-02 -1.566956521739129105e-03
1.090546218487395587e-02 -4.618104667609621277e-04
4.797235023041481437e-03 -1.566618911174783718e-03
1.562992125984251704e-02 -1.115552325581394867e-03
1.321621621621621445e-02 2.353982300884959432e-04
1.170454545454545706e-02 -6.723027375201273822e-04
9.635775862068967496e-03 -2.722741433021804922e-03
6.296363636363633796e-03 -1.097156398104264571e-03
1.096398305084745652e-02 -1.362297496318128954e-04
1.210762331838565083e-02 1.881818181818204372e-04
7.376681614349781500e-03 -1.787499999999999593e-03
7.063241106719377743e-03 6.919431279620855742e-04
4.578431372549021140e-03 2.600896860986547468e-04
1.042757009345795204e-02 -9.388083735909810278e-04
6.338842975206613294e-03 -3.694362017804160027e-04
9.407327586206904249e-03 -9.042386185243318211e-04
8.787822878228785523e-03 1.107085346215782012e-03
1.230243902439024511e-02 2.277777777777780042e-03
3.880478087649407402e-03 -5.336906584992345999e-04
1.325100401606426129e-02 2.705192629815755790e-04
8.904347826086966150e-03 2.463343108504415413e-04
1.067346938775510720e-02 -2.043554006968640018e-03
9.700396825396825559e-03 2.642276422764215714e-04
8.953531598513010670e-03 7.234910277324635040e-04
8.261904761904765443e-03 5.238095238095236139e-04
5.928879310344832045e-03 2.114353312302841813e-03
4.592682926829269423e-03 -1.964347826086957488e-03
1.055849056603773775e-02 -2.782371294851791917e-03
6.220264317180619965e-03 1.586666666666667431e-03
1.360200000000000645e-02 1.457165109034267141e-03
8.769531249999996947e-03 3.050986842105255967e-04
1.479074889867841580e-02 5.516431924882647924e-04
6.288321167883217239e-03 9.461305007587269070e-04
1.767903930131004692e-02 -1.542358803986712676e-03
1.284843205574913265e-02 9.315159574468092826e-04
1.403232758620690489e-02 -1.816445182724253779e-03
1.111406844106464266e-02 -1.687022900763343299e-04
4.932773109243700563e-03 1.102671118530886007e-03
3.792682926829269927e-03 -1.131465517241379186e-03
6.262931034482766696e-03 -6.856899488926743559e-04
4.502732240437160374e-03 -2.694581280788177578e-03
1.150856164383561898e-02 -9.232488822652761299e-04
6.736220472440948570e-03 2.170535714285716424e-03
1.055081300813008258e-02 4.054878048780481106e-04
6.008333333333336010e-03 3.586387434554983811e-04
1.045299145299145166e-02 -1.696605374823196037e-03
1.359507042253521938e-02 4.557877813504842375e-04
7.488687782805428066e-03 -9.556074766355142878e-04
1.663100436681222427e-02 -2.024553571428571678e-03
1.117975206611570606e-02 1.269470404984440921e-04
8.347328244274813264e-03 3.852596314907887434e-04
7.862549800796819408e-03 -1.647292993630570471e-03
2.996108949416345819e-03 1.590090090090090936e-03
9.617408906882590758e-03 1.011608623548923645e-03
5.053497942386839248e-03 2.339506172839509075e-03
1.077906976744186229e-02 3.998316498316511775e-04
6.945783132530120203e-03 -4.115805946791851132e-04
4.706632653061232352e-03 -1.097266881028937909e-03
1.558007812499999888e-02 -2.049122807017540477e-03
1.060964912280701854e-02 1.905525846702317127e-03
9.711790393013100889e-03 1.925549915397632402e-03
8.828703703703701458e-03 2.161339421613409138e-04
1.269172932330828001e-02 9.561270801815446472e-04
1.017532467532467413e-02 -1.803030303030303278e-03
2.102564102564106856e-03 1.650741350906096989e-03
2.862068965517246179e-03 -9.544740973312394999e-04
2.389558232931730287e-03 -1.985362095531583576e-03
1.120428015564202753e-02 -8.148425787106438343e-04
9.616071428571428686e-03 -3.663793103448268872e-04
7.461832061068706355e-03 9.889064976228221886e-04
1.192084942084941854e-02 -7.269288956127078604e-04
8.427710843373497490e-03 -6.126126126126121233e-04
3.692796610169492115e-03 -1.331360946745558001e-04
8.103524229074891838e-03 2.560514372163392831e-03
2.927419354838718419e-03 -7.138927097661612511e-04
9.631578947368426777e-03 3.289256198347128928e-04
9.481557377049181640e-03 1.757142857142846883e-04
1.161621621621622413e-02 8.082408874801869688e-05
9.413654618473894092e-03 5.327181208053704316e-04
1.190576923076922498e-02 -4.898819561551428624e-04
8.852941176470585996e-03 1.985893416927901785e-03
7.971365638766519934e-03 -8.085621970920831882e-04
5.571120689655176435e-03 6.021775544388616478e-04
1.160271317829457763e-02 -2.163494809688580687e-03
1.275925925925925838e-02 -1.400309119010818750e-03
1.244573643410852581e-02 5.733558178751935029e-05
1.263658536585365692e-02 8.317929759705002115e-06
6.949814126394055283e-03 5.861801242236034650e-04
9.770642201834859111e-03 -5.747126436780087878e-06
6.924050632911399675e-03 -7.528641571194614644e-05
4.778538812785386447e-03 5.257234726688105259e-04
8.663043478260872357e-03 5.112994350282502919e-04
1.095555555555556039e-02 -1.632107023411371411e-03
1.014238410596026742e-02 -1.213333333333332757e-03
9.011583011583021094e-03 3.622526636225281054e-04
1.347555555555555833e-02 -2.394654088050313968e-03
4.117346938775513950e-03 1.450573065902579974e-03
1.008789062500000007e-02 -9.803779069767423488e-04
1.182835820895522874e-02 2.319008264462811032e-03
1.285306122448979377e-02 5.972447325769852152e-04
9.957364341085269202e-03 -1.300813008130079836e-04
1.069776119402985302e-02 -2.250803858520898475e-03
1.224716981132075062e-02 -1.763826606875908110e-04
9.427659574468085640e-03 -1.644542772861354698e-03
1.036772486772486943e-02 8.534883720930237219e-04
1.393680297397769524e-02 -1.396551724137930607e-03
8.989010989010988092e-03 1.714171974522293819e-03
6.563876651982375812e-03 1.698484848484849109e-03
1.158206106870229152e-02 1.518148820326677443e-03
3.596846846846847752e-03 -1.082055214723926960e-03
1.135217391304348122e-02 1.711092715231788937e-03
6.983870967741945268e-03 -9.490968801313633737e-04
8.859307359307358465e-03 -2.187499999999991372e-04
1.353386454183267383e-02 -3.046474358974356721e-03
9.782196969696971972e-03 -5.455950540958262986e-04
5.688715953307397002e-03 7.947598253275120874e-04
8.424568965517237676e-03 2.869634340222596437e-04
3.079422382671483105e-03 -4.026315789473682537e-03
8.486666666666668399e-03 -4.876352395672331193e-04
3.419117647058825954e-03 1.761658031088073398e-04
1.136895161290322857e-02 1.444875776397516352e-03
6.605363984674333770e-03 1.642156862745109867e-04
1.012264150943396890e-02 -1.413970588235294746e-03
1.701198630136987328e-02 -1.663565891472865675e-03
1.174178403755868870e-02 -1.440497335701598465e-03
7.742009132420097674e-03 -1.327433628318507386e-05
6.435622317596569920e-03 -4.403874813710882100e-04
8.811363636363641477e-03 -1.556204379562044172e-03
1.660162601626016463e-02 6.443719412724405800e-05
9.551643192488265197e-03 1.146341463414635815e-03
5.497641509433961321e-03 -1.166909620991254124e-03
8.371111111111110420e-03 -8.734567901234575405e-04
7.004237288135594340e-03 3.146341463414635640e-03
9.133879781420760693e-03 5.913705583756343831e-04
1.182194244604316269e-02 1.095065312046446075e-03
2.989051094890515098e-03 -9.635093167701839567e-04
1.243495934959350235e-02 -9.814189189189166142e-04
1.282938388625592084e-02 -3.515283842794750344e-04
5.251851851851854769e-03 3.268072289156648291e-04
9.921524663677126418e-03 1.136363636363638911e-03
1.153048780487805555e-02 -6.755070202808089288e-04
8.377256317689527054e-03 -3.385878489326764156e-03
7.341666666666670817e-03 2.430860033726814275e-03
1.206279069767442202e-02 -1.199248120300751112e-03
7.183406113537123966e-03 4.118122977346288420e-04
1.660129310344827386e-02 1.885964912280704495e-03
8.929292929292929198e-03 9.221428571428582450e-04
9.001677852348993064e-03 2.342271293375400461e-04
1.041139240506329042e-02 4.623745819398003185e-04
7.178846153846151108e-03 4.384116693679095578e-04
1.059669811320754391e-02 -3.861464968152862566e-04
1.522453703703702949e-02 -7.264296754250376296e-04
1.076654411764705471e-02 -6.355799373040728383e-04
1.461660079051383190e-02 5.283159463487331143e-04
1.296559633027523188e-02 9.830132939438705753e-04
9.393564356435648438e-03 1.419031719532553616e-03
1.202040816326530731e-02 -7.215189873417722369e-04
7.805147058823530375e-03 -7.311320754716976907e-04
9.644104803493452893e-03 4.169779286926996245e-03
8.093869731800774556e-03 -3.903020667726554162e-04
9.107272727272729476e-03 2.022336769759453239e-03
6.146511627906980219e-03 2.217692307692308972e-03
4.718309859154937690e-03 -1.219512195121940783e-04
3.936403508771932347e-03 6.893939393939402987e-04
6.807272727272732117e-03 -3.063018242122719694e-03
1.226153846153846781e-02 -2.677469135802469560e-03
9.857456140350880774e-03 2.931147540983607570e-03
8.887559808612440632e-03 6.190851735015768338e-04
3.727500000000005115e-03 -4.012345679012350856e-04
7.910869565217392915e-03 -1.850638977635782811e-03
1.150996677740864782e-02 3.928571428571442825e-04
1.717111111111110922e-02 2.088091353996752899e-04
1.314975845410628480e-02 -7.252321981424153692e-04
6.510964912280710337e-03 -1.100311041990669056e-03
7.933212996389897922e-03 -1.720982142857141722e-03
3.469957081545065915e-03 -1.286201022146502351e-04
1.241255605381166166e-02 9.798994974874443919e-05
6.618834080717487037e-03 -1.997528830313015109e-03
3.021978021978025120e-03 -1.395295902883154481e-03
1.461776061776061397e-02 9.134775374376051570e-04
1.162909090909091357e-02 -2.831804281345563865e-03
3.501798561151089114e-03 -2.000805152979064343e-03
8.036585365853660470e-03 -1.035232383808093893e-03
9.124999999999999431e-03 1.014903129657229340e-03
9.480263157894741610e-03 5.592105263157934049e-05
5.849099099099102153e-03 6.259484066767832637e-04
1.208881578947368536e-02 1.637318255250406552e-03
1.292116182572614590e-02 1.273793103448276698e-03
3.153136531365317158e-03 1.539039039039043558e-04
1.094343065693430088e-02 3.259535655058046471e-03
1.281854838709678077e-02 -1.752971137521220192e-03
7.616822429906542312e-03 7.059282371294850825e-04
9.668888888888888325e-03 2.684975767366722284e-03
5.730603448275868594e-03 -1.754684838160136410e-03
7.400735294117648071e-03 -2.813353566009104377e-03
1.219153225806452259e-02 -1.884202453987729323e-03
1.051646090534979518e-02 1.556162246489859813e-03
1.306395348837209591e-02 2.826516220028209465e-03
1.279530201342281813e-02 1.577654516640253964e-03
1.113235294117647690e-02 6.833333333333552737e-05
9.185840707964604279e-03 1.441896024464831873e-03
8.260617760617768035e-03 -1.865090403337968730e-03
1.278395061728394497e-02 1.479813664596272942e-03
6.434456928838957861e-03 8.765527950310576496e-04
1.016511627906976564e-02 -4.446177847113875732e-04
6.730198019801981839e-03 -2.578710644677650139e-04
7.816062176165807993e-03 9.472934472934501206e-05
1.376960784313724893e-02 2.473154362416107085e-03
9.831858407079651849e-03 -8.260530421216845994e-04
9.132478632478634867e-03 7.947122861586312318e-04
1.669323671497585301e-02 4.307958477508661271e-04
9.611320754716982939e-03 -1.269852941176469359e-03
8.511904761904762196e-03 2.235973597359738104e-03
1.128640776699029423e-02 -1.884615384615374401e-04
8.115384615384623260e-03 -1.072204968944099430e-03
7.304687500000007355e-03 -1.390965732087226861e-03
6.631707317073174714e-03 -7.511664074650050392e-04
1.107499999999999804e-02 -8.593247588424428362e-04
6.740476190476193431e-03 7.142857142857141767e-04
7.198744769874485319e-03 -1.679180887372010893e-03
1.253508771929824454e-02 1.869600000000003811e-03
1.143908629441624941e-02 3.403877221324719000e-03
4.990610328638499585e-03 -1.059563758389260374e-03
8.432950191570887447e-03 1.775256222547585624e-03
1.074053030303030905e-02 1.748432601880880706e-03
7.952272727272726230e-03 2.840182648401829314e-03
9.032110091743124694e-03 9.197530864197544240e-04
9.369140624999997696e-03 1.702808112324494640e-03
6.757777777777783552e-03 1.229942693409743831e-03
7.844086021505380923e-03 -1.082826747720363548e-03
1.624113475177305088e-02 7.347893915756643782e-04
7.213438735177871673e-03 -7.956104252400561744e-05
1.224513618677042226e-02 1.210619469026551990e-03
9.215648854961840802e-03 1.535377358490566321e-03
9.054347826086949630e-03 1.396183206106870345e-03
1.093333333333334004e-02 5.218093699515362338e-04
7.434146341463415686e-03 3.020547945205480020e-03
8.482608695652177344e-03 -1.805185185185183977e-03
6.767391304347824925e-03 -3.021148036253632522e-06
9.794811320754723619e-03 -2.697709923664123443e-03
9.597046413502114195e-03 6.000000000000004895e-04
1.304566210045662172e-02 -8.537735849056612850e-04
1.496106557377049201e-02 1.285162287480681904e-03
6.149159663865550601e-03 -3.856527977044476359e-03
8.670560747663555098e-03 2.144715447154470732e-03
8.672480620155036471e-03 3.105590062111802767e-03
1.076219512195122560e-02 -8.768595041322291414e-04
1.107276995305164422e-02 -1.262626262626250428e-04
1.021544715447155090e-02 6.819571865443416767e-04
1.014484126984126905e-02 -2.094890510948903706e-03
1.376113360323886169e-02 8.286655683690267787e-04
1.065816326530612430e-02 -1.502504173622659563e-05
7.555813953488377428e-03 -1.889518413597732855e-03
1.738888888888889123e-02 1.088596491228069774e-03
7.641414141414149507e-03 -7.394366197183069441e-04
7.409547738693469075e-03 -3.169440242057478051e-04
1.035957446808511394e-02 9.137931034482759708e-04
4.720085470085469415e-03 9.310897435897456205e-04
1.078571428571429430e-02 -2.768041237113400260e-03
1.256276150627615336e-02 -2.977099236641067261e-05
1.346943231441049237e-02 1.391184573002759398e-04
9.431914893617020235e-03 2.051805337519624524e-03
7.777551020408168814e-03 -1.143456375838924595e-03
9.116161616161624556e-03 -3.059467918622830215e-04
8.835784313725492806e-03 1.628594249201279539e-03
1.414084507042253670e-02 5.927835051546398448e-04
8.093023255813956360e-03 1.426202321724709702e-03
1.801119402985075502e-02 -1.372800000000000626e-03
9.920704845814982964e-03 -7.975270479134466710e-04
5.845505617977527629e-03 -2.241057542768274628e-03
1.237844036697248289e-02 -6.615853658536568474e-04
5.957142857142864838e-03 -1.163183279742764252e-03
1.269827586206896675e-02 -2.385483870967741813e-03
8.924528301886796092e-03 -3.787878787878791128e-04
8.184738955823294207e-03 -1.087519025875190561e-03
9.493392070484591924e-03 -9.371069182389934636e-04
1.334051724137931202e-02 2.839233038348094700e-04
1.177663934426228728e-02 1.391191709844560257e-03
8.238095238095244008e-03 -1.816260162601626271e-03
7.386554621848737470e-03 1.528455284552839315e-04
9.828431372549030140e-03 -1.270430906389292741e-04
1.010526315789474390e-02 -2.465870307167233703e-04
4.306167400881061487e-03 -1.676970633693959840e-04
1.190990990990991455e-02 3.025493421052631322e-03
9.946735395189003001e-03 -1.412460567823342747e-03
1.059868421052632265e-02 1.736254295532648276e-03
6.819004524886882260e-03 4.349157733537529092e-04
1.432107023411371624e-02 5.594639865996643311e-04
9.056097560975608779e-03 2.223420647149464049e-03
7.861607142857140670e-03 -1.246189024390243708e-03
6.754761904761904905e-03 -1.563517915309447105e-03
1.099805447470818091e-02 -1.629565217391302579e-03
1.731330472103004628e-02 -3.180916030534351735e-03
5.502145922746784316e-03 2.723529411764707107e-03
1.179186602870813463e-02 1.779122541603632337e-03
6.783203125000001471e-03 -1.070721357850069845e-03
1.186974789915966680e-02 1.437689969604862786e-03
7.824701195219125466e-03 8.821603927986920073e-04
6.300000000000006116e-03 -9.345794392524086748e-06
1.263270142180094278e-02 -4.891846921796997715e-04
1.144522968197880623e-02 1.102106969205866871e-04
1.165837104072398045e-02 8.090614886731420157e-04
9.579918032786889290e-03 -4.539249146757683129e-04
7.205069124423970836e-03 -1.877567140600315803e-03
9.415422885572144809e-03 -1.593277310924368431e-03
5.258215962441389066e-04 1.248251748251749541e-03
8.297297297297305183e-03 -1.181887366818873625e-03
8.915178571428575630e-03 6.168730650154820262e-04
1.023458904109588417e-02 6.308270676691735785e-04
1.030797101449275506e-02 -6.267175572519076464e-04
8.201793721973098250e-03 1.068000000000001457e-03
7.994163424124513598e-03 1.144182124789206410e-03
1.008936170212765791e-02 -1.319796954314719512e-03
1.813617021276595423e-02 1.448780487804879813e-03
8.293522267206473314e-03 1.257267441860481210e-04
8.405737704918035333e-03 -2.083210603829161855e-03
1.253648068669528139e-02 8.509984639016910952e-04
9.524017467248908908e-03 -2.018808777429465396e-03
1.050961538461539155e-02 2.145953757225435869e-04
1.636322869955155607e-02 7.749638205499286090e-04
5.609126984126988971e-03 -3.877862595419838691e-04
1.152307692307692755e-02 1.164440734557598217e-03
8.731277533039654912e-03 4.456193353474322406e-04
9.275862068965514892e-03 2.068690095846645056e-03
7.251592356687899983e-03 -6.366279069767443203e-04
7.783613445378159690e-03 1.085431654676261752e-03
1.027934272300469465e-02 1.780629139072847575e-03
1.152425373134328447e-02 -5.220228384991831968e-04
6.065656565656564123e-03 -8.396694214876007081e-04
1.328211009174312153e-02 -3.548387096774094829e-05
1.202422145328720278e-02 -6.357526881720414408e-04
1.370634920634920817e-02 2.205673758865250595e-03
9.333333333333334106e-03 4.714869281045752647e-03
1.220669291338582520e-02 3.389694041867987221e-04
1.165714285714285724e-02 -4.476351351351238409e-05
1.346074380165289582e-02 1.253799392097280365e-04
1.353056768558951947e-02 -8.297380585516183097e-04
1.194545454545454209e-02 -2.384737678855307743e-04
5.848484848484844165e-03 3.208191126279867091e-04
4.370370370370376019e-03 6.754385964912283657e-04
3.975982532751099613e-03 5.293685756240833424e-04
1.464748201438848332e-02 7.334983498349850533e-04
9.563106796116513028e-03 8.229461756373930483e-04
1.335021097046414085e-02 1.517676767676768212e-03
8.659751037344398661e-03 -2.013709677419353930e-03
1.200205761316872587e-02 2.859649122807029543e-04
4.791139240506330811e-03 -2.572100313479623677e-03
1.547081712062256878e-02 -1.556057866184447315e-03
1.137815126050419935e-02 5.185528756957327561e-04
1.021359223300971272e-02 -6.930116472545735018e-04
8.851239669421497730e-03 1.909861325115563488e-03
5.828326180257508565e-03 1.648351648351673016e-04
1.035975609756097614e-02 -5.569526627218920022e-04
1.142948717948718412e-02 2.107508532423219840e-04
1.002499999999999919e-02 8.986013986014017340e-04
4.126903553299495105e-03 -6.638461538461526684e-04
1.208745247148289639e-02 5.178282009724489857e-04
6.782978723404262111e-03 1.043939393939394798e-03
1.457014388489208737e-02 1.819295558958652220e-03
9.932017543859656544e-03 -1.385483870967742660e-03
8.786610878661092056e-03 3.029366306027821924e-04
6.815352697095444952e-03 -5.274261603375530235e-04
1.611627906976745902e-03 1.283475783475785618e-03
6.040000000000000230e-03 -2.161240310077518385e-03
6.898305084745769838e-03 3.463203463203475669e-04
1.029841897233201541e-02 1.044164037854889782e-03
1.412068965517241162e-02 -1.156832298136646446e-03
1.279954954954955378e-02 3.048780487804874794e-04
1.173260869565217329e-02 2.196048632218844420e-04
1.195922746781117110e-02 4.957983193277313433e-04
7.424999999999998442e-03 5.581967213114784896e-04
9.461928934010158804e-03 1.367452135493374887e-03
1.026666666666666353e-02 -1.145132743362830803e-03
1.264374999999999874e-02 -2.983606557377037295e-04
1.248043478260869865e-02 3.255131964809383836e-04
1.373443983402489535e-02 7.008670520231245879e-05
8.178431372549014103e-03 -5.177133655394508625e-04
3.813953488372094202e-03 -2.402912621359224864e-04
7.748201438848926516e-03 2.518705035971224686e-03
1.101219512195122582e-02 1.886363636363638709e-03
6.833333333333331885e-03 4.921259842519696897e-04
7.847107438016533501e-03 -6.409722222222212712e-04
6.268482490272377951e-03 6.896316507503426211e-04
6.240000000000006826e-03 -8.237518910741287170e-04
1.188551401869159495e-02 7.311746987951824343e-04
1.330837004405286371e-02 1.905492730210017836e-03
8.307692307692312803e-03 -1.544515103338630615e-03
1.271041666666666500e-02 -3.926940639269377092e-04
1.131712962962963705e-02 2.125000000000002321e-03
8.867499999999998647e-03 3.442807625649913807e-03
1.322638436482084789e-02 -1.255852842809363108e-03
8.556485355648550282e-04 2.647975077881687105e-05
7.137305699481863962e-03 -1.181617647058823663e-03
1.570930232558139655e-02 1.290517241379310776e-03
1.116808510638298002e-02 -2.266768292682926240e-03
1.260502283105023255e-02 7.208737864077691126e-04
1.038200000000000754e-02 2.137387387387388368e-03
9.564885496183211239e-03 -8.407142857142833967e-04
1.270980392156863086e-02 2.369636963696370585e-03
1.082085561497325883e-02 5.414012738853700202e-05
1.097107438016529067e-02 2.371641791044778579e-03
1.258962264150943755e-02 1.566823899371070196e-03
9.308510638297878836e-03 -2.878091872791517600e-03
1.077983539094650410e-02 -1.040889526542325503e-03
7.840425531914893900e-03 1.429663608562693853e-04
8.103004291845501347e-03 -8.784893267651883511e-04
1.032857142857142654e-02 -1.068219633943425775e-03
8.976821192052978834e-03 1.330065359477123699e-03
3.783950617283957790e-03 -7.044334975369448805e-04
7.824034334763956683e-03 -5.119453924914677987e-04
1.198069498069498362e-02 5.933977455716579709e-04
8.634228187919465447e-03 2.393501805054154986e-03
8.284697508896802023e-03 -8.946945337620562785e-04
1.565476190476190743e-02 -6.941747572815534220e-04
5.698113207547171599e-03 -5.848585690515802201e-04
6.745421245421248137e-03 -2.284866468842709699e-04
7.891949152542371629e-03 -2.084745762711843868e-04
1.056750000000000050e-02 2.120418848167540758e-03
6.542307692307696224e-03 -1.796783625730992992e-03
1.004090909090909339e-02 2.014040561622468077e-03
1.153663793103448104e-02 -1.602006688963210270e-03
1.298868778280543902e-02 -7.719435736677098849e-04
9.927756653992397817e-03 -2.642405063291135693e-04
1.356866952789699023e-02 -8.917525773195869891e-04
1.185245901639344138e-02 3.243464052287605283e-04
1.698722627737227209e-02 8.920145190562622740e-04
9.918000000000003202e-03 6.503115264797493245e-04
8.125592417061617070e-03 9.418282548476462641e-04
1.162553191489362064e-02 -5.751824817518244506e-04
8.547511312217202437e-03 1.307283763277694317e-03
8.817733990147779213e-03 2.368939393939393720e-03
7.972602739726030938e-03 -2.083739837398372683e-03
1.537974683544304604e-02 -6.337025316455698921e-04
1.001195219123506008e-02 7.914798206278021372e-04
1.712871287128713352e-02 -3.307573415765064913e-04
1.063194444444445080e-02 -1.223159509202453562e-03
8.270202020202019680e-03 2.703583061889243693e-04
1.263167938931298272e-02 6.282798833819250436e-04
1.143396226415094828e-02 -1.707317073170729754e-03
1.703211009174311966e-02 -1.711356466876966860e-04
1.256709956709956347e-02 -7.142857142857120083e-04
1.202568493150685258e-02 1.373617693522906575e-03
9.661654135338341651e-03 9.507042253521153560e-04
1.155827067669173459e-02 2.377828054298646108e-03
1.038075313807531111e-02 2.923717059639391238e-03
1.333549783549783929e-02 -5.100574712643674404e-05
1.097817460317460775e-02 -3.691520467836260509e-04
5.176829268292684055e-03 3.947740112994347749e-04
4.320796460176995479e-03 -2.790143084260728306e-04
1.334221311475409545e-02 1.672357723577237807e-03
1.042673992673993563e-02 1.843317972350242543e-05
7.819004524886888352e-03 -3.322755417956657284e-03
3.235000000000004365e-03 -2.314410480349346272e-04
6.242738589211621614e-03 9.337686567164159160e-04
1.070100502512563376e-02 1.370309951060365067e-04
1.001716738197425127e-02 -3.307952622673434803e-03
1.260165975103735153e-02 1.818664643399089649e-03
5.803773584905663752e-03 7.305295950155765760e-04
9.666666666666663688e-03 1.846029173419775618e-03
9.437185929648249719e-03 -4.836065573770473801e-04
8.241869918699190264e-03 -3.962848297213632871e-04
1.528743961352657145e-02 -1.835585585585584401e-03
9.140186915887853203e-03 1.414826498422712278e-03
9.515151515151512931e-03 9.691358024691359378e-04
1.102988047808764992e-02 -2.330316742081443360e-04
1.214194915254237714e-02 -6.661764705882340567e-04
1.107623318385650944e-02 -4.655172413793083413e-04
8.227642276422770379e-03 7.757774140752856252e-04
