5.638571428571433758e-03 1.825443786982249711e-03
3.994983277591970805e-03 9.874371859296506623e-04
1.756622516556296436e-03 3.802734375000003594e-03
2.808510638297870895e-03 6.330472103004325304e-04
5.640151515151519898e-03 6.505376344086038522e-04
6.746887966804981582e-03 4.214971209213051913e-03
-1.439209726443769176e-03 4.581372549019607776e-03
7.091254752851721245e-04 1.932584269662924363e-03
-5.769230769230521757e-05 2.602564102564107300e-03
5.677631578947371638e-03 -3.113207547169784413e-04
5.903536977491964134e-03 2.462412587412590118e-03
-2.056231003039513030e-03 3.926418439716312068e-03
3.740072202166068276e-03 1.865979381443299721e-03
6.908203125000007654e-03 4.018549747048903373e-03
4.737762237762175796e-04 3.889189189189190283e-03
2.669172932330835402e-03 3.241964285714285954e-03
-4.279778393351822609e-04 5.731261425959815461e-04
-3.810897435897433756e-03 3.969258589511756065e-03
9.531250000000025813e-04 1.956989247311829560e-03
-7.638297872340425428e-04 -1.048804780876492993e-03
-2.233644859813082618e-03 1.392109500805153955e-03
-6.881538461538459772e-03 -1.250000000000009513e-04
-1.120567375886515754e-03 2.001739130434782542e-03
2.681818181818184949e-03 -8.078994614003971961e-06
6.266666666666637206e-04 1.188368055555556226e-03
9.000000000000059385e-04 2.798611111111115428e-03
3.395695364238415261e-03 3.691256830601096113e-03
6.126245847176081671e-03 4.950354609929079157e-03
-8.573943661971758111e-04 4.483778625954197225e-03
2.101449275362351002e-04 1.277874564459930860e-03
-4.620915032679733664e-03 2.908075601374570784e-03
-7.116104868914279716e-05 -1.851297405189621234e-03
-3.609271523178787236e-04 1.932407407407410026e-03
2.142857142857148602e-03 1.877758913412566058e-03
-1.193602693602687425e-03 3.933768656716416304e-03
-2.625423728813558975e-03 -3.042704626334517153e-04
1.618589743589746123e-03 1.372763419483103353e-03
1.636619718309864028e-03 9.626485568760632505e-04
-1.238700564971749202e-03 2.143216080402012176e-03
6.526479750778856363e-04 -7.684824902723717919e-05
3.552419354838711168e-03 1.639622641509436152e-03
1.801324503311257236e-03 3.615384615384645175e-04
5.740384615384610742e-03 -1.886868686868685505e-03
6.226114649681533872e-03 2.435361216730040634e-03
1.010260586319218674e-02 1.490909090909092218e-03
-4.929178470254954106e-03 -7.265037593984983826e-04
4.115248226950358849e-03 1.783620689655175499e-03
8.892857142857146791e-03 1.460526315789476134e-03
8.973101265822791550e-03 -2.373913043478262017e-04
-5.179104477611921713e-04 3.110789980732179584e-03
3.929765886287638001e-04 1.639691714836225131e-03
-9.830827067669148812e-04 -3.805309734513275931e-04
-1.286738351254481825e-03 1.310408921933086399e-03
3.628472222222226505e-03 1.273214285714286591e-03
4.547348484848487415e-03 6.470588235294136596e-04
5.303278688524591319e-03 2.768916155419224104e-03
-1.786567164179105180e-03 2.451908396946566801e-03
-3.884839650145766824e-03 1.607517482517483581e-03
2.302867383512544313e-03 1.511718750000001776e-03
-4.326470588235297940e-03 1.101851851851854726e-03
-5.743103448275860279e-03 1.341130604288500588e-03
-1.341549295774647219e-03 3.618659420289858236e-03
1.820512820512817454e-03 7.131715771230498361e-04
-8.162295081967212498e-03 2.559055118110238353e-03
1.211699164345410003e-03 1.603174603174605493e-03
-4.007598784194524658e-03 5.674255691768830163e-04
1.092753623188411809e-03 1.597222222222223834e-03
3.367957746478874356e-03 1.860641891891892923e-03
-5.056851311953347063e-03 1.972759226713534375e-03
5.332061068702292038e-03 1.621405750798722914e-03
-6.827586206896550311e-03 1.599637681159421293e-03
-3.469696969696971136e-03 1.629982668977470947e-03
4.320069204152250826e-03 3.062607204116638265e-03
1.906896551724142222e-03 -3.209109730848833846e-04
1.897435897435900817e-03 2.371057513914657557e-03
1.884831460674163970e-03 1.263986013986015400e-03
9.536332179930800956e-03 6.193181818181842015e-04
1.949685534591224525e-04 2.206093189964157802e-03
4.250936329588045955e-04 3.841695501730104517e-03
-2.073015873015867597e-03 2.601562500000004479e-03
6.184482758620690399e-03 1.797927461139897697e-03
3.991134751773046940e-03 2.617001828153566433e-03
7.566079295154182205e-03 1.134328358208958791e-03
1.326855123674914975e-03 3.323583180987205003e-03
-3.228187919463090284e-03 1.093333333333336129e-03
5.579245283018867928e-03 3.945179584120987737e-03
7.709876543209876441e-03 3.803886925795054580e-03
1.581939799331108119e-03 6.842592592592604316e-04
3.870106761565838931e-03 -6.952983725135600474e-04
3.377419354838716564e-03 1.410526315789477304e-03
-4.642857142857163941e-04 2.685497470489040753e-03
6.847826086956522278e-03 -5.840336134453764970e-04
1.121376811594207087e-03 1.724431818181820265e-03
-5.163934426229472739e-04 1.576568265682656844e-03
4.825431034482758480e-03 2.275826446280994689e-03
3.395424836601313584e-03 1.163685152057246592e-03
1.182926829268297854e-03 3.090493601462523596e-03
2.241214057507990610e-03 7.035175879396984118e-04
-1.981586402266282375e-03 1.007326007325977747e-05
-1.447811447811419314e-04 1.459459459459470335e-04
3.850574712643679582e-03 3.641263940520446732e-03
3.176848874598074864e-03 4.789022298456263593e-03
-1.070796460176988473e-03 7.982608695652204656e-04
5.279503105590068433e-03 2.344715447154474292e-03
-3.170491803278685863e-03 1.367595818815331389e-03
8.633217993079589370e-03 1.627949183303086965e-03
-4.444444444444399663e-04 2.739926739926740271e-03
1.605095541401275984e-03 1.734767025089608465e-03
2.055749128919866046e-03 3.580258302583030905e-03
3.566666666666664276e-04 2.334513274336284024e-03
5.176470588235300603e-03 2.814563106796120085e-03
2.081250000000003236e-03 1.300744878957171531e-03
5.964150943396228852e-03 2.083038869257952674e-03
3.600000000000002504e-03 1.526086956521742087e-03
3.692307692307697422e-03 2.036633663366338790e-03
-9.761904761904733815e-04 2.947500000000001334e-03
6.493288590604063756e-04 2.269662921348319234e-03
8.897338403041866670e-04 3.324829931972793275e-03
1.605791505791506063e-02 -6.753445635528296503e-04
3.956521739130434978e-03 1.983096085409253619e-03
1.310679611650489946e-03 3.062730627306275554e-03
6.066066066066087880e-04 3.549038461538462849e-03
-2.175226586102670676e-04 -2.341772151898728290e-04
3.953736654804272665e-03 1.495748299319732064e-03
-6.199999999999997180e-03 1.315934065934067174e-03
5.483443708609274728e-03 2.922735346358794600e-03
-2.227414330218063874e-03 2.536091549295775831e-03
9.316860465116305222e-04 2.230490018148818723e-03
5.160818713450313327e-04 -1.475913621262458716e-03
-5.865443425076452902e-03 2.425531914893619065e-03
2.042402826855125187e-03 2.085170340681364969e-03
4.047987616099077424e-03 1.150000000000001498e-03
6.244725738396629880e-03 2.856993736951987228e-03
4.012396694214879697e-03 3.242659758203800691e-03
5.028716216216221058e-03 2.416149068322985104e-03
1.145454545454576784e-04 3.070469798657720403e-03
-5.689490445859870030e-03 2.112426035502959227e-03
1.587976539589444147e-03 -4.243697478991577138e-04
2.774475524475526148e-03 -2.707641196013289473e-04
1.753311258278145201e-03 6.766409266409251786e-04
7.610561056105615008e-03 2.421529175050304069e-03
4.645547945205493606e-03 3.376267748478702264e-03
-9.076655052264744712e-04 7.559241706161153604e-04
6.515804597701158572e-03 2.209039548022600271e-03
-2.056737588652491982e-04 1.846379647749512871e-03
-4.308098591549295447e-03 1.683397683397686202e-03
2.407166123778503586e-03 4.872727272727272498e-03
1.252650176678447814e-03 2.710737179487182451e-03
5.982954545454549980e-03 6.217472118959137609e-04
2.135245901639344808e-03 5.827272727272743641e-04
-1.011583011583006833e-03 2.832096474953621663e-03
1.414739884393070857e-03 2.903368794326244024e-03
-1.640625000000000807e-03 2.285016286644952089e-03
2.010563380281692788e-03 1.352661596958177129e-03
-1.380952380952331165e-04 -6.544991511035635904e-04
-2.940839694656480121e-03 3.393939393939394023e-03
1.171924290220823037e-03 1.233570159857903846e-03
1.758333333333340258e-03 1.585164835164835744e-03
-2.444625407166123050e-03 2.292246520874751704e-03
9.829721362229163362e-04 2.061946902654869084e-03
5.627906976744184026e-03 1.913284132841331156e-03
1.037931034482757978e-03 4.872298624754428371e-04
-8.417508417508445329e-04 9.664107485604637353e-04
2.148083623693382380e-03 -3.735741444866894838e-04
2.229729729729767291e-04 1.079136690647483935e-03
3.477611940298553674e-04 3.244855967078190146e-03
1.217872340425531566e-02 5.908256880733965544e-04
5.675226586102723007e-03 2.440273037542681439e-04
-1.069875776397521223e-03 -6.509863429438529940e-04
2.868035190615840068e-03 2.290035587188615600e-03
1.062701612903226359e-02 1.022312373225153521e-03
7.204326923076921803e-03 4.982728842832498308e-04
1.895985401459852763e-03 5.827137546468415469e-04
-2.487318840579700978e-03 1.995551601423489058e-03
3.181985294117648660e-03 3.859813084112178726e-04
8.855263157894741055e-03 7.735674676524981761e-04
2.705323193916357293e-03 4.239852398523987799e-03
1.942028985507247363e-03 8.547826086956521532e-04
7.496402877697850263e-03 1.502782931354362155e-03
3.873831775700938701e-03 3.325131810193324589e-03
2.621399176954734237e-03 3.565913370998117192e-03
-4.529411764705885968e-03 2.936363636363639729e-03
-1.651960784313720584e-03 2.045816733067728262e-03
5.794676806083656762e-03 2.698010849909583935e-03
-1.428082191780822132e-03 2.186897880539521110e-04
1.481343283582091819e-03 3.043945312500002595e-03
5.695000000000003879e-03 3.566727605118830483e-03
2.717142857142863278e-03 2.085814360770580581e-03
2.152317880794704912e-03 1.487108655616945071e-03
-3.738028169014079218e-03 1.484751203852335377e-04
-2.074576271186444245e-03 1.401709401709429236e-04
3.375375375375383891e-03 -9.108391608391593584e-04
-5.572916666666637283e-04 1.924335378323110577e-03
5.396496815286621826e-03 -9.444444444444246353e-05
-4.722222222222223140e-03 3.418843283582092239e-03
-2.318481848184820397e-03 -2.298387096774166089e-04
7.257246376811602936e-03 2.692842942345925663e-03
2.766666666666665105e-03 9.101423487544481328e-04
1.941176470588236967e-03 1.711502782931355543e-03
2.306083650190114860e-03 2.578181818181821475e-03
2.344961240310101253e-04 1.095959595959598376e-03
2.250825082508256872e-03 2.078350515463919454e-03
2.206349206349212701e-03 1.658266129032259957e-03
1.698841698841697598e-03 1.753899480069324524e-03
-2.595015576323987227e-03 1.739051094890510952e-03
6.297583081571001516e-03 1.475499092558984473e-03
2.343750000000003816e-03 4.152985074626865981e-03
5.602006688963212522e-03 4.190740740740744007e-03
1.304407713498625682e-03 2.441860465116281118e-03
3.031746031746037750e-03 3.412663755458516298e-03
5.865187713310581613e-03 1.342832469775474998e-03
8.143712574850339855e-04 -2.248062015503806896e-05
3.843873517786564314e-03 1.286738351254481392e-03
4.278846153846154778e-03 2.470238095238099993e-03
-2.323987538940813433e-03 3.951473136915097692e-04
8.072490706319709192e-03 1.146296296296297817e-03
4.700000000000000185e-03 3.446750902527077540e-03
2.130067567567574347e-03 1.851637764932565801e-03
3.957661290322582286e-03 2.649155722326457154e-03
5.374587458745878205e-03 1.847039473684213787e-03
6.260162601626013436e-03 2.197420634920637609e-03
2.866894197952223229e-03 1.197740112994350511e-03
-4.303571428571368999e-04 2.212389380530974722e-03
6.731746031746035745e-03 7.867078825347772336e-04
1.541443850267385125e-03 1.592558983666062010e-03
1.337171052631579496e-03 4.221943048576219139e-03
6.191489361702185237e-04 2.579189686924495545e-03
-3.285915492957749203e-03 3.648648648648650087e-04
-5.599489795918358159e-04 5.489021956087840369e-04
2.631578947368501224e-04 5.514184397163136245e-04
1.890845070422538399e-03 3.466304347826090326e-03
-4.607843137254898774e-03 2.077425373134332825e-03
1.866795366795370205e-03 5.091973244147168483e-04
3.211409395973158481e-03 2.275693311582382364e-03
-3.090425531914888814e-03 8.558875219683661530e-04
7.661870503597147586e-04 -1.148217636022514808e-03
1.522950819672137367e-03 2.333980582524272564e-03
-2.401006711409392133e-03 5.554435483870989428e-04
2.290268456375841449e-03 3.027385159010602921e-03
-3.577712609970580050e-04 4.619327731092436051e-03
5.539525691699608186e-03 1.126689189189190735e-03
4.631921824104242962e-03 1.941964285714287098e-03
-1.879356568364611447e-03 -1.705314009661837178e-03
9.490084985835783860e-04 2.176136363636366200e-03
3.966049382716102544e-04 3.093582887700538180e-03
4.225085910652924548e-03 1.523105360443623808e-03
1.290983606557381900e-03 3.233812949640290420e-03
4.735807860262008194e-03 9.941860465116300356e-04
-1.226643598615916953e-03 5.686440677966133608e-04
-8.041958041957486026e-05 1.025900900900902652e-03
6.323343848580444994e-03 1.684163701067617393e-03
-2.175257731958759981e-03 1.977366255144033871e-03
8.790948275862072586e-03 4.015482695810566188e-03
7.402985074626885348e-04 1.834219858156029958e-03
-5.802795031055902122e-03 8.203703703703708276e-04
2.051369863013704706e-03 3.306010928961750257e-03
6.946308724832238064e-04 2.116525423728816101e-03
9.892156862745098492e-03 1.617704280155646268e-03
-2.297909407665505409e-03 8.782287822878257670e-04
3.417004048582996528e-03 1.914185639229424706e-03
9.189189189189190740e-03 3.287474332648873156e-03
-7.663602941176471221e-03 3.099115044247787235e-03
2.966666666666669533e-03 1.431818181818182538e-03
1.276041666666667077e-03 1.392307692307692690e-03
8.289699570815453264e-03 5.827205882352955472e-04
2.769076305220884247e-03 3.016891891891894384e-03
7.514657980456029840e-03 1.782097649186260369e-03
5.033464566929143034e-03 1.059829059829060739e-03
4.249152542372880946e-03 7.461240310077569637e-05
7.124600638977666815e-04 2.838797814207651062e-03
6.721428571428571773e-03 9.424083769633516405e-04
2.832103321033209442e-03 1.401515151515152734e-03
6.918238993710748401e-04 4.474955277280861544e-03
5.758122743682311112e-03 1.392482517482520601e-03
3.364055299539219618e-04 1.418016194331986508e-03
7.686792452830190463e-03 1.117867867867870053e-03
-1.671586715867157298e-03 -1.054964539007088154e-04
3.928571428571430574e-03 2.333973128598849922e-03
2.595238095238097502e-03 2.051126516464476125e-03
4.188524590163933241e-03 3.825000000000018164e-04
-2.406249999999996933e-03 2.043520309477760317e-03
4.956410256410258980e-03 3.036303630363041024e-03
3.595999999999996335e-03 1.546875000000003109e-03
-3.911067193675888537e-03 2.824953445065179862e-03
4.336177474402730728e-03 1.070599613152807376e-03
5.466783216783219213e-03 9.217527386541475793e-04
-5.250696378830021398e-04 1.512380952380953849e-03
3.262681159420289384e-03 -1.229838709677420858e-04
3.946666666666672971e-03 1.452380952380955860e-03
4.837890625000001478e-03 2.782608695652175838e-03
6.283185840708021370e-04 2.293636363636364448e-03
3.299065420560748016e-03 1.437819420783647412e-03
-2.040502793296088135e-03 2.446037099494096853e-03
4.527675276752767507e-03 2.968682505399573585e-03
1.469283276450514004e-03 9.351851851851876582e-04
-2.100378787878782148e-03 9.326923076923086375e-04
8.012295081967220345e-03 2.347537878787881675e-03
5.238372093023261657e-03 2.046728971962618725e-03
-9.176829268292663972e-04 3.280035335689047028e-03
-9.726277372262723221e-04 7.486388384755016329e-04
4.369863013698630644e-03 4.125698324022346840e-03
-6.954968944099374807e-03 1.470588235294126463e-04
5.653429602888084687e-03 2.719903691813805972e-03
-8.780487804878017548e-04 3.027386541471051989e-03
3.833333333333334425e-03 3.002354788069074888e-03
-1.081481481481482744e-03 -1.444539249146754986e-03
2.737500000000005988e-03 2.757637474541752964e-03
6.774744027303790600e-04 2.537625418060200557e-03
1.378181818181816159e-03 1.886546184738958519e-03
1.128526645768023395e-03 -2.858508604206492078e-04
7.825396825396861841e-04 2.322183098591551389e-03
3.501736111111112583e-03 4.058770343580471972e-03
-4.444444444444435442e-04 2.205825242718447137e-03
2.270522388059705975e-03 7.722672064777369103e-04
1.385338345864670735e-03 3.231225296442714347e-04
2.940384615384621179e-03 3.765654648956358926e-03
2.292096219931276293e-03 5.610465116279089249e-04
3.068627450980396243e-03 3.433794466403163482e-03
1.399253731343291958e-03 4.569730586370840050e-03
3.335294117647061296e-03 1.727848101265825297e-03
6.517295597484279272e-03 1.472133757961785385e-03
-3.903345724907064727e-04 1.089743589743589472e-03
2.100977198697076553e-03 1.581553398058255927e-03
-2.983928571428567933e-03 3.078268876611420495e-03
4.161111111111111087e-03 -7.697022767075320342e-04
5.019503546099296672e-03 4.420634920634927884e-04
6.000000000000001860e-03 9.015410958904116661e-04
-7.775974025974001762e-04 1.233333333333332593e-03
3.980000000000000898e-03 1.188931297709925347e-03
5.175619834710746062e-03 -2.192982456140235857e-05
2.404494382022471025e-03 1.779569892473118571e-03
5.358455882352945732e-03 4.267482517482518167e-03
6.910714285714289126e-03 1.539335664335665654e-03
5.553731343283589174e-03 1.032445923460898352e-03
5.956989247311829209e-03 1.608695652173913661e-03
2.088028169014085299e-03 7.967032967032968652e-04
1.751865671641798837e-03 4.879852125693188883e-04
2.604234527687304852e-03 2.279761904761906828e-03
1.670863309352525880e-03 3.325852782764811971e-03
3.836501901140684182e-03 2.624282982791588913e-03
-3.156441717791415563e-03 -2.485008818342154379e-03
1.585403726708080200e-03 -9.845094664371765916e-04
1.069400630914830444e-03 2.606473594548552961e-03
6.562056737588657825e-03 4.040262172284645077e-03
4.278210116731518721e-03 5.129729729729732776e-03
3.361842105263158735e-03 9.436893203883548950e-04
-4.338842975206775909e-05 1.474637681159422700e-03
5.133333333333331763e-03 2.278899082568811192e-03
2.846743295019160680e-03 3.215889464594130082e-03
5.088114754098365701e-03 3.913857677902638833e-04
3.747011952191244433e-03 5.312248995983937135e-03
1.653061224489794532e-03 1.062007874015747375e-03
2.480842911877400008e-03 2.005272407732866351e-03
8.136531365313713973e-04 1.317032040472177574e-03
-3.888278388278387961e-03 2.059837728194727734e-03
2.769372693726940456e-03 9.586466165413546009e-04
4.901185770750983613e-03 2.648083623693381957e-03
-5.517191977077360275e-03 3.647410358565741570e-03
4.864548494983279847e-03 2.487012987012988084e-03
-2.564062499999996032e-03 1.139763779527561442e-03
-1.961016949152537703e-03 1.780783582089554918e-03
-3.549019607843138390e-04 -6.473577235772357691e-04
1.366782006920421030e-03 3.303636363636366664e-03
7.884615384615380109e-04 -4.905303030303012450e-04
3.071691176470593004e-03 1.886186770428016505e-03
5.471186440677968353e-03 3.935233160621763940e-03
4.268965517241384705e-03 2.113636363636367446e-03
2.807692307692314856e-03 -1.970534069981567601e-04
2.620209059233448521e-03 1.067615658362990700e-03
4.874617737003061370e-03 3.110441767068274597e-03
3.403780068728522352e-03 1.985822306238187087e-03
-2.319526627218929712e-03 4.228952772073921521e-03
1.057186544342508284e-02 1.554240631163707805e-03
3.508865248226951915e-03 5.849894291754759688e-03
-4.184290030211458892e-04 9.936708860759496924e-04
9.264705882353015988e-04 2.906551059730253569e-03
-9.246031746031743367e-04 3.747810858143629689e-04
6.195652173913042231e-03 2.280898876404494936e-03
3.775409836065572212e-03 2.147398843930638929e-03
2.968468468468472496e-03 3.155357142857144210e-03
3.271704180064316167e-03 1.377876106194690945e-03
8.034055727554179462e-04 8.021653543307097128e-04
7.187500000000047583e-04 2.900542495479202683e-03
7.338521400778211592e-03 3.295497185741091441e-03
5.400958466453680343e-03 2.868209255533201840e-03
2.328996282527883745e-03 2.146048109965637083e-03
4.942857142857140333e-03 2.550274223034736890e-03
1.674295774647892613e-03 1.542570951585978687e-03
1.320422535211267755e-02 1.171322160148977011e-03
6.943333333333335210e-03 -2.067567567567566919e-03
4.157894736842108682e-03 3.611492281303603676e-03
6.851778656126486684e-03 1.408585055643881605e-03
-1.009259259259251201e-03 1.525000000000003783e-03
1.803779069767444572e-03 -4.912109374999984847e-04
1.426966292134838887e-03 3.189473684210528473e-03
2.939628482972135061e-03 2.017921146953405818e-03
-3.861702127659569824e-03 9.527027027027032500e-04
2.051851851851855049e-03 2.584158415841586887e-03
3.103515625000001239e-03 3.573886639676115105e-03
-6.129230769230767893e-03 1.362410071942444503e-03
1.982421875000003712e-03 -3.934740882917438102e-04
6.815018315018316931e-03 -1.091234347048287794e-04
8.041666666666694987e-04 3.345041322314050870e-03
1.818493150684936553e-03 1.262144053601342531e-03
9.751773049645422577e-04 1.290018832391739447e-04
2.302631578947378615e-03 2.850892857142860864e-03
3.961977186311795192e-03 3.772189349112426912e-03
1.927038626609445162e-03 9.651785714285725584e-04
6.119433198380568560e-03 1.008893280632413431e-03
1.877850162866451797e-03 1.232213438735180362e-03
6.131999999999997696e-03 7.300000000000019147e-04
-1.562499999997225830e-06 7.157598499061947409e-04
5.667241379310340027e-03 1.554607508532424671e-03
-2.970689655172413166e-03 3.334224598930482682e-03
2.491987179487183124e-03 2.540944881889765049e-03
-4.156549520766774156e-03 -2.203098106712566531e-04
3.552459016393449531e-03 1.264932562620425804e-03
1.175840978593274385e-03 4.944320712694889527e-04
7.401433691756316522e-04 1.779362416107385571e-03
-1.077338129496400966e-03 3.833333333333334425e-03
7.181481481481489203e-03 1.846790890269154250e-03
7.061403508771970467e-04 2.136948529411767522e-03
2.817275747508306716e-03 -1.580991735537191174e-03
-4.135802469135803827e-04 3.763157894736845858e-03
-4.383040935672511199e-03 2.334854014598540615e-03
-2.950581395348835130e-03 1.823089700996677548e-03
7.806000000000003040e-03 6.805054151624559313e-04
-3.675078864353316811e-03 -5.208333333333311577e-04
8.154676258992807694e-03 7.271863117870746738e-04
5.493103448275860057e-03 -1.107954545454534808e-04
4.172025723472673475e-03 8.864059590316583897e-04
1.196551724137931384e-03 1.648111332007954830e-03
1.699619771863126018e-03 2.926782273603082633e-03
-1.357913669064745319e-03 1.893636363636363399e-03
-9.363295880149404837e-06 1.181636726546909889e-03
4.718340611353719072e-03 1.568014705882353607e-03
1.193442622950819472e-03 2.946102819237151130e-03
8.648148148148189062e-04 2.730769230769230192e-03
4.914089347079042547e-03 1.684584178498989065e-03
9.448529411764746864e-04 1.733009708737865686e-03
-1.156015037593986555e-03 3.300000000000002150e-03
1.404109589041105128e-03 4.733521657250471144e-03
-2.380546075085321085e-03 3.735922330097088146e-03
3.654618473895583468e-03 2.151020408163269691e-03
-2.533112582781422420e-04 3.379174852652259975e-03
-9.249999999999913673e-04 1.691176470588237396e-03
6.778735632183910398e-03 2.009874326750450951e-03
6.137071651090345720e-03 2.294463087248323208e-03
5.735655737704914610e-03 -1.220703124999982382e-04
2.121359223300978147e-03 3.023679417122040504e-03
-1.699404761904761783e-03 2.093749999999996655e-03
-1.663299663299660234e-03 6.360225140712947320e-04
-1.501689189189185430e-03 2.074640287769786724e-03
4.794670846394987092e-03 2.653614457831330025e-03
3.453731343283590605e-03 6.040892193308590669e-04
1.877450980392161677e-03 2.967450271247743833e-03
2.543478260869563422e-03 1.872319688109161558e-03
6.896341463414638537e-03 1.506692160611855643e-03
8.318385650224230550e-04 2.161520190023756387e-03
1.167692307692313374e-03 1.799610894941636521e-03
7.359735973597362514e-03 2.083826429980279674e-03
5.730468750000004656e-03 2.492700729927007329e-03
-4.758064516128954137e-04 2.410714285714287298e-03
7.097315436241617356e-03 1.760548523206753330e-03
8.661666666666663003e-03 4.906621392190153299e-04
6.441747572815533125e-03 3.903846153846176345e-04
1.052425373134328358e-02 1.767857142857143498e-03
-1.315094339622637897e-03 1.778320312500001471e-03
4.991304347826089338e-03 1.368204283360791246e-03
-2.575617283950615722e-03 1.404411764705885144e-03
6.444881889763781277e-03 1.981765834932825484e-03
9.671532846716087155e-05 3.583653846153845787e-03
4.223809523809529849e-03 1.943298969072165382e-03
4.298969072164946469e-03 -2.101576182136566861e-04
4.974358974358976219e-03 2.776816608996541657e-03
-5.559701492537313244e-03 2.495840266222962549e-03
2.590909090909092501e-03 1.748623853211011322e-03
-3.829545454545453097e-03 2.515711645101665998e-03
1.277038626609442937e-02 1.143584521384931113e-03
-5.413533834586431535e-04 2.786926994906623999e-03
1.523474178403756533e-03 3.524907749077493477e-03
-1.149425287356301671e-05 2.208984375000000010e-03
-4.271666666666668402e-03 -6.186594202898530780e-04
2.702702702703133647e-05 1.454323001631322885e-03
-1.800711743772241908e-03 1.824607329842932489e-03
4.353383458646622149e-03 2.315912636505460150e-03
1.422727272727275158e-03 3.229480737018427909e-03
1.029710144927536465e-02 1.197346600331678206e-03
5.581125827814573115e-03 2.262435677530018341e-03
7.250000000000003837e-03 1.880907372400757605e-03
4.212301587301592667e-03 9.814502529510965145e-04
3.569078947368421826e-03 9.089108910891111059e-04
1.189705882352941682e-02 1.098979591836737098e-03
2.858391608391606682e-03 3.998091603053444045e-04
-1.061708860759493812e-03 1.433768656716419071e-03
2.390740740740744923e-03 3.449107142857143950e-03
6.120481927710843574e-03 -2.247292418772554303e-04
-4.679153094462543822e-03 7.881646655231568186e-04
-7.733564013840844983e-04 1.366056572379370504e-03
1.569526627218937069e-03 2.881422924901187992e-03
-3.213114754098332594e-04 1.888994307400381368e-03
6.792576419213973253e-03 1.366602687140117340e-03
3.408273381294965512e-03 4.198818897637800023e-03
9.736842105263187599e-04 1.602884615384615394e-03
5.478431372549023501e-03 1.238325281803545532e-03
-1.676991150442477992e-03 1.060000000000001479e-03
-3.236363636363589016e-04 2.358695652173916930e-03
5.503378378378378719e-03 -2.508960573476691665e-04
2.173913043478182413e-05 3.220817120622571778e-03
1.292063492063497349e-03 4.444444444444459294e-04
4.719672131147535817e-03 7.249103942652352023e-04
7.873046874999999403e-03 4.198952879581152424e-03
4.915686274509808822e-03 2.103030303030304932e-03
8.263999999999998777e-03 1.332737030411446381e-04
4.328621908127209227e-03 1.603556485355651625e-03
-5.283018867924281682e-05 1.767535070140281587e-03
-9.628975265017610191e-04 4.213893967093259121e-04
4.505813953488376801e-03 2.840371621621623488e-03
5.816239316239311605e-03 3.839869281045756207e-03
2.207641196013291739e-03 2.379549393414211265e-03
2.148214285714281514e-03 2.402826855123685779e-04
4.741830065359477209e-03 3.832391713747655151e-04
5.652671755725194834e-03 1.013223140495869224e-03
-3.228813559322034950e-03 2.461406518010293264e-03
5.141379310344832906e-03 9.932318104906954093e-04
-1.995312499999999691e-03 1.316006600660066814e-03
-3.924137931034481566e-03 3.532727272727275054e-03
5.742574257425748542e-03 4.127579737335855493e-04
-5.511551155115461875e-04 3.593582887700535588e-03
-1.708333333333332321e-03 1.516725352112677574e-03
5.791366906474851176e-04 4.168930390492361047e-03
-6.411149825783983396e-04 2.191699604743084680e-03
8.137065637065645646e-03 3.016187050359715131e-03
5.154929577464792932e-03 2.092870544090059178e-03
6.181102362204767215e-04 3.746848739495800638e-03
3.699626865671646909e-03 2.570312499999999681e-03
1.676562500000004872e-03 -3.740234374999989227e-04
-1.842532467532459169e-03 2.279174147217238097e-03
1.324829931972790415e-03 -1.492687385740401563e-03
3.812734082397004499e-03 -1.598178137651819859e-03
6.071984435797665204e-03 3.931132075471702181e-03
2.883858267716538602e-03 2.700400801603209094e-03
-1.532857142857141147e-03 1.055110220440882507e-03
1.959706959707024378e-04 3.158844765343353750e-05
2.065543071161051424e-03 1.958333333333334061e-03
4.192789968652037638e-03 -6.194852941176457340e-04
-7.880434782608692658e-04 1.378968253968264985e-04
-2.019607843137250208e-03 -2.146464646464630742e-04
3.057093425605538536e-03 1.990157480314964662e-03
5.022364217252402348e-03 2.411053540587220195e-03
-1.935714285714281065e-03 1.224719101123597324e-03
5.352649006622520363e-03 1.729582577132489926e-03
2.244966442953026838e-03 3.543133802816903193e-03
9.290780141844025243e-04 3.991289198606269746e-03
-2.541095890410953462e-03 1.170212765957449061e-03
1.399705014749267782e-03 1.723662884927064506e-03
5.629554655870450987e-03 2.843053173241852621e-03
-7.038123167155402446e-04 4.854700854700859229e-04
4.698979591836735699e-03 3.047833935018052793e-03
5.309523809523813455e-03 1.872456964006261092e-03
-5.276816608996517423e-04 -3.273244781783667340e-04
-1.085409252669038106e-03 3.016574585635360250e-03
-4.498327759197304297e-04 1.903191489361706580e-03
1.060439560439563724e-03 2.108202443280979190e-03
-2.660642570281124362e-03 1.275828460038989660e-03
3.475095785440614985e-03 3.593003412969286367e-03
1.749249249249254295e-03 2.514677103718198411e-03
3.816363636363639868e-03 1.801123595505619169e-03
2.422448979591841460e-03 1.653284671532846565e-03
2.865107913669064435e-03 1.203231292517008798e-03
-4.149456521739128614e-03 3.701077199281867149e-03
-2.601823708206687808e-03 1.399805447470820439e-03
-2.224842767295600200e-03 1.048828125000002883e-03
-1.104956268221571510e-03 1.086872586872588082e-03
9.433962264150937832e-03 2.778776978417276506e-04
-2.833935018050505851e-04 1.887010676156584011e-03
2.216981132075469298e-03 2.917153996101365908e-03
2.074688796680502698e-03 1.607485604606527030e-03
3.917785234899334376e-03 1.455307262569832281e-03
-3.472727272727271428e-03 1.906451612903225980e-03
1.860236220472442524e-03 3.164915966386558366e-03
-3.649837133550482265e-03 3.521238938053097758e-03
4.842271293375396447e-03 1.369606003752356816e-04
4.275618374558308107e-03 3.530418250950571532e-03
1.431693989071045926e-03 1.218574108818012156e-03
2.526859504132234011e-03 2.312844036697249070e-03
3.438538205980068603e-03 1.181318681318682239e-03
2.700000000000001444e-03 7.921146953405018782e-04
3.774844720496899411e-03 1.925958188153312775e-03
3.411111111111115625e-03 1.915951972555748114e-03
4.530651340996170659e-03 3.408023483365951907e-03
-1.916426512968255049e-04 2.633720930232559803e-03
2.249090909090912822e-03 2.691806331471134975e-03
-2.579326923076918562e-03 4.963276836158194739e-03
-1.715355805243445929e-03 1.562822719449227142e-03
3.155234657039718456e-03 3.891410048622367512e-03
3.477337110481589638e-03 2.324478178368123270e-03
-2.903278688524588060e-03 3.385714285714287470e-03
-8.477341389728094631e-03 1.635726795096324173e-03
3.443103448275864221e-03 3.528181818181819630e-03
-2.048648648648647517e-03 3.160919540229897916e-04
-3.269999999999996434e-03 1.749520153550863282e-03
5.655511811023624345e-03 2.706796116504856138e-03
5.284860557768925396e-03 3.027607361963197564e-03
-4.459143968871594546e-03 1.168685121107267697e-03
8.569131832797488536e-04 5.556478405315634465e-04
3.243727598566311602e-03 2.398423817863399622e-03
7.679738562091504607e-03 1.956597222222221984e-03
4.507092198581559052e-03 1.271186440677987803e-04
5.766666666666662132e-03 1.068441064638783744e-03
3.291958041958041852e-03 -2.052147239263801739e-03
-3.061933534743200430e-03 -1.034584980237155186e-03
-2.347744360902256563e-03 2.044545454545456872e-03
4.434628975265017536e-03 6.430842607313216625e-04
5.838403041825100497e-03 1.946180555555557115e-03
7.468197879858664429e-03 3.297406807131281203e-03
3.733576642335770246e-03 2.137453874538747939e-03
-1.814625850340131040e-03 1.234887737478424028e-04
-1.466783216783215009e-03 1.346234309623432334e-03
2.530120481927713733e-03 3.402152641878671609e-03
6.362876254180608801e-03 5.900000000000019812e-04
3.936781609195407101e-03 2.947508896797155793e-03
1.464980544747084305e-03 1.954716981132074462e-03
7.627035830618898206e-03 1.306066176470591002e-03
-5.046325878594249380e-03 4.493433395872422319e-03
-1.480555555555550500e-03 2.566598360655739011e-03
4.290909090909091755e-03 1.326589595375722661e-03
3.931818181818183891e-03 2.108058608058609434e-03
2.345360824742270030e-03 2.108255451713395706e-03
1.937246963562754432e-03 3.130063965884862746e-03
6.225190839694658661e-03 2.178431372549021784e-03
-8.651515151515107348e-04 7.091078066914488281e-04
-4.934210526315537963e-05 2.354297693920338278e-03
2.375939849624065636e-03 2.471287128712871921e-03
6.924398625429542585e-04 1.407662082514737944e-03
-2.376971608832804776e-03 3.267857142857145264e-03
1.737226277372265265e-03 2.440823327615783411e-03
-2.998076923076913210e-03 2.524029574861369560e-03
4.512589928057552692e-03 2.649171270718232631e-03
-3.468208092485485059e-04 2.409179687499999212e-03
9.288256227758050860e-04 2.229845626072057417e-04
-4.742765273311853207e-04 1.558983666061705903e-03
7.032692307692306639e-03 1.787625418060202710e-03
-3.678861788617882652e-03 1.221033868092692839e-03
7.311787072243351206e-03 2.263745704467355711e-03
2.865979381443302127e-03 3.738888888888890118e-03
4.791946308724835679e-03 1.893369175627242999e-03
9.036144578313277118e-04 2.584307178631054056e-03
-9.999999999999915640e-04 -6.338028169013808645e-05
9.767730496453899333e-03 2.943887775551106041e-03
6.490740740740749172e-03 3.827619047619051050e-03
-6.815789473684210828e-03 -2.212341197822142395e-03
-1.115835777126096681e-03 2.559523809523817192e-04
1.236538461538464698e-03 1.142314990512335957e-03
-9.905362776025203753e-04 5.126213592233012754e-03
1.553459119496858895e-03 2.442592592592593426e-03
3.994584837545132883e-03 2.499029126213594097e-03
3.916666666666668989e-03 2.631907308377897173e-03
1.498257839721296421e-04 3.086909871244634691e-03
2.451557093425606269e-03 1.372093023255817421e-03
2.125514403292184593e-03 3.058139534883722900e-03
7.006269592476561166e-04 2.028877887788782270e-03
7.145522388059708137e-03 4.572709163346613467e-03
3.276758409785936361e-03 3.679310344827586930e-03
3.759057971014496350e-03 1.948542024013724975e-03
-1.627747252747247311e-03 1.849090909090912206e-03
-3.685114503816790989e-03 2.321656050955415301e-03
1.868506493506498934e-03 1.075949367088607648e-03
1.402898550724635245e-03 1.388246628131022337e-03
-2.831775700934576791e-03 3.552529182879380493e-03
1.106811145510840436e-03 1.597938144329898646e-03
-3.178143712574852450e-03 1.831889081455808418e-03
6.289085545722716830e-03 3.196269982238010825e-03
1.930747922437673356e-03 2.054820415879018026e-03
5.136524822695034444e-03 1.433566433566459261e-04
7.483146067415733134e-03 1.180851063829787932e-03
1.071509433962265084e-02 -1.440677966101481004e-05
5.192196531791907869e-03 4.078014184397193509e-04
6.778761061946907140e-03 3.028455284552872251e-04
-1.264367816091888097e-04 1.418200408997958000e-03
9.785714285714291680e-03 4.124783362218372405e-03
5.681034482758623612e-03 2.623728813559323293e-03
-5.791666666666661113e-03 2.354089219330857043e-03
2.711838006230536755e-03 2.618197278911567945e-03
3.012323943661973126e-03 1.110091743119267409e-03
4.523809523809497134e-04 6.366459627329204302e-04
-3.057377049180322586e-03 2.027932960893855455e-03
-3.022038567493111859e-03 1.288426763110308952e-03
-1.373263888888883941e-03 1.903320312500003750e-03
1.625000000000001010e-03 9.925650557620834761e-04
-1.298932384341633210e-03 4.023157894736844806e-03
-2.429203539823005745e-03 3.756711409395976139e-03
4.534653465346542150e-03 3.387791741472174697e-03
8.057251908396954529e-03 3.034482758620704905e-04
2.840236686390532408e-03 1.470491803278689211e-03
1.845637583892656408e-04 1.529922779922781272e-03
6.925862068965522172e-03 1.478705281090292398e-03
7.624137931034485199e-03 2.916338582677166155e-03
9.986220472440949722e-03 2.259157509157509475e-03
-1.168730650154798907e-03 2.056818181818181792e-03
3.831632653061229840e-03 2.697211155378488861e-03
2.527131782945736191e-03 1.616822429906553896e-04
-1.999999999999996139e-03 3.206281833616297147e-03
6.554054054054063438e-03 1.173704414587331503e-03
2.462546816479403104e-03 1.283962264150943777e-03
-9.665551839464846902e-04 1.647572815533982936e-03
-2.305059523809523895e-03 1.086956521739131315e-03
2.226666666666673663e-03 2.302579365079367689e-03
-4.451117318435753555e-03 -4.739039665970778969e-04
-4.194822888283375635e-03 -2.100192678227349194e-04
5.346534653465348681e-03 2.427592954990215931e-03
-1.493311036789296206e-03 -2.150278293135434154e-03
1.864620938628164335e-03 2.703703703703702090e-03
3.571428571428577389e-03 3.417485265225935018e-03
2.900000000000001969e-03 1.765858208955224792e-03
5.283057851239664551e-03 1.165111940298510420e-03
1.509463722397482929e-03 3.015075376884451580e-05
2.353061224489796151e-03 2.916230366492149253e-03
7.787465940054503349e-03 -9.767891682785223985e-05
7.620833333333337095e-03 1.338308457711444559e-03
-7.605177993527498410e-04 1.481000000000002280e-03
5.804545454545457193e-03 1.722323049001816707e-03
5.478927203065133908e-03 -2.025782688766074454e-04
5.431034482758629028e-04 1.968992248062016812e-03
2.983805668016198745e-03 2.235477178423240629e-03
4.917543859649130440e-03 2.176524953789280188e-03
2.810397553516825325e-03 2.324898785425102282e-03
-3.837455830388693603e-03 1.066231343283585101e-03
2.132398753894090143e-03 4.199840764331212728e-03
4.395306859205785378e-03 2.363911290322582605e-03
9.567460317460323507e-03 1.866556836902801084e-03
2.058823529411768754e-03 1.923819742489273413e-03
5.158730158730202636e-04 3.003418803418805329e-03
2.015974440894579330e-03 1.977495107632096499e-03
8.478070175438589748e-03 3.247987117552335410e-03
2.213286713286714488e-03 2.909407665505249355e-04
-1.894197952218395738e-04 3.937500000000000895e-03
-1.288461538461532383e-03 2.630546075085325643e-03
3.903985507246381190e-03 -1.313025210084000217e-04
4.447619047619044870e-03 2.251824817518248770e-03
4.321256038647343020e-03 3.791423001949319974e-03
4.842105263157924356e-04 3.610019646365428530e-03
5.525925925925932389e-03 -2.043551088777200223e-04
1.770569620253168320e-03 3.490636704119850619e-03
5.447457627118647110e-03 2.198380566801621042e-03
9.446768060836510661e-03 2.832023575638510302e-03
9.010309278350510376e-03 5.372848948374787069e-04
-1.642201834862383686e-03 3.573104693140794885e-03
4.211469534050220950e-04 2.175406871609406566e-03
-1.726415094339619040e-03 -2.376490630323678434e-03
-3.778816199376948490e-03 2.963821892393322163e-03
4.457295373665486581e-03 2.451960784313728103e-03
-3.031456953642383458e-03 -5.689981096408308408e-04
1.122743682310471842e-03 1.441729323308273050e-03
1.628664495117443474e-06 1.910447761194031865e-03
1.266903914590751220e-03 1.197674418604653462e-03
6.794871794871827067e-04 8.088768115942044246e-04
5.368243243243239760e-03 2.279541446208114674e-03
3.922413793103452298e-03 7.614155251141573304e-04
-1.955172413793098123e-03 2.178438661710039616e-03
4.180602006688981568e-04 1.597173144876326990e-03
-3.275179856115101144e-03 3.154343807763404332e-03
-4.274305555555555497e-03 1.714022140221405175e-03
1.793478260869566226e-03 2.513636363636366326e-03
-7.481751824817520517e-04 2.022471910112360119e-03
5.418566775244305044e-03 3.414460285132382786e-03
7.843648208469057928e-03 1.332792207792208965e-03
4.843137254901967552e-03 1.951097804391218509e-03
-2.057312252964422356e-03 1.985682819383263395e-03
4.470149253731344613e-03 2.594161958568740652e-03
3.799363057324849340e-03 2.069471624266147267e-03
-9.436860068259382561e-04 1.348659003831417270e-03
2.491902834008104164e-03 8.195422535211279542e-04
5.352848101265825914e-03 -1.660808435852371501e-03
-4.127218934911239777e-03 1.860921501706485140e-03
2.530241935483871704e-03 1.570610687022902605e-03
4.615969581749055327e-03 1.774102079395085615e-03
6.031518624641894885e-04 2.260040160642571780e-03
6.360841423948225375e-03 2.856682769726249897e-03
5.597222222222218713e-03 1.085051546391754395e-03
1.360344827586214712e-03 2.610701107011098110e-04
-1.624528301886794725e-03 3.320105820105820772e-03
1.834319526627227123e-03 1.039335664335666728e-03
-1.643598615916921869e-04 1.704460966542749789e-03
2.650877192982462743e-03 4.375652173913046998e-03
3.360000000000002308e-03 2.643243243243244972e-03
-5.346820809248506706e-04 2.189573459715641202e-03
6.180451127819547481e-03 5.121527777777939235e-05
1.789575289575292194e-03 4.276200873362446565e-03
1.380177514792905145e-03 8.045738045738060670e-04
-2.996415770609315177e-03 2.563551401869160629e-03
7.128881987577641299e-03 -8.789386401326704018e-04
4.780534351145043076e-03 1.397940074906371113e-03
6.543706293706293489e-03 1.783185840707965982e-03
4.790322580645162663e-03 5.149812734082417605e-04
3.668439716312061217e-03 2.587765957446810754e-03
-6.862542955326454350e-03 1.425663716814161170e-03
2.430868167202576095e-03 2.035842293906813764e-03
-1.055389221556884928e-03 2.417414721723518730e-03
3.259803921568632957e-03 1.329702970297034006e-03
3.776276276276279917e-03 1.951844262295084629e-03
2.742236024844727296e-03 8.866279069767450845e-04
-5.540935672514574716e-04 2.207100591715975731e-03
5.880952380952384276e-03 -5.340681362725406252e-04
5.633802816901400078e-04 6.723484848484882022e-04
-3.756134969325151778e-03 1.195825049701790396e-03
1.690140845070386467e-04 2.059200000000000180e-03
-3.797250859106517215e-04 1.410646387832701710e-03
4.571180555555555761e-03 1.078849721706866141e-03
-1.446096654275092885e-03 -9.735234215885937977e-04
7.142857142857230671e-04 2.442669172932332260e-03
6.516245487364622987e-03 1.536815068493152091e-03
2.652597402597403359e-03 1.048113207547168727e-03
-4.760061919504639423e-03 4.538389513108614937e-03
3.934306569343071214e-03 1.325680272108845743e-03
4.569999999999995073e-03 4.020348837209303597e-03
4.423664122137405119e-03 3.504363001745204598e-03
1.874501992031880025e-03 2.199275362318843866e-03
1.256704980842909911e-03 2.559590316573558642e-03
3.512681159420291774e-03 3.039805825242720538e-03
6.957264957264967277e-03 2.494555353901996980e-03
2.829218106995885339e-03 -1.312625250500982252e-04
-2.267123287671233851e-03 2.225933202357562816e-03
-3.399006622516550450e-03 2.489889705882357245e-03
5.741379310344903435e-04 1.797101449275365559e-03
-7.100358422939067639e-03 6.693840579710154393e-04
-2.809523809523760927e-04 1.407303370786517314e-03
2.986111111111118196e-03 6.181172291296654952e-04
9.909836065573772099e-03 3.153429602888088538e-03
1.700000000000003808e-03 1.045787545787547597e-03
6.080291970802928318e-03 3.146044624746452238e-03
-4.199999999999924280e-04 2.470149253731344138e-03
4.970238095238098744e-03 4.062124248496999310e-03
5.941406250000004843e-03 1.015817223198596346e-03
4.836538461538466768e-03 9.858870967741973409e-04
7.594982078853051814e-03 1.376046901172532557e-03
3.704697986577184382e-03 4.257713248638835858e-03
4.558419243986259334e-03 1.189024390243905447e-03
-5.899305555555549134e-03 3.370609981515715597e-03
-4.248106060606062460e-03 2.832631578947371331e-03
-1.803030303030259151e-04 2.157618213660244047e-03
3.390965732087230806e-03 7.867892976588641146e-04
1.531372549019608016e-03 3.030828516377649141e-03
-9.246031746031726020e-04 1.138623326959847934e-03
-1.794776119402982173e-03 3.096613545816734054e-03
1.321656050955415281e-03 3.290766208251466401e-04
5.333333333333327951e-03 1.066202090592337053e-03
4.363636363636629869e-05 3.139053254437871969e-03
1.548172757475082661e-03 -1.443798449612390059e-04
-8.356164383561133881e-05 3.419999999999998128e-03
7.879245283018872226e-03 4.549689440993791821e-03
6.795321637426905530e-03 1.965740740740741857e-03
2.281588447653437081e-03 1.124329159212882111e-03
-2.074242424242420287e-03 1.966150870406191409e-03
1.120817843866167996e-03 1.200511945392492832e-03
3.894136807817588728e-03 2.479047619047619871e-03
4.926691729323308747e-03 2.135245901639343941e-03
2.106918238993711699e-03 2.884735202492213352e-03
-2.664335664335658847e-03 1.455652173913044543e-03
6.115269461077848211e-03 2.610655737704918340e-03
1.028428093645490735e-03 2.000841750841753086e-03
4.299079754601230381e-03 4.345794392523377779e-04
3.866220735785956542e-03 1.203571428571431883e-03
2.457337883959080605e-04 3.830097087378641404e-03
1.351973684210527231e-03 1.932758620689658223e-03
6.297709923664123778e-03 2.478624535315988604e-03
5.698529411765078416e-05 2.741902834008099182e-03
-2.563545150501670561e-03 2.998371335504887870e-03
-4.129166666666662065e-03 2.062613430127044258e-03
2.040772532188842633e-03 -2.718360071301231156e-04
1.062500000000000510e-03 2.274599542334099049e-03
-1.185546874999992379e-03 1.541992187500000827e-03
1.436329588014981402e-03 1.586762075134168877e-03
2.451438848920870460e-03 2.130434782608697092e-03
2.800341296928330909e-03 3.008928571428588924e-04
8.900000000000005129e-03 3.236742424242427130e-03
1.205776173285198587e-02 2.081560283687943456e-03
-1.934169278996861760e-03 8.042671614100200097e-04
1.184905660377362372e-03 1.410476190476192462e-03
4.190812720848058684e-03 -4.016064257027915298e-05
-2.057823129251697743e-03 8.888888888888889315e-04
8.254385964912284990e-03 1.846827133479214114e-03
2.095988538681950626e-03 2.676678445229685194e-03
1.002401746724891109e-02 2.187872763419485174e-03
-1.356164383561644232e-03 2.915238095238095305e-03
7.201986754966889850e-03 1.710801393728224144e-03
-5.538922155688395143e-05 2.451277955271568415e-03
-2.395384615384613027e-03 3.175110132158591881e-03
-1.372013651877131537e-03 1.178638941398866711e-03
3.462264150943398459e-03 2.935897435897438616e-03
-1.106870229007577393e-04 3.658286778398512056e-03
-1.007739938080493610e-03 1.289335664335665866e-03
6.719557195571963272e-03 1.861344537815127738e-03
-2.011041009463719175e-03 1.262214983713353940e-04
-3.646551724137927619e-03 3.801010101010103993e-03
3.470588235294119837e-03 5.152091254752856316e-04
9.145454545454567274e-04 3.631984585741813119e-03
4.653571428571433993e-03 1.093856655290103468e-03
5.030844155844155750e-03 -6.794871794871767436e-04
-5.876044568245122370e-03 1.684210526315790650e-03
1.039383561643845858e-03 2.529616724738678081e-03
-2.208480565370975646e-04 2.536046511627906841e-03
1.794520547945210008e-03 2.375444839857651733e-03
2.178832116788327611e-03 1.393996247654785345e-03
2.954391891891893027e-03 4.488330341114629528e-06
3.680635838150291168e-03 -9.240924092408985761e-05
7.650375939849629603e-03 1.836769759450172486e-03
4.618892508143322001e-03 1.030245746691872775e-03
-2.085877862595418575e-03 2.894000000000002473e-03
7.465277777777777277e-03 1.595323741007193376e-03
2.175531914893620578e-03 3.643700787401576817e-03
1.021404109589041202e-02 1.752851711026617723e-03
1.388489208633097690e-03 3.630927835051547380e-03
3.481012658227947316e-04 3.295977011494253747e-03
6.505791505791505384e-03 2.193576388888889006e-03
3.461397058823530853e-03 1.781468531468532188e-03
4.990566037735857073e-03 1.981046931407944023e-03
-7.236334405144697821e-03 9.868421052631594446e-04
3.192934782608742163e-04 2.072504708097928569e-03
-3.988970588235321991e-04 3.608996539792387170e-03
1.943514644351464248e-03 1.645283018867927174e-03
1.672535211267613163e-03 2.102992957746480790e-03
-4.463126843657815902e-03 2.735124760076777795e-03
8.873239436619727565e-04 3.011363636363637757e-04
8.379310344827645010e-04 4.115173674588667660e-03
-8.312883435582812302e-04 2.297268907563025479e-03
1.672638436482089350e-03 2.479930191972078840e-03
-2.354838709677419418e-03 1.346011131725417505e-03
1.249999999999992220e-03 1.868677042801559184e-03
-3.606761565836296216e-03 2.322344322344325335e-03
4.461089494163424270e-03 2.741592920353982856e-03
9.916000000000004672e-03 -4.748062015503431272e-05
-2.785947712418302292e-03 2.018716577540107145e-03
-1.873737373737369713e-03 2.855595667870037321e-03
6.291970802919710781e-03 6.172480620155062657e-04
2.292808219178088785e-03 1.867783985102423926e-03
5.051428571428575633e-03 2.191956124314443401e-03
3.580459770114945151e-03 3.157894736842106927e-03
2.325174825174829239e-03 2.390858208955223829e-03
7.533730158730165931e-03 2.944337811900192906e-03
2.468379446640320361e-03 4.592495636998256484e-03
-9.965635738831223175e-05 9.000000000000030111e-04
9.943396226415093450e-03 1.391382405745063017e-03
-3.459269662921345915e-03 -1.383399209486149673e-04
2.277777777777778741e-03 7.393238434163725047e-04
2.764367816091960715e-03 4.356736242884250848e-03
1.172240802675590882e-03 2.437181663837014508e-03
1.777429467084648378e-03 2.012589928057556543e-03
4.167218543046360794e-03 2.469670710571924849e-03
2.241258741258743067e-03 1.197936210131334131e-03
3.162109375000006495e-03 1.748633879781422065e-03
5.192446043165472799e-03 2.460877862595421510e-03
1.021660649819499398e-03 2.225042301184435457e-03
-1.826241134751772606e-03 1.181381957773512204e-03
-1.360169491525419156e-03 -4.312977099236640997e-04
6.745283018867935347e-03 2.204201680672270101e-03
8.220689655172412624e-03 9.592030360531334041e-04
4.186974789915968997e-03 1.978632478632479704e-03
1.195402298850576804e-03 4.720675944333998716e-03
1.184349593495935722e-02 1.274869109947645695e-03
-6.517921146953402009e-03 -1.408634538152608818e-03
2.899293286219084293e-03 1.697695035460990414e-03
2.240121580547112853e-03 2.090452261306533725e-03
4.131086142322095041e-03 3.107414448669205270e-03
1.902735562310038826e-03 1.304878048780490699e-03
-7.600671140939568426e-04 1.758747697974219829e-03
-5.732484076433115193e-04 1.523090586145649543e-03
8.595238095238096759e-03 3.250472589792061887e-03
5.663424124513616667e-03 1.902631578947372362e-03
3.777192982456145914e-03 2.821161048689139941e-03
6.702970297029708924e-03 2.525162337662342164e-03
1.107784431137747198e-04 8.636363636363637332e-04
2.282131661442012450e-03 7.577639751552824260e-04
-9.689542483660149898e-04 3.353806228373703169e-03
-5.719696969696947113e-04 2.013131313131314316e-03
7.848958333333329318e-03 3.253119429590017918e-04
7.131147540983608611e-03 1.333639705882353182e-03
3.365145228215773044e-03 2.724489795918369917e-03
4.920391061452515473e-03 -1.084507042253519656e-03
-2.340062111801245737e-03 3.813405797101461839e-04
3.458064516129035187e-03 5.581818181818195375e-04
-1.504559270516713995e-03 4.312056737588651489e-03
6.182432432432447564e-04 2.632118451025057711e-03
2.467054263565891543e-03 2.270992366412238710e-04
-1.216949152542366915e-03 2.060085836909871394e-03
9.076086956521775334e-04 6.915584415584426908e-04
2.119596541786747911e-03 1.865120274914091767e-03
3.216723549488058678e-03 -3.606837606837601110e-04
-7.032640949554925733e-04 8.851590106007078658e-04
4.808550185873613353e-03 4.035916824196599494e-03
3.777272727272729808e-03 2.200000000000001867e-03
-1.413284132841323773e-03 1.538922155688622661e-03
7.175438596491304829e-04 2.713186813186815004e-03
2.784057971014497045e-03 2.043478260869566014e-03
4.696428571428577087e-03 5.831826401446671068e-04
-3.666118421052630156e-03 1.986434108527133924e-03
-8.848920863309318484e-04 3.548657718120807377e-03
3.074427480916035963e-03 2.730988593155895660e-03
2.003333333333336564e-03 3.333663366336633502e-03
8.778625954198506637e-04 1.560077519379848799e-03
