-9.771863117870717083e-03 2.784471218206158605e-03
-3.292682926829180686e-04 6.050531914893617297e-04
-9.332644628099164008e-03 1.872151898734177424e-03
1.082061068702297587e-03 -2.588555858310631857e-04
-1.333333333333328518e-03 1.926286509040353687e-04
-7.407942238267136749e-03 1.981830417227456540e-03
-8.615523465703968375e-03 2.504691689008041889e-03
2.214022140221957099e-05 1.167317708333335527e-03
-6.235955056179718703e-04 1.594827586206896226e-03
-2.768018018018011256e-03 1.481084489281211600e-03
-7.216363636363625801e-03 1.695012787723784286e-03
5.274725274725312234e-04 -2.925392670157063923e-04
2.274844720496901115e-03 1.338213762811127404e-03
1.964583333333344214e-03 3.433247753530167465e-03
1.269406392694071321e-03 -7.569536423841040145e-04
-1.781531531531526519e-03 3.021984924623116481e-03
-3.491031390134523987e-03 -1.552790346907995675e-03
-4.264258555133068791e-03 2.619784656796769751e-03
3.425724637681164600e-03 2.695355191256831526e-03
-8.816254416961083213e-04 4.837872892347600657e-04
-1.553999999999995489e-03 5.590604026845654925e-04
-9.057971014490347821e-06 1.639120095124850691e-03
-5.879591836734685863e-03 1.492884864165589442e-03
-2.659192825112098330e-03 2.099190283400809674e-03
-5.186567164179016086e-04 2.457084468664851723e-03
5.812949640287774604e-03 3.612021857923499151e-03
2.420000000000005480e-03 1.627187079407806276e-03
-1.047192982456138927e-02 -3.265306122449002373e-05
-6.982089552238797577e-03 1.413369713506142013e-03
-7.174825174825173561e-03 -1.298709677419354440e-03
-3.859756097560967329e-03 2.422659430122117361e-03
-3.272727272727264398e-03 -5.427841634738070950e-05
5.516245487364631640e-03 7.923497267759551993e-04
-6.861111111111104291e-03 1.532163742690059857e-03
-1.970198675496684457e-03 5.595084087968950001e-04
-1.101818181818177552e-03 3.136363636363637217e-03
-6.267272727272719425e-03 -7.136752136752126012e-04
-4.789930555555553353e-03 1.696581196581196374e-03
-6.415686274509798878e-03 -3.045212765957450401e-04
-1.590909090909083589e-03 1.819923371647508975e-03
2.352398523985246154e-03 2.057220708446871383e-04
-2.008733624454139832e-03 2.517356475300402442e-03
3.843636363636368947e-03 1.959493670886075511e-03
-4.394736842105258570e-03 3.374455732946298435e-03
-2.673312883435573998e-03 1.556629834254142676e-03
4.713523131672600619e-03 5.558546433378192637e-04
-3.505976095617522204e-03 1.445366528354080876e-04
-9.989711934156375595e-03 2.976070528967254911e-03
-7.315126050420157552e-03 4.280434782608695359e-03
2.361538461538467432e-03 9.522546419098160261e-04
-4.501694915254229705e-03 4.862068965517241776e-04
-1.358139534883715189e-03 3.420811518324608658e-03
4.123188405797106708e-03 2.630555555555556986e-03
-1.971544715447147694e-03 3.093369418132613929e-03
-1.940647482014386509e-03 2.227091633466135069e-03
9.182242990654304431e-04 3.552500000000000102e-03
-6.001818181818175876e-03 2.111675126903553995e-03
-2.813559322033893240e-03 9.260515603799194433e-04
1.252604166666673345e-03 -1.731724137931034239e-03
-1.739336492890992091e-03 3.091823056300269622e-03
7.469767441860474845e-03 1.399445214979196583e-03
-1.040181818181818048e-02 8.189533239038195413e-04
-1.450217391304347604e-02 2.565616797900263819e-03
-6.821052631578941247e-03 -2.301349325337324740e-04
2.019083969465659736e-03 2.495070422535212822e-03
-6.043624161073822727e-03 8.342579750346739093e-04
-1.314126394052038274e-03 5.633514986376030173e-04
4.831666666666675075e-03 -8.063427800269898707e-04
2.621794871794874346e-03 1.789570552147237963e-03
-1.493181818181813208e-03 1.343209876543210350e-03
2.861111111111118085e-03 7.586926286509059012e-04
-5.013307984790865875e-03 1.363031914893617471e-03
-1.352621722846441762e-02 9.315856777493603967e-04
-5.613382899628175217e-04 9.755244755244763151e-04
1.326530612244969268e-04 7.624345549738241511e-04
-6.617117117117112500e-03 3.205179282868525319e-03
2.269230769230776417e-03 2.510869565217390895e-03
2.648148148148155110e-03 1.439008894536214066e-03
4.752525252525258148e-03 2.379150066401062615e-03
-8.035135135135129322e-03 2.896138482023983261e-04
4.292929292929366651e-04 -3.063623789764864961e-04
-4.166666666666657935e-03 -5.939897698209713542e-04
3.949652777777783695e-03 6.312929848693258142e-03
-3.097643097642982751e-04 -1.837517433751742089e-03
-1.343023255813951666e-03 1.540787623066105280e-03
-9.223107569721070370e-04 -8.089171974522292976e-04
-1.109440559440558888e-02 2.876344086021500983e-04
2.555555555555638213e-04 5.235148514851493051e-04
-2.545302013422809893e-03 -1.006105834464044065e-03
-7.304435483870963010e-03 7.526525198938996625e-04
-9.247950819672121417e-03 3.539473684210525488e-03
-6.654506437768241064e-03 1.506675567423230652e-03
-8.396551724137888903e-04 7.210386151797601234e-04
-5.499999999999993609e-03 1.137409200968522672e-03
-3.261316872427975997e-03 2.030496453900710978e-03
-6.457446808510639881e-03 3.036505867014341938e-03
-1.374999999999992981e-03 1.383763837638378241e-04
2.136363636363648472e-03 2.767647058823528763e-03
-7.380952380952325760e-04 1.092544987146529430e-03
-1.659362549800786442e-03 1.729922279792746537e-03
-8.483333333333330575e-03 1.032068062827225328e-03
-8.846874999999993633e-03 2.850582147477359694e-03
-1.575949367088600502e-03 1.883928571428572637e-03
-5.252918287936948972e-05 2.428284182305631266e-03
-6.663157894736837852e-03 3.227209944751381274e-03
5.575242718446610582e-03 4.737092391304347470e-03
-1.050206611570247972e-02 -1.893139841688643596e-04
8.210116731517570635e-04 1.537935323383085107e-03
3.210037174721197799e-03 2.435714285714295820e-04
-3.693089430894301237e-03 -1.442119944211994135e-03
-6.620071684587806524e-03 9.068027210884367466e-04
-7.648230088495570900e-03 2.765447667087011802e-03
-4.875375375375370912e-03 3.498694516971273950e-04
-3.071153846153839347e-03 1.249999999999999592e-03
1.124074074074083102e-03 3.386792452830191761e-03
8.688212927756712011e-04 1.373579545454546103e-03
4.878048780493766902e-06 7.918313570487490755e-04
4.251953125000007029e-03 1.433634020618555945e-03
-4.334024896265550181e-03 1.730603448275862223e-03
-5.281007751937976183e-03 1.424592391304349949e-03
-2.999999999999997460e-03 2.206622516556291762e-03
-5.790983606557372453e-03 1.443046357615894709e-03
3.325102880658438887e-03 8.038709677419352386e-04
2.905405405405413893e-03 1.472549019607842340e-03
-9.950431034482756093e-03 2.278020378457060787e-03
-6.366171003717468503e-03 -1.627747252747243354e-04
1.656126482213439487e-03 6.680731364275731352e-05
-6.824152542372876641e-03 -2.213997308209969799e-04
-5.823643410852705031e-03 -2.035220994475136266e-03
-7.859649122807007421e-03 2.351948051948054338e-03
-1.542338709677417612e-03 7.905585106382976126e-04
1.977732793522273338e-03 1.826397919375812029e-03
-8.390476190476177376e-03 3.016846361185984444e-03
-5.509345794392514137e-03 1.308035714285714921e-03
-6.398523985239842546e-03 -2.856135401974603224e-04
8.916349809885979524e-04 -3.052168021680214983e-03
-1.252136752136751192e-02 2.141959798994975354e-03
-4.330960854092521552e-03 3.136054421768717272e-04
3.519543973941371539e-03 -4.623076923076923110e-04
1.769662921348324645e-03 3.909329829172140253e-03
-1.123430962343089463e-03 3.092296511627907595e-03
-7.044401544401533016e-03 1.526623376623376972e-03
6.602620087336251962e-03 -2.156716417910428522e-04
4.337979094076661012e-03 -9.959072305593454370e-05
-4.695340501792112306e-03 1.003311258278145619e-03
-7.112068965517159315e-04 3.291230366492146984e-03
-2.687022900763351776e-03 3.683116883116884042e-03
-4.247950819672121313e-03 2.879616963064295619e-03
-5.882352941176465302e-03 -4.262613195342805899e-04
-9.821428571428487530e-04 7.331670822942639148e-04
-8.133047210300350938e-04 -9.666666666666671060e-04
-5.313099041533542177e-03 8.442176870748308113e-04
-7.956621004566200375e-03 2.492838541666667507e-03
4.587628865979448368e-04 2.703366058906030676e-03
-2.985655737704913035e-03 1.554123711340207360e-03
-1.497198275862067322e-02 1.166242038216561052e-03
-9.346153846153679515e-04 5.589887640449435870e-04
-1.057860262008733336e-02 2.655405405405418875e-04
-6.481927710843362646e-03 1.311901504787961730e-03
-4.583011583011567525e-03 6.927860696517420874e-04
-1.419762845849801766e-02 2.159090909090911285e-03
2.080223880597023654e-03 -3.541666666666656621e-04
1.089285714285722750e-03 2.524509803921570240e-03
6.163265306122538362e-04 -1.291777188328912173e-03
-7.995495495495486687e-03 1.462345679012346444e-03
-6.006072874493922908e-03 8.731343283582086983e-04
-1.448207171314733416e-03 -1.354166666666649799e-04
1.203767123287680313e-03 2.641025641025640525e-03
6.819923371647538786e-04 -5.886157826649397225e-05
-5.476890756302512688e-03 3.985806451612903915e-03
3.939330543933060487e-03 1.935630689206761356e-03
-6.411764705882345115e-03 1.442231075697211502e-03
7.844444444444517543e-04 5.729303547963208272e-04
-4.224537037037025787e-03 3.389841688654355104e-03
1.229452054794524189e-03 2.431372549019609509e-03
-1.176895306859197191e-03 1.289808917197451813e-03
-2.930894308943078879e-03 2.720025510204084323e-03
-2.355839416058384123e-03 -4.056482670089856034e-04
3.144104803493458396e-03 1.602923264311813560e-03
9.277978339350266730e-04 7.232746955345063875e-04
-3.988789237668157253e-03 -1.401580459770114268e-03
-9.687499999999933794e-04 2.778461538461537809e-03
-5.019841269841203999e-04 1.441891891891890253e-03
-1.165451388888888093e-02 2.774238227146815731e-03
-6.685606060606022125e-04 9.634308510638286060e-04
-4.272875816993457025e-03 2.095617529880479477e-03
2.935018050541523399e-03 9.336734693877542408e-04
-6.565656565656560230e-03 2.023521505376346587e-03
5.737051792828756379e-04 3.189907038512616345e-03
-1.167658730158730243e-02 1.132313829787234176e-03
-2.946938775510194765e-03 6.256906077348070670e-04
2.814606741573042002e-03 6.190140845070427273e-04
-1.589861751152067443e-04 -2.318118948824343835e-03
-1.999999999999992669e-03 2.670716112531969048e-03
-6.493534482758616527e-03 8.269986893840105017e-04
5.488281250000091611e-04 -3.010752688172050272e-04
-4.710743801652832424e-04 3.701380175658730716e-04
-1.151960784313714068e-03 2.412422360248446095e-03
-2.760504201680665220e-03 1.736526946107784736e-03
-4.002016129032252498e-03 8.598130841121497158e-04
2.770909090909098611e-03 -2.019736842105270881e-04
-8.729508196721299379e-03 2.573907455012854929e-03
2.786432160804024321e-03 1.572433192686358656e-03
-2.705263157894731863e-03 1.361898016997168271e-03
-1.468589743589743257e-02 2.096774193548387854e-03
-7.155241935483865404e-03 1.926729986431476829e-04
-9.040983606557371002e-03 1.094391244870041024e-03
-1.041015624999996154e-03 2.437195121951220896e-03
-4.923387096774188045e-03 3.773732119635892467e-03
4.032692307692316118e-03 1.511432009626956620e-03
-3.040059347181003468e-03 1.837223587223588356e-03
-7.682119205298009769e-03 -1.060321715817693017e-03
-1.297385620915033136e-02 5.949086161879895904e-03
8.715753424657604782e-04 6.682368775235535000e-04
-1.818518518518508166e-03 2.530882352941175775e-03
1.422924901185837921e-04 2.941610738255033379e-03
-2.327027027027022289e-03 -2.906162464985988193e-04
-1.245317725752507002e-02 1.025377229080933535e-03
-4.092519685039363968e-03 -1.385836385836375047e-04
-3.367346938775504610e-03 -7.402684563758378175e-04
-8.551652892561979052e-03 1.101476014760146768e-03
-5.392749244712943986e-04 2.214586255259468235e-03
-1.575438596491227430e-02 8.045387994143485613e-04
-9.928294573643406049e-03 1.083442838370566545e-03
-8.831034482758610624e-03 4.137022397891962616e-04
8.801515151515166072e-03 -1.622340425531920412e-04
-5.514644351464430445e-03 3.746221662468515907e-03
3.892857142857147120e-03 1.885989010989011375e-03
-5.771604938271602397e-03 8.829201101928387235e-04
-4.062499999999940724e-04 1.895270270270270905e-03
3.853711790393018078e-03 1.883798140770253640e-03
-1.542307692307684410e-03 3.843669250645987334e-04
-1.107918552036198274e-02 3.433734939759031579e-04
5.077922077922088391e-03 -6.083445491251686507e-04
-2.081632653061215709e-03 2.340361445783131766e-03
-8.363999999999992968e-03 3.693196405648266865e-03
-6.223628691983121124e-03 2.051234567901235890e-03
-4.681003584229390981e-03 8.632862644415930818e-04
-2.329059829059822607e-03 3.213215258855586006e-03
3.872000000000006079e-03 2.556578947368421447e-03
-8.386255924170608542e-03 1.360077021822849635e-03
-5.359728506787325882e-03 1.712696335078534894e-03
2.299212598425204920e-03 -9.837177747625489575e-05
-1.273076923076923127e-02 5.146699266503679173e-04
-4.647727272727264318e-03 2.550206327372765789e-03
-3.890186915887841601e-03 3.682975871313674647e-03
-4.680722891566258329e-03 3.038261997405969014e-03
-8.550228310502273193e-03 1.319354838709678327e-03
-1.076576576576567836e-03 -2.848082595870203917e-03
-5.738549618320602959e-03 2.275720164609054859e-03
-3.215488215488206559e-03 8.198630136986302230e-04
-2.267206477732775340e-04 1.522440392706872784e-03
3.545652173913053061e-03 -3.996235884567128746e-04
-5.908196721311463791e-03 5.233050847457643932e-04
-4.308000000000000197e-03 6.653116531165315876e-04
-9.169811320754710920e-03 1.849587912087910600e-03
-2.239910313901338421e-03 1.712372448979591769e-03
-1.707327586206896716e-02 3.215909090909088285e-03
-2.909292035398225538e-03 6.524475524475532081e-04
1.850267379679152325e-03 2.331099195710456626e-03
-2.670648464163811846e-03 3.834019204389591115e-04
-2.592657342657329975e-03 8.301759133964822009e-04
-3.748868778280537491e-03 -5.481283422459876748e-04
-3.048780487804862867e-04 1.408045977011494190e-03
-2.656996587030711812e-03 3.802631578947376369e-04
-9.469387755101947232e-04 3.045685279187733819e-05
-3.936666666666659500e-03 1.087044534412954762e-03
-2.263374485596275840e-05 3.388451443569554140e-03
-3.410569105691050977e-03 5.785123966942162061e-04
2.295238095238101052e-03 3.158974358974359509e-03
-1.195652173913035621e-03 4.999999999999997936e-04
2.273305084745766164e-03 2.009929078014184665e-03
-6.883534136546178191e-03 1.363456464379947126e-03
-8.423954372623571746e-03 6.732429099876681205e-04
-5.466549295774641125e-03 3.247826086956521075e-03
3.621848739495806598e-03 3.741797432239659695e-03
4.753676470588240333e-03 6.934812760069728378e-07
-2.168141592920277440e-04 1.075777202072537506e-03
-6.434599156118141032e-03 2.996527777777779379e-03
-1.928879310344819168e-03 2.495601173020529397e-03
5.897379912663761742e-03 1.450424929178470348e-03
-6.352941176470544311e-04 1.601256983240223952e-03
-9.871794871794807059e-04 1.261184210526314960e-03
4.208510638297876735e-03 2.731854838709679972e-03
3.770042194092836346e-03 -2.210834553440696709e-04
-3.606271777003473150e-03 -6.098226466575716641e-04
-5.036144578313249062e-03 1.068794326241134232e-03
-7.579999999999994728e-03 7.086513994910942056e-04
-6.928294573643405119e-03 2.961184210526317251e-03
5.580701754385969902e-03 1.121134020618568461e-04
-2.679365079365073499e-03 -7.676151761517609586e-04
3.483050847457631969e-03 3.696560196560196281e-03
-8.246963562753036395e-03 7.893258426966306930e-04
7.577821011673154840e-03 1.196989528795812342e-03
-9.401315789473676035e-03 6.072404371584714166e-04
1.144097222222229720e-03 8.721624850657105823e-04
-7.133962264150939606e-03 4.201846965699211102e-03
-8.047169811320751751e-03 1.384514435695537204e-04
-4.231833910034593638e-03 1.426253687315634684e-03
-2.154958677685946209e-03 1.891966759002769623e-03
2.405063291139338639e-04 1.885714285714286788e-03
4.354716981132079022e-03 3.263688760806909600e-04
4.487179487179574454e-04 1.383905013192612094e-03
-2.813636363636362776e-03 1.739130434782599599e-04
-3.125581395348831903e-03 1.165322580645161178e-03
-4.099277978339343695e-03 1.780612244897960845e-03
-1.956331877729250782e-03 2.654338549075392802e-03
-2.904761904761899577e-03 2.442876344086021469e-03
8.389423076923129994e-04 8.401084010840138751e-05
-8.787698412698408471e-03 -1.198780487804878073e-03
7.542016806722765974e-04 2.584124830393488923e-03
-1.687931034482757775e-02 1.036755386565271428e-03
-6.026859504132223676e-03 3.021963824289404868e-03
2.982456140351580890e-05 4.856648199445982167e-03
-7.663602941176461680e-03 1.555847568988176629e-03
-1.243534482758617285e-03 3.600877192982456128e-03
-4.413135593220336023e-03 -2.571428571428549287e-04
4.220982142857149580e-03 -2.371621621621611308e-04
-1.548523206751049007e-03 1.051265822784809480e-03
7.000000000000002748e-03 2.074728260869564307e-03
-7.576388888888880777e-03 -7.089985486211899989e-04
1.627016129032267952e-03 8.988603988603985091e-04
-3.533962264150936668e-03 2.475113122171947178e-03
-9.360730593607215731e-04 1.924426450742242924e-03
-5.427165354330703954e-03 2.055630026809651418e-03
-6.409615384615383396e-03 5.761455525606467816e-04
2.227941176470593556e-03 3.251302083333333908e-03
-2.650375939849617356e-03 2.078767123287671333e-03
-2.065637065636990359e-04 1.210632570659489395e-03
2.833333333333335705e-03 1.503462603878115596e-03
-6.789562289562282860e-03 2.893917963224893700e-03
-1.979853479853473965e-03 1.738709677419355594e-03
-1.345833333333328009e-03 -8.939189189189199625e-04
-1.067634854771783333e-02 2.704545454545455134e-03
-3.025590551181094566e-03 1.146857923497269149e-03
3.294701986755041640e-04 -6.953781512605048494e-04
-2.210416666666656111e-03 1.301646706586828380e-03
-3.793999999999995727e-03 2.733062330623308323e-03
1.143656716417920270e-03 2.956744868035190901e-03
-4.625475285171093756e-03 1.621001390820585916e-03
-6.972103004291840649e-03 2.204610951008648210e-04
-4.386699507389159314e-03 1.635928961748633675e-03
-3.934523809523799223e-03 3.257615894039737371e-03
-3.233193277310919978e-03 1.748180494905386207e-03
-1.015765765765758166e-03 1.726110363391656927e-03
1.696296296296304247e-03 2.689276485788113721e-03
-4.321969696969691320e-03 1.138739946380697924e-03
-4.600352112676047572e-03 9.096459096459098620e-04
1.165505226480842167e-03 2.515915119363395548e-03
-2.859615384615381457e-03 9.344155844155850078e-04
-9.483471074380109538e-04 3.206744868035191123e-03
1.720657276995310589e-03 1.780368098159508137e-03
-2.329411764705877595e-03 -1.164804469273742881e-03
3.988970588235397885e-04 1.168888888888889449e-03
-1.593385214007781922e-02 1.581686429512516381e-03
-8.378378378378355902e-04 2.591977869986168692e-03
1.543636363636370721e-03 -2.314049586776869270e-04
5.403846153846191122e-04 4.159324522760646237e-03
-2.702631578947359281e-03 1.854304635761588156e-04
-1.988938053097342486e-03 5.045344619105201350e-03
-4.677419354838706529e-03 -8.652575957727846488e-05
-8.601145038167938572e-03 5.412436548223357406e-04
8.649789029536317036e-05 9.482526881720430194e-04
-7.917602996254678727e-03 -1.426795580110496548e-03
-4.428571428571419742e-03 1.004059539918808952e-03
2.878048780487813506e-03 2.488980716253444588e-03
-5.083955223880589659e-03 3.982118294360385662e-03
-3.866548042704616786e-03 2.534047919293820963e-03
-5.817880794701981405e-03 1.086898395721925268e-03
-1.198471615720523437e-02 3.150956284153007443e-03
-4.945993031358881728e-03 1.089828269484809401e-03
6.520833333333340281e-03 3.032324621733150510e-03
-5.976027397260269894e-03 3.371409028727770287e-03
-4.927083333333328458e-03 5.694267515923579501e-04
3.816546762589933563e-03 -9.807417974322411511e-04
4.443820224719111610e-03 1.148095909732016950e-03
-4.442857142857137287e-03 3.604415274463007579e-03
-1.070463320463319740e-02 3.970385674931128234e-03
-5.781249999999996461e-03 1.911409395973153119e-03
5.660569105691062516e-03 1.468711656441717538e-03
-8.436363636363567418e-04 1.247538677918425465e-03
5.485000000000007231e-03 1.737026647966340978e-03
-6.244725738396569381e-04 -9.265498652291123509e-04
-7.760073260073252141e-03 2.125690607734807315e-03
-6.531690140844978844e-04 2.089090909090909366e-03
-9.939338235294107801e-03 2.022827687776142507e-03
-8.722950819672125461e-03 1.864153627311523377e-03
-4.575875486381315513e-03 3.207908163265298616e-04
4.159090909090916964e-03 1.782172373081465080e-03
-5.177419354838700902e-03 5.419161676646724358e-04
-3.282608695652173246e-03 -2.391008174386925116e-04
-5.332720588235288599e-03 2.921363040629097914e-03
-9.536082474226718637e-04 2.527855153203339847e-04
-9.999999999999996739e-03 2.023224043715845730e-03
1.609195402298934892e-04 1.404963680387408482e-03
-6.919689119170975740e-03 1.737588652482276251e-04
-9.319999999999989751e-03 4.022788203753351229e-03
-4.603321033210325611e-03 -1.534759358288769653e-03
-7.744140624999993651e-03 2.325197889182059347e-03
-7.006329113924048523e-03 2.979315263908701057e-03
-1.002916666666665672e-02 8.518005540166255409e-05
-7.673076923076920484e-03 2.793552812071329813e-03
-6.681538461538454911e-03 -6.909476661951908334e-04
-6.378995433789943353e-03 3.076015727391875117e-03
-2.020440251572320784e-03 -6.651254953764853010e-04
3.723175965665243524e-03 8.622715404699750471e-04
-5.478494623655904248e-03 -4.089595375722545321e-04
-1.040257352941176099e-02 2.404118404118403898e-03
-1.788135593220334992e-03 1.055322128851539495e-03
-1.104999999999999732e-02 2.615637319316689927e-03
6.718061674008848731e-04 1.010362694300513079e-04
-4.262886597938140426e-03 2.566166439290586913e-03
-6.818181818181811779e-03 2.339036755386564130e-03
-6.272727272727154739e-04 2.956199460916442232e-03
5.000000000000068409e-04 2.113670133729570171e-03
-7.466346153846148935e-03 3.443484042553191567e-03
-7.939189189189186160e-03 2.924566088117488537e-03
4.243644067796615953e-03 3.374816983894583095e-03
4.746808510638306743e-03 2.777777777777669152e-05
-2.455465587044526696e-03 4.421052631578932459e-04
-1.341708542713564026e-03 3.871848739495800749e-03
-5.209606986899551102e-03 5.976616231086670766e-04
-1.059859154929573312e-03 4.701686121919570961e-04
5.524822695035465359e-03 1.671589310829817631e-03
-4.186046511627897725e-03 2.537815126050420658e-03
-5.177165354330621333e-04 3.721399730820999330e-04
-1.382999999999999508e-02 2.309065934065934744e-03
-5.065134099616853611e-03 4.102739726027403774e-04
-3.996212121212112250e-03 2.231182795698925542e-03
3.238297872340433186e-03 2.268145161290323602e-03
-5.038720538720535200e-03 4.299734748010611285e-03
-1.140476190476182863e-03 -7.247765006385680376e-04
-1.229545454545453650e-02 1.240715268225585713e-03
-9.859649122806945446e-04 1.117135207496654844e-03
-9.334112149532707708e-03 1.244318181818182371e-03
-2.024734982332149040e-03 3.431578947368421791e-03
-4.509433962264106587e-04 -3.630705394190871481e-04
-5.253164556962013239e-03 1.091030789825987702e-04
-1.136363636363635007e-02 6.166924265842355568e-04
-3.010638297872332211e-03 -4.529485570890841198e-04
-1.476521739130434024e-02 2.612551159618008221e-04
-1.218143459915611154e-02 3.417297979797979859e-03
1.420000000000070023e-04 2.262357414448668957e-03
-1.629707112970701140e-03 2.502077562326871819e-03
-3.957031249999990070e-03 9.707446808510709175e-05
-3.980349344978158233e-03 1.247289972899729696e-03
-9.166666666666623128e-04 1.405608755129961413e-03
-4.980286738351250367e-03 6.709511568123397319e-04
-1.427385892116174752e-03 -2.394843962008132729e-04
-2.137295081967205152e-03 2.617435158501441993e-03
2.537878787878865912e-04 2.922651933701657725e-03
-8.237735849056600571e-03 2.274044795783926841e-03
-3.827586206896538973e-03 1.778145695364239569e-03
4.772881355932214777e-03 4.273504273504263201e-04
1.869387755102046777e-03 5.090556274256140788e-04
-6.419999999999989083e-03 2.739354838709678799e-03
-3.776371308016866508e-03 1.385224274406332513e-03
2.904220779220785011e-03 1.360402684563760201e-03
-5.888888888888879278e-03 1.576248313090417670e-03
-6.975609756097556763e-03 5.607344632768372639e-04
-6.340517241379304940e-03 1.098382749326156830e-04
-3.007614213197962790e-03 1.250349650349649342e-03
3.166101694915264379e-03 -7.394662921348309041e-04
2.687500000000055838e-04 6.770833333333399430e-05
-4.327217125382257050e-03 1.599505562422744208e-03
-1.203413654618472675e-02 -9.971711456860062658e-05
-1.753861788617886580e-02 2.269484808454426666e-03
8.872727272727353462e-04 2.453024453024453284e-03
-7.804428044280408957e-04 1.577225130890065900e-04
-7.338333333333325187e-03 3.974926253687316967e-03
-2.163865546218480661e-03 4.935400516795856269e-04
8.190298507462753829e-04 1.286619718309860941e-03
5.982142857142865554e-03 2.743670886075950596e-03
-8.911290322580554379e-04 1.906455862977602181e-03
2.285714285714292825e-03 -1.168309859154930330e-03
-3.196832579185506992e-03 3.114245416078985796e-03
-2.868951612903216253e-03 1.104497354497353313e-04
-1.232653061224489414e-02 1.478494623655944165e-05
-7.612033195020740696e-03 1.124999999999999264e-03
-5.577060931899635587e-03 4.301418439716310667e-03
-9.441964285714221769e-04 4.570895522388065913e-04
-5.754098360655724928e-03 3.134587554269175139e-03
-2.555956678700351415e-03 3.151715039577836913e-03
9.417808219178172525e-04 1.220930232558140776e-03
-1.952471482889727447e-03 1.177030456852792492e-03
-9.477366255144023185e-03 4.250000000000001173e-03
-1.794464944649446989e-02 1.587912087912088334e-03
-4.324561403508761330e-03 7.514285714285719436e-04
-1.236966824644539003e-03 1.360077021822852020e-03
3.646288209606995522e-03 3.783711615487314692e-03
-2.027559055118061820e-04 2.444099378881988208e-03
-7.735915492957741793e-03 1.512968299711813912e-04
-9.688073394495406998e-03 2.588273195876288155e-03
-5.726950354609927109e-03 2.766583229036295114e-03
2.388646288209612337e-03 4.986684420772302543e-04
-4.009689922480614774e-03 2.049374130737136902e-03
4.244897959183754313e-04 1.529840848806368050e-03
-1.321834061135370927e-02 3.568152031454782571e-03
-3.494545454545445930e-03 2.356138107416882489e-03
-3.381034482758612809e-03 2.544871794871795320e-03
-3.224199288256221485e-03 2.794281729428174134e-03
5.330419580419585093e-03 3.729729729729728670e-03
5.281690140845446787e-05 2.424351585014410549e-03
-8.463414634146333368e-03 1.720394736842106300e-03
-1.064234875444839377e-02 2.222070844686649654e-03
-3.367697594501684977e-04 2.793367346938775610e-03
-5.974747474747468638e-03 -2.962962962962970514e-04
-8.801687763713072696e-03 3.004231311706629694e-03
-3.354978354978333834e-04 -5.116448326055306455e-04
-6.531250000000000597e-03 1.598937583001328348e-03
-1.007962962962962415e-02 2.661572052401746206e-03
-1.737341772151886586e-03 3.264748201438850451e-03
-3.585185185185182141e-03 9.854191980558943496e-04
-3.372146118721447514e-03 4.112352168199738534e-03
-4.654471544715406113e-04 2.021220159151195482e-03
-8.957095709570954065e-03 2.410025706940876165e-03
-2.708646616541349108e-03 1.095827900912648041e-03
-4.362445414847157012e-03 8.074968233799238075e-04
-7.420634920634834380e-04 -2.322303921568628275e-04
3.538910505836579366e-03 2.842465753424658782e-03
-2.883763837638374152e-03 2.354925775978408600e-03
-4.037931034482750668e-03 -9.305772230889235597e-04
4.660256410256416286e-03 1.044444444444447232e-03
-5.949790794979078166e-03 6.592639593908630790e-04
-1.884057971014444161e-04 1.137621023513139470e-03
-6.459459459459451248e-03 2.420422535211269165e-03
-3.018404907975454510e-03 1.362171837708831251e-03
1.319548872180458963e-03 -1.476377952755915249e-04
-6.153526970954345011e-03 1.318313953488371802e-03
4.785388127853885259e-03 7.815230961298373852e-04
-6.421182266009843598e-03 2.416452442159382815e-03
-4.073913043478257640e-03 2.322535211267606845e-03
-1.498723404255319566e-02 1.557510148849797302e-03
-4.325259515570438771e-05 2.387611749680715063e-03
1.613300492610847100e-03 1.079591836734693873e-03
-1.527542372881351886e-03 1.486166007905139570e-03
-2.281105990783294615e-04 2.019255455712451897e-03
-1.808888888888880719e-03 2.250952986022871933e-03
-3.726586102719029944e-03 3.789004457652302236e-03
-9.528880866425986501e-03 7.734487734487745757e-04
-1.151411290322580661e-02 8.048452220726787102e-04
-1.226415094339569265e-04 1.118386243386244178e-03
-5.144230769230765526e-03 1.153383458646617659e-03
-8.460580912863065184e-03 7.855313700384136590e-04
-5.918727915194339946e-03 1.642857142857143387e-03
-1.789823008849544860e-03 -1.076974564926371815e-03
7.194719471947259295e-04 9.163372859025047199e-04
-9.890410958904107680e-03 6.268556005398119449e-04
-3.760080645161284485e-03 1.910987482614742283e-03
-3.061032863849761244e-03 6.935695538057745678e-04
-2.664750957854397813e-03 3.099315068493150877e-03
-7.535714285714243061e-04 1.148993288590604168e-03
-1.135245901639343746e-02 2.057539682539681614e-03
6.994360902255645877e-03 2.098039215686275157e-03
-3.111111111111027777e-04 3.056564245810057100e-03
-2.155769230769228901e-03 2.771498771498770528e-03
-8.638989169675087912e-03 1.500000000000001332e-03
9.238095238095320356e-04 1.289346246973352927e-04
-6.771300448430484648e-03 -4.564907275320922845e-05
1.351851851851858417e-03 2.489869753979740211e-03
1.161129568106317525e-03 7.112125162972619081e-04
-6.681985294117645698e-03 1.368489583333335055e-03
2.237179487179493092e-03 9.268456375838925090e-04
-4.592261904761900208e-03 1.953972257250945806e-03
-4.677966101694910721e-03 -4.306569343065813795e-05
-2.458904109589031897e-03 7.016238159675239772e-04
-1.106557377049170298e-03 2.105729877216918223e-03
-6.841666666666659097e-03 2.999287749287748387e-03
-4.998069498069488380e-03 2.307692307692427169e-05
3.376893939393939975e-03 1.010484927916120105e-03
-7.914814814814818966e-03 1.124161073825504127e-03
7.317073170739566997e-06 1.690594059405941228e-03
4.004329004329101362e-04 8.969002695417784997e-04
-2.462809917355359476e-03 1.239035087719299148e-03
-5.191570881225962596e-04 2.274752475247525038e-03
-2.641129032258058510e-03 1.687331536388141399e-03
-8.445098039215684360e-03 2.500000000000000486e-03
-7.278571428571425049e-03 1.070945945945946587e-03
-4.233716475095725129e-04 2.597651421508034939e-03
-2.062753036437238712e-03 2.277419354838711076e-03
-2.693877551020395448e-03 2.452045133991537403e-03
-9.970695970695955812e-03 1.466346153846152713e-03
4.715447154471650638e-04 2.967540574282146858e-03
2.018450184501846718e-03 -2.296747967479665633e-04
-4.721854304635754278e-03 1.556927297668038923e-03
-5.551470588235287926e-03 1.460389610389610689e-03
-5.798148148148139086e-03 -3.715953307392985878e-04
-4.445454545454541502e-03 3.072546230440961019e-04
-6.496563573883155744e-03 3.090848806366047492e-03
-5.540955631399305421e-03 1.859498680738788483e-03
-1.070762711864405546e-02 1.489542483660130125e-03
-1.573584905660366847e-03 -3.473227206946443227e-04
-1.015981735159809550e-03 1.184540389972144623e-03
-5.899598393574290167e-03 8.019662921348326944e-04
-4.767634854771781762e-03 5.959183673469401615e-04
-8.150709219858149820e-03 7.649513212795680148e-05
-3.808333333333325035e-03 2.023415977961431651e-03
4.086757990867586222e-04 2.796599496221663459e-03
-7.792968749999996947e-03 2.288029925187033339e-03
-9.304511278195421679e-04 1.801952580195258051e-03
-1.499999999999995478e-03 1.574289405684754653e-03
1.426739926739934577e-03 1.307922272047827019e-04
4.099099099099160447e-04 1.561088977423638960e-03
3.950934579439258423e-03 2.084144645340751771e-03
-4.749999999999993811e-03 2.238223418573351883e-03
-7.597222222222216152e-03 -1.452879581151845145e-04
-9.574468085105470401e-05 -7.221534653465356201e-04
-3.614035087719221569e-04 2.249316939890710736e-03
3.036065573770498245e-03 1.480547550432277691e-03
1.229927007299277302e-03 3.270215633423181455e-03
-4.695402298850567986e-03 6.620000000000004787e-04
-5.217194570135736884e-03 3.072524407252442795e-03
-1.224919093851121630e-03 1.270921985815604222e-03
5.267241379310356325e-03 -3.467406380026808906e-06
-2.999999999999990088e-03 1.979669631512071676e-03
-3.923228346456683613e-03 2.347645429362882688e-03
-5.466666666666657876e-03 -6.865357643758761242e-04
1.456431535269718958e-03 5.546874999999998421e-04
-3.374493927125496711e-03 2.072815533980584130e-03
-6.478087649402381257e-03 -5.611285266457667490e-04
-1.043110236220471700e-02 3.070936639118457614e-03
-1.063461538461536911e-02 3.786956521739131675e-03
-4.311688311688303792e-03 2.147218453188603614e-03
-2.560483870967672775e-04 1.187088274044795742e-03
-3.973977695167281443e-03 5.826330532212885315e-04
-1.426851851851850331e-02 1.628516624040920492e-03
-6.281690140845063407e-03 1.991095890410958958e-03
-5.618421052631569421e-03 4.363575268817205220e-03
-1.046938775510199105e-03 1.900260756192959349e-03
1.470588235294812763e-05 1.478638184245661480e-03
-6.066945606694556375e-03 2.466206896551723787e-03
7.363344051447005042e-04 3.254807692307693564e-03
-3.113168724279822240e-03 1.864395886889460121e-03
1.270833333333335835e-03 1.112548512289781005e-03
-1.833333333333295948e-04 3.372648335745296808e-03
-2.344879518072283658e-03 1.782781456953643102e-03
-8.361016949152536709e-03 4.973297730307079355e-04
5.039062500000097717e-04 6.447368421052640216e-04
-2.926573426573418103e-03 3.967532467532483282e-04
-5.765486725663710767e-03 2.449607329842933261e-03
-6.796803652968030907e-03 1.387755102040816454e-04
-4.326785714285707497e-03 9.084406294706726852e-04
-1.261469534050178518e-02 2.596443228454173909e-03
-4.535555555555551357e-03 2.204810495626823193e-03
-1.324561403508764520e-03 1.568502824858758601e-03
-9.534883720929724575e-05 2.152143845089903463e-03
-5.748962655601658721e-03 4.946808510638304665e-04
-3.113057324840759997e-03 2.801576872536137592e-03
-9.471014492753613775e-03 3.069847856154910536e-03
-1.042410714285712950e-03 -2.221448467966556835e-04
9.791666666667484269e-05 8.230874316939903578e-04
3.206666666666672331e-03 1.450874831763122354e-03
-1.265086206896543853e-03 -3.534136546184737525e-04
-6.451923076923075581e-03 6.205808080808072631e-04
-2.334677419354830655e-03 -5.072083879423333001e-04
1.259009009009014407e-03 3.526727509778358315e-03
-5.767045454545448313e-03 3.630872483221477313e-04
-3.980694980694972178e-03 3.291428571428571016e-03
6.283898305084753035e-03 4.549931600547197155e-03
-1.324074074074066713e-03 5.946866485013631558e-04
-2.871478873239432378e-03 9.692810457516331732e-04
2.658273381294974386e-03 2.317523056653490211e-03
-2.430420711974101179e-03 2.089628681177975629e-03
-2.541501976284579918e-03 2.183290155440413636e-03
8.872950819672193292e-04 1.052870090634441163e-03
4.724999999999998299e-03 9.419889502762442439e-04
-7.829787234042557414e-03 -8.244535519125701728e-04
-7.456018518518509400e-03 1.300000000000000374e-03
-9.239130434782526300e-04 4.273072060682704459e-04
-3.814516129032255367e-03 6.669064748201452121e-04
-5.701465201465193665e-03 1.256277695716395389e-03
4.076305220883540310e-03 1.585007727975270599e-03
-8.390624999999995309e-03 2.325132978723405425e-03
-7.922746781115867776e-03 1.128349788434412085e-04
-2.352830188679240399e-03 1.354241338112306117e-03
-8.110204081632646153e-03 -1.544846050870147180e-03
-9.065384615384608838e-03 -2.372654155495980540e-04
1.890625000000004932e-03 1.080050825921255251e-05
-7.402083333333320421e-03 1.874835309617919020e-03
-3.236559139784940097e-03 2.632653061224491612e-03
-4.866412213740452068e-03 1.687667560321719478e-03
1.269047619047624937e-03 2.573669849931786626e-03
-3.160256410256401943e-03 1.915492957746480840e-03
-9.090909090909080059e-03 2.141059602649005630e-03
-2.862403100775186716e-03 8.169191919191928211e-04
-1.190223463687150804e-02 -1.350267379679144562e-04
-6.307142857142850577e-03 4.070291777188328637e-03
-4.145098039215684357e-03 3.259469696969697749e-03
-4.675471698113197946e-03 -4.508632138114202523e-04
-4.132478632478626089e-03 2.330174927113701742e-03
-2.199664429530194445e-03 1.377697841726618737e-03
-3.217803030303023094e-03 5.079950799507997961e-04
9.963286713286714433e-03 7.698056801195947364e-05
-1.467987804878043362e-03 8.587896253602307151e-04
-2.599999999999990340e-03 2.357142857142858431e-03
-3.809633027522928584e-03 3.733561643835615722e-03
-1.225454545454539778e-03 1.958333333333335362e-03
-2.003412969283269521e-03 2.987144790257105584e-03
-1.086199999999999319e-02 1.592818428184281185e-03
-1.621072796934864418e-02 1.474468085106381840e-03
1.040816326530701584e-04 1.258555133079848534e-03
-7.481566820276494556e-03 1.695526695526696338e-04
-1.388992537313431946e-02 -5.631313131313124640e-04
-5.127906976744179245e-03 4.152399481193257309e-03
-7.971014492753522021e-04 -9.525862068965512729e-04
1.113247863247872208e-03 3.262500000000001944e-03
-5.149006622516480447e-04 -1.562952243125906987e-04
-1.238076923076921951e-02 1.096794871794870996e-03
-3.891191709844550768e-03 1.410090556274258338e-03
-9.981549815498147460e-03 2.998466257668706012e-04
1.487124463519317588e-03 1.778385772913825989e-04
-4.942176870748290693e-03 6.798418972332014032e-04
-3.585253456221187181e-03 6.530740276035131324e-04
-3.762499999999993714e-03 2.418882978723404641e-03
3.706751054852327424e-03 2.893750000000003091e-03
-2.798305084745757784e-03 2.002812939521800284e-03
-7.043795620437904009e-04 -3.975826972010180040e-04
-3.813253012048186622e-03 1.344900849858356433e-03
5.204255319148943897e-03 -4.484463276836155076e-04
-1.283653846153842140e-03 1.457908163265306386e-03
-5.583720930232552795e-03 2.018045112781956512e-03
-2.116613418530344758e-03 4.158142664872142673e-03
-3.004291845493557624e-03 1.548877146631439782e-03
-2.903292181069951593e-03 1.373408769448374598e-03
3.650980392156866292e-03 1.913965087281794533e-03
-3.189723320158095558e-03 2.802097902097901942e-03
-2.232793522267198082e-03 2.276595744680851019e-03
-1.199999999999993607e-03 2.785350318471337214e-03
-3.426470588235286038e-03 1.594072164948454832e-03
-3.702797202797196430e-03 8.921428571428568653e-04
1.337890625000011597e-03 -3.490196078431374773e-04
-1.101555555555555101e-02 2.049457994579945933e-03
-4.270270270270262389e-03 1.650579150579150603e-03
3.319148936170298139e-04 1.021650879566983082e-03
-1.120370370370369489e-02 7.506393861892579752e-04
-1.911666666666666375e-02 7.005312084993346646e-04
5.410000000000008552e-03 2.921739130434783654e-03
-3.830935251798470794e-04 -1.441747572815534105e-03
-1.366970802919707274e-02 2.550520059435364313e-03
-2.802325581395344670e-03 1.265480895915679352e-03
-1.192105263157894508e-02 2.051846590909092889e-03
-9.185185185185176446e-03 1.254076086956523815e-03
-1.795774647887270832e-04 1.713997308209961549e-03
-2.131696428571422039e-03 1.906578947368419092e-03
-6.786585365853655891e-03 1.094072164948455038e-03
-1.199621212121211762e-02 1.276595744680864822e-04
-7.268060836501892726e-03 8.333333333333333868e-04
1.007117437722424794e-03 2.199052132701422718e-03
-1.078313253012039286e-03 -3.420289855072457686e-04
-2.093023255813944525e-03 2.781250000000000302e-03
9.345991561181527353e-04 1.311271297509829844e-03
2.211442786069658245e-03 1.481854838709678645e-03
5.408163265306212882e-04 4.011627906976750787e-04
-4.015479876160982925e-03 1.813403416557167610e-04
-1.224749163879598410e-02 1.523087071240105620e-03
-1.288265306122448293e-02 1.714480874316942247e-04
-5.628352490421448771e-03 9.355495251017656010e-04
-1.647773279352216002e-03 2.774390243902439320e-03
-5.456439393939389350e-03 1.626027397260274747e-03
-1.507692307692306589e-02 1.394886363636363338e-03
-2.225680933852138259e-03 3.781032078103208939e-03
-1.544715447154465689e-03 7.975871313672923619e-04
-7.267924528301878198e-03 3.521390374331553712e-03
-7.710431654676252675e-03 1.617237008871990700e-03
1.308139534883728068e-03 -2.859216255442673885e-04
-1.400398406374495216e-03 3.854166666666675872e-04
-6.479166666666565664e-04 1.698424068767908062e-03
-9.049450549450546374e-03 2.160839160839160469e-03
2.812500000000076224e-04 3.178571428571429908e-03
-1.417840375586847720e-03 2.998245614035087610e-03
-6.200716845878129040e-03 2.328005115089514052e-03
4.032846715328559711e-04 1.853157121879588261e-03
-4.960580912863062943e-03 2.598829648894668450e-03
5.221774193548456332e-04 2.559254327563246882e-03
8.928571428571536713e-04 2.043847241867046034e-03
-6.579207920792074643e-03 4.858064516129035715e-04
-3.045608108108101460e-03 1.862397820163487049e-03
8.452205882352943275e-03 2.138607594936710408e-03
4.269230769230828717e-04 1.489946380697051162e-03
-3.972118959107799434e-03 2.875174337517434012e-03
-1.501628664495108538e-03 2.091850828729283247e-03
-3.567391304347818266e-03 3.054886211512719812e-03
-1.347695852534561492e-02 1.865671641791042626e-04
-1.183132530120480780e-02 1.235131396957122761e-03
-1.480769230769176607e-04 1.522130013831258415e-03
-1.032407407407403763e-03 4.384480746791131166e-03
-1.023983739837398127e-02 1.850427350427350957e-03
-7.707207207207199956e-03 1.165997322623827390e-03
-6.253184713375791771e-03 1.211916461916461626e-03
5.686241610738267983e-03 4.539106145251402161e-04
1.636363636363639355e-03 1.034666666666667241e-03
-8.978260869565208094e-03 1.210416666666666715e-03
-1.282128514056224237e-02 3.085499316005473319e-03
-6.172619047619042239e-03 1.761073825503354845e-03
2.103813559322038722e-03 1.593889716840537910e-03
-3.375527426159380048e-05 1.680418719211823056e-03
-1.011752136752135794e-02 -1.090717299578058703e-03
-5.706827309236938393e-03 1.174205378973104414e-03
-9.706225680933837710e-03 8.320363164721132458e-04
-1.054126213592232637e-02 2.685328185328185804e-03
1.850241545893722235e-03 -4.525357607282187028e-04
-2.403743315508016266e-03 1.060897435897436300e-03
-1.370036101083028273e-03 -1.431240657698057113e-03
1.944444444444451327e-03 -3.683206106870240588e-04
-2.699541284403665729e-03 1.156289707750954646e-03
1.227272727272729191e-03 1.793807641633728264e-03
-6.964157706093187725e-03 1.626628075253254337e-03
-8.015050167224074124e-03 1.095013477088949009e-03
-7.455947136563870550e-03 3.620310478654593239e-03
-5.156363636363626470e-03 8.141711229946539934e-04
-5.672549019607836876e-03 1.726817042606517555e-03
1.267605633802823149e-03 6.756225425950191169e-04
-3.254273504273500796e-03 1.020509193776520610e-03
-1.163793103448274718e-02 1.739074550128534916e-03
-1.288610038610038533e-02 1.249375000000001353e-03
2.428315412186381715e-03 5.928853754940705423e-04
-3.943609022556383674e-03 4.614845938375362888e-04
-2.639405204460962967e-03 8.864764267990070260e-04
-1.758130081300803872e-03 1.549789621318373688e-04
-8.498239436619717257e-03 4.068825910931185281e-04
-1.839920948616603118e-03 -2.808641975308643593e-04
-5.527027027027023309e-03 2.266447368421056242e-03
-5.371794871794861176e-03 4.098370197904538728e-03
4.649122807017608229e-04 5.629228687415416916e-04
5.017123287671307851e-04 -4.849081364829398448e-04
7.941908713692947749e-03 2.073509933774835955e-03
-7.507009345794390769e-03 1.042145593869731350e-03
6.688000000000013379e-03 -3.099579242636745207e-04
2.000000000000002644e-03 1.252666666666668203e-03
-3.710407239818994726e-03 8.015970515970523985e-04
-3.776717557251901922e-03 7.679455445544577539e-04
-2.473384030418243357e-03 3.198992443324952706e-04
-4.126760563380277476e-03 3.964999999999998040e-03
-5.423728813559233058e-04 2.567185289957556378e-04
-4.469696969696885288e-04 3.712483399734395253e-03
4.342281879194641488e-03 8.974358974358972183e-04
-4.240601503759395402e-03 1.264248704663212914e-03
1.457964601769917061e-03 -3.796791443850275425e-04
-3.440639269406388801e-03 3.014124293785312020e-03
-6.382198952879573374e-03 1.181107954545454648e-03
-3.355648535564845214e-03 2.705732484076433207e-03
-5.805280528052798004e-03 5.624999999999997407e-04
-3.283783783783772014e-03 1.047983310152990257e-03
-1.151973684210525969e-02 2.355886332882273573e-03
-6.747404844290582357e-04 1.152506963788301527e-03
-4.070342205323184033e-03 2.779237844940869381e-03
-1.291379310344818688e-03 1.057642487046633190e-03
-1.239590443686005780e-02 3.404761904761905659e-03
-2.080935251798555000e-03 6.335187760778868658e-04
-1.823970037453177340e-03 1.156453715775749647e-03
-9.902912621359151023e-04 -3.706293706293629800e-05
-8.772727272727270584e-03 1.377038043478262140e-03
-1.365546218487394270e-02 2.685922974767598111e-03
-2.482683982683972241e-03 -3.054755043227667466e-04
5.643369175627241559e-03 1.220838794233290595e-03
-1.522058823529404787e-03 1.219512195121951218e-03
6.744493392070498305e-03 1.655604719764011820e-03
-2.482490272373529070e-03 -1.697817189631648177e-03
4.815384615384618941e-03 1.856790123456789369e-03
4.313880126182973763e-03 2.505427408412483261e-03
-8.178807947019795660e-04 7.713498622589493308e-05
-5.217777777777777778e-03 1.507779349363509150e-03
-3.209386281588439468e-03 2.579821200510856987e-03
-8.349462365591390697e-03 1.312244897959182659e-03
-6.555335968379444149e-03 -2.638028169014085440e-03
7.081911262798692075e-04 1.203042328042328198e-03
-1.213454545454544821e-02 2.543419267299863555e-03
3.109433962264154631e-03 -1.109420289855071436e-03
-2.393382352941168367e-03 -4.348684210526315469e-04
-8.287330316742074279e-03 1.732309746328439606e-03
-1.188372093023249082e-03 1.976063829787234709e-03
-4.789383561643832492e-03 8.924581005586585672e-04
-5.253875968992243080e-03 -1.408010012515652264e-04
-3.289930555555551587e-03 1.848637015781925009e-03
-6.702797202797190421e-03 2.036945812807882273e-03
-1.685114503816786177e-03 -9.501445086705198649e-04
-9.776190476190469575e-03 1.868029739776953888e-03
3.497942386831372251e-04 2.526315789473691721e-04
1.027681660899662595e-03 -1.196743554952509839e-03
4.767790262172293472e-03 1.655950752393981970e-03
-6.471999999999995985e-03 5.452292441140027144e-04
3.614537444933930543e-03 9.022824536376615251e-04
-6.132022471910105604e-03 1.453781512605041657e-03
-3.190298507462602478e-04 3.537465940054497406e-03
-2.370300751879695321e-03 1.900694444444445521e-03
-4.933333333333328637e-03 -2.985658409387223966e-04
1.710638297872342463e-03 6.204986149584492154e-04
-4.079166666666662368e-03 -1.392761394101876306e-03
-9.107723577235772930e-03 3.409405255878279512e-04
1.122047244094548244e-04 2.211428571428571653e-03
-4.858885017421591367e-03 -1.871546961325964769e-04
-6.939935064935059440e-03 8.031290743155157378e-04
9.683794466403216304e-04 1.351333333333333726e-03
-4.813852813852802399e-03 1.881305637982197887e-03
2.176470588235300107e-03 2.648514851485157915e-04
1.250988142292500018e-03 5.966952264381899813e-04
-6.704980842911873254e-03 8.136094674556363965e-05
-3.562264150943389180e-03 1.363704819277108266e-03
-4.894366197183044453e-04 9.430555555555555957e-04
-2.399061032863843233e-03 2.357707509881423226e-03
6.755760368663601793e-03 2.352788586251622089e-03
-9.123255813953479523e-03 2.445504087193461473e-03
-5.943548387096768588e-03 1.997978436657683182e-03
-8.200381679389310077e-03 1.877370417193421144e-04
-8.063535911602207062e-03 2.216145833333335157e-03
-4.490974729241870023e-03 -3.602225312934628321e-04
4.971153846153853438e-03 -6.142061281337041212e-04
-5.431726907630519789e-03 1.876106194690266077e-03
-4.280757097791789041e-03 1.498673740053049937e-03
-8.687969924812020614e-03 1.377538071065989231e-03
-3.473684210526314584e-03 1.135508155583438410e-03
-3.541095890410958253e-03 -2.753246753246754892e-04
-2.913934426229499580e-03 -1.083879423328964380e-03
7.227488151658821147e-04 2.738126649076516941e-03
-6.087336244541476961e-03 1.819972826086956432e-03
4.532567049808437255e-03 -2.106675392670154766e-03
-2.436956521739122496e-03 -8.736413043478252413e-04
-1.434579439252329667e-03 1.520596590909092201e-03
1.476702508960585358e-03 3.335958005249343040e-03
-3.397959183673460431e-03 1.822268326417704866e-03
-2.458188153310095127e-03 1.801630434782610984e-03
-2.946127946127903661e-04 3.189151599443671228e-03
-6.442748091603047941e-03 2.193315858453473606e-03
7.004347826086966371e-03 -1.817548746518109475e-04
-4.255972696245725363e-03 1.309820193637622598e-03
-1.166279069767441924e-02 2.517725258493354063e-03
1.162921348314609497e-03 1.706051873198844923e-03
6.517515923566885930e-03 -8.768406961178051504e-04
-8.887037037037035306e-03 1.242463958060288079e-03
5.134693877551027574e-03 2.186177715091685875e-04
-9.566801619433198955e-03 4.545566502463055554e-03
-2.313868613138678892e-03 2.952185792349727028e-03
-2.524193548387086272e-03 -1.635734072022160387e-03
-1.835443037974645371e-04 3.283485045513659189e-04
-8.462962962962956859e-03 5.167958656330743500e-04
-1.450819672131143821e-03 2.115330520393813880e-03
-4.531578947368411665e-03 2.414907651715041299e-03
-5.310276679841887705e-03 -3.147435897435889025e-04
1.213754646840152019e-03 1.515366430260048271e-03
-3.897058823529325365e-04 3.388489208633099141e-04
-1.059407665505225984e-02 -8.850726552179664572e-04
-6.201298701298693650e-03 -1.482412060301504251e-04
-4.529411764705875559e-03 3.169291338582678683e-04
-5.284482758620681966e-03 -1.259541984732813827e-04
-1.086206896551723464e-02 6.772388059701494895e-04
-7.168674698795179587e-03 -1.276098901098900390e-03
6.427230046948366124e-03 3.226174496644296057e-03
-6.512396694214873244e-03 2.392413793103449586e-03
1.973300970873784893e-03 4.764705882352937506e-04
-6.190677966101691167e-03 1.414507772020726388e-03
4.205761316872434243e-03 2.631313131313130649e-03
-2.444915254237281163e-03 -1.273556231003038219e-03
-9.024242424242417265e-03 -1.528219971056438749e-03
-4.762541806020060067e-03 3.238161559888582688e-04
-6.182432432432426531e-03 -4.416553595658058939e-04
-1.099447513812149219e-03 2.179269882659715888e-03
-6.387596899224800250e-03 1.272309711286090037e-03
-5.437499999999995288e-03 9.860335195530729648e-04
3.047202797202806096e-03 3.309492847854360320e-03
-4.260180995475107424e-03 2.353107344632769053e-03
-4.070342205323191839e-03 2.625175808720113003e-03
-4.585987261146469277e-04 1.141843971631207157e-03
-1.486577181208048777e-03 2.271540469973874548e-04
-6.573770491803274801e-03 6.002621231979032206e-04
-1.841796874999993179e-03 1.268163804491415645e-03
-5.298206278026902465e-03 -2.465057179161364229e-04
-7.260299625468167282e-03 1.671874999999999533e-03
-4.995833333333323488e-03 -2.994542974079124212e-04
-5.727969348658953994e-04 2.391928864569084490e-03
-1.564453124999997920e-03 -9.303882195448398107e-05
-6.894849785407723003e-03 2.926308539944903753e-03
-6.995215311004779161e-03 1.045580110497239777e-03
1.003984063745030388e-03 5.305706521739140050e-04
-7.790393013100433556e-03 2.555994729907773346e-03
-3.863070539419082884e-03 7.300131061598950618e-04
-3.402222222222219677e-03 -1.165364583333336040e-04
-1.030588235294116473e-02 1.365789473684209327e-03
-5.474885844748850379e-03 1.920308483290489353e-03
-5.911057692307682479e-03 -9.719387755102035708e-04
-7.524489795918357787e-03 1.447630922693265857e-03
-1.865319865319857917e-03 7.332878581173263299e-04
-8.320463320463241611e-04 2.462025316455698516e-03
-9.748826291079804723e-03 1.857142857142857987e-03
-5.234317343173422454e-03 9.275862068965518578e-04
-7.798850574712634653e-03 -3.531626506024086081e-04
-1.054761904761904179e-02 6.598053892215570947e-03
-1.360436893203883883e-02 9.919786096256682194e-04
-6.812499999999994775e-03 1.967571644042235331e-03
-8.333333333333260142e-04 2.158555729984302975e-03
5.420494699646650170e-03 4.098258706467658918e-04
-5.336575875486372286e-03 2.291547277936963056e-03
-1.711026615969509326e-04 2.023498694516975924e-04
-9.174603174603168654e-03 1.622794117647059949e-03
-1.253999999999996654e-03 3.855740181268883880e-03
9.397590361445853436e-04 -3.252361673414302240e-04
-1.981949458483746405e-03 7.110215053763466143e-04
-3.693359374999995257e-03 2.659340659340660249e-03
-9.390681003584173655e-04 6.417489421720805158e-05
-6.941056910569099424e-03 2.353947368421053978e-03
-4.386792452830180072e-03 3.512872628726286528e-03
