8.768768768768815019e-04 4.393769968051118927e-03
1.495428571428571510e-02 1.595113438045376664e-03
-2.307339449541279033e-03 2.620833333333336124e-03
-3.271028037383174290e-03 1.790660225442835315e-03
7.644097222222223133e-03 2.391233766233766093e-03
3.767217630853998602e-03 4.255451713395641544e-03
-6.911764705882321707e-04 3.231355932203395197e-03
-2.724137931034477551e-03 3.074074074074076290e-03
4.182779456193363651e-03 1.500000000000004151e-03
5.208904109589045615e-03 -4.518581081081067454e-04
1.997297297297299500e-03 1.080750407830344696e-03
-9.064625850340042286e-04 9.455128205128235071e-04
-1.838235294117645082e-03 4.400000000000018046e-04
-3.646449704142010282e-03 1.102141680395389177e-03
-3.143790849673194689e-03 6.856617647058850474e-04
2.231595092024540612e-03 3.933600000000000638e-03
3.175603217158178525e-03 2.852404643449417236e-03
3.048209366391191333e-03 -2.086620926243567056e-03
2.029220779220785101e-03 1.971039182282796880e-03
-1.771028037383173175e-03 3.092443729903538059e-03
-4.678456591639867414e-03 3.598942598187312991e-03
1.684696569920846911e-03 2.244897959183678269e-03
1.593059936908541494e-04 9.850187265917616317e-04
1.861413043478264738e-03 3.171799027552674437e-03
3.405448717948720595e-03 6.608800000000004081e-03
3.830097087378650945e-03 -1.742043551088739344e-04
3.715151515151517668e-03 1.601024890190337830e-03
9.855769230769258205e-04 1.976935749588302471e-05
7.660968660968665855e-03 2.239388794567065497e-03
-2.536585365853653851e-03 -4.930675909878665282e-04
6.304093567251466482e-03 2.583870967741937631e-03
3.528358208955225620e-03 -1.417445482866016844e-04
6.821052631578951655e-03 4.930402930402933044e-03
4.252890173410408918e-03 1.887434554973824608e-03
2.768768768768775212e-03 3.511009174311928004e-03
1.368231046931413534e-03 -1.607717041800644478e-04
4.223974763406941092e-03 1.171451355661884712e-03
1.910666666666669452e-03 3.823747680890540301e-03
9.897959183673521281e-04 3.989583333333334564e-03
-2.411078717201158798e-03 2.827402135231318024e-03
3.021505376344092893e-03 1.610215053763441742e-03
-8.738888888888882850e-03 2.279674796747968579e-03
-3.197278911564621975e-03 1.578048780487806193e-03
8.279742765273318331e-03 -2.239057239057214372e-04
-5.499999999999994477e-03 3.987034035656407925e-03
4.538265306122452568e-03 7.769784172661899167e-04
8.395502645502650463e-03 1.613636363636352148e-04
-7.967187499999991637e-03 4.006134969325156336e-03
-6.065088757396434145e-04 1.603773584905645309e-04
1.297839506172843941e-03 1.548558421851293056e-03
-1.808510638297824904e-04 1.416666666666669371e-03
1.091973244147157081e-02 1.299689440993787850e-03
6.537735849056601316e-03 2.979773462783172691e-03
-1.430790960451974823e-03 4.217628705148209096e-03
-3.763719512195117054e-03 2.340782122905029922e-03
1.698113207547173034e-03 -1.018272425249168315e-03
-5.933098591549289301e-04 3.451530612244898839e-03
4.419889502762756618e-05 2.200000000000003602e-03
1.826923076923082532e-03 5.163606010016694343e-03
6.922558922558921281e-03 -9.966499162478858901e-05
1.269372693726939123e-03 4.062700964630222740e-03
-7.368589743589735834e-03 5.869217081850537122e-03
-1.746376811594195283e-03 1.613752122241086592e-03
4.763245033112588345e-03 -6.598984771573518143e-05
2.120209059233457184e-03 3.331451612903229068e-03
2.565055762081836226e-04 1.950511945392493065e-03
1.232492997198950601e-04 1.203204047217539159e-03
-2.513253012048187116e-03 4.616964285714286742e-03
2.409836065573812600e-04 3.501805054151660565e-04
1.730337078651691040e-03 -7.707612456747371882e-04
-3.278546712802768437e-03 -1.407496012759169423e-03
1.652727272727279881e-03 1.177469135802470613e-03
1.088235294117651571e-03 1.857758620689654340e-03
2.444237918215619136e-03 -1.476935749588138272e-03
-4.538674033149167793e-03 3.686356073211316791e-03
7.481283422459898691e-03 2.638605442176872838e-03
6.044303797468386684e-04 4.783693843594010071e-03
-1.962750716332372844e-03 1.067028985507250272e-03
-5.924369747899111208e-04 7.474916387959873280e-04
2.764505119453925918e-03 2.931309904153378575e-04
4.768953068592056768e-03 3.808777429467092592e-04
-6.632996632996580443e-04 1.560975609756098731e-03
8.517350157728743832e-04 3.326855123674914583e-03
3.466666666666980872e-05 2.725352112676058050e-03
1.077399380804959766e-03 2.604938271604939279e-03
-7.379421221864967094e-04 -1.686009538950716119e-03
-2.958536585365853337e-03 1.722614840989398696e-03
2.873376623376629798e-03 3.221033868092693098e-03
-7.699275362318767219e-04 -1.467987804878047916e-03
4.357142857142884602e-04 2.711414790996787266e-03
5.168393782383458659e-04 2.352553542009886908e-03
-4.572784810126531924e-04 3.099309153713297477e-03
-4.114516129032252251e-03 1.494243421052635383e-03
-6.375432525951551729e-03 1.016853932584272464e-03
9.932203389830570727e-04 6.211832061068715653e-04
-1.581355932203388484e-03 1.363247863247865708e-03
-7.018965517241375872e-03 1.753472222222224623e-03
2.212903225806455137e-03 3.611710323574733594e-03
2.961165048543729561e-04 2.311965811965812755e-03
8.131868131868171760e-04 4.441497659906397735e-03
6.279291553133520103e-03 3.736970684039091911e-03
3.906705539358650849e-04 1.867041198501874933e-03
-1.383333333333301273e-04 3.825153374233133171e-03
6.395348837209306574e-03 2.023297491039427291e-03
-3.308282208588953031e-03 9.773960216998217945e-04
-2.197674418604648929e-03 1.948881789137405884e-04
8.486686390532547503e-03 4.205882352941181686e-03
2.680397727272732216e-03 8.490310077519389390e-03
5.737960339943344590e-03 2.477152899824254430e-03
1.264218009478677938e-03 1.347790507364979426e-03
6.592039800995048342e-04 1.768566493955096939e-03
6.871387283236997726e-03 3.215559157212319764e-03
3.431818181818184748e-03 1.851282051282055743e-03
4.425816023738879737e-03 2.157303370786521016e-03
2.043154761904767726e-03 1.365451388888892824e-03
9.171779141104350556e-04 2.915141430948418010e-03
2.612179487179553815e-04 1.732371794871796983e-03
2.275577557755780345e-03 1.082764505119455109e-03
-1.200636942675155101e-03 5.013986013986018730e-03
-3.381401617250670739e-03 -1.715890850722310602e-03
-6.540372670807448677e-03 2.204958677685951978e-03
1.784965034965042266e-03 2.139431616341033130e-03
-6.999999999999959813e-04 4.064696485623002335e-03
-1.541791044776114278e-03 3.009740259740258279e-03
1.089108910891157839e-04 4.339869281045758385e-03
4.667605633802816671e-03 2.987266553480476435e-03
4.344285714285718927e-03 1.745098039215691507e-03
-1.099462365591394233e-03 2.606158833063210341e-03
2.686217008797657773e-03 3.219405594405595327e-03
4.446778711484597989e-03 2.414634146341464692e-03
-3.281045751633980979e-03 -4.503205128205099998e-04
1.717687074829991997e-04 2.487730061349694485e-03
7.236507936507939436e-03 5.347471451876021319e-03
-5.723314606741572094e-03 2.907176287051482441e-03
3.701298701298735014e-04 2.542955326460483167e-03
4.838235294117692307e-04 1.904761904761906495e-03
1.371913580246912363e-03 1.630546075085326490e-03
1.573482428115019309e-03 1.940559440559441696e-03
3.075000000000004813e-03 5.061808118081181224e-03
-1.695859872611461035e-03 9.800000000000038715e-04
-8.201388888888881332e-03 9.976816074188587461e-04
1.767857142857139812e-03 -1.564516129032248327e-04
4.732081911262802157e-03 1.121014492753625484e-03
-3.055240793201129210e-03 2.696254071661241536e-03
-4.770992366412137660e-04 3.402597402597408362e-03
1.994949494949535931e-04 2.479623824451414934e-03
2.893890675241159519e-03 4.952100840336135824e-03
7.870662460567810726e-04 5.526711185308847384e-03
-4.420489296636083421e-03 1.245519713261650750e-03
1.213043478260874717e-03 3.787625418060199933e-03
-6.891891891891879611e-04 2.540250447227193186e-03
-1.671428571428519008e-04 1.317214700193426171e-03
-2.889908256880728121e-03 -5.380794701986635700e-05
-1.383792048929660679e-03 2.606687898089172801e-03
8.893548387096774158e-03 2.269681742043551994e-03
-2.665822784810123556e-03 3.614093959731547786e-03
-7.572254335260089706e-04 5.798668885191339811e-04
2.853260869565220435e-03 4.624277456647402605e-03
-4.851681957186542750e-03 2.201331114808655585e-03
1.735294117647169802e-04 -3.443223443223366893e-04
8.321839080459771804e-03 2.260575296108292311e-03
5.123123123123123936e-03 3.341930116472546786e-03
3.166201117318440551e-03 -1.729729729729727328e-03
-1.427238805970146036e-03 3.860185185185188283e-03
1.923371647509584470e-03 3.477500000000001423e-03
1.798872180451134908e-03 1.409012131715772905e-03
-3.503236245954687023e-03 3.786144578313255325e-03
8.621257485029943518e-03 1.331060606060607745e-03
2.914364640883982619e-03 3.137195121951220130e-03
5.009174311926605991e-03 1.889643463497458174e-03
5.354984894259826912e-03 2.031462585034015094e-03
-3.469879518072263949e-04 1.872881355932204134e-03
8.983050847457705809e-04 2.314876033057853329e-03
1.343537414965990722e-03 1.796979865771813597e-03
1.917808219178081513e-03 4.336290322580645812e-03
5.685975609756148148e-04 7.081260364842457489e-04
6.018895348837218461e-03 2.803171641791045790e-03
2.552901023890788868e-03 4.985762144053605335e-03
-3.859106529209619871e-03 5.029711375212225950e-03
-1.639639639639635989e-03 1.397129186602871385e-03
5.658385093167708074e-03 7.982954545454545251e-04
1.741590214067280287e-03 1.010563380281691900e-03
3.791946308724837827e-03 2.571551724137931087e-03
4.436339522546422880e-03 -6.329526916802609123e-04
3.573770491803279509e-03 -1.579804560260589035e-04
-1.233231707317068195e-03 3.785211267606069786e-05
-1.210796915167089123e-03 -2.507668711656430190e-04
4.916913946587542043e-03 4.647350993377482448e-03
7.883522727272745511e-04 2.827272727272732086e-03
-1.727722772277227306e-03 5.332474226804127804e-03
-4.031506849315065130e-03 3.424174174174176698e-03
3.254491017964072919e-03 1.072298325722985000e-03
2.133040935672517874e-03 3.994515539305346823e-04
3.891129032258157524e-04 2.181076672104406092e-03
-3.782894736841780188e-05 -1.013687600644120907e-03
-4.212171052631574243e-03 -3.711256117455133852e-04
-1.827272727272723826e-03 3.429356357927789995e-03
2.352348993288599574e-03 2.662992125984254589e-03
1.461095100864559472e-03 8.032367972742796144e-04
7.593851132686082160e-03 3.391238670694869412e-04
4.527777777777783341e-03 1.955598455598458931e-03
4.928813559322038976e-03 2.413265306122448946e-03
-1.845170454545457840e-03 2.845342706502637046e-03
-4.823232323232279806e-04 2.660117878192536523e-03
-4.369085173501541025e-04 5.015315315315314881e-03
-4.614062499999992302e-03 2.943060498220643074e-03
-5.750728862973753311e-03 2.437001594896334288e-03
4.522727272727283289e-03 3.262852404643453406e-03
-6.087328767123280186e-03 1.830559757942512621e-03
9.743202416918488084e-04 1.017636684303356099e-03
3.780185758513934097e-03 3.330464716006886587e-03
6.049230769230773755e-03 3.215397923875436270e-03
2.660472972972976590e-03 -1.026399999999996543e-03
1.089385474860337473e-03 3.200652528548123682e-03
2.723728813559320953e-03 4.447452229299367864e-03
1.465473145780054167e-03 1.749084249084252498e-03
1.538781163434905716e-03 3.221581548599672905e-03
2.605431309904157524e-03 2.213492063492061932e-03
-2.384210526315786415e-03 3.609531772575254663e-03
-2.759677419354837624e-03 1.575364667747165175e-03
1.904040404040408842e-03 1.609813084112147238e-03
2.665551839464886438e-03 2.581168831168844909e-04
1.640804597701154676e-03 2.032608695652179075e-03
3.691011235955060296e-03 3.722397476340707665e-04
1.936567164179109476e-03 2.468634686346867294e-03
-4.090909090909038755e-04 1.601791530944628303e-03
1.063725490196078434e-02 -6.238698010850102704e-05
-9.592696629213453207e-04 1.075757575757578651e-03
4.052117263843650098e-03 9.068702290076337616e-04
3.769863013698637310e-03 2.613486842105266095e-03
-5.283882783882775692e-03 2.848432055749136019e-04
3.206798866855533389e-03 1.858732876712331297e-03
4.073107049608371845e-04 1.509740259740261067e-03
1.199421965317990792e-04 1.269230769230773360e-03
3.448275862069143875e-05 2.978885135135135413e-03
-1.001633986928097443e-03 -1.468531468531443756e-04
-4.466755319148934915e-03 4.622383252818036345e-03
-2.727138643067843812e-03 5.501700680272112072e-03
2.437500000000002165e-03 -1.802325581395326434e-04
4.860927152317891069e-03 5.132601351351352183e-03
-5.622950819672047074e-04 2.077476038338659046e-03
7.708754208754210920e-03 4.226624405705231569e-03
-2.890476190476185068e-03 4.564860426929414467e-04
5.385416666666674630e-03 1.147656250000003925e-03
-7.743421052631576512e-03 -1.538522012578612480e-03
4.743636363636374344e-03 1.732057416267946499e-03
-2.271505376344076072e-04 3.112096774193550373e-03
1.627873563218389195e-03 4.407960199004974655e-03
7.727272727272787656e-04 -3.474137931034466617e-04
-6.111111111111093650e-04 3.635382059800663489e-03
1.247440273037545098e-03 -1.696018376722819264e-03
5.053935860058310879e-03 -1.345276872964167817e-03
-1.803459119496854347e-03 6.155979202772964877e-03
5.140138408304498543e-03 4.261619190404797308e-03
-3.432475884244368201e-03 1.877394636015327755e-03
-2.177611940298506462e-03 2.156626506024099388e-03
3.459383753501408740e-03 5.790378006872881926e-04
2.782679738562097906e-03 6.214788732394387278e-04
4.436046511627917896e-03 1.970331588132639457e-03
-1.495327102803703447e-04 1.958677685950429301e-04
5.634715025906767176e-04 4.271159874608154196e-03
-2.159744408945685375e-03 1.777559055118110333e-03
4.812500000000002540e-03 1.565573770491837712e-04
-3.176100628930785658e-04 -8.512820512820474823e-04
5.424821002386638440e-03 4.050427350427353475e-03
1.021562500000000075e-02 3.254884547069273985e-03
-3.740875912408726106e-04 2.850253807106602113e-03
1.078125000000059884e-04 4.514731369150786996e-04
-3.451999999999999340e-03 4.749206349206352810e-03
5.157142857142917600e-04 2.926073131955484255e-03
-2.708201892744475491e-03 1.684325108853411282e-03
5.446236559139789289e-03 1.889489953632147914e-03
2.933604336043363521e-03 2.554487179487178409e-03
8.588957055215123689e-05 5.891271056661561735e-03
2.048589341692794250e-03 1.966252220248667325e-03
6.127692307692311421e-03 7.558139534883739040e-04
6.500000000000003171e-03 3.657986111111112288e-03
5.986072423398331420e-03 1.393442622950819346e-03
-1.272189349112420355e-03 8.685121107266482229e-04
-8.307210031347949178e-04 3.178688524590163669e-03
5.176943699731903319e-03 6.619426751592358098e-03
1.392753623188411078e-03 3.494699646643112303e-03
3.533742331288346888e-03 -1.558876811594199887e-03
8.994594594594604309e-03 4.174950298210734941e-03
-2.340909090909083171e-03 1.694308943089432341e-03
-1.656167979002616444e-03 4.800000000000003916e-03
8.300884955752213176e-03 2.255627009646301619e-03
1.784023668639058433e-03 -6.772486772486770385e-04
5.001377410468323820e-03 1.257391304347826736e-03
2.321782178217824278e-03 6.266881028938907881e-03
1.458841463414636960e-03 -4.751203852327445126e-04
2.581227436823165270e-04 2.915789473684212308e-03
4.866120218579238731e-03 2.589416058394162969e-03
-2.962145110410086251e-03 2.175941080196402717e-03
-3.385670731707311840e-03 2.440717628705150674e-03
-2.243935309973039711e-03 -6.986531986531642653e-05
5.442455242966759248e-03 4.386486486486485849e-03
-5.454545454545446301e-03 2.831018518518520904e-03
-2.520289855072463132e-03 8.174204355108899553e-04
2.157657657657656956e-03 -1.397849462365565864e-04
-4.834254143646379257e-04 3.693379790940767415e-03
1.201315789473692041e-03 3.809895833333332670e-03
6.822530864197534975e-03 2.763765541740677550e-03
-2.101719197707730986e-03 3.355731225296441043e-03
5.693308550185875380e-03 -1.089100346020760402e-03
7.853658536585378033e-03 4.649681528662443050e-04
3.743827160493829517e-03 3.879499217527388258e-03
-3.999999999999981218e-04 5.220611916264090643e-03
2.357142857142861033e-03 2.523893805309737007e-03
4.963576158940403299e-03 1.284013605442191200e-04
1.500000000000004151e-03 3.558875219683656221e-03
-3.983775811209434858e-03 2.984098939929326344e-03
9.805699481865284839e-03 5.429042904290432708e-03
-5.522077922077922932e-03 2.592624356775301547e-03
1.443478260869567693e-03 5.103668261563000866e-03
-2.697329376854597487e-03 4.164715719063544208e-03
-1.742424242424236948e-03 4.357710651828299551e-03
3.512931034482762085e-03 9.940677966101714447e-04
-1.960051546391748667e-03 1.236019736842104786e-03
-1.535714285714281750e-03 5.111642743221736333e-04
2.817901234567903989e-03 4.048231511254021982e-03
-1.132967032967032404e-02 2.221441124780318237e-03
2.256622516556299265e-03 -1.913178294573641058e-03
1.858108108108110813e-03 3.245714285714290138e-03
-3.283154121863797632e-03 1.470489038785835392e-03
9.636871508379953781e-04 3.474789915966387203e-03
1.133233532934137993e-03 3.003189792663476382e-03
1.045283018867929721e-03 3.670886075949372166e-03
-3.281645569620246505e-03 1.416666666666666768e-03
2.902374670184765097e-04 3.988853503184714919e-03
4.024390243902444333e-03 8.362760834670964621e-04
3.318885448916414176e-03 3.428445229681980917e-03
4.945652173913120701e-04 1.069099378881988721e-03
-3.770642201834859420e-03 3.895446880269816999e-03
2.124331550802146650e-03 3.049822064056942686e-03
3.054662379421688493e-05 -2.319778188539738226e-04
-8.587613293051354901e-03 -1.957264957264918817e-04
3.478260869565864220e-05 1.464057507987222544e-03
-5.160771704180028285e-04 5.803738317757050832e-04
1.817275747508304310e-03 1.546901172529315319e-03
-2.099999999999992064e-03 1.712579617834397890e-03
7.560000000000006819e-03 1.493659420289857433e-03
3.679624664879363200e-03 2.818818040435460380e-03
-2.394936708860752501e-03 1.363084922010401271e-03
-4.501915708812189929e-04 -8.842364532019689497e-04
-1.659883720930228511e-03 4.509136212624584132e-03
-3.230902777777771781e-03 4.699090909090905370e-03
3.838855421686750147e-03 -1.389312977099222681e-04
3.596774193548387451e-03 1.666666666666666774e-03
-3.235135135135125840e-03 4.705526770293609953e-03
8.915492957746516765e-04 1.821548821548822769e-03
1.702005730659029298e-03 4.794254658385097706e-03
-7.351097178683373232e-04 -5.029850746268654067e-04
5.445859872611521612e-04 2.724283305227656170e-03
-5.473684210526308554e-03 2.708754208754210815e-03
-1.522284122562671000e-03 2.192551505546749477e-03
-6.930962343096230827e-03 3.901245551601424059e-03
1.662707838479890449e-05 5.943877551020407442e-03
-3.186119873816998962e-04 4.256920415224913455e-03
3.214887640449444819e-03 2.985736925515057941e-03
4.392857142857146263e-03 4.919786096256708111e-04
-1.007062146892656000e-03 1.906201550387597206e-03
-3.587797619047613292e-03 1.457570715474212257e-03
1.176470588235376821e-04 2.121028744326778660e-03
5.848284960422169346e-03 -1.217353951890032520e-03
-4.333791208791209180e-03 2.484775641025639518e-03
1.584527220630371899e-03 -5.756013745704498458e-05
2.262820512820516543e-03 2.101515151515150667e-03
-2.658571428571423340e-03 5.642589118198879442e-03
1.203124999999982014e-04 2.939609236234489473e-04
-5.025675675675671077e-03 1.513535031847134619e-03
-4.618461538461535697e-03 2.441221374045803374e-03
3.600000000000003805e-03 3.487354085603114242e-03
-4.920972644376896479e-03 1.701070336391439499e-03
-1.512747875354107392e-03 -1.464157706093189995e-03
5.448630136986304558e-03 1.159768211920530643e-03
8.264516129032265304e-03 2.290951638065522131e-03
2.065015479876162584e-03 4.980375426621160700e-03
-1.091065292096215491e-03 1.278481012658229214e-03
4.876996805111826795e-03 4.608626198083091486e-04
8.567518248175186660e-03 2.953183520599251492e-03
1.257812500000005671e-03 2.561224489795921235e-03
1.795681063122924999e-03 3.549999999999990880e-04
-4.667721518987319376e-04 1.442598187311179385e-03
4.535147392290272430e-04 2.803030303030304166e-03
8.564189189189226831e-04 1.399200000000001918e-03
5.042296072507558048e-03 -1.149434571890141756e-03
2.135593220338981735e-03 2.265372168284861111e-05
-4.057220708446865678e-03 4.085849056603771921e-03
3.309230769230775675e-03 1.416935483870968276e-03
-3.414244186046507933e-03 5.912106135986775098e-04
4.658844765342959673e-03 1.446771378708551622e-03
-1.638504155124651885e-03 1.464912280701756182e-03
2.355113636363637391e-03 2.536885245901641505e-03
-3.838108882521491447e-03 5.321100917431265906e-05
-5.004149377593354424e-03 2.460937500000024954e-04
4.852159468438543150e-03 -1.727115716753023890e-03
4.656250000000005003e-03 7.613827993254683457e-04
3.633879781420830185e-04 3.686346863468633467e-03
1.040213523131673819e-02 8.353115727002969476e-04
7.033422459893051704e-03 1.504770992366414846e-03
-2.425742574257417489e-03 1.746522411128319783e-04
-1.160220994475142238e-04 5.488226059654630756e-03
6.245733788395938218e-04 2.054195804195808016e-03
4.221036585365858275e-03 1.490818030050085992e-03
-6.374695863746926081e-04 3.940520446096654715e-03
5.477876106194698447e-03 3.001675041876048292e-03
2.273668639053258184e-03 3.000922509225091399e-03
4.724662162162165772e-03 -6.347891566265041622e-04
-2.226027397260243524e-04 4.270154373927960607e-03
-2.461661341853029795e-03 3.177474402730377703e-03
7.958579881656828187e-04 3.964346349745341406e-04
9.235494880546079102e-03 2.103235747303545174e-03
2.918393782383421099e-03 4.838898163606011882e-03
2.058823529411809520e-04 2.074380165289258209e-03
-1.324915824915820408e-03 -8.400974025974027254e-04
5.272727272727284389e-04 2.339285714285724294e-04
6.604729729729737729e-03 6.319905213270143526e-03
-8.984374999999921244e-04 7.992565055762096199e-04
2.442492012779559629e-03 3.080952380952383871e-03
-8.119402985074547930e-04 1.999108734402853943e-03
2.600755667506302136e-03 2.321167883211681156e-03
-2.230434782608696053e-03 1.579454253611560239e-03
2.473333333333336062e-03 3.976744186046510601e-03
-2.036474164133710127e-04 -7.336523125996788916e-04
4.483240223463740991e-04 9.092495636998282381e-04
2.381231671554256361e-03 2.094619666048238953e-03
-6.571207430340557376e-03 1.531045751633985713e-03
6.764119601328908403e-03 2.720565149136579697e-03
1.908077994429000401e-04 -3.745318352059677909e-05
2.676092544987146698e-03 -6.708268330732941229e-05
-5.248618784530309674e-04 2.244949494949497609e-03
2.940199335548214108e-04 1.022421524663679610e-03
6.035911602209971701e-04 1.760036496350368554e-03
-7.916666666666567808e-04 3.953674121405750808e-03
1.718662952646245017e-03 -8.583999999999990726e-04
6.743351063829793740e-03 1.794066317626527053e-03
1.039473684210532375e-03 1.118729096989972641e-03
6.581250000000001162e-03 1.133802816901411043e-03
4.703832752613300587e-04 3.661016949152544331e-03
-2.061188811188811691e-03 1.107627118644069963e-03
6.405970149253737388e-03 3.655591572123179697e-03
3.455631399317410542e-03 -2.393700787401544048e-04
3.823529411764713462e-03 2.960342146189736019e-03
3.474074074074076906e-03 6.823734729493903788e-04
3.951742627345851758e-03 1.312500000000003768e-03
5.242897727272730589e-03 3.110419906688333601e-06
9.216867469879576119e-04 4.075085324232087351e-03
-5.107744107744102702e-03 5.560683760683762800e-03
1.631067961165055032e-03 6.068807339449542107e-03
8.079479768786130764e-03 3.676116838487975338e-03
4.599303135888500003e-03 3.248752079866891896e-03
3.332352941176473359e-03 -2.077798861480026100e-04
1.116618075801755058e-03 -1.218103448275861854e-03
5.192926045016092252e-04 -1.905053598774886095e-03
2.312893081761012784e-03 4.937888198757782671e-04
4.097122302158279217e-03 5.146739130434785370e-03
-5.458702064896752207e-03 8.084192439862577378e-04
2.423076923076926664e-03 4.568339100346021676e-03
-4.659498207885237435e-04 5.541798107255521862e-03
-2.445244956772331998e-03 2.743589743589746255e-04
2.680921052631579388e-03 2.573673870333988319e-03
2.953560371517040262e-03 2.817114093959737896e-03
4.741666666666673538e-03 -1.281407035175879114e-04
6.519503546099291932e-03 3.513863216266173688e-03
1.056358381502896194e-03 2.400332225913622258e-03
-1.795986622073579130e-03 3.587561374795420355e-03
4.527439024390246189e-03 3.765432098765472018e-04
7.210097719869713699e-03 3.557377049180350352e-04
7.843137254901992985e-04 3.455344070278187733e-03
9.319371727748732709e-04 2.325757575757579545e-03
-6.482939632545921737e-04 5.645695364238452387e-04
-1.685534591194965846e-03 3.894645941278076715e-04
7.224702380952380265e-03 2.934710743801652744e-03
4.419786096256690319e-03 3.452341137123743180e-03
1.589235127478756541e-03 6.363636363636398759e-04
4.396551724137939127e-03 2.120915032679740984e-03
-1.882500000000000276e-03 2.790937996820350934e-03
-2.905684754521958325e-03 1.653721682847898592e-03
-2.201013513513508119e-03 -7.766726943942107043e-04
-5.305369127516775668e-03 2.893356643356666041e-04
-9.636150234741743415e-04 1.940178571428576200e-03
8.666666666666673208e-03 1.258143322475572916e-03
1.528150134048257558e-03 7.200000000000024306e-04
3.528963414634148175e-03 -1.362804878048779313e-03
5.531914893617046651e-04 3.315881326352532361e-03
3.935185185185189997e-03 1.247672253258847288e-03
1.969309462915636900e-04 4.787155963302754808e-03
2.051886792452837886e-03 -6.745129870129835470e-04
2.399999999999999790e-03 3.089576547231269541e-03
4.811572700296739939e-03 2.172357723577236083e-03
-7.366863905325420287e-04 5.817120622568115393e-04
5.918789808917202140e-03 2.336248012718601750e-03
1.248262032085561447e-02 1.934369602763386098e-03
2.676923076923175184e-04 9.803418803418834006e-04
-1.264248704663211830e-03 1.123540856031130875e-03
5.319477434679334600e-03 1.295967741935482751e-03
9.052459016393453115e-03 2.818798449612405430e-03
3.881868131868137627e-03 2.380244755244756601e-03
-4.018895348837206276e-03 3.616721854304636840e-03
6.801587301587305907e-03 1.333097595473835707e-03
3.838709677419353296e-03 2.975609756097558848e-03
-6.834677419354786513e-04 2.442760942760943948e-03
8.826446280991741972e-03 2.456557377049181645e-03
-2.201058201058198830e-03 -1.099071207430340341e-03
1.042187500000004699e-03 5.611888111888135031e-04
4.020270270270345325e-04 2.079130434782611170e-03
2.561904761904768273e-03 1.589887640449440991e-03
-8.292011019283665766e-04 4.933064516129034502e-03
7.437106918239031438e-04 8.670988654781458407e-05
3.281341107871724692e-03 2.451401869158880038e-03
5.456730769230773610e-03 2.263371150729335830e-03
2.939999999999999471e-03 5.476534296028880144e-03
-4.256410256410254759e-04 2.926324503311258235e-03
1.329059829059833211e-03 2.174908424908429325e-03
3.156378600823048046e-03 5.554954954954958828e-03
-5.540114613180506867e-03 2.904411764705884091e-03
-8.475609756097441652e-04 1.588723051409622654e-03
1.029551820728291482e-02 6.293604651162809172e-04
-2.367374005305033970e-03 1.804492512479202943e-03
-1.518309859154927128e-03 3.101437699680513471e-03
-3.214285714285711193e-03 -1.186259541984733190e-03
-3.637829912023457599e-03 5.225919439579685896e-03
2.891495601173027161e-03 1.882539682539683757e-03
-1.761904761904754249e-03 1.396241830065361820e-03
6.428571428571429325e-03 8.265845070422547531e-04
-4.449664429530196010e-03 9.434628975265045613e-04
-4.530581039755348857e-03 2.104065040650407534e-03
7.752793296089384792e-03 2.916403785488959604e-03
-3.163109756097558581e-03 4.505672609400346328e-04
1.362637362637367927e-03 2.993720565149138486e-03
4.471947194719514589e-04 3.273516642547032694e-03
-7.608695652173074831e-05 2.374788494077837309e-03
9.006944444444445891e-03 1.087931034482759844e-03
5.455246913580254382e-03 -1.129233511586449088e-03
2.160493827160495789e-03 6.087689713322114778e-04
-3.246644295302001521e-03 -1.221337579617832753e-03
3.365229110512132828e-03 1.642973856209151585e-03
4.941860465116255799e-04 4.438181818181816812e-03
-2.979050279329602865e-03 -5.216637781629079266e-04
3.641061452513974332e-03 -5.978260869565203044e-04
5.329431438127093558e-03 4.875656742556918645e-03
1.720820189274451656e-03 3.690048939641112774e-03
1.631578947368423141e-03 2.990275526742302691e-03
-5.873333333333321561e-03 7.560777957860663478e-04
-3.850931677018569932e-04 1.937086092715233901e-03
-7.137195121951207637e-03 1.963432835820897501e-03
-3.370106761565831981e-03 9.073455759599345248e-04
1.528301886792456663e-03 2.643344709897612645e-03
7.041800643086819009e-03 2.509598603839442027e-03
-1.176959619952488425e-03 3.058020477815703939e-03
-2.426587301587295516e-03 4.130281690140845917e-03
-1.421725239616610176e-03 2.961474036850922451e-03
8.545801526717564101e-03 -1.414179104477611242e-03
-4.341463414634142391e-03 2.536824877250441908e-04
6.607843137254899683e-03 -2.427797833935000141e-04
-1.572327044015906665e-06 3.731343283582091649e-03
6.275862068965522636e-03 2.131399317406145605e-03
2.239316239316246817e-03 1.758267716535434491e-03
3.314917127071916590e-04 3.400813008130084206e-03
1.255105105105104764e-02 3.655384615384615031e-03
-6.144047619047609751e-03 1.475193798449615529e-03
4.605678233438505599e-04 7.793296089385495871e-04
8.518518518518549375e-04 1.420168067226885598e-04
6.267123287671235235e-03 6.163328197226517705e-04
-1.766129032258058600e-03 2.296694214876034666e-03
-4.899380804953557857e-03 2.831316187594551826e-03
3.459722222222226876e-03 -4.933554817275709282e-04
-5.927419354838670560e-04 4.987623762376237717e-03
7.477611940298545734e-04 3.299509001636661241e-03
-8.953488372093016887e-04 -9.837398373983648647e-05
-2.625766871165643394e-03 4.386200716845881087e-03
-3.174121405750795176e-03 1.156810035842296015e-03
5.390282131661446215e-03 3.699159663865545043e-03
4.753424657534311738e-04 1.795871559633028386e-03
3.238170347003156528e-03 -2.879767827529024129e-03
2.511661807580182516e-03 4.674242424242430576e-03
-2.410029498525069480e-03 1.723868954758228189e-04
-3.487096774193548104e-03 3.183898305084747506e-03
3.625448028673836174e-03 9.209650582362735941e-04
1.688622754491019874e-03 1.691634241245138686e-03
-1.232857142857138192e-03 -3.594009983361031390e-04
-1.810810810810814259e-03 2.099653379549397056e-03
7.879310344827583634e-03 1.644808743169399057e-03
-3.979999999999981274e-04 2.073896353166989562e-03
-3.175062972292185762e-03 9.991228070175446618e-04
-6.768447837150122146e-03 3.481067125645441983e-03
2.925531914893616039e-03 4.708404802744424120e-03
-3.052631578947324529e-04 -1.961050724637678627e-03
-3.332844574780054452e-03 7.825370675453082467e-04
6.512411347517735143e-03 3.217636022514073785e-03
1.519736842105267292e-03 -4.845626072041146933e-04
4.690322580645165870e-03 -9.963715529753261382e-04
2.826714801444047982e-03 -1.684303350969997481e-04
-1.999999999999995271e-03 1.424217462932456666e-03
3.857971014492761995e-03 2.280033840947548462e-03
-1.658690176322418896e-03 4.503100775193802710e-03
-1.007002801120442234e-03 5.771513353115751950e-04
2.404984423676010275e-03 1.574043261231283580e-03
6.337412587412594861e-03 6.429924242424254772e-04
-2.899204244031824106e-03 2.194859038142622266e-03
2.860169491525424174e-03 3.041379310344831301e-03
-8.242924528301868829e-04 3.824459234608987724e-03
-2.547021943573664089e-03 1.056603773584909381e-03
3.304034582132569977e-03 1.031418312387795411e-03
2.134674922600621368e-03 3.633043478260868705e-03
1.962585034013610702e-03 1.320063694267518050e-03
-8.417721518987329211e-04 2.085899513776337446e-03
-6.093749999999960960e-04 1.949211908931701561e-03
-8.106060606060519263e-04 1.066942148760334540e-03
2.213136729222525776e-03 2.072847682119207530e-03
-7.085798816567997387e-04 -3.761755485893418364e-04
3.191318327974279091e-03 3.126712328767124443e-03
-3.572222222222220991e-03 3.856630824372762542e-03
-3.576142131979689366e-03 3.630148270181221288e-03
7.405821917808219114e-03 4.706349206349235955e-04
7.664788732394366144e-03 -3.913043478260869873e-03
3.765342960288812525e-03 2.464110929853184292e-03
-3.988562091503263483e-03 2.983333333333334364e-03
8.334459459459467659e-03 1.458407079646021004e-03
-2.389860139860136221e-03 9.184514003294904022e-04
4.916422287390027727e-03 6.445578231292528300e-04
2.958193979933115142e-03 2.399107142857142064e-03
9.661016949152548142e-04 3.296019900497512353e-03
3.893678160919633222e-04 3.036682615629989011e-03
3.604109589041100056e-03 4.123684210526314120e-03
3.400000000000001112e-03 1.126794258373207784e-03
-2.588315217391299293e-03 2.916666666666969875e-05
2.039877300613527722e-04 1.005663430420715519e-03
8.895312500000003911e-03 1.674959871589086664e-03
2.594366197183098268e-03 3.246977547495681453e-03
-5.184538653366571603e-03 1.532081377151802218e-03
1.795511221945158067e-04 3.102919708029197327e-03
6.189705882352943521e-03 1.219967532467535311e-03
8.108771929824563560e-03 3.897478991596640963e-03
9.478896103896109274e-03 1.780888030888033236e-03
-1.978134110787170552e-03 2.521256931608134751e-03
2.709912536443155173e-03 1.901245551601424668e-03
1.142968750000000408e-02 -5.547945205479434556e-04
8.051948051948149736e-04 1.687500000000003017e-03
3.222921914357687340e-03 2.528906250000004241e-03
2.222873900293262459e-03 1.867972742759796021e-03
4.793594306049828689e-03 1.433021806853584847e-03
6.234234234234236130e-03 2.095744680851063541e-03
-5.797101449275335609e-05 2.338738738738741548e-03
4.081632653061225725e-03 3.576146788990826764e-03
2.996103896103895475e-03 4.732175502742233184e-03
7.509536784741152084e-03 3.004332755632584465e-03
-1.538011695906429856e-03 4.448697068403908994e-03
-3.079804560260584242e-03 3.698640483383687245e-03
4.353146853146890169e-04 3.403374233128835490e-03
-3.826860841423944046e-03 -8.181049069373915600e-04
2.150815217391307144e-03 1.534569983136593353e-03
7.800859598853868669e-03 1.952182952182955535e-03
-7.018691588785042935e-03 3.913080895008606494e-03
-1.844674556213011770e-03 2.101663585951942057e-03
-3.068535825545168089e-03 -2.271914132379245464e-03
-3.569105691056904343e-03 3.829905063291141627e-03
5.110248447204973100e-03 3.543720190779020823e-03
-1.284591194968546591e-03 1.288580246913583220e-03
-1.391691394658751014e-03 9.091639871382650598e-04
1.575562700964632445e-03 2.147668393782386186e-03
6.445723684210532406e-03 -2.528455284552830824e-04
2.620204603580563677e-03 3.315702479338844891e-03
1.592696629213487952e-03 4.437395659432389131e-03
1.432203389830515906e-03 7.870370370370399727e-04
5.606469002695485104e-04 3.138025594149908542e-03
-4.663563829787230157e-03 2.830769230769232189e-03
6.961414790996790607e-03 3.230769230769231612e-04
9.499999999999999764e-03 2.885321100917433417e-03
-5.538922155687896410e-05 1.632165605095567548e-04
2.353760445682456532e-03 5.023291925465859153e-04
8.039568345323740498e-03 3.619528619528632175e-04
5.822942643391575699e-04 3.967637540453078544e-03
-1.095864661654134473e-03 2.566317626527050977e-03
3.548442906574402530e-03 -6.648264984227115039e-04
1.233009708737865676e-03 3.384892086330935478e-03
1.636636636636636761e-03 3.553308823529411579e-03
3.055374592833878800e-03 4.705065359477127347e-03
-4.669669669669666498e-03 3.537865748709124927e-03
-4.857651245551556133e-04 7.617845117845143408e-04
-1.446808510638293317e-03 1.276182432432432148e-03
1.783707865168565956e-04 -1.594427244582014729e-04
1.699619771863122549e-03 1.939723320158103772e-03
5.588524590163937780e-03 1.242741935483872556e-03
-1.941077441077435463e-03 3.207044673539521072e-03
3.925233644859816781e-03 1.182786885245901663e-03
-2.467966573816155005e-03 2.705287713841372961e-03
-5.176767676767372916e-05 1.913343558282206563e-03
9.437869822485258492e-04 2.183161004431318029e-03
3.796296296296299781e-03 2.132933104631219538e-03
2.412500000000001015e-03 1.251318101933217037e-03
9.446646341463414351e-03 -1.592748735244517997e-03
7.119883040935676317e-03 3.578947368421052638e-03
-2.912621359223297921e-04 4.671664167916044635e-03
-1.820652173913044417e-03 4.432692307692309361e-03
5.481586402266347066e-04 6.337563451776655199e-03
9.004739336493556862e-05 3.802977232924697245e-03
2.915472779369632315e-03 1.589722675367047236e-03
3.443597560975609779e-03 6.086030664395240299e-03
1.026654411764706468e-02 2.256600660066008027e-03
3.615384615384618829e-03 7.590460526315798498e-04
-7.135869565217390666e-03 1.119868637110018814e-03
-4.335526315789466761e-03 2.695143884892088528e-03
-1.689944134078153338e-04 -3.472222222221656401e-05
2.139730639730648507e-03 2.850000000000000536e-03
1.118363636363636955e-02 -1.179894179894178888e-03
-3.075075075075071624e-03 2.596601073345263053e-03
1.148318042813458459e-03 1.784883720930236211e-03
2.474025974025979152e-03 1.917362270450751784e-03
1.931372549019614486e-03 9.297297297297333609e-04
3.194888178913746560e-03 2.084063047285482318e-04
-6.236413043478213330e-04 2.115873015873017630e-03
-5.618892508143336984e-04 5.634340222575517747e-03
1.080769230769231329e-02 1.455138662316478705e-03
8.268482490272409217e-04 2.989266547406083975e-03
-1.162969924812030063e-02 2.455657492354740724e-03
2.774038461538468406e-03 4.676724137931052264e-04
8.728571428571493904e-04 1.308403361344541178e-03
4.395833333333337527e-03 1.607843137254906518e-03
-6.183890577507592141e-03 2.169104204753202932e-03
4.025974025974033560e-03 2.740863787375685199e-05
8.516778523489934583e-03 6.408333333333351587e-04
3.714285714285715974e-03 3.341441441441442110e-03
8.413846153846151962e-03 4.215517241379309991e-03
-4.136792452830188524e-03 5.590339892665485743e-04
-3.010948905109493918e-04 8.037225042301364723e-05
5.423333333333335560e-03 2.428683385579936960e-03
3.532299741602069280e-03 1.031561461794021058e-03
-3.471910112359540002e-03 8.434108527131807228e-04
5.014577259475299200e-04 3.177446102819239237e-03
4.463917525773198822e-03 4.763513513513515166e-03
5.292565947242209960e-03 -4.112478031634433603e-04
3.816438356164388035e-03 1.963483146067419687e-03
2.478395061728395389e-03 3.395962732919258036e-03
-4.774390243902436326e-03 4.132569558101513245e-04
2.320000000000000014e-03 4.328743545611015049e-03
-3.647560975609756388e-03 4.307550644567221046e-03
-3.575667655786336622e-04 2.746835443037976953e-03
2.701465201465207046e-03 2.951473136915078697e-03
4.740112994350283854e-03 4.429765886287626193e-03
-3.692926045016071187e-03 3.086854460093898297e-03
1.377049180327871974e-03 2.198145025295109630e-03
5.633116883116890891e-03 1.019855595667871866e-03
1.014122137404580189e-02 2.117355371900826125e-03
-4.163101604278068336e-03 2.853204172876307263e-03
1.092964824120606698e-03 2.304817275747507530e-03
5.766666666666666469e-03 2.127131782945741213e-03
2.144654088050319818e-03 3.254575707154743619e-03
9.934343434343432741e-03 1.145973154362418247e-03
1.860501567398123359e-03 -1.320469798657717981e-03
4.447272727272732866e-03 5.240170940170941691e-03
5.256457564575652691e-03 4.262539184952980099e-03
2.629179331307053991e-04 1.857142857142885905e-04
5.491610738255033562e-03 4.419382504288165391e-03
2.225000000000003884e-03 -3.561872909698980206e-04
-1.373134328358202637e-03 2.606249999999999192e-03
3.067474048442913898e-03 5.091362126245864341e-04
-4.889967637540449524e-03 4.549528301886794808e-03
-3.842485549132945797e-03 2.851587301587301618e-03
-4.820846905537389481e-04 -3.460236886632798753e-04
-4.531249999999951983e-04 4.755434782608703977e-04
-1.344387755102037811e-03 4.456800000000001212e-03
2.212078651685401957e-03 2.153846153846179074e-04
-6.286301369863011961e-03 3.832252836304701673e-03
3.959833795013855372e-03 2.572499999999999700e-03
4.077565632458240302e-03 2.388357256778311528e-03
-2.042721518987338294e-03 1.525757575757578314e-03
4.724806201550392493e-03 5.515273311897110793e-03
5.632621951219515463e-03 4.220190779014310056e-03
1.755610972568582640e-03 4.101211072664362814e-03
-3.159744408945679324e-03 3.398006134969328105e-03
2.966216216216223563e-03 2.190954773869349410e-03
-2.075085324232072564e-03 4.939935064935066338e-03
4.186046511627909000e-03 3.990228013029331481e-04
6.207407407407404543e-03 4.699690402476779626e-03
4.941379310344834984e-03 4.864176570458435701e-04
-1.001366120218576041e-03 3.262852404643451238e-03
-8.222388059701485688e-03 9.251644736842134023e-04
6.713846153846157912e-03 1.055895865237367051e-03
-8.338278931750701299e-04 1.469405594405597459e-03
5.288856304985340567e-03 1.894409937888198638e-03
1.399739583333335083e-03 -4.267310789050068816e-05
-1.733746130030916575e-04 2.987942122186498274e-03
3.532653061224490069e-03 8.421875000000007046e-04
3.449494949494954447e-03 -9.797406807131254017e-04
-2.983516483516474114e-03 3.703459637561782539e-03
-5.540935672514612879e-03 2.374009508716326284e-03
-1.915384615384608732e-03 3.386614173228348797e-03
-5.905362776025227523e-03 -2.290969899665545634e-04
-6.459876543209876198e-03 3.486313868613139313e-03
-1.145547945205472934e-03 2.439790575916231646e-03
1.146464646464655929e-03 2.897785349233394318e-03
7.864912280701755187e-03 5.490624999999997244e-03
8.603030303030306802e-03 -1.599018003273320210e-03
4.342182890855461434e-03 3.848932676518884537e-03
1.120915032679744433e-03 -5.492359932088265121e-04
4.337950138504157067e-03 1.326758147512865785e-03
1.768493150684936205e-03 4.006568144499208020e-04
2.722570532915364726e-03 2.296208530805690304e-03
6.285483870967747272e-03 1.250425894378193788e-03
2.461148648648654562e-03 1.971544715447155066e-03
-2.078082191780818849e-03 4.047619047619053795e-04
7.177993527508090728e-03 3.710049423393740192e-03
2.922155688622758273e-03 1.907155025553663357e-03
-8.212328767123288145e-03 3.143106457242581583e-03
1.590257879656230375e-04 2.525210084033615091e-03
3.440993788819877303e-03 3.615120274914091804e-03
4.936102236421727185e-03 7.830342577487778852e-04
-4.838961038961038519e-03 2.717806041335454285e-03
-1.734317343173380152e-04 5.561312607944760402e-04
2.770967741935486620e-03 2.384800000000001155e-03
4.843835616438362489e-03 2.013913043478261344e-03
-1.565384615384604128e-03 5.249551166965887167e-03
1.129508196721309152e-03 3.043750000000000015e-03
3.372204472843452067e-03 3.635842880523732727e-03
3.837719298245690475e-04 9.155290102389097590e-04
-2.135327635327629280e-03 4.155200000000000386e-03
1.065292096219930262e-03 2.304498269896194679e-03
-2.090909090909084684e-03 1.119485294117652250e-03
-1.908959537572249739e-03 2.477129337539433259e-03
2.769521410579352683e-03 2.816291161178557652e-04
3.091922005571034072e-03 -7.866868381240230471e-05
3.920000000000005078e-03 -2.650635208711432395e-03
5.713836477987423862e-03 2.897689768976897950e-03
-5.405228758169919843e-03 4.441322314049588570e-03
4.756598240469213888e-03 3.397840531561462010e-03
3.498371335504893952e-03 1.968595041322315862e-03
-3.723404255318502515e-05 5.765993265993300592e-04
8.331746031746035605e-03 2.147110332749565566e-03
-4.821212121212117667e-03 2.558064516129032392e-03
1.792763157894774898e-04 2.239092495637000878e-03
4.475165562913909628e-03 3.333333333333363580e-04
-2.168674698795159208e-04 1.471698113207548821e-03
6.777027027027040032e-03 -5.322878228782287674e-04
7.207977207977203562e-04 3.850531107738999932e-03
7.057239057239060587e-03 -8.787346221399669721e-07
4.559936908517350437e-03 3.041818181818185893e-03
-8.199999999999987898e-04 2.945652173913045849e-03
3.978753541076491575e-03 3.807832422586523210e-03
-1.623893805309732478e-03 4.651490066225168023e-03
-7.105345911949683194e-03 4.357262103505870959e-04
4.584437086092716523e-03 2.812603648424546587e-03
-2.568062827225126368e-03 3.462897526501768769e-03
2.037216828478970003e-03 2.242549668874173428e-03
2.699675324675329495e-03 3.807952622673438717e-03
1.885382059800668440e-03 -1.114864864864867925e-04
-4.842182890855449735e-03 4.094728171334433356e-03
6.441605839416073747e-04 1.032520325203261470e-04
-6.586148648648644348e-03 3.800151975683892930e-03
1.086764705882356302e-03 3.578856152513000544e-03
-3.362017804154295367e-03 5.887603305785128922e-03
5.660273972602740920e-03 4.530000000000005377e-03
8.146306818181819898e-03 3.089430894308945689e-03
3.229235880398676709e-03 -1.706281833616263451e-04
5.419463087248347233e-04 4.777777777777818258e-04
-1.952312138728323635e-03 3.393238434163704364e-03
-2.231321839080455810e-03 7.642487046632143134e-04
5.208860759493676336e-03 3.846746575342467524e-03
4.912023460410582659e-04 -2.084000000000001216e-03
-1.156626506024088308e-03 2.444073455759601665e-03
2.647692307692313136e-03 4.137867647058824858e-03
-1.014440433212990787e-03 3.126229508196723753e-03
-3.057894736842105363e-03 -1.991935483870970055e-04
-3.479885057471262828e-03 1.240574506283668131e-03
2.821782178217824722e-03 5.570962479608513760e-04
-2.101941747572810479e-03 1.925164473684213640e-03
7.947169811320755825e-03 5.383071553228622325e-03
1.288000000000003335e-03 5.713028169014108685e-04
1.407303370786518399e-03 2.000000000000000909e-03
6.660120845921459025e-03 3.436411149825786653e-03
3.238019169329078503e-03 3.274242424242425169e-03
5.677506775067758370e-04 2.078534031413616437e-03
4.271186440677990793e-04 2.720312500000001809e-03
1.825342465753427342e-03 2.292410714285716446e-03
4.754578754578761210e-03 3.129629629629667614e-04
3.360398860398865553e-03 -1.309859154929576136e-03
-8.816780821917802671e-03 -2.211635750421582503e-03
3.763422818791950682e-03 1.519933554817277845e-03
-1.038356164383552171e-03 7.188081936685323083e-04
-7.273775216138323070e-03 2.165573770491803236e-03
1.002318840579710484e-02 2.381034482758621895e-03
-4.222222222222218359e-03 1.842153284671532894e-03
5.255281690140852120e-03 5.579470198675512242e-04
-3.268488745980702073e-03 1.861204013377930041e-03
9.800304878048785723e-03 -6.400679117147692419e-04
4.361413043478301111e-04 3.945833333333337647e-03
2.966005665722382025e-03 1.278368794326244966e-03
-9.154929577464755068e-04 4.572864321608039080e-03
4.087227414330224344e-03 2.734374999999994839e-04
-3.043478260869294239e-05 1.951640759930917818e-03
-1.039062499999998104e-03 2.726811594202899550e-03
-4.496855345911852453e-04 4.582326283987919399e-03
-1.898305084745743659e-04 1.887772194304861064e-03
-1.866920152091249745e-03 1.164222873900295357e-03
-5.727848101265766182e-04 5.361016949152542718e-03
-3.733846153846152698e-03 3.658227848101265438e-03
-3.938235294117644301e-03 3.630608974358975460e-03
4.777089783281737202e-03 2.416382252559728244e-03
-4.519543973941363320e-03 2.498349834983498545e-03
2.619047619047664690e-04 -3.796874999999976484e-04
2.427419354838715373e-03 1.445567651632973308e-03
-3.363813229571978834e-03 2.344506517690880289e-03
2.215877437325910072e-03 8.455357142857166351e-04
-7.015306122448934688e-04 3.705172413793107484e-03
2.790697674418610771e-03 2.516556291390747014e-04
1.607142857142862102e-03 8.724315068493158909e-04
9.219354838709678882e-03 2.149484536082475836e-03
1.647492625368733544e-03 2.237864077669905662e-03
5.282738095238192913e-04 2.154560810810814565e-03
8.134005763688766447e-03 8.733221476510085509e-04
2.599041533546326329e-03 4.503072196620585589e-03
1.272171253822630991e-03 1.057189542483660252e-03
-1.209064327485376419e-03 1.822610294117650923e-03
-3.525337837837834616e-03 2.823617339312408520e-03
6.700288184438078732e-04 3.003597122302162099e-03
-7.382716049382677522e-04 4.735909822866346194e-03
1.136645962732923693e-03 4.597520661157027469e-03
2.309309309309316282e-03 3.411708253358925261e-03
3.430232558139583126e-04 2.924855491329482818e-03
3.869209809264308100e-03 3.228885135135136069e-03
-5.128205128205098927e-04 1.414545454545456087e-03
-4.495912806539506534e-03 1.202961672473870864e-03
-3.466101694915250421e-03 2.742857142857144104e-03
7.478260869565288294e-04 -2.425196850393672866e-04
-4.054200542005414500e-03 6.064142194744978620e-03
4.942953020134230151e-03 4.403880070546741833e-03
1.427397260273977888e-03 7.184210526315847577e-04
-1.839879154078545055e-03 2.305147058823531128e-03
-4.123209169054437191e-03 8.971332209106275095e-04
-4.106249999999995320e-03 1.100775193798457957e-04
5.734328358208957629e-03 6.369982547993033491e-04
1.137878787878795345e-03 1.898412698412699998e-03
4.689526184538659812e-03 3.530612244897967603e-03
-9.314516129032223389e-04 2.146166134185305361e-03
1.896959459459463676e-03 -1.575899843505478536e-03
9.375000000000038684e-04 3.530120481927711152e-03
-1.064999999999991084e-03 -4.407051282051023533e-05
-1.046831955922829303e-04 2.917820069204150879e-03
2.182965299684543926e-03 4.132137030995107659e-03
-4.046052631578925512e-04 1.368167202572350381e-03
6.225714285714291883e-03 5.895287958115183469e-03
1.620629370629374797e-03 1.944945848375452362e-03
1.619999999999998178e-03 8.458781362007197508e-04
-6.619496855345817932e-04 1.958128078817737878e-03
2.833787465940108266e-04 4.128799999999999311e-03
2.205607476635518868e-03 2.493012422360249818e-03
-1.518722466960350289e-03 3.206299212598425971e-03
-4.525069637883003849e-03 3.164259927797837251e-03
8.013157894736928346e-04 4.155112651646451945e-03
-9.425087108013890979e-04 3.003660322108345215e-03
2.048913043478272061e-03 1.430743243243248405e-03
1.673629242819851511e-03 2.729623824451415156e-03
-2.926865671641785439e-03 9.216867469879554435e-04
4.368343195266280801e-03 2.654494382022471247e-03
-2.732628398791536219e-03 1.424268502581758564e-03
-2.077134986225893931e-03 1.880912162162163464e-03
6.000000000000001860e-03 2.568219633943431661e-03
1.820987654320994778e-03 -4.337599999999998748e-03
-2.362068965517256903e-04 3.453590192644486606e-03
3.346905537459287858e-03 2.918871252204588776e-03
-4.686609686609684473e-03 4.587646076794660820e-03
1.050176056338028401e-02 -5.308219178082160435e-04
-9.295774647886957383e-05 1.621951219512196779e-03
1.097241379310345127e-02 8.083197389885844611e-04
-4.437185929648237472e-03 9.051233396584448983e-04
4.680851063829851865e-04 1.584307178631052951e-03
1.713028169014087785e-03 -2.421746293245459827e-04
5.501597444089459214e-03 8.099369085173518772e-04
1.178143712574854359e-03 1.505599999999999300e-03
1.494134897360707920e-03 4.378068739770881314e-04
-3.139999999999909357e-04 1.710792580101184145e-03
5.378136200716853235e-03 2.518852459016395883e-03
-1.674999999999993985e-03 5.551330798479116747e-04
-2.228464419475646371e-03 -2.025876460767944871e-03
7.142857142857164535e-04 3.747540983606557474e-03
-3.871794871794866782e-03 1.750000000000000904e-03
4.985294117647064323e-03 -1.614203454894432704e-03
2.294303797468379288e-04 2.980442176870750498e-03
1.065000000000002143e-03 4.985074626865673882e-03
1.444444444444445462e-03 6.224793388429759010e-03
1.014590747330960767e-02 1.597826086956523253e-03
2.894568690095849529e-03 3.705701078582418939e-04
-2.880368098159504734e-03 1.149218750000000283e-03
7.403010033444819629e-03 2.319897084048031573e-03
-7.870090634440998810e-04 1.290064102564105484e-03
1.058510638297881050e-03 1.894607843137256602e-03
-2.055555555555551358e-03 -2.834658187599363444e-03
6.373626373626376657e-03 3.867845117845119911e-03
-1.177049180327865594e-03 2.372928176795581056e-03
4.968152866242037287e-03 1.952998379254458194e-03
1.527508650519030647e-02 1.111195158850226744e-03
1.107462686567167948e-03 4.822019867549671296e-03
3.569498069498076940e-03 1.394645941278066254e-03
3.373015873015946468e-04 2.726449275362336920e-04
1.568965517241386731e-03 3.413957934990441423e-03
-4.261133603238865392e-03 1.642984014209589779e-04
3.523936170212838372e-04 4.535405872193441768e-03
-5.530944625407163001e-03 1.803875968992248342e-03
1.596000000000004316e-03 2.325000000000002412e-03
