1.445849150064161537e-03 7.537544021364541618e-04
1.476080550453956128e-03 6.378572774714748620e-04
1.847733150459078631e-03 7.361556324336128053e-04
1.582146981668810680e-03 7.072093105418017847e-04
1.614521513599075867e-03 8.929665428805143345e-04
1.841945533032492057e-03 8.966494456341179455e-04
1.639983616749186249e-03 6.996431599423116833e-04
1.918474861745373067e-03 7.632988463919709778e-04
2.467314295239325141e-03 8.305667834555971940e-04
1.789782599590475105e-03 5.986101587779922356e-04
1.838120905442091691e-03 7.230710465827294708e-04
2.069389439193937766e-03 6.770065249196633621e-04
1.686793454718288864e-03 8.708049035882537868e-04
1.506296914922285136e-03 7.946054756892951230e-04
1.796014254393269761e-03 8.752650066172364520e-04
1.489652920374693939e-03 7.739626400468240268e-04
1.689867584864145891e-03 5.860644377333777211e-04
1.924248656738119980e-03 6.337737866802637017e-04
1.814240275164436759e-03 7.428776017324899760e-04
2.007663695050165668e-03 7.918326106607638352e-04
1.806827730698507342e-03 7.521789123457379598e-04
1.737064238266205780e-03 7.679727584427584793e-04
1.227227961117598925e-03 6.781107081862751363e-04
2.013864360490936773e-03 7.951383515541328396e-04
1.643685384695953242e-03 8.801041613330947127e-04
2.089128657973217569e-03 8.426411257685796716e-04
1.869808457478623924e-03 7.376462528666449456e-04
2.195793098003896802e-03 6.419989592386501692e-04
1.548553216375558568e-03 8.029140378980996473e-04
2.102084383947201447e-03 8.124829915302553664e-04
1.962324807380827225e-03 8.528388081639210611e-04
1.540870535791209967e-03 5.780812563345490021e-04
2.277065381640661773e-03 8.678724663894539677e-04
1.611859394195330015e-03 8.334612829114176761e-04
1.907170497520418659e-03 8.991184702151112798e-04
1.557228672849174942e-03 7.200426639875524967e-04
2.195465350617284948e-03 6.215894246913580097e-04
2.235835427704588145e-03 7.491842514195759832e-04
1.869222981463248591e-03 9.326369322922925531e-04
1.732730811611396396e-03 8.379382346494067702e-04
2.097752837978191214e-03 7.459742699389839771e-04
1.917736357537864079e-03 8.554438236447004049e-04
2.144156483603518269e-03 8.168089562023435725e-04
1.456714297354645042e-03 7.592141749312730521e-04
1.547193918809903687e-03 8.126910815656865393e-04
1.901375058973811798e-03 8.403047023353931279e-04
1.858626266437415041e-03 7.542219236480837046e-04
2.067744912179804613e-03 8.134378380142591935e-04
1.934033606093890720e-03 8.662963537507525555e-04
1.614030996144574402e-03 8.029644783871463893e-04
1.558126971203455070e-03 6.454930220687575418e-04
1.650685929464467891e-03 7.051312096417806149e-04
1.160830774855778564e-03 7.360850661071623169e-04
2.351211851364211954e-03 5.565812404616034314e-04
2.369757861173161541e-03 6.986253869312690620e-04
1.872200747884483589e-03 6.449576923289272994e-04
2.242141045386681405e-03 9.263131021909010382e-04
1.798290863309325201e-03 8.684686701764070520e-04
1.870197646191224753e-03 7.472787933412360041e-04
1.920520450086883558e-03 7.775818753781187954e-04
2.189245151318783278e-03 8.542428538034174635e-04
1.321977847689709013e-03 7.327736771367047118e-04
1.538689397725351770e-03 8.244535042074832218e-04
1.572657982120616695e-03 8.827411187324414512e-04
1.779130115224834526e-03 8.046753920872753291e-04
2.111927906111745520e-03 7.373472696653791784e-04
1.585801657193363929e-03 6.814408679353228500e-04
1.924728949872385507e-03 8.074522775415327860e-04
2.157657004859593955e-03 6.951547791002774760e-04
1.871888903143868223e-03 8.006933236794009897e-04
1.208363720220444106e-03 7.609716269546869943e-04
1.688034192744649817e-03 7.393311539582865218e-04
2.257692711755790969e-03 7.243455863887597514e-04
1.801075897447904691e-03 9.107937165129473007e-04
1.911895513799586471e-03 8.129005783597169701e-04
2.093020204439179251e-03 7.017402960696879312e-04
1.766981945505260391e-03 7.427368961798569121e-04
2.047928494580859848e-03 6.155678569038904252e-04
1.912786778050219391e-03 7.208677129926250454e-04
1.938774990617639013e-03 6.954568676080833626e-04
1.525453155734940534e-03 9.113861339933465068e-04
2.852296969976437103e-03 8.302309573277566164e-04
2.631894656435694504e-03 7.197643171384654611e-04
2.214943077465041359e-03 7.349656361048333792e-04
1.381088481495959790e-03 6.961549893363475896e-04
1.713084033317051943e-03 7.051202067072261494e-04
1.903749237540944533e-03 7.438562306726892708e-04
1.976833342141453512e-03 6.696626950946356176e-04
1.929632248944521166e-03 8.227634453293243165e-04
1.870470943358980721e-03 7.213905039961840101e-04
1.487052554125905092e-03 7.182909786140581794e-04
1.967385239699740405e-03 6.261659848532125788e-04
2.461304128769012476e-03 8.835913141473851658e-04
1.316534493097813729e-03 6.666345512564295431e-04
1.662731477799836996e-03 7.353403325974474302e-04
1.627160615528012565e-03 7.880190523646975849e-04
1.710704199542668370e-03 6.965609518552222856e-04
1.630922551757568815e-03 7.607806622894889475e-04
2.233085612002120093e-03 7.478450268088694891e-04
2.641466871203475980e-03 7.192641212375690870e-04
1.654127436377801543e-03 7.154444608642182915e-04
2.047656499091059408e-03 7.636219908433149748e-04
1.977647707755727201e-03 8.492998828273796421e-04
1.878973846548037544e-03 8.301992212196401518e-04
1.702522573629671040e-03 6.581056681935001798e-04
1.961471030389671903e-03 7.431197948344057426e-04
2.204676323639452942e-03 8.757639032572881897e-04
1.905232689447482588e-03 6.848922740320660153e-04
1.953103338561558433e-03 7.715799062641107327e-04
1.637406893081273102e-03 7.707736616109691231e-04
1.578702274944042980e-03 7.500191571279515900e-04
2.346824028761165717e-03 7.252963927067428325e-04
1.756704509456064782e-03 8.136803611058327380e-04
1.161439443783833037e-03 7.495464323806591859e-04
1.928644653132316434e-03 9.004798607397320213e-04
1.662921284951061375e-03 8.065966991544889966e-04
1.936993940584490204e-03 6.516024636612436629e-04
1.736979862823776442e-03 7.687540891724374114e-04
1.503651670183186670e-03 6.570104139582866754e-04
2.000374442620604740e-03 8.437984022724631574e-04
2.080986253102606095e-03 7.586149865202883227e-04
2.026725321580531789e-03 7.945052185393137447e-04
1.924495555156581104e-03 7.325763412829893644e-04
1.854889729446455469e-03 8.861149916020666460e-04
1.651173873166159739e-03 7.574480155533771381e-04
1.726597413736153698e-03 7.019214321237351138e-04
1.875544545054195177e-03 6.265434628031124782e-04
1.323758348840004592e-03 8.506395428833526777e-04
2.183265316557709505e-03 6.889092415687993881e-04
2.019722040603731152e-03 6.501052079210401912e-04
1.978612340657865884e-03 7.827281010323575063e-04
1.887425634054582576e-03 5.597015486887283635e-04
1.592508885335400335e-03 7.256200885687193701e-04
2.162711269400025178e-03 7.802158302288302472e-04
1.844317282133349067e-03 9.159095687140330223e-04
1.205367759104511828e-03 8.274152999459484688e-04
1.565267391587985306e-03 9.212837769956763040e-04
1.328096460998921726e-03 9.478942352917016107e-04
1.929095794524220099e-03 8.737481284265305155e-04
1.606145276271990106e-03 5.864930564189120739e-04
2.231046444754854023e-03 8.132867973829304960e-04
2.165348210473818594e-03 7.338762323252192351e-04
2.227090836073796713e-03 6.408047380608996408e-04
2.068263176860523495e-03 7.778098098571561286e-04
1.543906521010039419e-03 6.874584659744895207e-04
2.059686642297465457e-03 6.503487035371953266e-04
1.759336912672701970e-03 7.253655639131492000e-04
1.212386574074074278e-03 7.426942460317458809e-04
1.714396470580450233e-03 7.926644650031206430e-04
1.981675233303131604e-03 7.468006013715437546e-04
1.455235518962215684e-03 8.210497926453510674e-04
1.801434934079104624e-03 6.822337131038008068e-04
1.837170255842577107e-03 8.673404423345113315e-04
1.632319041146356418e-03 7.515072780293326291e-04
2.302214372240784113e-03 8.615220841311962410e-04
1.434126547608185771e-03 8.231858065704120630e-04
1.626658427484027787e-03 7.795594424594389686e-04
1.460719299959427602e-03 6.813588439845842237e-04
2.110127141605398250e-03 9.126092776854748644e-04
2.068467886693804367e-03 7.762793162495475446e-04
1.665389244345416488e-03 8.051639076548745616e-04
1.285953705631636074e-03 8.524684224075778803e-04
1.083430091548998010e-03 7.557956369996351922e-04
2.097438034548424531e-03 6.867131733880792134e-04
1.979399853708701130e-03 8.100454976480952725e-04
1.953087993056004884e-03 7.493326609119003090e-04
1.631225535850983196e-03 7.495585286300105289e-04
2.578008173733185946e-03 9.737816628913241413e-04
2.109512292154862821e-03 7.461997957478484897e-04
1.992821300509648071e-03 7.384946042133514648e-04
1.608559152311438926e-03 7.132757416881085845e-04
1.737400937231854681e-03 7.688022277700631889e-04
2.000727166645064822e-03 7.343465814715839689e-04
1.943153590937149455e-03 6.715668654735582315e-04
2.129958056533262385e-03 7.969193047663058246e-04
1.937408154022839243e-03 7.222410777828409175e-04
2.071970502856948591e-03 9.036676995795029765e-04
2.487744816142714241e-03 9.376857664166274873e-04
1.719215810047623446e-03 6.553868338475145718e-04
1.702682752011785592e-03 8.280361034755496195e-04
1.762746343048216284e-03 8.211937341306926614e-04
2.251717512877997752e-03 6.461444038526815200e-04
1.788359503469182793e-03 7.532415878839301016e-04
2.092048560243588064e-03 7.018828636464285965e-04
1.446375932361397901e-03 8.553533151274983091e-04
1.355483770992531528e-03 6.378885085347400091e-04
1.657829930528448336e-03 7.466681957253655218e-04
1.651080347244522932e-03 7.656429140451465097e-04
1.738404883619350033e-03 8.022815329071134689e-04
2.186364917767177896e-03 5.511046125001047404e-04
2.105576198977944860e-03 8.498690777831627817e-04
1.608925338629619553e-03 7.781831290847789984e-04
2.322113206564145344e-03 7.595429991423329830e-04
1.650080610245436598e-03 8.558592709793055560e-04
1.800692889674284551e-03 7.304844429905630633e-04
2.408530096624020289e-03 8.011971867091601971e-04
1.764743511675531847e-03 7.955387462425065215e-04
1.450250987520608405e-03 6.816401529688673492e-04
1.826481072032948858e-03 6.231388259572482029e-04
1.627718238606928923e-03 7.649108133542981310e-04
2.160147891474796609e-03 8.994120542733917032e-04
1.602554495010163893e-03 7.393559604564820583e-04
2.270411927222215197e-03 9.235050403336261165e-04
1.910654314791582035e-03 8.537636409752427224e-04
1.537076850007593242e-03 6.178583288515782307e-04
2.358251368808339347e-03 7.767351623436430548e-04
1.865249379169667699e-03 6.799827901174704562e-04
2.032183790389357602e-03 8.084903252487457212e-04
1.766373251242918732e-03 6.205243009100971973e-04
1.551049073186357673e-03 7.158648021656223133e-04
2.128857756244733560e-03 6.946993505234697443e-04
1.673521638483148810e-03 7.394047448994237569e-04
1.780894831018787951e-03 8.348165541866236182e-04
1.624887198562702728e-03 8.156134990567446858e-04
1.491966905674913055e-03 7.132889945401318542e-04
1.196620471425673257e-03 6.910881302572183900e-04
1.701943631170287075e-03 7.107557648147248787e-04
2.242375904638549411e-03 1.002681798510127653e-03
1.771618881453046815e-03 7.272503658877385417e-04
1.505274322833502357e-03 7.236475371192170559e-04
1.819681158862966044e-03 6.556641641273281860e-04
1.431854832662549353e-03 7.045802633095925608e-04
1.243135523380511703e-03 8.368982889978408314e-04
1.665698367277495054e-03 6.695786504382026392e-04
2.230127205394709204e-03 7.564560124430996877e-04
1.777394571622133591e-03 9.197336969789105107e-04
1.838476257332134463e-03 1.045214366306492773e-03
1.856403280052248495e-03 7.462732582154773088e-04
1.494310705008058439e-03 6.907102953738762695e-04
2.073730903424465203e-03 7.507830956147200103e-04
2.224224552791254951e-03 7.701817885560052063e-04
1.554702354000224787e-03 6.337483390646961919e-04
2.154566156716419909e-03 8.423610917030566279e-04
1.966963971277207058e-03 7.415224672671580104e-04
1.559161288573417212e-03 7.441119357864543933e-04
1.574134592827875802e-03 7.300213233083554252e-04
2.254580723271678178e-03 6.995826770462036312e-04
2.022089118201586457e-03 8.035838190539053945e-04
1.961224374778212497e-03 7.165887364095402173e-04
2.152225282949178642e-03 8.341093235044304711e-04
1.476710474127003502e-03 7.203683567273568402e-04
1.883793412034084729e-03 8.498837534791530476e-04
1.505058269805649700e-03 6.487857193547881150e-04
2.262368967446809574e-03 9.587044819520502102e-04
2.184953551908900855e-03 9.005122663875674005e-04
1.622601276981973806e-03 6.584769859681737121e-04
1.720747853359923642e-03 6.944237799128298496e-04
1.825112307529914556e-03 7.270070898542786405e-04
1.506075337463452096e-03 9.023520662972001885e-04
2.152607590396322067e-03 5.996108555035349705e-04
2.098889817253143247e-03 7.938475110726874026e-04
2.413719548641943442e-03 6.576287903911934123e-04
1.562106779712608886e-03 8.085076673039520885e-04
1.673098965170741756e-03 7.903406453655464296e-04
1.318951262388982784e-03 8.499912849834939709e-04
2.152044812345284448e-03 8.246615248891342974e-04
2.072145398181395037e-03 8.989113369364141667e-04
1.886431732834005330e-03 7.145231809181748668e-04
1.387946373218786316e-03 7.178435552698063903e-04
2.134591657730398277e-03 6.937096607763668186e-04
2.390751037418729560e-03 6.713087463940762287e-04
2.138264528782554165e-03 7.396626774453895874e-04
1.538014463723107747e-03 7.524596318985694128e-04
2.569369938781207886e-03 6.839670145569934747e-04
1.655673856668184174e-03 8.476906626882506389e-04
1.757372230835553030e-03 7.058505727221604407e-04
1.915916171279258935e-03 7.378390610536434855e-04
1.714418450930556672e-03 7.369631497659025719e-04
1.350627237904441016e-03 7.836660771506588283e-04
1.813299558024761586e-03 9.064196517897674457e-04
1.624975561708847261e-03 6.086224726192262678e-04
2.327270179628612972e-03 7.371773030442139562e-04
1.505064149937548022e-03 7.933772848083832071e-04
1.858678919399925876e-03 7.034758937210425483e-04
1.840150522566425710e-03 7.699016934954508711e-04
1.919929698507981397e-03 7.236654028315519334e-04
1.883321906776753377e-03 7.171587528512154714e-04
2.477948851106588201e-03 7.616140542715042587e-04
1.711395574802369434e-03 7.542974501996982861e-04
1.885173326527868516e-03 7.481527737781480843e-04
1.415669525375940494e-03 7.837510158668729854e-04
2.067069389321068377e-03 7.605403338435390553e-04
1.757297835947156011e-03 8.216263999753362687e-04
1.444850948935724397e-03 6.998209147226256387e-04
2.170887112748870820e-03 8.841173586052948922e-04
1.528076501039929338e-03 6.527210208218384895e-04
1.582394994435258303e-03 7.330227650042104269e-04
2.160853704383781677e-03 6.836330167769387846e-04
2.147629947489775731e-03 8.166641249040559967e-04
1.537545089386076853e-03 7.255656131756573401e-04
2.020011759272542784e-03 7.067010972156357240e-04
1.525577746580695452e-03 7.980322254734281825e-04
2.146834528222945227e-03 7.135685048156277044e-04
1.884020160405585004e-03 8.119121363250970730e-04
2.326510935920619600e-03 7.468809198692547740e-04
2.154662395601036635e-03 6.600105603974547232e-04
2.064366666757103293e-03 9.261279328549614680e-04
1.840761317367739297e-03 8.339783171440090558e-04
1.609170154300013566e-03 6.402908343446068150e-04
1.598386780785195863e-03 7.002616333795348919e-04
1.721939491590560164e-03 7.183313346018344167e-04
1.928046639333658814e-03 7.506473015613693116e-04
2.174393427726563095e-03 6.654172728082029644e-04
1.880104299870210540e-03 6.542158512456595562e-04
1.792462776463825836e-03 6.807817664939544476e-04
2.007633008329764383e-03 6.548352550703558832e-04
1.700927394645504725e-03 6.952276892268658770e-04
1.479055841459838393e-03 8.831460080886531375e-04
2.160707075172628531e-03 7.033006581842101692e-04
1.714531179719487814e-03 8.211975265892961125e-04
1.889372263242668822e-03 8.590545467534738133e-04
1.950120693443467210e-03 8.448463447579432307e-04
1.573591099464714295e-03 7.586947397996245254e-04
2.316172201618613754e-03 6.678963343460521092e-04
1.228485063647623493e-03 8.223026137445855512e-04
1.100845897342611927e-03 7.960744812586956773e-04
1.827717489412451291e-03 8.608765803215406073e-04
2.245456568195583306e-03 7.995445366413561497e-04
1.441630088367260292e-03 7.123241742389782452e-04
2.642948216028777764e-03 8.068287360152262989e-04
2.010467737488625881e-03 7.445665680631979345e-04
2.083929868031636577e-03 9.946824275838847366e-04
1.623940042607373291e-03 7.730437033784629550e-04
2.440318001424323247e-03 6.885669974650470218e-04
1.871968750000000152e-03 7.793221374045802710e-04
1.997993408669394757e-03 6.599731941479424109e-04
1.795443171481291055e-03 8.460799612540172631e-04
2.105622579758083691e-03 8.496231561485311510e-04
1.657109784832638258e-03 7.355931198185991504e-04
2.389717905665133136e-03 7.124670768467609907e-04
1.811005874833009500e-03 8.651249943064311283e-04
2.176057359784860663e-03 7.781646530267639830e-04
1.710302679512066756e-03 7.480992114481935977e-04
1.852006966418456337e-03 6.278795505530711469e-04
1.530776251759124150e-03 7.342067946346220435e-04
1.917404310677588413e-03 6.280382863034102668e-04
2.113955973018871465e-03 6.854912663605083976e-04
1.514532941491602636e-03 8.412105067406751421e-04
1.631408765311515323e-03 7.211725410605784609e-04
1.677247643109355899e-03 6.903466454039916371e-04
1.546631934077587981e-03 8.582384127261593384e-04
1.731396937254610358e-03 8.300197338964331907e-04
1.451865412550396939e-03 8.448429443985496510e-04
1.995364478014345026e-03 7.673814447979566359e-04
2.172441145638019655e-03 8.082977423123722995e-04
1.331132373433226461e-03 7.166833761070220141e-04
1.382679424386740099e-03 7.576842926750286403e-04
1.982902711947006919e-03 6.227210090879925280e-04
1.904428589624290909e-03 7.411104202295327147e-04
1.730772535213274520e-03 7.559417485911991115e-04
2.280380517028974575e-03 6.459868283772299616e-04
1.563301085259231980e-03 7.376166213835912491e-04
2.337642674436294591e-03 7.175523494779543782e-04
1.677587679444711996e-03 8.474912558884544356e-04
1.812964898728110404e-03 8.539057483012834227e-04
1.673636274411001565e-03 8.589867155076348626e-04
2.115266176539340199e-03 8.561784436200856269e-04
2.464552070202984547e-03 8.048270869621543125e-04
1.659628847849739216e-03 7.757571465869931605e-04
1.838054993335596927e-03 8.099096898144785830e-04
1.994954639724855292e-03 9.118684386927181432e-04
1.243853488598780418e-03 7.953727456060467665e-04
1.280295471628651368e-03 7.768081297564188598e-04
1.322288325916285302e-03 6.800005037504481967e-04
1.751906187581409513e-03 6.642507204060565506e-04
1.763823949898785581e-03 8.527283177312775658e-04
1.315185358627920945e-03 7.358044696909609881e-04
1.294882837944904023e-03 6.131915153497814221e-04
1.667691339302241477e-03 8.642065941231775886e-04
1.827841792520429462e-03 6.748856270259453397e-04
2.101871828380307439e-03 7.948991646152539980e-04
2.247288960245570621e-03 6.930202408333294367e-04
1.484536405346128466e-03 8.335570324181377968e-04
2.216518011470236006e-03 8.415301314285741343e-04
1.820477417673086471e-03 8.565855755412752140e-04
1.405108515201420986e-03 8.230794307659564319e-04
2.010246495636827408e-03 7.899315263977478834e-04
2.111756993866643721e-03 8.199497968969458308e-04
1.476422039318526103e-03 8.454687047921593569e-04
1.787100891917492137e-03 7.428281113957090195e-04
1.380922538895285739e-03 8.007635567584473054e-04
2.061134591581325649e-03 8.050588704482263989e-04
1.647572294328023034e-03 8.334249049829212108e-04
1.529300723991744307e-03 7.360787905871507943e-04
1.222199823337118954e-03 5.815519586426356807e-04
1.520342548035240500e-03 7.119243996496679152e-04
1.740946554686010174e-03 1.003015243166664001e-03
2.004982836971678801e-03 7.169822238111874793e-04
1.659126073511763434e-03 8.662156646551561487e-04
2.006360180110368895e-03 6.439489492529705886e-04
1.765345717419096981e-03 6.902283035898255665e-04
2.111820557107562269e-03 8.091544528106924504e-04
1.727172005967557954e-03 7.843270752299633455e-04
1.669257839026005953e-03 8.340590020855691896e-04
1.628600816588509281e-03 8.743267142537409272e-04
1.520507993979708372e-03 7.423430868179043372e-04
1.789726918765904449e-03 9.418471565730143161e-04
2.016659230252871530e-03 6.971502862944706658e-04
1.542181013215530123e-03 7.506564162031848083e-04
1.896489262569807811e-03 6.979092081042922915e-04
1.827018822973268874e-03 7.299695177601550795e-04
1.789244265055125798e-03 8.545019105734147618e-04
1.392306092210120888e-03 9.550265664325154622e-04
1.986923040489530379e-03 8.797351469114907639e-04
1.724338020838185733e-03 7.369911796829510184e-04
1.788373514220217191e-03 6.502130495381859077e-04
1.979123987127464571e-03 6.956216166123839820e-04
2.315694486517784912e-03 8.096994655006752115e-04
1.498001204086503880e-03 7.298920686732946958e-04
1.847932241720217023e-03 7.127608131487887539e-04
2.072021490280995335e-03 6.512469693660956046e-04
1.765931348987257376e-03 7.084103641224151916e-04
1.794528345498146897e-03 6.717679267856525426e-04
1.628299335162430514e-03 7.985096108487299777e-04
1.720790187218689373e-03 6.487032898743062392e-04
1.272554018150532252e-03 6.755299886853731711e-04
1.844985037853851938e-03 6.408618792517006921e-04
1.852690025067678121e-03 9.068959383219879359e-04
1.661142759541005178e-03 7.042327354237579726e-04
1.918989422806931027e-03 8.101280559926679874e-04
1.360339223752471318e-03 7.185725920182682884e-04
1.762390083794172736e-03 8.236034724762650435e-04
1.473883436813022002e-03 6.957805779860252613e-04
1.346135695163869000e-03 6.310372986709891817e-04
1.810731441063004581e-03 7.134019443159697214e-04
1.368838180006696006e-03 6.294008768677790281e-04
1.889213935464354897e-03 8.025115713267517515e-04
1.309150698696392437e-03 6.039394791841976983e-04
1.565810327656449660e-03 6.362315838227635854e-04
1.850087865903339958e-03 7.280351709407911764e-04
2.080470466888065598e-03 7.201803311234665972e-04
1.911870366048441317e-03 7.338481167987551818e-04
2.107224756602895342e-03 8.467696355995056818e-04
1.467166624442019793e-03 5.667269572236387134e-04
1.983725467503240532e-03 7.598634566860971952e-04
1.736485747693504835e-03 6.494335526663096766e-04
1.406999064816704011e-03 7.917718944822733310e-04
1.492386595822357874e-03 7.702358141783836485e-04
1.881848231057916708e-03 9.072586857546927020e-04
2.027257679786280409e-03 7.555057112172136602e-04
1.801326653061225335e-03 7.367353020678467281e-04
1.490541411275674065e-03 8.258741884628532752e-04
2.212413532509001617e-03 8.845878175982267982e-04
1.781563560174100362e-03 7.275909061910712560e-04
1.671990310097654954e-03 7.561767730531474344e-04
1.825334811857069273e-03 6.965540494839457487e-04
1.650266118870275227e-03 7.846226558625350820e-04
2.195211173580474944e-03 8.476782517697755304e-04
2.360586578959952483e-03 8.881918006243584574e-04
1.654994793275413583e-03 6.752463391622918988e-04
2.031235516960804618e-03 7.472911416713172265e-04
2.433348634473164220e-03 8.042785226545572878e-04
2.235744458024691104e-03 7.373140688031343953e-04
1.420853252477523396e-03 8.113610309605445931e-04
1.754613608364339727e-03 6.729268182568257008e-04
1.858444992223037785e-03 9.239845371780296872e-04
2.024212648836680190e-03 8.017470818088417170e-04
2.519700767310609733e-03 8.165942259290866591e-04
2.245512272250003213e-03 7.570413462032225208e-04
1.976101470532380059e-03 7.764023641960802330e-04
1.759308610189299271e-03 7.610097674737042626e-04
1.604660710607040816e-03 6.437049739299244896e-04
2.119130566410859940e-03 7.811755955272874780e-04
1.702660232892059741e-03 7.889317592324323345e-04
2.019948775081098838e-03 6.617009357141898172e-04
2.134543265882796713e-03 7.213325333304115025e-04
2.071463009421952318e-03 8.492315261309602925e-04
1.474495886839038115e-03 6.320893702400030021e-04
1.729553878104798069e-03 7.822071116231361226e-04
1.566130219627736133e-03 7.556077242355274974e-04
1.715988387845450956e-03 6.479673183920287233e-04
2.074827973205701798e-03 6.876006846677144672e-04
2.406160590415677789e-03 8.167262452248977202e-04
2.068224055286406547e-03 8.185564601663571820e-04
1.545770294938665418e-03 8.578854123034393995e-04
2.407239555314926675e-03 7.269308633652052636e-04
1.720761874822430114e-03 7.671904943464227973e-04
2.293330944981371907e-03 9.415692012985563391e-04
1.803500101706789023e-03 6.157479019496676616e-04
1.304334923412598431e-03 7.357359233919162633e-04
1.356903368668567478e-03 6.564891269103256821e-04
1.808418082546353872e-03 6.813878510180129905e-04
2.320413798013862793e-03 6.959604069443801281e-04
2.435374152508872417e-03 6.891080307821344534e-04
1.670877328923367142e-03 7.915815411908318092e-04
1.317800662327416050e-03 7.229558948855553668e-04
1.992301890317571544e-03 7.795429344165348551e-04
1.556698336767680605e-03 6.965677396807237222e-04
2.327336622467468356e-03 6.559228563688061352e-04
1.647407325299771966e-03 8.109468847559963287e-04
1.918811725789404789e-03 7.263022193169121378e-04
1.799984166218862808e-03 7.177115292182896338e-04
1.925211682303105748e-03 6.949495651798721311e-04
1.777741717773183338e-03 8.519767761497578024e-04
1.833961075228104400e-03 7.426826783868673400e-04
1.490810255667058019e-03 7.199329470037563964e-04
2.133057970093544826e-03 7.400636491689486368e-04
2.050673132714652454e-03 8.664062884753388977e-04
2.178746430908582322e-03 9.352170806523522157e-04
2.213919297926253502e-03 7.828327318342990148e-04
1.697320798741966440e-03 8.862265476871140262e-04
1.514051043820650215e-03 7.323523077720631765e-04
1.985467161646247043e-03 8.083451240398120859e-04
1.888672216836444944e-03 8.108956558293053127e-04
1.981514334167722331e-03 8.701410722575313953e-04
1.362575876304900589e-03 7.331475468232051713e-04
2.171541393273896444e-03 7.880099922559322557e-04
2.198338389877174583e-03 7.774085020566608335e-04
1.997704872498614909e-03 7.727680717792041742e-04
1.615536181499661753e-03 6.953718636892046489e-04
2.155336024879400073e-03 7.267445366248648578e-04
1.841118060298849342e-03 6.586791738649113055e-04
2.068656923947561135e-03 9.652261950906312763e-04
1.933701441786616097e-03 7.155360980540547994e-04
1.794939015116804029e-03 8.755402205664823516e-04
2.003554546232425015e-03 6.779359666162048910e-04
1.877836908351166118e-03 8.732274447615136085e-04
1.833577890518510141e-03 6.739012417369302484e-04
1.863919313811562362e-03 7.873335709825417163e-04
1.671748538051901888e-03 8.677764467026026496e-04
1.455355374399204538e-03 7.402859978012039975e-04
1.373674927927941592e-03 8.985885768942285376e-04
1.568907276527483014e-03 6.667812015737809668e-04
2.098850494286509921e-03 9.155360271028939283e-04
2.063301285538170823e-03 8.872020699917274955e-04
2.203922488961562298e-03 9.115545920066950433e-04
1.621528372148963891e-03 8.343970623450413073e-04
1.829990796145272410e-03 7.750846568177970856e-04
1.758402127740519606e-03 9.587716892757103737e-04
2.141148491368771029e-03 9.052267726406576943e-04
1.389783306029413303e-03 7.793525990804554653e-04
2.216535613042463528e-03 8.916132853978815187e-04
1.631919673361781169e-03 6.032856426964998148e-04
1.936868754052369817e-03 8.367564616651952452e-04
1.950440363803029702e-03 6.678963834253646634e-04
2.097854410079514741e-03 8.209526010408522978e-04
2.212115290552756942e-03 7.970142093305766047e-04
1.373407956734069672e-03 7.924962684223814998e-04
1.546480229666575071e-03 6.026348421398141589e-04
1.604432104913855418e-03 7.935423621746543615e-04
1.914342654587014234e-03 6.252462577808692249e-04
2.011615064451003580e-03 9.238764541030173574e-04
1.706597459518044944e-03 8.058553195351427726e-04
1.578477760315805112e-03 8.584198912206389767e-04
1.889299794473034986e-03 7.222443774923624884e-04
2.042943658121233914e-03 7.161409269540947378e-04
1.834305504878150405e-03 6.088289395235572119e-04
2.275714528724684989e-03 8.538314211995780278e-04
1.880889901767648573e-03 7.839786186357178017e-04
1.811491162107241185e-03 8.629088537169467580e-04
2.126889792591057753e-03 8.073445054623427583e-04
1.465358508901665755e-03 8.696443349453323582e-04
1.389709443278645384e-03 8.312116408795967816e-04
1.713133501054613312e-03 8.239005749527441832e-04
1.564927226044115528e-03 7.692518196145836521e-04
1.985565941245196267e-03 7.870072498144765547e-04
2.001352171254727492e-03 7.310474053684383293e-04
2.240324703016385692e-03 7.694392804604357084e-04
1.754681355092046818e-03 6.612227466933846875e-04
1.917119119538782199e-03 6.865861112857374500e-04
1.472618471241282515e-03 6.879812546443202226e-04
2.161452747496367226e-03 7.203852388137509284e-04
1.614913072904397518e-03 6.704072574041085872e-04
1.577015277570991770e-03 6.817274032680350950e-04
2.266893522169812023e-03 6.641910931102359495e-04
1.698010100769491290e-03 6.275019758897004652e-04
1.793518556127280100e-03 7.710134653406164893e-04
2.054899324679033881e-03 6.431644409581027113e-04
1.805493748863199778e-03 9.436644171473280562e-04
1.375584785699832243e-03 7.218593708333745753e-04
2.145112840033650079e-03 6.956457756137507950e-04
1.605565479866036217e-03 7.610315977223027634e-04
2.135371400148229713e-03 7.319628325444805768e-04
2.328280326732064861e-03 8.851143359846478688e-04
1.840999671006963382e-03 8.031479907779093003e-04
1.962938623036620134e-03 7.329846704674501147e-04
2.486918424385455451e-03 8.961594839796628749e-04
2.593769208995775656e-03 8.627480224518809448e-04
1.640618363975580949e-03 7.504885424258416577e-04
2.494168066906774558e-03 7.932977443336631639e-04
2.515072486825312842e-03 6.887190054157558061e-04
1.729639368641663465e-03 8.576179622702562871e-04
1.992474475594951597e-03 8.083781594484118352e-04
1.682536450251912461e-03 7.244982238861600058e-04
2.028544652486982160e-03 6.997948882665272832e-04
1.785524905435038933e-03 7.267396736469581035e-04
1.663750189647311608e-03 8.358766375237588727e-04
1.568448557699818249e-03 6.472497134751584256e-04
1.407735185208477914e-03 7.229742686573911812e-04
1.525551603927729431e-03 8.183434387644005934e-04
2.262541111744733550e-03 8.357280144967398463e-04
1.876059885391281358e-03 6.279494511201074575e-04
1.672917241375490886e-03 7.646737307371924376e-04
1.714736178264977123e-03 9.530751338838695449e-04
1.973271741002900499e-03 9.718179226212497268e-04
1.300553312783533748e-03 7.645799473306426819e-04
2.032490511247265954e-03 7.707834320519513270e-04
2.459290572563890224e-03 7.360121038630673164e-04
1.589254206665995746e-03 7.324818881549208065e-04
2.083042149537233517e-03 7.304528415485422562e-04
1.349287631572533650e-03 6.606365956415133616e-04
1.584939607689942256e-03 8.579386603715818916e-04
1.996527312400869173e-03 8.440708263731054031e-04
1.697687909536124175e-03 7.545042147360190308e-04
1.582941423465290430e-03 9.416133701283766226e-04
1.557703527122269570e-03 6.908482845507827675e-04
1.673898525159627643e-03 6.981632284768510624e-04
2.100053223195595849e-03 8.750039149587878363e-04
1.722269538395349801e-03 7.566173945892639427e-04
1.740397466813437596e-03 6.273812388866878724e-04
2.670251039077091611e-03 6.630735719470137561e-04
1.595680622877787037e-03 8.131769666009014061e-04
2.788166358522745688e-03 8.180305972296674942e-04
1.694048049424782057e-03 7.258286816941197494e-04
2.160938998276390639e-03 7.754851890216092570e-04
1.694952185884538885e-03 7.672787765873717017e-04
1.916444081954217504e-03 7.578340750805783463e-04
1.767067518739671864e-03 6.425124066381053805e-04
1.963425382797061389e-03 7.224018962706671779e-04
1.788593971381445330e-03 6.934297310869330351e-04
1.669896195546949217e-03 7.470031634963640067e-04
1.542940165959024758e-03 7.036859988447626609e-04
1.735358640487931568e-03 6.910489786521816337e-04
1.725420297031275522e-03 7.045747752538326133e-04
2.050484912149069805e-03 8.278796591473535672e-04
2.467412845837365851e-03 6.891393535373802146e-04
1.751387629003783820e-03 6.779787795863564948e-04
2.055920797684074753e-03 7.949309107100954513e-04
2.223199242404786270e-03 7.688927407767058965e-04
1.912232711284971064e-03 8.655554743889848574e-04
1.717138147290655148e-03 7.235336741123061773e-04
1.933152875131782409e-03 6.999621217686951072e-04
1.789001509140724722e-03 7.185194681689678229e-04
1.439346859485575360e-03 6.867929883977621618e-04
1.567999531052454657e-03 7.731270754263349634e-04
1.581177122871065118e-03 8.979355571065820996e-04
1.750438176070450965e-03 7.682400836755982464e-04
1.610186484532090661e-03 8.804281671672160988e-04
1.658079393020138806e-03 6.191559534511005460e-04
1.379407181269219716e-03 7.504174659991821351e-04
1.866613967532284148e-03 9.510318016707698836e-04
1.939748931853383122e-03 8.530588924871310369e-04
1.905438932643130009e-03 9.153237294952073014e-04
1.634422957954660650e-03 7.660600497293294266e-04
1.825525819061932361e-03 8.786621885119017244e-04
1.977973807388118659e-03 5.406312721768498190e-04
2.292259186926476518e-03 8.128638214508992045e-04
1.683431069408989180e-03 7.873726169571326761e-04
2.084875530154728634e-03 8.068005366094880594e-04
1.768493081865125461e-03 6.384397122121792919e-04
2.388855438486530564e-03 8.686057345506205743e-04
1.837541015380813421e-03 7.031829619390231236e-04
2.210623571646215275e-03 8.665607995979382602e-04
1.659896890285538764e-03 8.521846254806258146e-04
1.649583947187928824e-03 7.331464104448362712e-04
1.916765268336228633e-03 6.651700139457323484e-04
2.075805493697204657e-03 8.777833940196280499e-04
2.166897742784288598e-03 9.685474203636535492e-04
1.594154243403607353e-03 8.729450554226504894e-04
2.210014269834572817e-03 6.646833035416161101e-04
2.155058278216928722e-03 7.296136053313776295e-04
1.972950524372061188e-03 6.942462866134670434e-04
1.595548394160584398e-03 7.879246275752772952e-04
1.606626252016598016e-03 8.438973455878627170e-04
1.963634198194168668e-03 7.599335244189288179e-04
1.457934912611874665e-03 7.686340050809799349e-04
1.787495034929308417e-03 8.024292597078013910e-04
1.288696034097954477e-03 8.583649537332383502e-04
1.768237520005551833e-03 7.592259723950147516e-04
2.340530178000638055e-03 8.932630477932328476e-04
2.049284730772038109e-03 8.096294469760540119e-04
1.724240844676934448e-03 8.498188125309071549e-04
2.208429136406035373e-03 7.751192346501374316e-04
2.024174196334834353e-03 6.131349264233300735e-04
1.663307322723425177e-03 6.850580334262747683e-04
2.321759547053169753e-03 8.495969570891541206e-04
1.526717806868590956e-03 6.442583672742739111e-04
1.974298123794314842e-03 7.795914617296364557e-04
1.715565428124056664e-03 9.591149806636776022e-04
2.001895438347897540e-03 7.795715674783981015e-04
1.928162532523178523e-03 7.102390209151439532e-04
1.564647594564622752e-03 6.479573391951848555e-04
1.444991949982162450e-03 8.044335023564871522e-04
2.194477327776114210e-03 9.493208116921970962e-04
1.665605998916485026e-03 7.262644691111312450e-04
1.880848890342777220e-03 7.367869217239111880e-04
1.660319707566369372e-03 1.034262601117815232e-03
1.680241319093927783e-03 7.108019020101450161e-04
1.537350685328953571e-03 7.058611590515476587e-04
1.466958834214493034e-03 7.095410783023096794e-04
1.958158732947606027e-03 9.829587034863253216e-04
1.788254734327071344e-03 7.838888664834795308e-04
2.222210777570776934e-03 6.868324431998161072e-04
1.642642470357627343e-03 8.098887316151661634e-04
1.420346798853035653e-03 8.812602542559633181e-04
1.967862077944918658e-03 8.095391467094863180e-04
1.643960141511019131e-03 8.874704639603670994e-04
1.940683598020178638e-03 7.696593185715565159e-04
1.394777639803391946e-03 6.430782702320830737e-04
1.534791698241071275e-03 8.156467667836391367e-04
1.554522981390761430e-03 9.092439467075213045e-04
1.793621468263099754e-03 6.731508048660942009e-04
2.381791559537125690e-03 6.288354966112341292e-04
1.633835863683847679e-03 7.785186443788909196e-04
2.433716196692158485e-03 8.559201250940017035e-04
1.844500681493918158e-03 7.767602463403348867e-04
2.621366625807175586e-03 8.766451834454925271e-04
1.674478048353141664e-03 6.476005722602452873e-04
1.613205759277789881e-03 8.619140151261757855e-04
1.886969284913558084e-03 7.331993945953122881e-04
1.752123530178364280e-03 8.683850877359007396e-04
2.332550210263393143e-03 7.890828587382273150e-04
1.845986266292859706e-03 5.834346846685882883e-04
1.363580000385835331e-03 7.300630815636450317e-04
1.664476393645785259e-03 9.252439024091457451e-04
1.795339804895210124e-03 8.333492040782865436e-04
1.277514287757415328e-03 6.822672316654833109e-04
1.923938546746693313e-03 6.572223087948853362e-04
1.930365850309404344e-03 6.990299430970569293e-04
1.681437291816202098e-03 7.493278219316598220e-04
1.919095009368227550e-03 7.031339631831394661e-04
1.414152455066253243e-03 8.061569345657204231e-04
1.963966558641392409e-03 7.997799733485952195e-04
1.861463762791032862e-03 8.924214310349856032e-04
1.927628556558009121e-03 8.878065263782143352e-04
2.458823920695981432e-03 7.418219106333365708e-04
2.162830691961752788e-03 6.815832119335189484e-04
1.687472046351306881e-03 7.937756535764201255e-04
1.324082943771469475e-03 7.287442579214819431e-04
1.405588767481007932e-03 8.294565374360751437e-04
1.425995446464366125e-03 7.478117967935428477e-04
1.563512596210114023e-03 7.720039983265162371e-04
1.665554992116988686e-03 7.851990403693063017e-04
1.561208971994974869e-03 6.177657749976787080e-04
1.800405573748944769e-03 6.144198748405323195e-04
1.737786188694343632e-03 7.407745430950921518e-04
1.324174636089297781e-03 6.103491968446330893e-04
2.219345868759834643e-03 9.552961229165377434e-04
1.904874816626061888e-03 7.250471451512300507e-04
1.550473119864535527e-03 8.005734718972392283e-04
2.012466751449120458e-03 8.524567007428547182e-04
1.629449488080771591e-03 7.579982184882941504e-04
1.460452681017229692e-03 7.260808322538982174e-04
1.848071205050196399e-03 6.574578293056357369e-04
1.817569336514735130e-03 6.910789527140054778e-04
1.810516266212122954e-03 7.712411720356467798e-04
1.924629520508799006e-03 8.112720086269280912e-04
1.444332748020221062e-03 7.351914927191177326e-04
2.513018024173852699e-03 7.626250185565327860e-04
1.967228264361536687e-03 9.774739735074031328e-04
1.658157646096255003e-03 7.731696596983350048e-04
1.978689841425567732e-03 7.018011366294795925e-04
1.974446472745251726e-03 7.812689246277095770e-04
2.064075995832906438e-03 6.049849479005755572e-04
1.578801709756862343e-03 7.437481978521007188e-04
1.705765607003722822e-03 7.537141009286188161e-04
2.099778032257791117e-03 8.068411218804305346e-04
1.753141515734404996e-03 7.967045622553326455e-04
2.418331320909828785e-03 8.330341563525736496e-04
1.705744179440341415e-03 8.383189226839604918e-04
1.725202175520559140e-03 8.554275610134387964e-04
1.636638293728914610e-03 6.549074793913780852e-04
1.571016457296983216e-03 8.238724061334345159e-04
1.788505838565592528e-03 7.318157857071182085e-04
1.899638537274415213e-03 6.072733153093389392e-04
1.762798090624760616e-03 7.689390962401813565e-04
1.735290946142070299e-03 6.705729517557601710e-04
1.743757613533801964e-03 8.158607680295790199e-04
1.497371548277153007e-03 6.570409353941012711e-04
1.844127602612433137e-03 9.297598650486566755e-04
1.903163512298865255e-03 7.244758869625959581e-04
1.712979165856225996e-03 7.589516826231846539e-04
1.889368541561273034e-03 6.899911047840448725e-04
2.020616128200722426e-03 6.802323869419808593e-04
1.962895046854534666e-03 7.317244220220895864e-04
2.240027254074840931e-03 7.552377479628515598e-04
1.851720480630828381e-03 7.825041513460774360e-04
1.787974916334199174e-03 7.836181905396680594e-04
2.005127503903283894e-03 8.397274422745495221e-04
2.156420160416571558e-03 7.790658968297114149e-04
1.763738721290395405e-03 6.571200781248417435e-04
1.102508762482392853e-03 7.509655947805293297e-04
1.674709345782814844e-03 7.730294311836940569e-04
2.043350312039155132e-03 6.753281912105195276e-04
2.072529832533919446e-03 7.706806221744688873e-04
1.548014268577954048e-03 6.570145356615317679e-04
1.572903260737737452e-03 6.862524680437837856e-04
1.671567304067358853e-03 8.117209235959778422e-04
1.373865501374195788e-03 9.349381428548170182e-04
1.623082833144757695e-03 7.025810907642863600e-04
1.662581128762480927e-03 8.622347462542615361e-04
1.603266318009572994e-03 9.360489644606813289e-04
1.960923165043803543e-03 7.864620539326912458e-04
2.085495663516390846e-03 7.014891909330093307e-04
1.650675686451153834e-03 6.789625389169633238e-04
2.444485409527396083e-03 9.084082186895528835e-04
1.721083273838421978e-03 7.276426450254915934e-04
2.338210385293385159e-03 8.656654296993995974e-04
2.145404286441771405e-03 7.414384593080804728e-04
1.728720410257250911e-03 7.569557659214769772e-04
1.529773769187000448e-03 7.953719544693594636e-04
1.553846162661375692e-03 6.677271966804692324e-04
1.881794401428188218e-03 7.349922901066292162e-04
2.007228706658162332e-03 8.264812354033927461e-04
2.100958769457436561e-03 7.247604303651577562e-04
1.727986041797237911e-03 7.536646996670347308e-04
2.219190687400266707e-03 7.721544026780424340e-04
1.799165226063829687e-03 7.344467675501432707e-04
2.002446674233612691e-03 6.635786534366543490e-04
2.065926343115107120e-03 6.760542242257412075e-04
1.383366166685569233e-03 6.327806201579597037e-04
2.159446072773996226e-03 8.151247310417130288e-04
1.627983564571758648e-03 9.769862779478639438e-04
1.624074940343158682e-03 7.733182933712228748e-04
1.715221589092268085e-03 8.475302906687789614e-04
2.193350193015853895e-03 7.564732418076982332e-04
1.540229254204081560e-03 9.138944542040815201e-04
1.643498558268122016e-03 7.959116214604539021e-04
2.433156212657069592e-03 7.631573044015830263e-04
2.578216472884187031e-03 8.990612595543783598e-04
1.718603956180880972e-03 8.855412344497884652e-04
2.728295241051007219e-03 7.081322355614464228e-04
1.012424080606674597e-03 6.797831035326040326e-04
2.237176672477539374e-03 7.327800921835622575e-04
2.731277898671097444e-03 7.534100208681134827e-04
2.174243182489896207e-03 7.283587715024219741e-04
1.647443699520597651e-03 6.846300610229441672e-04
1.745409415681741048e-03 7.886723010741056696e-04
1.445955388699053266e-03 6.300804375619839179e-04
2.366225121370304010e-03 8.444354153383647633e-04
1.064521889526071421e-03 7.986241923565361384e-04
2.064555548640582654e-03 9.742975571483888930e-04
1.640863333463592243e-03 7.583014115956079274e-04
2.099871143964605977e-03 6.945596783992678347e-04
1.595094864740236040e-03 8.217675320310100081e-04
1.796647630385048806e-03 8.047795393080379393e-04
2.466908291225814159e-03 6.745430606238087034e-04
1.737870806770806928e-03 7.243578838384762738e-04
2.096220486846669517e-03 6.600919009359608371e-04
1.249271319134604525e-03 7.396507404307747519e-04
1.515951462931407808e-03 8.145924895785953794e-04
1.791746529450858683e-03 9.497486345571377799e-04
2.288832070559230093e-03 8.235629535119203676e-04
1.923170207839019303e-03 7.500529220304119485e-04
2.356449660619559100e-03 6.891058412378963695e-04
2.039375814771884465e-03 9.338495036660454445e-04
1.764498015652456306e-03 6.225160459037577245e-04
1.790063970876488086e-03 8.499394342342677603e-04
1.907522787829865835e-03 7.502804935674051330e-04
1.958482315223388295e-03 8.174881279434852372e-04
2.179674318172377268e-03 6.916080274306597633e-04
1.538818706251469806e-03 8.921003044186442098e-04
1.779130319225439780e-03 6.082379386378848358e-04
2.575216901389730181e-03 7.519223931935506639e-04
1.812839243647874563e-03 7.250595107023438159e-04
1.776407188056416822e-03 7.549013960724377473e-04
1.306788704024797578e-03 7.169018654494860960e-04
2.260680728511797917e-03 7.462081048729592159e-04
1.834011347837177005e-03 9.766658252629686812e-04
1.798511821850912228e-03 8.266437725728199067e-04
1.548324579221376385e-03 6.614285033526419401e-04
1.515920122642383039e-03 6.140518611044579276e-04
1.930617684105411565e-03 7.860928671027139119e-04
1.625574403974909803e-03 7.525182952285840729e-04
2.409611322085575963e-03 7.845919491131706077e-04
1.994726168901901631e-03 8.676265936468054640e-04
1.996917964568447213e-03 7.008953670289568049e-04
1.455363416555257835e-03 9.013693559660407783e-04
2.378073467354312014e-03 7.341229884271086373e-04
1.974484115441069772e-03 7.962020585871662373e-04
1.698197525311339164e-03 6.946440751010379226e-04
1.735094002202206042e-03 6.951162479777848622e-04
1.686643161070656202e-03 7.157645832206603782e-04
1.741143175907691742e-03 7.426445907086867042e-04
1.767113758341439401e-03 7.759453545721635122e-04
1.765641926097915671e-03 7.711507791071599326e-04
1.723491102799080835e-03 6.378543996921702932e-04
1.793505134904158950e-03 6.991155401982944526e-04
1.835480049975395361e-03 5.619610804084010022e-04
1.552130648865991842e-03 6.555892426159915746e-04
2.110304740710947351e-03 7.983494311120008713e-04
2.159608932260922032e-03 9.358925554174258275e-04
1.684214928699395665e-03 7.689489735290103200e-04
1.607068558584535739e-03 6.971340365550295895e-04
2.144532948007548106e-03 7.555669057261548251e-04
2.167633063235954640e-03 9.109721739764041568e-04
2.116668036302682583e-03 7.523927291583499665e-04
1.839183404043109177e-03 7.223925985658869375e-04
1.465868301972000952e-03 6.337234081046416506e-04
1.774581330030059823e-03 6.971064264444025394e-04
1.688718821559759536e-03 6.398915189281802283e-04
1.974917171075898318e-03 7.785875111098359506e-04
1.812462709089724365e-03 7.244643308031589214e-04
1.558598071237656413e-03 7.199738551979305377e-04
1.852679983793283254e-03 6.672836523471238710e-04
1.631285554976129402e-03 7.398517896794307071e-04
1.755354079107547321e-03 5.610374073307574641e-04
2.192500052796768698e-03 8.632552407698822769e-04
1.573697676973533207e-03 6.831784021794372113e-04
2.138926117196007434e-03 7.194411088565318873e-04
2.246451042621397300e-03 6.701146877748888819e-04
1.563356339789371023e-03 6.595472062804741669e-04
1.525483786556658785e-03 7.261842247595772133e-04
1.623552490167915266e-03 7.165883163787410129e-04
2.188371033283335876e-03 8.424015318276002967e-04
1.420131777134803165e-03 8.469885788930641432e-04
1.796178610193967891e-03 8.898302974563251791e-04
1.839791526194567645e-03 8.665650910841740792e-04
2.101424490929187233e-03 7.451168888719697210e-04
1.706737899390182826e-03 7.653283142930704256e-04
1.104326279209223109e-03 6.409547075041617048e-04
2.002514156946935426e-03 7.126119493931659015e-04
1.497550201349579641e-03 9.979531676523791667e-04
2.439939488762372065e-03 8.663263289461528138e-04
1.703434778502268274e-03 7.344690763060848955e-04
1.728067107552396908e-03 7.741931296732442076e-04
2.326150291140474061e-03 7.446964996778804389e-04
1.879986083724101377e-03 6.824422204833825376e-04
1.868187431908814372e-03 7.609287797922535722e-04
1.817299337327525155e-03 6.343427008267689925e-04
1.887619113760478353e-03 6.657236489666198184e-04
2.054563175927264212e-03 7.171797911056927537e-04
1.722561728515434451e-03 6.764846657344886780e-04
1.618365129098157376e-03 8.341290974034990804e-04
1.952078096159945778e-03 7.883710155745752169e-04
1.973673752577345068e-03 7.598133122199532581e-04
2.251748250361002360e-03 6.759867734808530995e-04
2.314044681596785866e-03 7.998937077146586663e-04
2.602653003974602242e-03 6.948218702390558188e-04
2.121919647154671320e-03 7.816471600216140210e-04
2.301430246255223386e-03 7.417317923804300729e-04
2.170032341885693491e-03 6.966036241055396667e-04
1.289534810547677320e-03 6.648117956609458359e-04
1.564849871623305100e-03 8.583581468846281960e-04
1.793135133024692561e-03 8.154273287918871330e-04
1.616286722511196686e-03 7.525761376492572530e-04
1.982555386389267364e-03 6.956699948230012087e-04
1.638103351388889685e-03 7.431266918391994138e-04
2.104776236039919857e-03 8.225411072983681996e-04
1.695560302702970364e-03 8.187808543184157788e-04
1.876385576894798153e-03 7.656388497493566174e-04
1.595417352394949174e-03 6.363181882612108488e-04
1.957210775844397434e-03 7.547964986196169105e-04
1.321209131855867859e-03 7.311103168459927868e-04
1.533287652518973030e-03 7.323871462152406865e-04
2.626079159798138177e-03 8.818904956995146129e-04
2.343325462904671894e-03 8.060054304096692145e-04
1.828443474904185980e-03 7.890236975185475031e-04
2.078252028719071443e-03 8.691559146186537445e-04
1.340403509390213597e-03 9.533289898731315192e-04
2.557443995417749052e-03 7.504672943770590750e-04
2.113189206110528077e-03 8.213190801615977794e-04
1.695220637552938281e-03 6.229243965770852589e-04
1.580057250724195908e-03 7.749028647179430308e-04
1.778508413721616036e-03 8.992746336128341119e-04
1.816908535508701510e-03 7.053541914792670628e-04
1.723120258839776079e-03 7.809331704909218755e-04
1.736955285605081348e-03 6.950533771015022068e-04
2.185402264013509756e-03 6.892444241883896984e-04
2.095453611954815106e-03 7.821784079921094077e-04
2.112871905291372789e-03 7.632217869900874809e-04
2.054357998188947876e-03 8.278759346890464822e-04
2.006957561081265835e-03 7.164443260713826769e-04
1.806674797200561291e-03 7.571111771288768690e-04
1.837121569008548115e-03 7.845372999789656859e-04
1.713365003958302333e-03 6.574608414099766427e-04
1.578446697902135881e-03 7.147023615283446983e-04
2.167921304180921074e-03 8.412528816372990973e-04
1.919021116307636620e-03 8.399778919128353611e-04
1.679114898129454268e-03 8.480827472553634921e-04
1.987676325644908894e-03 7.107704716504177232e-04
2.067947042992824679e-03 7.556474262338701633e-04
1.707943814671321033e-03 9.161444452569924386e-04
2.162872292127137729e-03 7.966789208146481550e-04
2.599907796867498462e-03 7.734772369451905268e-04
1.696480695587554779e-03 7.882553807461702361e-04
2.118152238614951031e-03 1.017138349726061809e-03
2.047819411832700089e-03 8.742065207320264941e-04
1.631214499846569271e-03 8.030111752907468292e-04
1.772019695333544110e-03 9.749170178162553648e-04
1.676136928822008834e-03 6.944284359990414218e-04
1.851494728075348678e-03 7.830078739996576467e-04
1.997072406986272284e-03 9.236996876939491431e-04
1.823498165911029492e-03 8.926457034912563130e-04
2.057786678682321530e-03 7.227391385545915399e-04
1.387751753463524430e-03 8.491451583714992261e-04
1.652467690265476633e-03 8.487839393258621908e-04
1.748658330583160178e-03 7.655129060232086996e-04
2.189939268126852006e-03 7.988074260082632903e-04
1.461974093604210320e-03 7.887606241050821795e-04
1.594135424484986220e-03 7.421705174265160257e-04
1.648655303208093788e-03 5.794447037398794444e-04
1.919754860925105590e-03 9.465338930790299444e-04
1.413559943893911812e-03 7.186523313899035453e-04
1.989922123882516530e-03 8.271016124224135711e-04
1.651181044124592698e-03 7.553225875022091026e-04
1.884230649296284466e-03 7.583713534068134508e-04
1.937836299758996126e-03 9.642058782318699197e-04
2.564686625903497049e-03 8.227941444104534948e-04
1.904978587719857253e-03 7.196798055261818686e-04
