3.592381623127783707e-03 7.005224389387581423e-04
2.737247296045697449e-03 7.525845785548545674e-04
2.480572789982721064e-03 6.238913501988818363e-04
2.445668384029960410e-03 6.564183975712876073e-04
2.590609827010725320e-03 7.355730342593121834e-04
3.136606898613181812e-03 7.782454726257121130e-04
2.952615537918112845e-03 8.652618593738366139e-04
3.757794307696806467e-03 8.032145241803631888e-04
3.708386329154717085e-03 8.007059552368692851e-04
1.974855108330489731e-03 7.940627109097258369e-04
3.349051025102679508e-03 7.586650211188355770e-04
2.516139215734558392e-03 7.567198600370067703e-04
3.332732614530859502e-03 6.382579786765185540e-04
2.567792242829517509e-03 7.968513398809597527e-04
1.505312240541778089e-03 7.890900985909239402e-04
3.619419279825039030e-03 7.363913777181147922e-04
3.827331540939173018e-03 8.681472612591602418e-04
3.039327894689912088e-03 7.097642170884428062e-04
3.665563167850037409e-03 7.663900455699526907e-04
2.798389065699826740e-03 8.000053336873696281e-04
2.463073215031437620e-03 7.395636549755714396e-04
3.666937423762000638e-03 6.493230286441350682e-04
2.488131027956785087e-03 8.618580337606582915e-04
2.288671747968912436e-03 6.565989823340129521e-04
4.430185806444482920e-03 6.497029871610521690e-04
2.628151277142528556e-03 6.525598815179224979e-04
2.867745110253269725e-03 8.541862148143102712e-04
2.690115452529419620e-03 8.075166571779465946e-04
2.303884724704561085e-03 8.026787566692416154e-04
4.486552657721139259e-03 8.775397056682091848e-04
3.020135546145269814e-03 7.197947076359536862e-04
2.948388019496022555e-03 7.288419056474007519e-04
3.395722719212726590e-03 8.701049395264838634e-04
2.840361202031726432e-03 7.560719558309969036e-04
2.663950254626277960e-03 6.610220116036260880e-04
3.780589632564885887e-03 7.297898471611132887e-04
4.088484187261842186e-03 7.639004436889301882e-04
3.367460354336404473e-03 8.238243670016096769e-04
2.030751749979383194e-03 6.983542823938959079e-04
2.034810748608552062e-03 6.442603250946535775e-04
3.283340733481150426e-03 6.534212290610821178e-04
2.905298941907792816e-03 8.900728662625111576e-04
2.522691104665030198e-03 7.465423369631662412e-04
3.459869760095459629e-03 6.957438367501163215e-04
2.334544674041794630e-03 7.099609899585812957e-04
2.861121533040722996e-03 8.178234483133044143e-04
3.318319623968730113e-03 7.369446874460151625e-04
3.075685326352484410e-03 9.192478735698087107e-04
2.669816143836514517e-03 7.061372772230419589e-04
2.301895108213962080e-03 7.461228888164393898e-04
3.110888412620597867e-03 8.224398649740731655e-04
2.660462215280943402e-03 8.142390650837638124e-04
4.200854101659688006e-03 7.455525433328176682e-04
2.470488964931617966e-03 6.961299755753862922e-04
2.879262340516232886e-03 7.124750631384388789e-04
2.531843809661545042e-03 7.859687089208589267e-04
2.727405797437549607e-03 7.255115732996193388e-04
3.518257933829344042e-03 8.219764905351372277e-04
4.162538771888372145e-03 7.465267394254209181e-04
2.924930666256779412e-03 6.723842595289505680e-04
2.922130636725290762e-03 6.362991434740785388e-04
3.117549078092616416e-03 8.102690154160625954e-04
2.754172266718908288e-03 7.020113354386589436e-04
3.117616730106918636e-03 8.219235128512004289e-04
2.997401021822192722e-03 6.585459954136225862e-04
2.521706789921888611e-03 7.832406942134874112e-04
3.930474348094742040e-03 7.577522197607367265e-04
2.577722623238140089e-03 7.786655854881767121e-04
3.298309116520738507e-03 7.925540728392223939e-04
2.306388075488910189e-03 6.779624991773042534e-04
3.147427222036431726e-03 7.453506737409767297e-04
2.851693526673240373e-03 6.562144544288607681e-04
3.345063785211430715e-03 7.002377540852731041e-04
3.375339468444777530e-03 7.082379998442924450e-04
2.195094620830077749e-03 7.687712036862718581e-04
2.810188339684205599e-03 7.422770477265574693e-04
2.535834165347708447e-03 6.985845606613672997e-04
2.749413572903004147e-03 7.875222239293970788e-04
3.390847263435182741e-03 7.694902590055049301e-04
3.038591445446128109e-03 6.124166927749777507e-04
3.196281178264345595e-03 7.217454737228375236e-04
2.313877655168685137e-03 6.736615920457615777e-04
2.898769020242371406e-03 6.857933267677420678e-04
3.728228351646339749e-03 9.222358937712518689e-04
3.110249630396745048e-03 6.625790424520809673e-04
2.129675546053158564e-03 6.271866128533194794e-04
3.682217983277105353e-03 7.363905374979167959e-04
2.168853298973845781e-03 6.488230783686249354e-04
3.527869879063953457e-03 7.878500031730708425e-04
3.372936387342006116e-03 5.738642221779419444e-04
3.264065837459735695e-03 6.577774155866085437e-04
3.340994234254169356e-03 6.513142046215259461e-04
2.482347338339770896e-03 6.653068397115943691e-04
3.139214910699411262e-03 6.315062634115691355e-04
3.145126220579070892e-03 6.466473362919220209e-04
2.455840459298498039e-03 6.480107979372685305e-04
3.754043426348557030e-03 8.205040455143623561e-04
3.865925701854550263e-03 7.900108134863342369e-04
2.685034789851361604e-03 6.820516534184350608e-04
2.659252747424813851e-03 6.374056531039964078e-04
3.034274794277762050e-03 7.399037324893953989e-04
2.820909511463659970e-03 7.274925267689893700e-04
2.421620820295870922e-03 5.998367304124134622e-04
2.824781188452982986e-03 8.293370258120798819e-04
2.046881565940089891e-03 7.833951185946435355e-04
2.348195202009204039e-03 7.499956025360127740e-04
3.991332138962122404e-03 7.456024237782205716e-04
2.758769673024523590e-03 8.075584245439470848e-04
2.445675066959366022e-03 7.772327182585338006e-04
2.896798434072758114e-03 7.237219741172527679e-04
2.752881405314159396e-03 7.954546366889294609e-04
3.049185152167872750e-03 7.937579373284492021e-04
3.795385798272394879e-03 8.290051844858031078e-04
2.407702130111382018e-03 7.918211921081602786e-04
2.353380624131285685e-03 6.924024123390159612e-04
3.692369807911385828e-03 8.263892934320248452e-04
3.038313173368575957e-03 8.449549051856808336e-04
2.004804233263652105e-03 5.842804744681450672e-04
2.983575169664016806e-03 7.564635546444032927e-04
3.268440432868636395e-03 7.408042349878044604e-04
2.852339020131841683e-03 8.311726905171919590e-04
2.829930720048818345e-03 6.160990685480715679e-04
2.785312295313111929e-03 7.296415441486779965e-04
4.067725140292715279e-03 8.740473855836817119e-04
1.901592957074569679e-03 7.950736636434177626e-04
3.301297239857595503e-03 6.709739260746048605e-04
2.279090391140984728e-03 7.630198173704914747e-04
2.654076293804461667e-03 6.569121611513993554e-04
3.794920742906013420e-03 8.739197292700613511e-04
3.267426831947584098e-03 6.289811880591432642e-04
2.853395408934964773e-03 7.531177502267534215e-04
2.388758647668342942e-03 8.359445999775842479e-04
3.144939762807455030e-03 7.343235506862422083e-04
2.828374085929622177e-03 7.518046685414540896e-04
3.310506586626385875e-03 7.366632179709408073e-04
2.839243531842268985e-03 6.208386174420764923e-04
3.236714412888677585e-03 8.529910377308330986e-04
3.270342403165346027e-03 7.424492706352272880e-04
2.678140079635611334e-03 7.345558603401495081e-04
3.104538339302755599e-03 8.397403373314033231e-04
2.703130173893538227e-03 7.423753852338708242e-04
3.192799806870829770e-03 8.270974650821393036e-04
3.376204363496205629e-03 6.585118308379000768e-04
2.079690321775165031e-03 6.651677548610655105e-04
2.472922382167553473e-03 7.824273566067054637e-04
2.870231089962412951e-03 8.774542402614939193e-04
3.324012142995010251e-03 7.026495843816722448e-04
2.945912002414184487e-03 7.083585034402072435e-04
4.081496085357677085e-03 7.736295933905930258e-04
3.997594702809712484e-03 8.197884471310456275e-04
2.402988298364487196e-03 6.129296391110061011e-04
4.171697304687499441e-03 7.164550055803576385e-04
2.385079778413795679e-03 8.325808403352996916e-04
2.991578311262723441e-03 7.156500827859023405e-04
3.520519124301998114e-03 6.724740454065340550e-04
3.863388410560973825e-03 7.831518695424909051e-04
2.196761490616283476e-03 7.289508278042616807e-04
2.810594719050771208e-03 7.341975205975883852e-04
2.970982733034471714e-03 6.368503799084307805e-04
3.189235963288550822e-03 8.010340760336503519e-04
1.991044114552647289e-03 7.256122963708288567e-04
3.023746873632552484e-03 6.864963459006646462e-04
2.779955300924563232e-03 7.564591140725657539e-04
3.635541219981631815e-03 7.888111297050517598e-04
2.581783053789469227e-03 7.771173926532180115e-04
2.589562162531121921e-03 7.164161191843485812e-04
2.568484838739026367e-03 7.491130043691621859e-04
3.398614878579398358e-03 7.979834917180867598e-04
3.009635994729148532e-03 7.516577992404253374e-04
2.687192166121357261e-03 6.573240258774540800e-04
2.618996512231166508e-03 7.237980509877566578e-04
3.753973388840280145e-03 6.735264577512527304e-04
2.578233960699538238e-03 6.607420681187578916e-04
2.786248885687165385e-03 7.817179614781246798e-04
1.947669080903461410e-03 8.293371897883531968e-04
3.702443829762447694e-03 7.581211942160004337e-04
3.098959384038530666e-03 6.252707089045301658e-04
3.581922806517482977e-03 8.350042732119092358e-04
2.550256317189399623e-03 6.935816189568629487e-04
2.740283154869394694e-03 7.543267150556068898e-04
2.742866890570815064e-03 7.738878514877658337e-04
2.472367867372254370e-03 8.403206186483841260e-04
3.497612983983053227e-03 7.407488966814653559e-04
2.378973418838001980e-03 7.685433328708076361e-04
3.646788412698411669e-03 7.325273352165723433e-04
2.771742137411720673e-03 6.346111955368500439e-04
2.859731779713532793e-03 6.871176351820946398e-04
3.628439328745130740e-03 7.269601682001133620e-04
3.750365801047988654e-03 7.761224673645627072e-04
2.179142054812420026e-03 7.324785348548083948e-04
2.864823951845124270e-03 8.270110744925905904e-04
2.871363174281751831e-03 7.452579868764964673e-04
3.096150350635251073e-03 6.974649121237989783e-04
3.307574935155226450e-03 7.180193589258300002e-04
2.731385234322355592e-03 5.724323334004342108e-04
2.713359636242654738e-03 6.955120779021194523e-04
4.320078994496318395e-03 7.881177129107552401e-04
2.961962211094023613e-03 7.111823517741184967e-04
2.791955893220959481e-03 6.833726542485079247e-04
2.987521610416653782e-03 6.981125542540585292e-04
3.508611408986324429e-03 7.013637917269014734e-04
3.379275983791307260e-03 8.140606172949807788e-04
2.709714053542916414e-03 8.036877142572029483e-04
3.650104220500556551e-03 7.758020785749172128e-04
3.327907498046561198e-03 8.304960176128038055e-04
2.816285201066561807e-03 6.425300405919568683e-04
3.826468988767969814e-03 6.950176961857468857e-04
2.630721552887601514e-03 7.371692795412203335e-04
1.914865371013357376e-03 6.337325038804895484e-04
3.731866914967291518e-03 7.398751196311638889e-04
3.292188550540946310e-03 7.700162302204802611e-04
2.583145956280649518e-03 6.477811998123550810e-04
3.096440320897449888e-03 7.416019177137088891e-04
2.421827054572899245e-03 8.781268840064146344e-04
2.708670078322871887e-03 7.623452676049772333e-04
2.362051503074453617e-03 7.277222459274188199e-04
2.933443449224572026e-03 8.043288424919482630e-04
2.820460897515376150e-03 8.398841206213238531e-04
2.384190660291761812e-03 8.458561716886719333e-04
3.182577671522880073e-03 7.452829537560261937e-04
3.249088596971870177e-03 7.740487311479389045e-04
3.029140411852942853e-03 6.963265645749006517e-04
3.334755934212034999e-03 7.364416744006292053e-04
2.756202094766888478e-03 8.286460866918682507e-04
3.039216958458943688e-03 6.852954390742337218e-04
3.078751296930700310e-03 7.461723231026277936e-04
2.750758244438663170e-03 7.300664138525489368e-04
3.952909020993045953e-03 7.510011807128139094e-04
2.849449779049429560e-03 7.131512224002069505e-04
3.262749521199618304e-03 6.636660972351765466e-04
2.966590361193890621e-03 6.618759259882784881e-04
2.847743316506497029e-03 8.935410239011431924e-04
3.083709762386505938e-03 7.279463179345638073e-04
3.382718359921518640e-03 7.357980240525133090e-04
2.389300937755765852e-03 6.029809935222823786e-04
2.009006532125910422e-03 8.103721815176170851e-04
2.660434421942526641e-03 6.574401560073119075e-04
3.244056483739878819e-03 7.046959059962350398e-04
2.230731410764850205e-03 7.597202515123223322e-04
2.629026377868613588e-03 6.844381675442948393e-04
2.651600911852573968e-03 7.426416098070399811e-04
2.557741765214281357e-03 7.455860904504479263e-04
2.874562453291667433e-03 8.217474252207791112e-04
3.090478155468824248e-03 6.642703598059800487e-04
3.204576004057089079e-03 7.729803753047245155e-04
2.590109465895761368e-03 7.413851991333034923e-04
2.426981355492051091e-03 7.230316404579355564e-04
2.788413985768937401e-03 6.830574130506719428e-04
4.031850697126356659e-03 7.164190882614547172e-04
4.392955703186334285e-03 7.773706520350620033e-04
3.408399225918392825e-03 7.811927546846194823e-04
2.675602229309104272e-03 7.374552465504830793e-04
3.476760706371024353e-03 6.846787198135146539e-04
2.578334850488545309e-03 7.786131077567903010e-04
3.254722033834323187e-03 7.152232769065800964e-04
2.819132389066631144e-03 5.836309939418648151e-04
3.319370287046882230e-03 6.589923798056493420e-04
2.855909423075368367e-03 7.250689139641148303e-04
2.465993632182190802e-03 7.783433277224991202e-04
3.129870548065411505e-03 7.527496397700046997e-04
2.357916932727566021e-03 6.666656024606101415e-04
2.559047871442327211e-03 8.291394222828868312e-04
2.559104726648743760e-03 6.283722423362785199e-04
3.214568782681895536e-03 6.707668302979641122e-04
3.577031978703024920e-03 7.586736829072318134e-04
2.958944043311255868e-03 7.449197377557015016e-04
2.517592028534313287e-03 7.690404976999880163e-04
2.973940678688355085e-03 6.891700216541509286e-04
2.270323475407435079e-03 7.700457349295187354e-04
3.344796628406675361e-03 7.673475277399181014e-04
2.583331906546962407e-03 6.875325165145025315e-04
2.595510836028168226e-03 7.815195926667181615e-04
3.166613680203830307e-03 7.278897726722733958e-04
3.104319513140732512e-03 6.341114135275787442e-04
3.266558686034694032e-03 8.811474930235021086e-04
2.541195682337383209e-03 7.671980571214940267e-04
2.294754423044003452e-03 6.675477623351218923e-04
2.153019735065824988e-03 6.858779981558009529e-04
2.662916959730720658e-03 6.818686808148597539e-04
3.075482626355549500e-03 7.735257089863886455e-04
3.326771429565070215e-03 7.479046407759152660e-04
3.047154589604620170e-03 7.231882830524230142e-04
3.099954890911515819e-03 6.603152968807064023e-04
2.579892127726908773e-03 8.266121080633736856e-04
3.411767473691253334e-03 7.261467938917629808e-04
2.884623702393900643e-03 6.994089631373620695e-04
2.842083995109921570e-03 6.498135133741660477e-04
3.546303701359362296e-03 7.961892563647550436e-04
2.657749716154844243e-03 6.750572191029576312e-04
3.396683527525074572e-03 7.844345015079071202e-04
3.121746533941794320e-03 7.336270483966098955e-04
2.315623282363488220e-03 7.365675068394219238e-04
3.095150559273121375e-03 7.850105893337025464e-04
3.038965865563381195e-03 7.091373743010979122e-04
2.511005716466364283e-03 7.118243996755011438e-04
2.998275528864942190e-03 7.275760340598728297e-04
2.529984637180462785e-03 8.942113698861597947e-04
2.539474057511048339e-03 7.809912532782431905e-04
2.694378039488536450e-03 7.523617663998090691e-04
3.337455642277154660e-03 6.482741886570732607e-04
2.452849495979535221e-03 7.274333855290636289e-04
3.229493779037520638e-03 6.388005499276993215e-04
2.846020513754095142e-03 7.271110129809104121e-04
2.059793397352350976e-03 6.511649377506552056e-04
2.526214291995258418e-03 7.532419794269517395e-04
3.263501750118131921e-03 6.500563207920943701e-04
2.389027421058259604e-03 7.020759962013470301e-04
2.534782745708014182e-03 7.248818031513797402e-04
4.454671429666539652e-03 7.468599823027856615e-04
3.160312842805708226e-03 6.477861377184902791e-04
3.089533813531597766e-03 7.161752737150135382e-04
3.091965770929433911e-03 5.866444345680297710e-04
3.508584570471197112e-03 6.192616679732800607e-04
3.680675525044101518e-03 8.222895227783420195e-04
2.297407394627862948e-03 6.866967101688937298e-04
3.313629670225526781e-03 7.879559543601359628e-04
1.910377783821674662e-03 7.555508022145971747e-04
2.060395797574256227e-03 6.717639424064167104e-04
3.155989243708741225e-03 8.199129869554631087e-04
2.620181345423332805e-03 8.236176926641475141e-04
3.675807984528146628e-03 8.296687539622686885e-04
2.958952838336017729e-03 6.689037867299428997e-04
3.095923298710273521e-03 6.579181252086965586e-04
3.391331025199720382e-03 7.242090143473013057e-04
3.275828163878108726e-03 6.469639722528978390e-04
2.859759816199940446e-03 7.427896430803763777e-04
3.107469959676534711e-03 6.833996094171192063e-04
3.516527908825144676e-03 6.710616256967742634e-04
2.418772507022892444e-03 6.244478943155070457e-04
2.576146049535871143e-03 7.641924573916331585e-04
2.788002291582243088e-03 7.079324857465474612e-04
1.907312224759860229e-03 6.040534585260937334e-04
2.950872669842355845e-03 7.349890971168812886e-04
3.146553812600480678e-03 8.694113217986030109e-04
3.143397012546793497e-03 7.517587391594762964e-04
2.409446141841721078e-03 6.755067094745708690e-04
2.965112581780773079e-03 6.653296012808804314e-04
3.761600046329703888e-03 7.227182010554382635e-04
3.965483535975609930e-03 8.871425309440561340e-04
3.299915268943110890e-03 6.769040889802179243e-04
2.746167263216542191e-03 7.525104683447474954e-04
3.383617139192016642e-03 7.320674062882773095e-04
2.843342745076905126e-03 8.015900593647985869e-04
3.665204612671341643e-03 7.478772858315146889e-04
3.561418056002953799e-03 7.331199057359820501e-04
2.926186351629241674e-03 7.440385601598496377e-04
3.398113274899560929e-03 7.922278863654601440e-04
2.863887856533904423e-03 7.435991788426626371e-04
2.895251289819704421e-03 8.104241151467799333e-04
2.749557195099616713e-03 6.657705996631467114e-04
3.243559830181843868e-03 8.711439319322388485e-04
3.877094859585212237e-03 7.266076472215046798e-04
2.526004376760017378e-03 7.945705369650706918e-04
2.813360033047136201e-03 7.100495593372927686e-04
3.765982920044004274e-03 8.856087606133066815e-04
2.488726791920034456e-03 6.898081964610111756e-04
2.386029004013948043e-03 8.070409847346791867e-04
2.961127719697486966e-03 7.694918290298227324e-04
2.461229378146579262e-03 6.035340975041573889e-04
2.523837322829346284e-03 7.449968249692247085e-04
2.724237229511464967e-03 6.449272847219552143e-04
2.382280840115249144e-03 7.102335727526433830e-04
3.059948023296741107e-03 7.870083893333447086e-04
2.764179960062812524e-03 8.176723427230324359e-04
3.124473437738954466e-03 8.243292091315536016e-04
2.556913712654048688e-03 7.081178300685157367e-04
3.538420920000393596e-03 8.061926168647949847e-04
2.906035873435357849e-03 7.746892732637570634e-04
2.831235420260562116e-03 7.671535862959153731e-04
3.287510297295714087e-03 7.385648878784393211e-04
2.846341048439150756e-03 8.168270143784159970e-04
2.832796286526435663e-03 7.336504429896873293e-04
3.815545915377653065e-03 7.702358411536315303e-04
1.981234555962722160e-03 6.258639408825782775e-04
2.980953598092419936e-03 7.256756717577657941e-04
2.992475657482559365e-03 7.745472806206928030e-04
2.897205397949552570e-03 6.765325211934850513e-04
2.670820063948785034e-03 6.980069449785794751e-04
2.698158395494568065e-03 7.622843811006806440e-04
2.711223070376832418e-03 7.401481546342798161e-04
3.804039770733325197e-03 7.729246800690595803e-04
2.930947943274582294e-03 7.908629917560911285e-04
3.012472029167246289e-03 7.635307770231647808e-04
2.759313670001269092e-03 5.395127026323690836e-04
3.330125966034637452e-03 7.647713483361102006e-04
2.936368956536540911e-03 7.364669037506166261e-04
3.018545125589154610e-03 8.315231688440734075e-04
3.155485594958147393e-03 8.306991622816292794e-04
3.152013059691040255e-03 6.546323544081227930e-04
2.374354014905502141e-03 7.446835361552721962e-04
3.225508529616442910e-03 7.307190505575672556e-04
1.970858214793577701e-03 7.324444704302168719e-04
2.418202181664908315e-03 7.203197289396587148e-04
2.964006428609863245e-03 6.880108557439794425e-04
2.863220944180191151e-03 7.379097837632790213e-04
2.050444866745305527e-03 7.774893477996701633e-04
2.579889400625704626e-03 5.951286241657255047e-04
3.084044070574194687e-03 5.926051096702054889e-04
3.010965722742938409e-03 8.120578737787115297e-04
3.431039035925827728e-03 7.152103772815696786e-04
4.402888402824988411e-03 6.950971706103710891e-04
2.706348520166804075e-03 6.333762640692430909e-04
2.788202752693793619e-03 8.582014726367582407e-04
3.134471298455258556e-03 7.892051730005514559e-04
3.083657801078872138e-03 8.140980665655987063e-04
2.845527793836193000e-03 6.882245578629032001e-04
2.909366301794918518e-03 7.439285869706577714e-04
3.402185018857378177e-03 8.439190754914218653e-04
3.054182423656229359e-03 7.567922588210652208e-04
3.245659982928728125e-03 7.460154122185450433e-04
2.671682182170659944e-03 7.307373512491438863e-04
3.070169412070806493e-03 8.383537041996123743e-04
4.453478282118148585e-03 8.159371166379641299e-04
2.597413623115516889e-03 6.604254588113675538e-04
2.466086897593816694e-03 8.921539294814437651e-04
2.974308685094941007e-03 7.345797567774437322e-04
2.940261062475343912e-03 6.473777742159712596e-04
4.044646463562269999e-03 7.405737752216151040e-04
2.836712596061851267e-03 7.649915097461450555e-04
3.650940709567816918e-03 7.781117370777352769e-04
2.111036621330032292e-03 6.535567816775867149e-04
2.995693095002904208e-03 8.272628578468246580e-04
2.986218853077147670e-03 7.066872094005262209e-04
2.725266339526601772e-03 8.680228294846168216e-04
3.142591194620568493e-03 7.278219675414725285e-04
2.279464409836865109e-03 7.377653956655759676e-04
3.023969093082505295e-03 6.705304288396109766e-04
2.645539929733141307e-03 7.418789540547271076e-04
2.132632709657365181e-03 7.632272737329956914e-04
3.128147300406004284e-03 7.052382229293007376e-04
3.603318058208761915e-03 7.060901583037891690e-04
2.379881841397808121e-03 8.839117129360137470e-04
2.870984364122833917e-03 7.300669382448839390e-04
3.966128842607265399e-03 8.475425786693269311e-04
3.618807055226345559e-03 7.660519290433787012e-04
3.277163443747595998e-03 7.750654700285155869e-04
3.404336170719742590e-03 7.572487456090371558e-04
3.045194948972412569e-03 8.393912551965523536e-04
3.075981230906046221e-03 6.600623415602198830e-04
3.584785998562865263e-03 8.351242640300380899e-04
2.990261132848260305e-03 7.951229635767920276e-04
3.755889830987596979e-03 7.534714254828146947e-04
3.502276263582262267e-03 8.009965650422518112e-04
2.648444043158361232e-03 7.930274824035002520e-04
2.318583909656033153e-03 8.018156929324836294e-04
1.757637267692380894e-03 7.384004998394255509e-04
3.073890577540934910e-03 6.844117620491071974e-04
3.126848498541392411e-03 7.155380102618510941e-04
3.086053791216406689e-03 7.441068632320104164e-04
3.359824995549421083e-03 7.044716404539856603e-04
3.541580078620506274e-03 6.561828683796252061e-04
2.884401921404744582e-03 8.823724694960993070e-04
2.697648894986776069e-03 7.423411338708971012e-04
2.606710139564034304e-03 8.003216270714531367e-04
2.573135773609677018e-03 7.151795254266122984e-04
3.210274008367151096e-03 8.198573215625285654e-04
2.411377086638996463e-03 7.274197585746591246e-04
2.792885364884945768e-03 6.728637421057856753e-04
2.148757976804153893e-03 6.947560840342659151e-04
2.815664996293672402e-03 8.324893077401860405e-04
2.939841373671770071e-03 6.972024837170472762e-04
2.887511756366295708e-03 7.216978376558067908e-04
3.150708620358429884e-03 7.001889897949882926e-04
2.366804250217057707e-03 6.140663914340508886e-04
2.548912737334287776e-03 7.236195184103541393e-04
3.246615689689089698e-03 7.804484654826416819e-04
3.526177415080854801e-03 8.186917751793174091e-04
2.379853371066048030e-03 5.268380583924417741e-04
2.181937344819330320e-03 7.517442892637740031e-04
3.289992368328325135e-03 6.534876765697275559e-04
3.005920821875386357e-03 8.410974214122426268e-04
4.320431180448388447e-03 6.838025919316430886e-04
2.216942429137009739e-03 6.641980728907562149e-04
2.705608534988465392e-03 6.607630890692803554e-04
3.419008028299676261e-03 7.097850484352295633e-04
2.886934101807232204e-03 8.591757192671705626e-04
2.435912694117507542e-03 6.834320312793565853e-04
3.080605541975926093e-03 7.629857383833480496e-04
2.677148698936964149e-03 7.347634018228584463e-04
3.566378376374647417e-03 7.352131843837518338e-04
3.134189949224809330e-03 7.571599355431768690e-04
2.670553526824301620e-03 7.847632432931789595e-04
2.396757611763384536e-03 6.485531830422114428e-04
3.837977456550522009e-03 8.221420507142046356e-04
2.318248074544397748e-03 6.840722144211748047e-04
2.220472312570862233e-03 6.744250310174635353e-04
2.899523030289758319e-03 8.034527654927290643e-04
2.413544114863128229e-03 8.538596093599286167e-04
3.296108875507014827e-03 7.323651444612995975e-04
2.701123512393667145e-03 8.988688087960981701e-04
2.369029756889384861e-03 7.810181185261373324e-04
2.972923522265131895e-03 7.404809218559873368e-04
2.191684392352888627e-03 7.135392834474559498e-04
3.651487458876234455e-03 7.493144390742552006e-04
3.195631102768630404e-03 8.120595979000984213e-04
2.814288933595010186e-03 7.146647056140051054e-04
3.404519352402724137e-03 8.311471264891045260e-04
2.943277778667713427e-03 6.716568348410796975e-04
3.234814023770730095e-03 7.202582691751560021e-04
3.035690444627183338e-03 7.053037510430152203e-04
2.347757738137334470e-03 7.160028197011384342e-04
3.822382523399999593e-03 9.431746025602473233e-04
3.370286650706411612e-03 7.291121611799200727e-04
1.859835150347365854e-03 7.425242895677548055e-04
3.896316809509429470e-03 7.822454326978349080e-04
2.939214119279066114e-03 7.801435447584558619e-04
3.024342036447429886e-03 7.256212154711084820e-04
2.535435069126743771e-03 7.835322854182499939e-04
2.776647606442164858e-03 6.785432355271329378e-04
2.615673715870566601e-03 6.572702409964999376e-04
2.010875029574205573e-03 7.125694237778526811e-04
3.040824090546777238e-03 8.256583969266003678e-04
2.867168459454095663e-03 7.442352004443382029e-04
3.187694817735042905e-03 7.236160126433371746e-04
2.425467866246749839e-03 9.486246891143939285e-04
1.832434817606966694e-03 7.651976890605095101e-04
3.881415518605864888e-03 8.194562018356785780e-04
3.094223056262842587e-03 7.636242083004616968e-04
3.597013102440438977e-03 6.957470502313993672e-04
1.754007328726459817e-03 8.646041605601944170e-04
2.865977181781882103e-03 7.764605146328645109e-04
2.902879369265232677e-03 7.251885136064029416e-04
2.807195340251571452e-03 7.692207631992140429e-04
1.807694393748764160e-03 5.949398974528068975e-04
2.865546920513794161e-03 7.790028800033145691e-04
2.942422966926330329e-03 7.283900634575625390e-04
3.125775495684046668e-03 7.164050211924838938e-04
4.093180839655588196e-03 7.972855165635263364e-04
2.814528027749110903e-03 7.508688530705937871e-04
2.731748631480057036e-03 7.298992365516115228e-04
3.195845790615949988e-03 8.003798413424512625e-04
2.958704166277906309e-03 8.065197245701900960e-04
2.402930047712114377e-03 7.050702975913665039e-04
2.979509107978625150e-03 7.126890768965342448e-04
2.731743039675053192e-03 7.165746467922876842e-04
3.256363704887079227e-03 7.409729002893778848e-04
3.353414566055620653e-03 8.822632610690145979e-04
2.289240770151509084e-03 7.713053966442634567e-04
2.782051537926269729e-03 6.045907641970744463e-04
3.821943376648450665e-03 6.713280901568357802e-04
2.289129202379423973e-03 6.837947963178305161e-04
2.974285699368990794e-03 6.146463344481970523e-04
3.103798055741035979e-03 6.905579141661276257e-04
2.113929685854844774e-03 7.927488858165771196e-04
1.589959179053045124e-03 6.359559112813147367e-04
3.505412008360899064e-03 9.083836437286629513e-04
3.287569769381044719e-03 8.777452961513398672e-04
2.210102866920334377e-03 7.615295061656438425e-04
2.320500895336894982e-03 7.902010506924862657e-04
2.403612433964644884e-03 6.578398191124638526e-04
2.686731932916263266e-03 8.917065406624291373e-04
3.034596951458741303e-03 7.430463193139920505e-04
3.399104879320801083e-03 8.306587901043718629e-04
2.673067462776890484e-03 6.803111005979296843e-04
2.934040925417298086e-03 7.404575113085215933e-04
3.113303143249069281e-03 6.528377275393771294e-04
2.793775044123356088e-03 7.292895033432157843e-04
2.388921969334295136e-03 6.380788230114874506e-04
2.134977662117571850e-03 7.610939808443170206e-04
3.473647667620182941e-03 8.592741159780722384e-04
2.067187068808200735e-03 8.218502301465343716e-04
3.253761789057139052e-03 8.478688377097743723e-04
3.440578592808462167e-03 6.571629188561964059e-04
2.351164974517196745e-03 7.377155008329860930e-04
2.331607636772609331e-03 8.264121708373525126e-04
2.984574713911896000e-03 7.792014859641005400e-04
2.802266398628160300e-03 7.124524275394209958e-04
2.283119297675325048e-03 8.242971655921363426e-04
3.197752815319749101e-03 7.494797960412925061e-04
3.681940107323869275e-03 7.560128213944382770e-04
3.640739173103951353e-03 7.164639794471248328e-04
2.339140349935169352e-03 7.717315822098349230e-04
2.652511447669851467e-03 7.007354811462093193e-04
3.035050520590420672e-03 8.512621236376017664e-04
3.240606635833003044e-03 7.245521482806535412e-04
3.132646775291438035e-03 7.341913294593158720e-04
2.156842116308386060e-03 7.200011826913908309e-04
3.019544238002512537e-03 7.830889583457437261e-04
2.292509216996320518e-03 7.944027462225615411e-04
3.635261190458133514e-03 7.057224750750726956e-04
2.412981237532470929e-03 8.392748438297704776e-04
2.762978509701915358e-03 6.514157741760502216e-04
3.520445758905747357e-03 7.524395977952429235e-04
3.639381742466593107e-03 7.229937006473035298e-04
2.824481969735703844e-03 7.782848784211465493e-04
2.567818590660219443e-03 7.766356333602001359e-04
2.880529799087815611e-03 7.995873431927332789e-04
3.674377139531372939e-03 7.556236494020507691e-04
1.913224487654688593e-03 8.895369422737679256e-04
2.664817493555505807e-03 6.839200909468250199e-04
2.801028195012239541e-03 7.758481263309212990e-04
3.108593561271032896e-03 6.750349313538224353e-04
2.710702097645917123e-03 8.701708024973709354e-04
2.224326295589979137e-03 7.976437721684551596e-04
3.992758947804743441e-03 7.718045819003785347e-04
2.737638764350569520e-03 7.835740194716122459e-04
2.927085393247977427e-03 6.832971741778438336e-04
2.934397974025121890e-03 8.250477957959804131e-04
2.213341734170302857e-03 7.450625375518956858e-04
4.280382552495016861e-03 8.901720608487223834e-04
2.221345095721457674e-03 6.484935417114598552e-04
3.343788615387568042e-03 7.503683435797308104e-04
3.016870638316475253e-03 6.135863391097187702e-04
3.292253523347293213e-03 8.120533887314051102e-04
2.684718241745595330e-03 8.554347806402594345e-04
2.643523294173065301e-03 8.071013526496582371e-04
3.073294214039185533e-03 7.567847826107817729e-04
2.697686468231296104e-03 8.115391243084732475e-04
2.549143517391658405e-03 8.648616028234043388e-04
2.999382767555109405e-03 7.665494312176925713e-04
2.103763100582771092e-03 7.168294227188603401e-04
3.222571177000212259e-03 6.153197120203683602e-04
2.798676421404681057e-03 7.105901442307695649e-04
3.713434998325125091e-03 7.356344633338014315e-04
3.351431681104256530e-03 7.205766771073492550e-04
3.154852364837935994e-03 6.536185165233309585e-04
3.283755776545715498e-03 6.752714094990233066e-04
3.018095549910208234e-03 6.510142992340228665e-04
3.169001014006937820e-03 6.731905440239989696e-04
3.712702964730649549e-03 6.862148196253508659e-04
3.027480248171034432e-03 7.944726057057410491e-04
3.121474536503079759e-03 6.142604608728279014e-04
2.655642536675083005e-03 7.186729139916610623e-04
2.784134419385402882e-03 7.036549226765288854e-04
2.014673613035825907e-03 7.207647149642002968e-04
2.992483208725892681e-03 7.381696316885416435e-04
3.754108876299151656e-03 6.374828764506425098e-04
3.798011464773268057e-03 8.121039159336192062e-04
2.636130693530855992e-03 7.357595091596713481e-04
2.407544660788549489e-03 7.725982849241542485e-04
2.751542966261002251e-03 7.266256101664598415e-04
2.498282265899597586e-03 6.534410794823331979e-04
3.244453893295848757e-03 6.729638873996215053e-04
3.015897334337644831e-03 7.249313622603412470e-04
2.082318479409076342e-03 7.987310930454387652e-04
2.892770416408033292e-03 6.198278590337273847e-04
3.051737142480653690e-03 8.849749587070196563e-04
2.270820944504511711e-03 6.973167147406256422e-04
2.510153750037616861e-03 6.820345052806761144e-04
2.154823359108744198e-03 8.027636427778843701e-04
2.923121730018725037e-03 5.700230104868880647e-04
2.744622406276699296e-03 7.104740593471433035e-04
3.519951878799882153e-03 6.325523978734912990e-04
2.460527510995020282e-03 7.332737022839010610e-04
2.545289178441757956e-03 7.432912810597084750e-04
3.040223397982595548e-03 7.577983755908148083e-04
3.466186658156240018e-03 7.469124339590468321e-04
3.625683241537292541e-03 8.832467987367312355e-04
2.639348757288209266e-03 6.188578368258204447e-04
3.291718697816233084e-03 7.011951433042918789e-04
2.523362072043184266e-03 6.834738637433022306e-04
2.745397822795467725e-03 6.808329237513912734e-04
3.613918111823822589e-03 7.498626035373510751e-04
2.563656260948667717e-03 8.086350371574830762e-04
2.481133767596706632e-03 7.077753870043941402e-04
2.010499092518960602e-03 6.377890732511390295e-04
3.310944793948466559e-03 6.838855960924677740e-04
3.505531773648693384e-03 8.410223060203053137e-04
3.701282968139573901e-03 7.874154121023970972e-04
2.828587516812613566e-03 7.176633843876607018e-04
3.825207984992034290e-03 8.958170804005474719e-04
2.987268197216766744e-03 7.930962592479650795e-04
2.375015646122916740e-03 7.319931766054690826e-04
2.613790982557752558e-03 7.059575744181584419e-04
2.499828345688518555e-03 6.401860225600474168e-04
2.289895630180762733e-03 6.789558246962851869e-04
3.288462262891352593e-03 7.359999278449114559e-04
2.602501693860579356e-03 8.736939848279269300e-04
2.731150504825448702e-03 7.419916333265574350e-04
3.618243974367085000e-03 6.420862728001943721e-04
2.549143187338786219e-03 6.290933530753437582e-04
3.279634198578272337e-03 8.080713957937586027e-04
3.078466752781542151e-03 7.196066976894763094e-04
2.830185565939868572e-03 7.773508864535622499e-04
2.716142373278073330e-03 6.724161678208257116e-04
3.082947637390284594e-03 8.336844558981754486e-04
3.240413072497920141e-03 6.625857841074042631e-04
2.603201133905204499e-03 8.027297332004484530e-04
3.355968234863748647e-03 7.670606397003684870e-04
3.276446167339078491e-03 7.883625531539676431e-04
3.496538762292482599e-03 7.029633109004549286e-04
2.413980278758209690e-03 6.901468563935378876e-04
2.732057584134363250e-03 6.067642087999306670e-04
4.021804818676266886e-03 6.478577590567706187e-04
3.693182593704722686e-03 7.375986742245513057e-04
3.271027712977141438e-03 7.211114527731543383e-04
2.696741586155126501e-03 7.115291960498691800e-04
3.593944891575638362e-03 7.890985599940336876e-04
2.024844705034642249e-03 7.437609622176111386e-04
2.569453878346142535e-03 6.357191789991003487e-04
3.211421239141096576e-03 6.909653168746557285e-04
2.904157167471076596e-03 6.528409115661737991e-04
3.864816641791087373e-03 7.662525265935281500e-04
3.013312018870246706e-03 7.467633186955085741e-04
3.039340288873607077e-03 7.826444988451597157e-04
2.873343572817855206e-03 7.001767261681286119e-04
3.083803807136230226e-03 8.475097527674949104e-04
2.986871522246596113e-03 7.858070363449013926e-04
3.239116872127068697e-03 7.804456072080592777e-04
3.153651364458939527e-03 5.852552469076075523e-04
3.474320533121045065e-03 7.557769897835446169e-04
2.358699212293175786e-03 7.048225995551046959e-04
3.185801763442720324e-03 6.802381709225071606e-04
3.023008316662577008e-03 7.030791993167634065e-04
3.083499091836556984e-03 8.247409858511069343e-04
4.073770716989950046e-03 7.652427469125239797e-04
3.259331132449655270e-03 7.956189103972377379e-04
2.841755506586786037e-03 1.009826254239751774e-03
2.048390501861164798e-03 6.038753811417756122e-04
3.228108071194051888e-03 8.021444411006726670e-04
3.151864806560526582e-03 7.159233277098537565e-04
2.348455691785240797e-03 6.815821918785592865e-04
3.402052728091171582e-03 8.141691046093904897e-04
3.589319370417867489e-03 7.348155526732074285e-04
3.555851542074709836e-03 6.191453293079146863e-04
3.077038401934628197e-03 7.368621560984562301e-04
3.355472687037234798e-03 8.190676408471623746e-04
3.579623487169533540e-03 8.536482250180717039e-04
2.610552576488790657e-03 8.521523361041746661e-04
3.454746370264494704e-03 7.051069940431003774e-04
3.230441730714544990e-03 8.072010133254612979e-04
3.125732161582708141e-03 6.462836280486552835e-04
3.171771070315037959e-03 7.394723192899253610e-04
3.366425323023549462e-03 8.326256064357896378e-04
2.519213870027134285e-03 6.522397426019614641e-04
1.942939908217807248e-03 6.724714581449324794e-04
3.006818678114148678e-03 6.998742815624252453e-04
2.938097680132873823e-03 8.166373224577620380e-04
2.580826022254594908e-03 8.178220427851096066e-04
3.079778145041080304e-03 6.998368540186703565e-04
3.557149164749915000e-03 7.248273179323368610e-04
2.325592838633173346e-03 6.714988790384275250e-04
2.749396038045517129e-03 8.041363246447483671e-04
2.699020309196202821e-03 7.043214979313615559e-04
3.090866357577263211e-03 8.369020736171453026e-04
1.883996902811489174e-03 6.786507986941787626e-04
3.182442518157547855e-03 7.670635764470846302e-04
2.321583017244179502e-03 6.595950415174778401e-04
3.040268971103462885e-03 7.753108517267782735e-04
3.283353035978984688e-03 8.499991413796084781e-04
2.631736719526575879e-03 7.131248096250975260e-04
2.579016652319783207e-03 8.626179877112838401e-04
3.483366828246397574e-03 8.013381587072125915e-04
3.781733362300991521e-03 9.267159557193704444e-04
2.347616904803346682e-03 7.156475156475478007e-04
2.803460079101833830e-03 7.622404746079502373e-04
4.718552436454167068e-03 7.717101922492359493e-04
3.651872868905781978e-03 7.738486557643047773e-04
3.529245565906973491e-03 6.714798377869245780e-04
2.232928991819232989e-03 6.317653620197086510e-04
3.049438118263629593e-03 6.543923097991712935e-04
3.884569476621748188e-03 8.271476439786767812e-04
2.543063135888500893e-03 7.964337357259380001e-04
2.070617477072166784e-03 7.219897142618423008e-04
2.825590730722895606e-03 5.979350613553542420e-04
2.870359525927675820e-03 7.558765872238907679e-04
3.531350644190615288e-03 7.505426293271929899e-04
3.240070944039819684e-03 6.408782066984670435e-04
2.957401727313267031e-03 7.901006623353356260e-04
3.283929891258977312e-03 6.564664047722106217e-04
2.938708392290329072e-03 6.998322459911305183e-04
2.588099483808131967e-03 6.428610982099908092e-04
2.554040454981408928e-03 6.812262804425438072e-04
2.937362447408603007e-03 7.323930066785367581e-04
3.058799323053874517e-03 6.965433076955134797e-04
2.911798234529876586e-03 7.582752851381903891e-04
2.915118540772488383e-03 6.961309950485216518e-04
3.452543807584803042e-03 7.676073057532999686e-04
3.693333888948318634e-03 8.634782855000431917e-04
2.786647293811127073e-03 7.858741378737053905e-04
3.488960053056523302e-03 8.151632292590191460e-04
3.065282526721163549e-03 7.761693905208094310e-04
3.042163965794075862e-03 7.484069343265177011e-04
3.889629024205904125e-03 8.376559824693158383e-04
3.126513479410967123e-03 8.563214030281757769e-04
2.505911119564168451e-03 8.161015176684722821e-04
2.852744845002768651e-03 7.902828226502853562e-04
3.657589778259970510e-03 6.947454537033290059e-04
3.448824489240156273e-03 7.565987972690565826e-04
2.718282746636724919e-03 7.262522229446508439e-04
2.840030427267408852e-03 6.714887012612174222e-04
3.427846769817305839e-03 7.171999337405716947e-04
3.452565900540580796e-03 7.711723241516914729e-04
2.691814134939758425e-03 6.105726131147542601e-04
2.322748802869579327e-03 7.753031046790702895e-04
3.004849387485939143e-03 6.784025477699580147e-04
3.079443384514200278e-03 8.987296676380119535e-04
3.375657617175312382e-03 6.435035351219139249e-04
3.780922299790367373e-03 7.839449977593312795e-04
3.255764607230822449e-03 7.052970837198513842e-04
2.798110535866437515e-03 7.354871643840786696e-04
2.266169053031704197e-03 6.515944236797127555e-04
3.086404103295132921e-03 5.844784453213304129e-04
2.215305283102162251e-03 7.181043960262741737e-04
2.418006256966946741e-03 6.886772407857160794e-04
3.129468010511300431e-03 8.066579016283115201e-04
3.283516749109685953e-03 6.645356359325703356e-04
2.764964171917882237e-03 8.998038007772172315e-04
2.169686335717800011e-03 5.697206442871510963e-04
2.544058434424432708e-03 7.353930793051055440e-04
2.191177870808051417e-03 7.372071091372902740e-04
2.965460889185301402e-03 6.592493963000593815e-04
2.206204122627011648e-03 6.778062059603453312e-04
3.597501029787973648e-03 7.640890923083569443e-04
2.920868838340639605e-03 8.376278325743017868e-04
2.138420439073086300e-03 7.729240735259488128e-04
2.821702507356311628e-03 6.248571607276318714e-04
2.420320605018577449e-03 7.631587927424719276e-04
3.161750598324225298e-03 6.783378455706511436e-04
2.633721070785507122e-03 8.634232948361399759e-04
2.654263085054081421e-03 7.052172687535248133e-04
2.557518702793166489e-03 6.813987275103960527e-04
2.595106745405235601e-03 7.803025217587555287e-04
2.683856434779383592e-03 7.770797028592086242e-04
3.028438664405140330e-03 6.425500880601869424e-04
3.938240370831849572e-03 7.129632662089788490e-04
2.704799404053461181e-03 7.800887651775101827e-04
2.397020225777756006e-03 7.745802739961275179e-04
3.497335188567177785e-03 7.801848563412653237e-04
4.196553645010575768e-03 7.631195314887534355e-04
3.082301097653498533e-03 7.794023394499222752e-04
2.876590151589716524e-03 7.062946092245955734e-04
3.012870033127996398e-03 5.996519792913636944e-04
3.495418211118870785e-03 7.058888319641639037e-04
2.893996960827239194e-03 7.283398960853313103e-04
2.560111965931825741e-03 6.556000952238559250e-04
2.746644689405987935e-03 8.097083344436399035e-04
2.520314208384827250e-03 7.347800719131908787e-04
1.981006856648335600e-03 6.717003245428498524e-04
3.630239463584740423e-03 7.725576140140064108e-04
2.450197687463075494e-03 7.569969390876631152e-04
2.342948211456063676e-03 7.208796524045365433e-04
2.613361108588834782e-03 6.916929711684219849e-04
2.593676973859967982e-03 8.368588958566810501e-04
3.504276508751663806e-03 7.252915188705167347e-04
3.136502458048798757e-03 7.215859792331640217e-04
3.058768407599157454e-03 7.574965181096669038e-04
3.200747792678056321e-03 8.265200836289292698e-04
2.742440670185793215e-03 6.263419466075084013e-04
2.833920957651519471e-03 7.666233106169036398e-04
3.878966692442705790e-03 7.777254935105451994e-04
3.156874516668307148e-03 7.542132463348678656e-04
3.156755379652860603e-03 6.701019566239796704e-04
4.242169341578113512e-03 7.087273364843560365e-04
3.233002861352887898e-03 7.765992962006312925e-04
4.274799376252961212e-03 7.828684812878947781e-04
3.054987400070768942e-03 7.012262896715201668e-04
2.539545939303565307e-03 7.923437064977058644e-04
2.938769917103524129e-03 7.477781164024198705e-04
3.151788482230907101e-03 7.643650754397908389e-04
2.710282253294987037e-03 6.436328219517566509e-04
2.516935746104596167e-03 7.442133934468612164e-04
2.512541754851313914e-03 7.006431235871162693e-04
3.285766431996945888e-03 7.705325133891868360e-04
3.135519386186515298e-03 7.043541777891874781e-04
2.896992027235235478e-03 6.544362561932649466e-04
1.959845746831016290e-03 7.244354234818694161e-04
2.703459516384225814e-03 6.145494965990366733e-04
3.291497808643615609e-03 8.680000898180018423e-04
3.497933644662306555e-03 7.512953688591086443e-04
3.140688363395335077e-03 8.079620754042315381e-04
3.311366923947424695e-03 7.281414747489471520e-04
2.970542538692581488e-03 7.572991176399491205e-04
2.565667955817993971e-03 6.850124949594073700e-04
2.164911067441272884e-03 7.757852748467560042e-04
3.214284660756497238e-03 7.486937953220960864e-04
3.210573442744796106e-03 6.762584155690023894e-04
3.070091980726445853e-03 6.886800861644603320e-04
3.102083583863358106e-03 6.989024363223745500e-04
2.534017515056760650e-03 7.313601009300063410e-04
3.376573498942882570e-03 6.742718006294013680e-04
3.466356666443333543e-03 8.461343609572959676e-04
3.756435546853156750e-03 8.547319614822463177e-04
2.877688258947705933e-03 7.539738581716424852e-04
3.294638452490140316e-03 7.850069863620238357e-04
3.011979969704259730e-03 8.115116580908017995e-04
3.188928887847543477e-03 8.065545975566814534e-04
2.968020849839338258e-03 7.010589231494692569e-04
2.619616407222209904e-03 7.713612789498213882e-04
3.145184105189763237e-03 7.346701728094600856e-04
2.849755737099125049e-03 8.392142364003591596e-04
3.452583846703467709e-03 7.757095062622765356e-04
2.191612228590851010e-03 7.754388790622822065e-04
2.924381182004830246e-03 7.200552681347901314e-04
2.985702827382000386e-03 7.643517434200710822e-04
4.111586415887183606e-03 7.259775015328972896e-04
3.201483170500158022e-03 8.480029351555920048e-04
2.902609127344219376e-03 5.947061182325907858e-04
3.621868600082871290e-03 7.200715930406172355e-04
3.016567902146734433e-03 7.526414918265086299e-04
3.892521402550091266e-03 6.709713984989932678e-04
2.971780661009053737e-03 7.662100724622018452e-04
2.800843965074063108e-03 7.366650120826099320e-04
2.073805239309473459e-03 5.712044391662209281e-04
2.803704898874072142e-03 7.181431984775437250e-04
3.635979987191197398e-03 7.014123115735255510e-04
3.294799651494458807e-03 6.615082893460825716e-04
2.980854852135048950e-03 7.167311582424811499e-04
3.010239860106921940e-03 7.350211910083108207e-04
2.448410054055093123e-03 6.298654155154418928e-04
2.956851142017933795e-03 9.064026469478774850e-04
2.210094329924858388e-03 7.214344659792802997e-04
2.115720502420740182e-03 7.342387667176085778e-04
2.865674020476511891e-03 7.649785879850282133e-04
3.068112832074648775e-03 7.395397662923551942e-04
4.062341020907233972e-03 8.345330461913596978e-04
3.253627780712382584e-03 7.511551557646790282e-04
2.140963100502079382e-03 6.611032291666562623e-04
2.555245906181782649e-03 7.008067905253086236e-04
3.730761697181440156e-03 7.075695416626824955e-04
3.698573730740509907e-03 7.304077675481885018e-04
3.200889913676411604e-03 8.646998581267919788e-04
3.427561343518922051e-03 7.603374080291555289e-04
2.883329845224786442e-03 6.490433936118826432e-04
3.837895909067547823e-03 7.152500071020234619e-04
3.253735671100063762e-03 6.831358988445274246e-04
2.759541559847777849e-03 8.130086790941072747e-04
3.648383640411164471e-03 6.364633423040673421e-04
3.851590679280003995e-03 7.867205295182630887e-04
3.347351268059131461e-03 9.180012245197456721e-04
1.927553403014227928e-03 7.711056506829865606e-04
2.034164858690993942e-03 8.020041215038948776e-04
2.616317261767957085e-03 7.142476816576671548e-04
2.518977633586254577e-03 7.015655347249704884e-04
2.915936977803602458e-03 7.741826535742525476e-04
4.011496317106373090e-03 8.326705071676305733e-04
3.805097118203305123e-03 7.170145022021100602e-04
3.045867522387292557e-03 6.320400529897547822e-04
1.669312765119182257e-03 7.142590321552115106e-04
2.948998834187502478e-03 7.598659887511637111e-04
2.631706375277419099e-03 8.347442652159072895e-04
2.928891092954524593e-03 7.045533751431473559e-04
3.384186019018660310e-03 8.042147007826755227e-04
3.346915855399274203e-03 9.511275151695836039e-04
2.754415373941578298e-03 6.658074086921797387e-04
3.142177149568834652e-03 7.972471670513526284e-04
2.740523880788104695e-03 7.752790489255251185e-04
3.191029942904551487e-03 8.972164068052659565e-04
2.785888407750177626e-03 7.116662992023007521e-04
4.192805522819672941e-03 7.772323752505913303e-04
3.604754077454603873e-03 8.354692553139707366e-04
3.310553056175059763e-03 8.032531071975741429e-04
2.537176998551346138e-03 6.874152253428774187e-04
2.700242703353254378e-03 7.246698389960033650e-04
3.337269029365741956e-03 8.036691770217044978e-04
3.036941973346425627e-03 7.701064708415212645e-04
3.082315173412653563e-03 8.181648510625909743e-04
2.357586324086161176e-03 6.432576555073300003e-04
2.793481547439271000e-03 6.768637567981513692e-04
1.815050457073941973e-03 7.237180050954228209e-04
4.372349154535971893e-03 7.780938315557484053e-04
2.421877689638705314e-03 6.482933453298613674e-04
2.883729036512116053e-03 7.262293194434709179e-04
2.782525206663336720e-03 7.494801935771103554e-04
2.662305879115400495e-03 8.263517205515576733e-04
3.225485278180171764e-03 6.969873666757472061e-04
3.056311779900452736e-03 7.996788667146091092e-04
2.713402886284721569e-03 6.685283005839648841e-04
3.309985716457789461e-03 8.839377071867725788e-04
3.058242147487953352e-03 6.608068882672088126e-04
2.805217051167390244e-03 7.385240824173908971e-04
3.373759774924410711e-03 7.489279357218524670e-04
2.551403165749144709e-03 6.126484090756026358e-04
2.597807837088506305e-03 8.154975589459066915e-04
3.836803248960615753e-03 7.151773536289376563e-04
2.634772207333701925e-03 5.914584178739206886e-04
3.103704050419617364e-03 7.634185319781519336e-04
3.329747049379414708e-03 6.966197453130007619e-04
3.426216512686971159e-03 7.474622078033738536e-04
3.287806950407728534e-03 8.150683372290969250e-04
2.167651835458082529e-03 7.168528166650061555e-04
3.389737649671676571e-03 8.080560144464357230e-04
3.564172411492918299e-03 7.993983088941560141e-04
3.254254222618265229e-03 5.644535913166036714e-04
3.298198317618242486e-03 7.534705728325062635e-04
2.361215667673467137e-03 7.885229931117477284e-04
2.821282281495710899e-03 7.404835625414617683e-04
2.787452857233731207e-03 6.420258693653331473e-04
3.654010099675104178e-03 7.400061522925746853e-04
3.244098277327259194e-03 7.952228075878239226e-04
3.330219003878323591e-03 7.319321892569126842e-04
3.284092153094968734e-03 6.706472226874464091e-04
2.714999806023890919e-03 6.864074910953092646e-04
3.138130188914866649e-03 6.808078204938159718e-04
2.978273303335685161e-03 8.406873999258856036e-04
3.005251221395303148e-03 8.020905256566840738e-04
3.051175301299036222e-03 7.512375880640096825e-04
2.401027943078463435e-03 5.955294144748474790e-04
2.962182667594380221e-03 7.081607133127650793e-04
2.741826910606544321e-03 6.929867402062225238e-04
3.404500027832860123e-03 6.831682664568659597e-04
3.076185936069867830e-03 8.069693544372153002e-04
2.868919124387382495e-03 7.143829391106626663e-04
2.950728813506601177e-03 8.400705631036052470e-04
3.104240279290901034e-03 7.979698348760618822e-04
3.092178162804384671e-03 6.723708714967397250e-04
3.060587835231171148e-03 6.799375182174330822e-04
3.486048164746387377e-03 7.966336458460446550e-04
2.340322803720990084e-03 7.778705218856209322e-04
2.742075513871859195e-03 7.814080542333580763e-04
