1.281042121262252007e-03 5.864836339723505845e-04
2.465163705734500603e-03 6.246309152510834059e-04
1.853433440625177654e-03 6.671698082994386748e-04
1.807090063116710771e-03 5.742163105602801892e-04
1.941792254085397164e-03 6.346341031872546621e-04
1.943228828374858694e-03 5.822813550931197615e-04
1.357995770427793038e-03 6.211293001393717933e-04
2.548567083351495257e-03 6.910281475247603096e-04
1.523044969238915997e-03 6.919348072018798338e-04
1.328660813392420646e-03 7.069025248619547090e-04
2.156123693464529097e-03 5.981683405388587725e-04
1.680069121949854258e-03 6.327096358251846743e-04
1.549773757105828717e-03 5.795310985024519548e-04
1.524291711849211622e-03 6.366996592039465396e-04
1.402042372531047505e-03 5.751557636898390604e-04
1.913224742955792635e-03 6.120160657891684413e-04
1.640126443417003633e-03 6.173170516159284761e-04
1.575252036090079568e-03 6.223680831082562676e-04
1.630041766324993521e-03 6.428304893089578772e-04
1.581404408142029951e-03 5.575940277244403800e-04
1.035964502159813626e-03 7.121442442939155586e-04
1.803000512465309686e-03 5.394150161225720391e-04
1.422298054208143191e-03 6.384778904598250497e-04
1.171016281399072431e-03 6.309319990277780866e-04
1.373688003307940156e-03 6.674070392556533766e-04
1.937625512944472599e-03 5.848192463618418283e-04
1.945404998301050953e-03 6.831719525416896175e-04
1.486243325138444753e-03 5.875016978687595641e-04
1.334624078655134456e-03 7.054650309537869061e-04
1.331331974074516410e-03 5.871027288645799553e-04
1.774802547478217512e-03 5.993455585252939824e-04
1.397300248803224525e-03 6.728963625225784471e-04
1.624821153277277190e-03 5.928344805937629022e-04
1.634362516762611749e-03 6.043634468602789370e-04
1.566798052801474019e-03 5.535266020912817109e-04
1.053619983959047917e-03 6.693479090352092353e-04
1.253987624602640035e-03 6.045151414138671834e-04
1.697644217680075026e-03 6.142574082575204524e-04
1.447781182180797772e-03 6.262164907860628005e-04
1.143140581159868665e-03 6.439389949178961564e-04
1.045038550737159956e-03 6.204936597935849577e-04
1.602536410275514625e-03 5.878912034870440546e-04
1.869462655079977796e-03 6.966451967748165698e-04
1.679358914561204699e-03 5.983164948624174239e-04
1.717160042908393979e-03 6.540124219754844337e-04
1.127095998046211914e-03 6.570825331249266054e-04
1.358325405481256715e-03 7.494331935260045534e-04
1.000879425469180812e-03 6.205383810968859420e-04
1.670866063377620010e-03 5.458833935932394261e-04
1.904583992874005725e-03 6.260905229860508868e-04
1.670582277054723447e-03 7.530457780740479378e-04
1.937388224082601390e-03 6.502271563174338983e-04
1.743801871401633261e-03 7.264297913653518365e-04
1.125823626840403990e-03 8.039123970707188040e-04
1.630534134823638905e-03 5.327315497377041898e-04
1.770329242390157164e-03 5.242332066508223563e-04
1.453081733996289260e-03 6.919022642993197247e-04
1.819628506155063392e-03 6.986502633442747594e-04
1.303469612453506555e-03 6.822997996235597839e-04
1.384401049831917620e-03 5.409336667402616945e-04
1.682991799029224514e-03 6.139729855422421719e-04
1.302864320061617115e-03 6.324774351284843466e-04
1.622483320977749239e-03 8.029689374768953078e-04
1.688827669778668024e-03 6.514974772073685782e-04
1.569434924354862594e-03 5.970521437013538105e-04
1.927920197315993907e-03 6.329632826275933708e-04
1.451248605322465798e-03 6.498596694305697067e-04
1.268723575185593628e-03 7.187516827815101537e-04
1.468664675944310891e-03 5.716687911596018100e-04
1.548625551365431915e-03 6.494092602708586735e-04
2.168640342138922553e-03 7.029678893589271947e-04
1.297403929113690856e-03 7.166487276683855762e-04
1.434391464272611379e-03 5.557292729864967210e-04
1.774404969741553593e-03 6.932023702219930038e-04
1.635177953048932552e-03 6.136306714877373669e-04
1.568900800638383091e-03 5.884895948079938571e-04
1.733052778840650293e-03 6.321244475691730966e-04
1.698565690852326705e-03 7.319357325833936515e-04
1.513441621711400812e-03 5.536763026609282370e-04
2.074075568534590377e-03 6.364509547634886405e-04
1.410792149450317261e-03 5.818081519290219453e-04
1.251340569769701780e-03 6.688194259862870108e-04
1.443927962654956631e-03 5.916999751541143597e-04
1.491013253720139750e-03 7.598673213582610815e-04
1.544527159121260622e-03 7.061944395573601773e-04
1.282352781846952906e-03 6.024176686394054018e-04
1.351615939990741949e-03 7.159496868174208741e-04
1.387957173045472259e-03 5.785092470704353458e-04
1.796695135485160046e-03 6.306417505346887959e-04
1.434270150009813675e-03 6.027663451517362072e-04
1.298844444160529490e-03 6.288283497399287537e-04
1.721107758359885888e-03 5.750646714806804342e-04
1.528609640314215496e-03 6.372003772469724686e-04
1.402950520080421684e-03 6.356105276424715931e-04
2.177044428229697737e-03 6.104644197733633286e-04
1.413651996337749860e-03 6.260144879709502548e-04
1.331981908403757041e-03 6.094387102444239444e-04
1.168041054933767909e-03 6.871084957696193358e-04
1.287539846001075055e-03 5.505976956933440790e-04
1.413123398084505751e-03 7.250682415980423982e-04
1.659000237278566905e-03 5.721188318266459075e-04
1.682761478786820586e-03 6.158592909210757090e-04
1.098787081989463336e-03 5.715003110013508253e-04
1.645812846061321015e-03 7.594159584718662660e-04
1.677509437905915076e-03 6.348365617195122178e-04
1.925197218317847760e-03 6.386416113485116498e-04
1.359887006875208464e-03 5.614840445464420625e-04
1.795463277175686663e-03 7.133358227050123511e-04
1.448985061981851582e-03 6.016889678814590784e-04
1.557846621235259950e-03 6.182484553924297733e-04
2.157660503842306465e-03 6.192843072346046213e-04
2.100711391465625005e-03 6.108317040922913539e-04
1.768205979976013873e-03 5.150950918488288090e-04
1.691614933586977612e-03 6.408626145634091324e-04
1.256934739291383236e-03 6.694462711273091622e-04
1.522321293408796048e-03 5.439964733022440097e-04
1.558749948501546951e-03 6.945113549388005512e-04
1.404772269749249942e-03 6.217017755467769751e-04
1.563768308359896530e-03 5.389045297884678589e-04
1.967348401846821717e-03 7.677900847780801379e-04
1.401447416212321228e-03 6.002237542966440149e-04
1.669139205449472144e-03 6.956049894747525159e-04
1.585658174777378757e-03 7.231778404161729379e-04
1.682188478471877829e-03 6.550295087230911112e-04
1.453186986606087817e-03 6.174859493346393025e-04
1.650258149112027563e-03 5.247395689192143426e-04
1.156328201227245457e-03 5.600918773158556794e-04
1.738595891936954964e-03 6.657479071769435448e-04
1.881269947496328658e-03 6.699878236888185757e-04
1.279160878974907071e-03 5.983020532173310329e-04
1.734624757708144640e-03 5.985169766423047892e-04
1.397187709840663934e-03 7.492768187653920742e-04
1.831896700028262529e-03 7.345474614795630044e-04
1.571429559798025481e-03 7.281873632662336487e-04
1.118888012853993435e-03 6.010904297100144039e-04
1.473030380117027437e-03 5.610601823131768692e-04
1.414566896341777624e-03 6.330407566308394410e-04
9.770313829100705713e-04 6.201570948306969842e-04
1.292109303873491310e-03 6.036898301892816045e-04
1.715142341588988010e-03 6.876710137561271472e-04
1.254998792828853791e-03 5.914822092920862112e-04
1.955568943927757548e-03 5.811228629230733803e-04
1.413701674868541322e-03 6.228989616259257914e-04
1.136562134033955842e-03 5.769453679845077060e-04
1.379805962168339801e-03 5.853338841214348644e-04
1.829151243286572526e-03 6.958350590786590737e-04
1.509272478396221379e-03 6.059519064534717170e-04
1.404602497062186570e-03 6.341031590946264807e-04
1.591734679011637312e-03 6.392128199284458903e-04
1.464437985995273132e-03 5.697112822751705576e-04
1.280288956397015922e-03 6.980773199667433858e-04
1.637995869682218331e-03 6.668932461766925290e-04
1.544752863281807298e-03 6.545335914220424189e-04
1.501509773574943515e-03 6.308035189422486408e-04
1.684121409675337286e-03 5.366152378420551306e-04
1.387058370054076615e-03 6.144361803482308124e-04
1.776021135556867837e-03 6.471556905601407068e-04
2.082206107190432819e-03 6.271392204357312738e-04
1.810986795377331378e-03 6.745944802398943325e-04
1.744915458091645874e-03 6.482924416440869354e-04
1.295041736756135731e-03 6.715086897326332264e-04
1.572097290061084474e-03 5.560405139054432067e-04
1.328897505672275211e-03 6.845054062612888988e-04
1.683926425212223590e-03 5.971300581758139624e-04
1.179734832416548442e-03 7.252253473881549407e-04
2.048405596445601346e-03 6.424272523472581006e-04
1.644285009357198714e-03 6.907075003923634354e-04
1.460443073190657816e-03 6.707629194229907440e-04
1.837622159545839341e-03 5.666348599581155646e-04
1.515479625332054282e-03 6.648553396177686982e-04
1.415133774180389343e-03 6.567821348064061242e-04
1.456676606905973241e-03 6.175267758962558508e-04
1.279230791332130589e-03 5.982075009815079197e-04
1.663798995620771994e-03 5.840958986844859563e-04
1.537693189051609569e-03 5.673799454770030214e-04
2.011300592542269311e-03 6.583491249506323280e-04
1.605192533309787468e-03 7.223125132294676244e-04
2.107308250420512029e-03 5.584077050448280977e-04
1.516681268569890044e-03 5.972301507447579571e-04
1.513939688634237260e-03 6.884556845625467662e-04
1.761299574449790278e-03 6.154552801429533180e-04
1.581875301080307985e-03 7.010399643517468754e-04
1.577469691436418717e-03 5.797871692292529090e-04
1.564926834852119414e-03 6.408460983635220088e-04
1.899302338436426084e-03 5.688623832422675134e-04
1.808681475919426181e-03 6.530163665966304092e-04
1.183378352406955951e-03 7.017198408062752524e-04
1.458530545013746573e-03 6.142839362709121183e-04
2.166980873330426847e-03 6.654567635611396970e-04
1.453607926826181113e-03 5.929919799730339969e-04
1.691855520106427683e-03 6.680310267113824833e-04
1.506780842425184614e-03 6.083666423694066320e-04
1.556615990581496512e-03 6.180863265777374049e-04
1.506104611459693071e-03 5.650691051528022304e-04
1.825571911497960885e-03 5.811288531738561993e-04
1.808144155615166830e-03 6.954663495775853565e-04
1.378616758123974882e-03 5.668286593786245244e-04
1.604974480456992014e-03 6.351336219514285833e-04
1.632220722315867690e-03 6.799577273242154172e-04
1.577809778744278593e-03 5.775880649789470007e-04
1.489436767233574864e-03 5.885615241618143536e-04
1.601798316084184631e-03 5.437497796503803354e-04
1.888108138787420896e-03 6.466356898078282674e-04
1.568095317264414212e-03 6.758748608128019265e-04
1.583360032404921647e-03 6.062779622196742824e-04
1.852736899691835798e-03 6.849587595411043249e-04
1.899471521951574208e-03 6.650486582968517151e-04
1.368090071964344831e-03 6.253236988145084328e-04
1.508477144345417168e-03 5.367776427039982036e-04
1.931047164034250347e-03 6.482737103702906857e-04
2.108171476603818307e-03 5.969069604747855549e-04
1.342884760728483163e-03 5.171358245933641322e-04
1.821510199273060652e-03 5.793356960765127768e-04
1.074220591025849868e-03 5.899961734264320360e-04
1.909411798245010637e-03 5.729534197071627566e-04
1.529291037223626205e-03 7.779770837352545246e-04
1.271231710059825444e-03 7.196543823625017053e-04
1.088030121756794130e-03 7.717284552885173444e-04
1.444159771164918362e-03 5.293294173307782659e-04
1.383695857693561463e-03 6.305120351268184023e-04
1.263442206092091130e-03 5.589512299700604868e-04
1.426221609654190715e-03 5.659594053531153248e-04
1.265036039053665014e-03 6.167039059385531459e-04
1.639537595607422696e-03 6.171734753026351895e-04
1.356643939789843644e-03 6.130011830068978927e-04
1.255683913086706564e-03 6.294724371548220598e-04
1.398076839722276572e-03 7.355168385070627981e-04
1.073915844630228544e-03 6.568355301210049638e-04
1.539922021759256281e-03 5.720269320295680001e-04
1.479970165672113555e-03 6.117575989550946055e-04
9.749486587513734410e-04 5.966519262133164556e-04
2.013622285639552010e-03 7.153614629128948353e-04
1.744078971457400885e-03 6.349362204085861380e-04
1.491658303488010420e-03 6.608370656552939749e-04
1.762197457446087806e-03 6.503067454881454081e-04
1.878493002378565403e-03 6.709081883870900067e-04
2.079832900601230952e-03 6.788330262558502472e-04
1.509193721656975750e-03 5.970002272037271693e-04
1.298347391231987171e-03 5.272646035953985422e-04
1.355122421134783133e-03 7.305949616753238925e-04
1.263714378658398023e-03 6.804401509834855175e-04
1.962558108107071136e-03 7.260876617264428899e-04
1.309246394953642945e-03 7.254497129725541232e-04
1.996289185554136775e-03 5.834749075911881350e-04
1.595598301907209023e-03 6.188455487308385742e-04
1.678462960581780707e-03 6.146679315509128534e-04
1.140261936469390801e-03 6.252016217059099858e-04
1.389988479380141039e-03 5.653209147882441938e-04
1.606725942108388301e-03 6.540957295094261114e-04
1.261943531301619849e-03 6.544027997957571835e-04
1.328744406369718016e-03 7.136086708673185274e-04
1.312228113841630052e-03 7.210084144745415808e-04
1.280077126666272214e-03 5.763566282404479274e-04
1.152811902495582720e-03 7.082107263231070433e-04
1.425000516017106049e-03 5.627137427612917669e-04
1.593553000694730021e-03 6.541532271740409547e-04
1.656217656463860027e-03 6.312133626479508831e-04
1.595881633233090045e-03 5.957296543714506089e-04
1.514845460469501194e-03 6.780649399898752488e-04
2.073035932325534465e-03 7.316268051653543976e-04
1.544214234772440337e-03 6.890712109205164885e-04
1.323726051702112756e-03 6.815793168268566076e-04
1.639252056996259605e-03 5.355630820193770436e-04
1.352827912134060145e-03 5.495520598613326058e-04
1.333027331496434986e-03 6.161876228516708753e-04
1.616182582361954745e-03 6.742947174528098140e-04
1.336535890916627604e-03 7.906408384428648389e-04
1.643252825640548762e-03 5.482839074907146226e-04
1.585117932423501510e-03 5.804443171907764125e-04
1.621084027965567645e-03 6.306126177091567328e-04
1.428588844331216221e-03 7.065253558367260269e-04
1.464131425718568063e-03 5.656312726202925847e-04
1.590739924615043903e-03 6.824384886862735772e-04
1.406181346418435441e-03 7.485524076148862734e-04
1.254757353555241298e-03 5.657063156108401098e-04
1.579293310217522086e-03 5.974907216684287922e-04
1.557808048852889335e-03 7.154606151043210044e-04
1.680715929353847511e-03 6.226488759185753617e-04
1.208819506737049106e-03 6.861961271074193446e-04
1.649226347601604348e-03 6.381632123928932801e-04
1.544356137580252513e-03 5.940330040585659792e-04
1.142683482040313505e-03 7.469607406809269283e-04
1.913132260034558236e-03 6.218925657219702202e-04
1.453912095256955665e-03 7.234888531599460064e-04
1.697586244807401841e-03 6.254039792825916112e-04
1.814320557530702070e-03 6.154806744236135906e-04
1.865752591798266460e-03 6.816188814648184999e-04
1.648640389588971805e-03 5.892801274779788795e-04
1.440761909557358288e-03 5.782311286876009541e-04
1.473821081570387322e-03 5.746057031055685094e-04
1.882070211046875732e-03 6.183718909800551894e-04
1.551776690495177465e-03 7.071883394996743375e-04
1.502938278800517499e-03 6.846252002076556962e-04
1.576067034913139226e-03 6.710383329672444828e-04
2.067991747096257181e-03 6.946915548755432926e-04
1.132168701509217923e-03 6.562354465457904918e-04
1.248996459044008148e-03 6.212560611518606370e-04
1.703812600325173982e-03 7.276537777712778097e-04
1.141692016284779872e-03 6.042978095582435261e-04
1.452991684821595747e-03 6.718059720110686759e-04
1.414827184648893843e-03 6.433364586737818931e-04
1.480217269944103563e-03 6.654078186552266376e-04
1.707329776638498138e-03 7.439218217744668696e-04
2.038149140912343376e-03 7.252142567940383575e-04
1.555576755029029886e-03 5.631911342042085055e-04
1.975647399819133176e-03 6.657050051455502696e-04
1.469660030405344495e-03 6.055501684942532188e-04
1.967228008487798257e-03 7.959674444479174519e-04
2.207696704951386639e-03 7.600492529182947604e-04
1.606230893889563222e-03 6.293323383872855567e-04
1.395389407316738415e-03 6.311199366906502552e-04
1.854692697724049343e-03 7.923906112211157341e-04
1.348758000846054161e-03 6.707280240806401438e-04
1.389334292645276600e-03 6.762384763061350624e-04
1.505004225038583361e-03 5.986196668755477263e-04
1.605303964085199242e-03 6.117828194592156042e-04
1.497122278746967818e-03 6.025647611605695637e-04
1.693871794549051558e-03 5.666311053019560144e-04
1.762179920355310628e-03 6.767284445378541485e-04
1.385509968488859251e-03 6.555023517782581884e-04
1.543554663091315079e-03 5.948886657454190933e-04
1.338087900188433084e-03 5.023469378205975243e-04
1.562467921723019416e-03 6.275445751621739178e-04
1.902238826238684130e-03 6.159444837820758113e-04
1.679504719698600695e-03 6.356082821245273703e-04
1.705144853539470023e-03 7.148286956713645161e-04
1.386959931935393331e-03 5.376121642095918083e-04
1.267997556785627243e-03 6.179484259183272996e-04
1.082625506457752943e-03 6.391479974830996565e-04
1.668296074051227708e-03 5.916988170521718902e-04
1.918663311995187637e-03 7.187888792620599062e-04
1.768224868389185528e-03 6.699227887046417312e-04
1.591975637654276850e-03 5.976762053398667479e-04
1.379013876043537088e-03 6.344284682087746258e-04
1.698824549479273317e-03 7.284969671363199489e-04
1.223975980343776837e-03 7.264053877622893545e-04
2.426258775784618984e-03 5.997417098482744425e-04
1.854498600067488101e-03 5.055359519574206513e-04
1.748126546148765122e-03 6.362102959951339027e-04
1.020454312726278533e-03 6.127729241995505827e-04
1.792632940308355217e-03 5.941447785692507456e-04
1.031619417592689924e-03 6.307977871350320658e-04
1.471043148763651141e-03 6.522716065193531363e-04
1.697126696304440512e-03 8.011912619912041561e-04
1.273593737744697528e-03 6.240290538066694181e-04
1.267490026200667960e-03 7.073897620587218981e-04
1.352015798772238271e-03 6.230255535278350371e-04
1.697195149385139976e-03 6.142794539227663638e-04
1.446335986077587404e-03 5.986965866443951867e-04
1.370472225410972406e-03 7.323239991405984918e-04
1.532943125375985571e-03 5.550123543406402897e-04
1.085045274878358333e-03 6.236141886518588740e-04
1.363990598898473603e-03 5.954941020603018477e-04
1.636551267900165354e-03 6.685525472385056957e-04
1.318757552745428467e-03 5.862982080345099370e-04
1.554918038253947938e-03 6.511812204952248601e-04
1.810429226130713014e-03 5.865325786964967160e-04
1.824017099632124425e-03 6.375512146672464167e-04
1.290304027583703914e-03 6.640996814912003034e-04
1.420154490999049656e-03 5.899938399459688171e-04
1.864033507972016630e-03 5.902647476641552631e-04
1.415646982006792945e-03 6.315707679328305246e-04
1.269512221175867319e-03 6.884561356174100392e-04
1.228713530349857981e-03 7.122230995758675179e-04
1.661183517206662585e-03 5.655307038806649776e-04
1.775658394413761687e-03 5.915702726533311490e-04
1.170163753940910243e-03 6.687238700160450747e-04
1.494686278944161017e-03 6.458131560314702606e-04
1.067103648503764813e-03 6.240300832776944466e-04
1.759699466724486735e-03 6.452969234294849603e-04
1.352417928417389264e-03 5.515528405523786436e-04
1.165091697333352347e-03 5.988640763961937917e-04
1.462543735917973655e-03 5.668723177893185720e-04
1.674968121785262850e-03 6.787898218533030322e-04
1.720751770100955626e-03 6.022765594267982933e-04
1.506646915561733139e-03 6.413613797916623265e-04
1.443520552653033365e-03 5.956105865426833445e-04
1.644875524346002234e-03 5.791871060252842514e-04
1.413632171893020387e-03 5.593725490005525217e-04
1.613477303789548302e-03 5.848964928617986876e-04
1.412188064636584915e-03 6.397012002685586876e-04
2.063824744713690148e-03 5.983873869860224662e-04
1.920477422681014399e-03 4.900675801826383238e-04
1.162334755084393559e-03 6.313110780653608846e-04
1.373722930706360252e-03 5.751180259924580825e-04
1.135792108775156252e-03 5.371223761184854353e-04
1.606182403194817646e-03 6.886752196019248901e-04
1.457082548923020705e-03 5.729280818730423091e-04
1.311735138330564739e-03 6.466479192142683729e-04
2.006587723425581372e-03 5.969963661614415820e-04
1.879655192307690863e-03 6.863433333333333322e-04
1.203124712451827212e-03 6.674151149937950639e-04
1.578015934111657919e-03 6.414183766106222899e-04
1.697243520130824451e-03 6.271269571541336066e-04
2.022060697810346835e-03 5.731986199761676497e-04
1.327460218232646722e-03 6.572395663735543930e-04
1.253041195652823681e-03 5.958387163139810139e-04
1.299056528937078420e-03 7.028322392465054420e-04
1.832564288120127650e-03 5.606774992694213639e-04
1.584963222631201015e-03 5.890391473383681459e-04
1.293387406025065358e-03 7.455502990814070899e-04
1.550842099242765240e-03 7.300839340634323639e-04
1.553154842823076471e-03 7.447580800114213034e-04
1.302868288200061467e-03 6.900613178384590622e-04
1.533024800861865124e-03 6.564108147187304801e-04
1.650839435404338751e-03 6.482657471327346686e-04
1.728840953022514138e-03 6.863731030867222058e-04
1.452408903309296588e-03 6.350971025102107636e-04
1.662773047271757024e-03 6.598614623044364623e-04
1.498746564366305661e-03 5.752918158337443294e-04
1.490004693796530494e-03 5.479492108887872763e-04
1.979055507147354023e-03 6.287437747780971146e-04
1.971838035100450387e-03 6.527915459963335451e-04
1.809099414623499807e-03 6.288673767436354966e-04
1.400116141819728564e-03 6.368673057873403811e-04
1.410987148268053265e-03 6.925846444528395039e-04
1.621416241260370279e-03 5.599674642716494189e-04
1.209231608551704536e-03 6.472271336551399089e-04
1.143085413504669806e-03 6.098175314187666502e-04
1.664406370897771048e-03 6.906176775615091015e-04
1.569812159637633481e-03 6.407176940655416510e-04
1.429714699432892144e-03 5.429632119120937064e-04
1.985026164619448259e-03 6.195107593020515550e-04
2.002083580822354610e-03 6.046296024796051329e-04
1.693395046793341871e-03 6.425093319235046160e-04
2.138154298650155570e-03 6.400784605569104051e-04
1.296316556016586337e-03 6.188630510071129083e-04
1.894450222349755792e-03 6.435655069472489588e-04
1.654894567113136036e-03 6.008751176872240704e-04
1.984058363151284133e-03 6.332969995149213393e-04
1.141546709311325831e-03 5.684885021187802796e-04
1.287465353201629626e-03 6.619464042668135552e-04
1.417619330132721895e-03 5.387411141415509447e-04
1.701679838252954024e-03 5.924333877640832781e-04
1.953097576560389702e-03 6.262354814186888189e-04
1.344177972543209379e-03 5.860377162531644991e-04
1.597713999249938607e-03 6.994161746382665350e-04
1.292425479674027102e-03 5.675405603229158368e-04
1.144393238824313033e-03 6.300757061560541099e-04
1.941053815083691823e-03 6.205224954069921009e-04
1.547163846145205605e-03 6.379997370400250284e-04
1.447134889832491422e-03 6.277572822660352526e-04
1.790315113208402293e-03 6.855130222438119434e-04
1.097580454188001138e-03 7.375347088522053165e-04
1.924534563687557449e-03 6.278912639041654437e-04
1.705720240611332270e-03 6.835634871643081218e-04
1.464204358821025393e-03 6.475613007628625885e-04
1.305581597039574132e-03 6.727430188231996785e-04
9.350882892447516742e-04 6.105391616047150735e-04
1.080127601972508469e-03 6.167976969744319278e-04
1.343756671090835016e-03 6.046718283107393186e-04
1.542311386413494504e-03 6.706815284891483970e-04
1.471587383732141010e-03 6.933057856306565217e-04
1.339627941667798127e-03 5.994761619781892618e-04
1.274258154459222223e-03 6.650581070208927458e-04
1.784814373998872038e-03 5.060446789653116895e-04
1.637723629337188699e-03 6.270866857560333449e-04
1.369914430248546713e-03 5.925348992163856267e-04
1.500144952263277693e-03 6.850074663381863381e-04
1.574711728394603653e-03 6.419776182807110897e-04
1.977950348766958476e-03 5.518618643347231048e-04
1.859426344956296127e-03 6.802239036648860667e-04
1.520345909173326021e-03 5.822473828062571088e-04
1.421257268148223667e-03 6.199946171180901501e-04
1.376401361753475669e-03 6.696579844632436071e-04
1.685916258270466622e-03 5.963084039438429308e-04
1.974208357943089531e-03 6.761492070512963764e-04
1.850185712056276206e-03 5.418911214130013631e-04
1.631042630077981625e-03 6.080599398642885962e-04
1.671249470016872947e-03 5.949845091001992881e-04
1.207705852833275894e-03 6.117070833078379127e-04
1.311648698257551716e-03 7.118359283098366248e-04
1.717340681947967856e-03 5.644266358263750911e-04
1.691952259579299284e-03 5.972927953246030775e-04
1.575033591378668029e-03 6.086985291707613195e-04
1.341230436472032241e-03 6.534645206806189311e-04
2.278664237318839183e-03 5.901180507267928194e-04
1.660307336799622018e-03 5.841183220575927324e-04
1.416538263704086517e-03 6.281458799516433274e-04
1.854854516402444425e-03 5.613019234710109762e-04
1.593783191306645313e-03 7.003970801955345217e-04
1.597653941274861317e-03 6.364991495071202314e-04
1.281990439339154029e-03 6.482570127657270170e-04
1.469795987083796296e-03 6.644845562803436368e-04
1.513650369676899617e-03 6.413313435898568456e-04
1.803738635682601652e-03 6.044219121608337963e-04
1.187393049955634593e-03 7.186991847447977456e-04
1.329102949419300097e-03 6.645922553208141693e-04
1.733594627700616939e-03 6.465303884613782769e-04
1.216221070198714865e-03 6.419111287221244315e-04
1.718223421497529647e-03 6.637978310520125129e-04
1.804040863195926657e-03 5.858147308214762920e-04
1.784526130966626470e-03 6.751813195173184861e-04
1.090740580874911521e-03 5.130332601005228041e-04
1.507002766173590408e-03 6.881190236530443155e-04
1.133561673223930540e-03 5.897984381402275426e-04
2.084994783607661568e-03 5.833588232415998567e-04
1.774466478913579951e-03 7.742535687383703385e-04
1.652179424949214203e-03 5.348909670686181070e-04
1.370440486829400256e-03 6.468050678528812708e-04
1.668460882838195859e-03 6.138125993487775689e-04
1.572227053658684743e-03 7.083599590211747416e-04
1.532678098676106123e-03 6.836583310546203145e-04
1.916138068291949742e-03 6.133995659552039662e-04
1.713715527041514584e-03 7.248044975687052130e-04
1.710150409936577430e-03 7.577200043118051745e-04
1.193341445900180818e-03 6.980114724008596502e-04
1.485860775229503293e-03 6.371128838664816404e-04
1.654410544106347690e-03 6.726616797356486975e-04
1.531491806298402886e-03 6.324554525128700316e-04
1.226909898313403684e-03 5.714027874541632249e-04
1.049401008935987086e-03 5.599648172009853014e-04
1.540169140236750467e-03 6.929883826024674622e-04
1.845008468716081550e-03 5.432631435128296507e-04
1.799197949409648981e-03 5.887787996655980413e-04
1.544769724372684972e-03 5.579291994187054841e-04
1.567276829980275956e-03 5.648524175871138869e-04
1.418524583580337050e-03 6.115798324643195987e-04
1.520863452121544099e-03 6.862917662707884725e-04
1.702829071831766551e-03 5.904838562751971685e-04
1.601578090482039382e-03 6.720358107557784571e-04
1.408831183359637298e-03 6.933327772642033666e-04
1.652414998933475054e-03 6.037643249384496433e-04
1.709300335982747235e-03 6.234798806104459171e-04
1.846492145068195662e-03 5.948418731605215667e-04
1.843338849148304977e-03 6.653529917349994835e-04
1.494669587986138196e-03 6.190006286652591488e-04
1.575512818184432581e-03 6.994850156319546222e-04
1.611097665142500026e-03 7.200527930918344983e-04
1.692334085386783564e-03 6.147672902834603595e-04
1.646167378519257417e-03 6.879881216968777814e-04
1.574346329944390508e-03 5.640269178112482500e-04
1.821032788380333445e-03 6.648848206006683888e-04
1.889577590941321408e-03 5.913532011775419388e-04
1.821622918804253555e-03 6.341520999456929123e-04
1.687394906898989980e-03 6.398523704529600819e-04
1.631703220328287922e-03 7.030906002811007248e-04
1.865331167017573837e-03 4.988205874186871225e-04
1.758788621412515690e-03 6.339481536826954309e-04
2.083205603186793348e-03 6.493150602019732076e-04
2.020231529180000537e-03 6.959883954637993263e-04
1.138340812631425097e-03 5.903787976118767379e-04
1.189101714654711628e-03 6.062450501079998284e-04
1.574964132989126967e-03 6.414275313422321181e-04
1.177843998793536842e-03 6.934997176065591179e-04
1.306602601442966201e-03 5.785378705554077711e-04
2.219909679824502626e-03 6.307953005333737616e-04
1.539101811644120587e-03 5.188651605902562351e-04
1.655329535977467792e-03 5.952143604571205832e-04
1.563431177264310327e-03 6.413597856113045087e-04
1.923949513040745622e-03 6.173800947008163632e-04
1.424370170978916895e-03 5.968486896603741399e-04
1.587799525679556940e-03 6.456871249794430678e-04
1.672624826773399468e-03 6.143366915283398483e-04
1.189289911385864188e-03 6.414881709151026628e-04
1.589474935343296313e-03 7.009009474490246862e-04
2.219157115035315288e-03 5.823332058941936042e-04
1.769122251387381323e-03 5.619193846518443641e-04
1.652101080373074952e-03 6.839762454713085209e-04
1.233782065681506782e-03 6.372123639630726359e-04
1.470840910519883617e-03 5.752003182766972020e-04
1.643775226259502334e-03 6.893281176480735859e-04
1.641132448857178863e-03 5.638866226866861642e-04
1.456803479104139829e-03 6.850421729107246567e-04
1.499197222492717682e-03 6.182006635691175787e-04
1.949124541360484865e-03 5.671335202337240934e-04
1.604586608582415658e-03 6.714287987522497359e-04
1.579201388888889536e-03 6.523444444444445860e-04
1.838543956445584182e-03 6.494701148053916209e-04
1.413574246537950118e-03 6.221609864189509356e-04
1.132944760178684852e-03 5.030222262669251142e-04
1.693370931480818941e-03 6.671928783911013289e-04
1.753146652778758696e-03 6.354228483248506492e-04
1.339976760410341349e-03 6.920906409071527843e-04
1.616476925148336782e-03 6.464424684334351637e-04
1.606416639878200173e-03 6.841217950928369382e-04
1.663807018732623962e-03 6.177922145836396315e-04
1.745793119606164207e-03 6.009300579371151287e-04
1.657398630705481145e-03 6.511853129282799482e-04
1.245899146503113208e-03 6.264021335106753586e-04
2.342085367703579651e-03 5.041762434889649445e-04
1.970008251187208709e-03 6.840225025887960520e-04
2.031193811329419594e-03 6.694783539207709890e-04
1.573037033742582516e-03 6.269193634596930938e-04
1.241100884838775139e-03 6.688708949704880299e-04
1.392483154509405836e-03 6.240328674585316057e-04
1.797994548817581899e-03 6.278055297910616582e-04
1.728344266535032040e-03 6.516203029467362720e-04
1.580679729447559629e-03 5.964485945869084284e-04
1.720758633269995220e-03 6.084437810539617027e-04
1.836800756895902269e-03 7.643108774899550796e-04
1.681790865004648703e-03 6.506720880708078423e-04
1.806008705492551537e-03 6.512066028045788079e-04
1.683511191972222355e-03 5.641710865383210271e-04
1.551434902738543830e-03 6.034192183502001209e-04
1.305635389653812990e-03 5.841845575215324831e-04
1.312630509949501856e-03 6.374578372768292681e-04
1.724011688778574660e-03 6.539659863616571235e-04
1.709909999999999599e-03 6.276969230769230195e-04
1.813231467004755397e-03 7.149882664054999339e-04
1.573500421905846443e-03 5.981737267637130331e-04
1.542341986280929131e-03 7.256902382644452552e-04
1.609542234974629428e-03 6.994456949185388732e-04
1.977419501855693078e-03 5.519300624569005009e-04
1.716234315301735751e-03 7.588873767492442966e-04
1.385547063934290148e-03 7.596630657619460672e-04
1.519986838434163323e-03 6.330079780290794825e-04
1.618163199410477000e-03 5.744716102706801369e-04
1.872673362150791389e-03 6.157313190717515544e-04
1.676725506448794147e-03 5.729749751043466260e-04
1.347593910740826299e-03 6.299878418200740822e-04
1.279287569204054812e-03 4.987881382696495369e-04
1.887544633488695859e-03 5.748253144986522180e-04
1.385233050249876129e-03 5.913919431918390063e-04
1.733898454320322458e-03 6.625320613422375693e-04
1.399985112392390391e-03 6.580307109839396776e-04
1.715447787434014630e-03 5.437354918774938654e-04
1.592261703823543264e-03 5.716207284011166640e-04
1.770495172474321251e-03 6.932009849496375197e-04
1.762496468677346830e-03 6.878544028561550151e-04
1.693500983644065415e-03 6.144597026037390032e-04
1.341395361048103307e-03 7.225978295454523566e-04
1.309898942846677780e-03 5.669987389730793241e-04
1.251123320239015679e-03 5.771636438827154863e-04
1.544819342692106473e-03 6.442537039383888211e-04
1.545408574602526652e-03 6.345257138077331233e-04
1.314431578067310619e-03 6.118088269881742647e-04
1.530645419916632248e-03 6.152610514332456596e-04
1.751243929298878068e-03 6.851059682285448463e-04
1.265355446587785324e-03 6.740504839290848869e-04
1.805767415214674715e-03 5.619987498297518598e-04
1.989260001203232466e-03 5.867197410414431383e-04
1.856892740685842265e-03 5.281776911284309694e-04
1.297491448875904554e-03 6.376614351672166931e-04
1.827820798860973865e-03 6.242179083012417730e-04
1.405472268880704218e-03 6.954033590894794338e-04
1.539014838563196102e-03 5.824488975960615553e-04
1.439567576391600568e-03 5.867165969927495449e-04
1.340973277737584528e-03 6.804796594277254251e-04
1.346355335496027695e-03 5.960930814680294931e-04
2.263927165128242890e-03 5.592174635172798792e-04
1.622949392370995987e-03 6.412088838832827450e-04
1.391530989128494369e-03 5.805875946685463149e-04
1.321780253428873203e-03 6.791912769365258994e-04
1.799444870880108349e-03 5.404562434665669251e-04
2.090222460710831117e-03 6.168243090955592353e-04
1.155448245704425230e-03 5.580083573961462347e-04
1.364842804118364568e-03 7.462229724061527226e-04
9.663026755772548835e-04 5.534438753905135833e-04
2.208511397504467084e-03 6.241394491956843470e-04
1.573090919694554966e-03 5.730236866237798385e-04
1.402610756106518856e-03 5.330481908891282310e-04
1.702640712336139566e-03 7.425452901139180774e-04
1.273119366357491509e-03 5.526140803383900119e-04
1.495812534789393768e-03 6.317938007529769065e-04
2.087448371409592312e-03 5.453147787322463070e-04
1.340668962045400096e-03 6.945314210307613296e-04
1.397306782193676869e-03 5.804224258738295084e-04
1.672240861282971777e-03 6.307163624858583024e-04
1.555811563213528592e-03 6.448004636284657577e-04
1.674614132100745540e-03 6.321608699247422596e-04
1.128040727554584363e-03 5.362983011831816329e-04
1.538932913626769091e-03 6.315973171829375931e-04
1.605216559966266736e-03 6.383867023348768982e-04
1.671346420358631570e-03 5.812651367377818764e-04
1.423288402184490339e-03 6.229197567368005995e-04
1.319458343510788523e-03 6.139521420633207082e-04
1.280937664632454762e-03 5.900774444204660808e-04
1.588493723649036810e-03 7.337579105002482510e-04
1.343379687735816877e-03 5.809658896216339736e-04
1.486746907058297991e-03 5.192546719058102047e-04
1.387368145284236182e-03 6.451962839157231872e-04
2.109558519567682373e-03 6.263845370727394836e-04
1.288946956421810688e-03 6.412965758340796046e-04
1.805408227855287472e-03 6.772925666080162766e-04
1.850927224095952773e-03 6.402882041506250408e-04
1.537882855863580926e-03 7.630459226871281553e-04
1.644841408676014438e-03 6.813287204850006868e-04
1.512858883696590901e-03 5.979776991679855219e-04
1.472321635886914048e-03 5.655170257082630736e-04
1.858950543329178145e-03 5.976020123550030089e-04
1.401405487107826179e-03 6.073506153129543334e-04
1.689216671511108115e-03 6.691561923172559398e-04
1.739992418902992690e-03 5.654732577941310248e-04
1.412478613592587761e-03 6.390408580121978649e-04
1.245160708558247162e-03 5.967113891673095838e-04
1.974079145641868035e-03 6.440608330105416319e-04
1.939340185010342450e-03 5.747089566063820531e-04
1.457515816111130654e-03 7.011058791326483424e-04
1.733789927771484107e-03 5.916344162990756772e-04
1.422929807717409527e-03 6.484529814290112930e-04
1.748821286881616565e-03 6.119172593615181729e-04
1.600609442011774203e-03 6.134218012460087308e-04
1.834826033375537048e-03 6.779981413733251246e-04
1.452191565520944555e-03 5.894813601294177042e-04
1.699399207633783956e-03 6.207207863239117517e-04
1.269681846256236896e-03 6.374812192419733892e-04
1.056480511705193675e-03 6.980426793964263337e-04
1.643739646842646033e-03 6.681486798857614326e-04
1.365095959522509388e-03 5.981172356229358823e-04
1.506846653307178157e-03 6.408437825376971748e-04
1.497948997097348946e-03 5.819505187238717143e-04
1.659119816031943105e-03 6.199380870798051717e-04
1.520381813145414620e-03 6.389526738041719943e-04
1.039121641002946957e-03 6.284689192287539611e-04
1.976608401332151464e-03 6.848028170228627563e-04
1.756066917537983663e-03 7.232500054231615289e-04
1.549683979378081939e-03 5.610749703690735618e-04
1.448480133815016179e-03 7.118703657466446399e-04
1.031687135033758579e-03 5.697316153023183980e-04
1.850511937593671751e-03 5.934827454140603319e-04
1.338559558169580884e-03 6.267969684932908755e-04
1.430387839412835009e-03 6.448916570465882282e-04
1.456671443835047585e-03 5.881780301010389221e-04
1.605548547399241214e-03 6.256931850676397894e-04
1.681044357197411651e-03 6.587607796880686536e-04
2.206802844375471782e-03 6.038960216731794521e-04
1.237458194953475329e-03 6.621419175530971835e-04
1.393398576722941658e-03 6.840257118969749611e-04
2.001617872533434199e-03 7.044441116296729869e-04
1.514881282233719725e-03 6.017466272025134583e-04
1.029043443995807669e-03 6.419289620606301056e-04
1.820060752793443547e-03 5.813361199952883423e-04
1.979451595710243848e-03 6.352364411721083542e-04
1.173461986422088318e-03 7.241664254699580307e-04
1.761443772400332185e-03 7.038888943515518625e-04
1.984124329968466483e-03 6.042619009740253467e-04
1.656270177514791980e-03 7.683263313609470929e-04
1.465394911096197473e-03 6.095828380680711096e-04
1.249534672734373695e-03 5.517473970329756167e-04
1.074727120059827245e-03 6.088248155600461432e-04
1.829119553942170056e-03 5.709540800952301806e-04
1.096689034480451130e-03 5.640730146415525153e-04
1.690453226780033085e-03 5.749252537205578033e-04
1.465703099755197433e-03 5.978448629502884203e-04
1.460998838626658596e-03 5.799650429805911942e-04
1.814327813508197999e-03 6.672564085614038614e-04
1.151417899374744666e-03 6.799196904584464598e-04
1.758915627902686444e-03 6.000049199584202167e-04
1.973841633041849893e-03 6.563637953981716743e-04
1.924147407234695802e-03 5.775867022926610330e-04
1.361923396948251739e-03 6.299551003106010480e-04
2.172891950679356563e-03 5.383812582908872619e-04
1.319053832065365979e-03 6.488422655238552418e-04
1.336062105280398388e-03 6.240419571365709390e-04
1.650494562129696703e-03 6.182901702378056953e-04
1.792364147074883588e-03 6.805529782107869619e-04
1.814346111475068860e-03 5.959670294463459504e-04
2.091480142516326593e-03 6.122481290449142098e-04
1.399704158453013393e-03 6.832539643427523388e-04
1.601023598657508578e-03 7.133385088806857384e-04
1.205568933380496768e-03 5.985917108644857538e-04
1.292546381834973682e-03 6.797662297437191085e-04
1.691876441851916310e-03 6.449385875676122513e-04
1.305839427044439569e-03 6.904984640153155389e-04
1.206363551977030282e-03 7.514424076001753518e-04
1.280057217063129650e-03 6.756563543672277922e-04
1.190432253833568696e-03 5.788481651717359601e-04
1.148903498562153964e-03 7.873029180358103807e-04
1.528406375129409255e-03 5.462950906661584189e-04
1.295232524633951844e-03 6.784388943643694138e-04
1.839853794070590116e-03 6.183994272334936452e-04
1.626656035817484374e-03 5.978310799578504019e-04
1.218318492668331180e-03 5.994011578889462235e-04
1.869778266492617578e-03 7.471791155700270148e-04
1.511304274451552836e-03 6.963296418499723486e-04
1.552744713433211595e-03 6.012240549163165321e-04
1.237150098254913766e-03 6.500469554649831094e-04
1.423462857324344884e-03 5.949775375166787422e-04
1.646963046949113203e-03 6.528131898562896784e-04
2.001627767030235948e-03 5.594941616851048733e-04
1.644411268397982144e-03 6.599006156047212187e-04
1.475718379871400606e-03 6.112648487202524241e-04
1.461326667647046794e-03 6.231364765642444931e-04
1.696230543092905893e-03 6.607236678411262552e-04
1.734701768351235018e-03 6.003060145456837714e-04
1.857140040783506960e-03 7.056802156750956005e-04
1.434432635110200133e-03 4.860839416367348413e-04
1.556566089670918156e-03 6.571408848979384126e-04
1.460954882463781938e-03 5.807651482155268882e-04
2.123833498715867966e-03 6.086270805021955525e-04
1.015405636229092020e-03 5.950872820973808312e-04
1.943996869070246892e-03 6.097892234697479272e-04
1.300278048618131854e-03 6.550424057295584513e-04
1.756583678505056973e-03 5.898448728409143044e-04
1.288437652404550438e-03 6.439162579155809476e-04
1.666652387725199407e-03 6.554180672082074834e-04
1.777446818681991140e-03 6.631509174940435677e-04
1.857655902543058242e-03 6.639121983306037937e-04
1.219436524943057730e-03 5.649447881559496341e-04
1.195566137801904990e-03 5.722963385080669790e-04
1.019265872343186720e-03 5.631679409164256625e-04
1.480396220344065185e-03 6.251918379796270794e-04
1.438119507044474405e-03 6.074517001771395294e-04
1.681198791075320335e-03 6.477039760787835698e-04
1.311305006882005405e-03 6.713644763759260429e-04
1.451142124540070631e-03 7.021149115725721940e-04
1.601262077295003295e-03 6.413467749882241975e-04
1.435777365540036451e-03 6.356384797087583950e-04
1.618001668351247814e-03 6.452571926338085276e-04
1.593318252989658554e-03 6.096191458671643137e-04
1.757005272919458802e-03 6.060654630988508576e-04
1.811482141067615598e-03 6.142168754362436816e-04
1.823164827553055327e-03 6.139682403933237375e-04
1.990755901895502160e-03 5.991146397056045523e-04
1.768122898984637609e-03 6.015792781000581539e-04
1.289840342430652841e-03 6.650005457391199200e-04
1.595401141141879848e-03 5.739871812465444437e-04
2.300138427516016260e-03 5.876711966249861547e-04
1.341673782200861198e-03 6.803128397539910362e-04
1.232571052908673333e-03 5.843078782295700688e-04
1.561795064296749502e-03 6.380364386589946818e-04
1.322233968846754908e-03 5.750496468128574006e-04
1.505571731779896264e-03 5.358232753231158101e-04
1.247456574252938256e-03 7.175383638514133949e-04
1.656450764139047243e-03 7.041095689357824549e-04
1.665215628660059177e-03 5.964588710435644392e-04
1.438640400417284977e-03 5.659259995750538048e-04
1.973367835856745106e-03 7.150783607632043171e-04
1.477723497192962162e-03 6.314970447975369518e-04
1.260630766512150624e-03 6.920520806038320608e-04
1.334358300792759522e-03 6.878331551571310659e-04
1.644638540853024826e-03 6.852807522025414905e-04
1.802008335247117085e-03 6.320655255079287447e-04
1.406472431920984196e-03 7.002410295962754015e-04
1.344374081632652637e-03 6.273851385432219771e-04
1.177373734112997826e-03 8.133294671635556746e-04
1.544465630041590804e-03 5.938406884828466813e-04
1.764700965520322887e-03 6.012173317442318305e-04
1.703016263488313321e-03 6.189980545537959950e-04
1.465006241158185686e-03 6.842727347108141980e-04
1.097128120596110520e-03 6.695042634413294258e-04
1.495388379221511454e-03 5.677636279777301381e-04
1.188468569886727902e-03 6.091461104665303172e-04
1.689438957355256189e-03 6.763434366998087328e-04
1.446281379126649561e-03 7.094188481523214500e-04
1.789330644044419358e-03 6.376920370840291315e-04
2.194862651124390631e-03 6.428761705748267403e-04
1.717617893084078104e-03 6.181332361378860316e-04
1.814467258871811520e-03 5.895782414539610990e-04
1.493205205512380170e-03 6.751394258900723965e-04
9.631869024257224635e-04 6.358398379692437128e-04
1.840864388107049969e-03 5.927911928179092731e-04
1.667049653890112287e-03 6.466145102541306141e-04
1.680641663068250776e-03 6.861087569622607201e-04
1.353129262921146667e-03 6.562978482000241280e-04
1.578776060173679024e-03 6.622131015335112371e-04
1.788870264736897465e-03 5.879986621727953866e-04
1.668262409509637355e-03 5.518969688316711008e-04
1.232901080001493283e-03 6.454936055405827589e-04
1.706414253131118778e-03 5.747244887187023159e-04
1.462517588989350114e-03 5.295692870811273415e-04
1.700004680151131998e-03 5.856823423319078509e-04
1.823403190638934676e-03 7.059109889582630692e-04
1.240831950055260990e-03 6.234355767389157229e-04
1.284260660186809259e-03 6.052483042179263115e-04
1.640838071186779060e-03 7.845170764568725006e-04
1.532870396223959221e-03 6.129508641431360809e-04
1.381153253623167154e-03 7.101971645184558014e-04
1.669591445145408382e-03 5.499171539334425174e-04
1.638119908516503511e-03 5.798075667555574160e-04
1.627990022982113124e-03 6.969160141034129972e-04
1.560360068251858377e-03 6.093027231293430147e-04
1.551135875073784412e-03 6.270580453405508658e-04
1.307466019993650148e-03 7.411110720509762146e-04
1.726478480574109194e-03 5.249013247318670824e-04
1.480236084171960642e-03 5.877271556005320445e-04
1.696921904528990444e-03 6.404962547774039824e-04
1.988204279797997198e-03 6.305129211935806824e-04
2.105134842146702892e-03 6.195428023457071791e-04
2.127415376329656362e-03 5.943354106841703538e-04
2.007418157459779119e-03 5.679296458166525462e-04
1.284739688434914564e-03 6.101914446484859450e-04
1.579348853497969298e-03 5.371826493831090071e-04
2.079474528296264800e-03 7.374177677150362681e-04
1.763117707102379063e-03 5.997164782035778940e-04
1.631459669075983453e-03 5.901956105313617505e-04
1.898396369888978715e-03 5.803523066563394438e-04
1.557875013243787375e-03 5.363846811112629774e-04
1.708757748245577461e-03 5.747278666247308820e-04
1.672645134266456408e-03 6.511412156156631739e-04
1.697446136411264904e-03 6.038926589054472100e-04
1.273817403717903730e-03 6.240180430955906280e-04
1.232930833603475881e-03 5.673842580240919886e-04
1.990148730568541604e-03 6.177590669146322067e-04
9.198004399532042075e-04 5.431430492887801432e-04
1.585656286709533676e-03 6.613467639349812936e-04
1.953826722989999553e-03 6.032229741315521618e-04
1.342553837746200771e-03 6.727271598182733327e-04
1.526600777115704605e-03 7.490299524211363295e-04
1.238358539157491606e-03 7.380835503456095259e-04
1.915055983585981902e-03 6.566732413885365254e-04
1.700262436745287415e-03 6.237945285336784097e-04
1.555876197971338198e-03 6.309796059993181541e-04
1.581731628160668295e-03 5.266911794427189602e-04
1.719401464586053831e-03 6.460121298704031220e-04
1.609577165201616549e-03 6.889969487566213226e-04
1.826010796400160318e-03 5.818440948221687611e-04
1.374406338702439034e-03 6.419585422408047564e-04
1.752567839738602886e-03 7.077376125151006551e-04
1.339839647333032450e-03 5.643750755156412557e-04
1.628195756412040241e-03 6.125041708237156761e-04
1.518777543948921947e-03 6.248972848246234311e-04
1.968068516791850100e-03 7.555664382514984010e-04
1.549841534758860176e-03 7.207756930713078063e-04
1.322460901603686803e-03 6.102396053981761935e-04
1.442008438703258014e-03 5.545554075585064531e-04
1.532809628126175850e-03 5.431088046352037808e-04
1.179678527509413514e-03 6.098073094265948858e-04
1.719010797026746017e-03 5.888555953559459653e-04
1.564895898310767527e-03 6.797904594685646442e-04
2.036323448359445530e-03 6.406533672011233832e-04
1.288422422764675486e-03 6.146680306674113907e-04
1.692543662578763685e-03 5.794052522049770223e-04
1.538184200431164236e-03 6.124010070803328955e-04
1.173545806366477076e-03 6.583841408878229233e-04
1.373593746993154608e-03 5.849620322145771033e-04
1.450917740056558705e-03 6.156802846121542253e-04
1.635818174503825707e-03 6.804880683940667035e-04
1.901067119218949157e-03 5.501726283498670688e-04
1.455527679525891148e-03 7.024480716827547237e-04
1.184147126789860489e-03 7.026866058593029402e-04
2.083372961429144632e-03 6.757390582952415344e-04
1.597662883678275213e-03 6.105455267533088214e-04
1.857264365536754258e-03 4.995572374375806387e-04
2.188056660747087542e-03 6.195789233982295936e-04
1.755622314067396524e-03 5.688136735638446096e-04
1.196922103382974277e-03 7.105561301990399089e-04
1.696934052833993893e-03 6.927849590932070884e-04
1.290189711768369250e-03 7.139143697446208347e-04
1.518281436594455264e-03 6.670752245027696111e-04
1.493248050380140786e-03 6.578920372534139858e-04
1.374576651782089638e-03 6.474266723521443284e-04
1.118435018557848055e-03 6.260648866482994464e-04
1.548376764678336889e-03 5.956664289729628496e-04
1.629430885708608523e-03 5.943566244210826428e-04
1.604419294347451301e-03 5.807960008897597969e-04
1.385122622350388804e-03 6.560737755510860983e-04
1.433903880857176089e-03 8.124046744672694387e-04
1.321345370608000697e-03 5.619519320697951388e-04
1.663305011349528210e-03 6.644373415964426825e-04
1.342456355680478461e-03 4.744594352137839486e-04
1.456209736476475483e-03 6.963421690598670935e-04
1.386791148917660820e-03 6.417992725842534265e-04
1.733197110887568781e-03 5.786867315834085673e-04
1.821069473165504637e-03 5.797414434267531523e-04
1.102417304802636756e-03 7.165425598806513061e-04
1.198860835869086996e-03 6.528236007587030591e-04
1.128251967066829647e-03 7.786427463624197472e-04
1.443291502070528139e-03 4.957700543691179098e-04
1.150756316783786443e-03 6.189147278060741194e-04
1.400860577909791935e-03 6.556164175930184659e-04
1.822947667319648650e-03 8.638876501426408184e-04
1.641668015460940678e-03 6.634702108500927994e-04
1.778428859160112712e-03 6.746550544463076216e-04
1.683865760264495774e-03 6.388973430394168920e-04
1.218520922425510820e-03 6.076730175101200705e-04
1.634495422192594168e-03 5.782059694757710764e-04
1.345887276399963719e-03 6.564505316151004024e-04
1.907155469062674774e-03 6.430882942144973760e-04
1.833105360793939233e-03 5.746626048847202012e-04
1.296205042296437763e-03 5.744843565915032845e-04
1.265930226682354491e-03 6.599442431629501523e-04
1.573794403025917865e-03 7.124440793702727353e-04
1.433893150004805989e-03 5.430312589265357285e-04
1.462859548231678535e-03 6.289516934188581296e-04
1.069348222743400027e-03 6.766014151079706570e-04
1.832441088124144241e-03 6.118747801771240663e-04
1.896727677870129998e-03 7.474684787359320206e-04
1.340066566780821712e-03 5.833500405844153349e-04
1.365106811871006449e-03 5.668340154338198048e-04
1.420320778814268374e-03 6.974365008115697949e-04
1.761912909977675704e-03 6.105057576388644167e-04
1.177555350442066693e-03 6.609721546105424813e-04
1.119972790939333671e-03 6.334175500445820900e-04
1.576209807917490144e-03 6.205650198153591030e-04
1.555926441931805180e-03 5.544193602999027658e-04
1.542642152946678427e-03 6.872706541718841136e-04
1.866598323079930125e-03 5.933023121673014271e-04
2.060764055501988941e-03 6.575146491185877590e-04
1.867133127089275289e-03 5.967577028510261377e-04
1.704919460711614093e-03 6.491958046595684489e-04
1.752045182828282713e-03 6.992665522572052809e-04
1.280497200644257301e-03 6.705559589380964431e-04
1.939592687952898607e-03 6.407132129552981469e-04
1.424227457506125564e-03 7.175570658315251959e-04
1.651581248710014228e-03 6.895061794895646990e-04
1.292728413219283810e-03 7.191727317638093968e-04
1.002343483395935417e-03 6.201203620556618645e-04
1.613973730520232948e-03 6.465436089924556052e-04
1.643174003316280477e-03 6.190464088449482887e-04
1.711747578724629208e-03 6.402608703294519798e-04
1.352793899000000015e-03 6.188896442321727793e-04
1.418842017255886843e-03 6.757255914842067324e-04
1.637017031827486119e-03 6.696580997115665363e-04
1.233173073024227675e-03 5.503478754014710060e-04
1.608835213903200790e-03 6.543507146981138905e-04
1.306098943573434342e-03 6.507264957465720657e-04
1.318364809141273552e-03 6.784547859214602825e-04
1.436656193708859197e-03 6.940774595019701945e-04
