2.420076918571120381e-03 6.427955544634006901e-04
2.030785238160306375e-03 6.090241847339493853e-04
2.443812591716810166e-03 6.071366050067803334e-04
1.680941868656436093e-03 6.630856026307948735e-04
2.078251748823890192e-03 4.927594166806560736e-04
2.594110106604656258e-03 5.590753695007210592e-04
1.846306611483591441e-03 6.088279105074468267e-04
1.860652567701657567e-03 7.325998468964794964e-04
2.098713684561885357e-03 5.745454448181210125e-04
2.491852816745097465e-03 5.321772304149653167e-04
2.793917284937845816e-03 5.109991919557330380e-04
2.738555367312997448e-03 6.095524111867263450e-04
2.440548714806399250e-03 5.533738110179154930e-04
2.517547285997732195e-03 6.170132016954067104e-04
2.619439689872898273e-03 5.167300330723611146e-04
2.721117717601733571e-03 6.823334367230385116e-04
3.217082062935894358e-03 5.095452826181186062e-04
2.505521698122317037e-03 6.603686209272536687e-04
2.229684837655115416e-03 5.651405477788844266e-04
2.514732200755654713e-03 5.207279181588185231e-04
2.707954498280503927e-03 6.336010572207071432e-04
2.453352263623961860e-03 6.375911671519953307e-04
3.218314834394405896e-03 6.032054071946894207e-04
2.692880427222166858e-03 6.365119053168568318e-04
2.477717892531975351e-03 5.895213424024887093e-04
2.832595657961509746e-03 5.354630116298855508e-04
2.711999263336647287e-03 5.995349546972696814e-04
2.559014540067898469e-03 5.017393030135300271e-04
2.500652744927526257e-03 6.017237640899232489e-04
2.620624933917567196e-03 6.222388438993939428e-04
2.579622658522537446e-03 6.029880518476856983e-04
2.406151981780308563e-03 5.784314606821885961e-04
1.503664461626262865e-03 6.394689652201531772e-04
2.318759262375567985e-03 6.287843164641889089e-04
1.778333724832262134e-03 6.326404924542391311e-04
2.153870025204900670e-03 5.576444241120031555e-04
2.714575786360490066e-03 5.766221656275587019e-04
2.981964235548930330e-03 6.478069800838886236e-04
2.226694474257068495e-03 4.416732740215098128e-04
2.490924440997560347e-03 5.193799236108820458e-04
2.243698338660738041e-03 7.346696654151240119e-04
2.788835661629336746e-03 5.108776893835140004e-04
2.580833573864646600e-03 5.717283682558113415e-04
2.929557397279528887e-03 4.879115274703871362e-04
2.213964825844391693e-03 5.770372434661898879e-04
2.720576719009753803e-03 5.773639257546211902e-04
2.617409663774387246e-03 5.612013489185112671e-04
2.500620728742032270e-03 5.912975463440733491e-04
2.266012827638546646e-03 5.118560790453646411e-04
2.236036007891510635e-03 5.759861611328624892e-04
2.644222904411797082e-03 5.326087564454571157e-04
2.289695599507658805e-03 5.712254305785490188e-04
2.604833124975838247e-03 4.906911676901497656e-04
1.701674554670448269e-03 5.449531931005721381e-04
2.184769918584921269e-03 5.674631018147351753e-04
2.124261658366264401e-03 5.874026627812759319e-04
2.166572331619706377e-03 6.239919645230355061e-04
2.674557617106388709e-03 5.929993324428816867e-04
2.357600656154742146e-03 5.640330743965670576e-04
1.826060317157981094e-03 6.420432042539268337e-04
2.103835831091705952e-03 6.018867368748565330e-04
2.473743328061585745e-03 5.771594623938672763e-04
2.733815303047777961e-03 5.888151167031148566e-04
2.345379881566884463e-03 6.586394518793845312e-04
1.926555571119697909e-03 6.389229231126365618e-04
2.140646746043422741e-03 5.845839165229422402e-04
2.737407634054135012e-03 4.807232096428054060e-04
2.377813854107276546e-03 6.304069832463490538e-04
2.077437476971515790e-03 6.442862209266261592e-04
2.683904940808695683e-03 6.082079326826186775e-04
2.270413709823870460e-03 6.372826376214520312e-04
2.198690714295429768e-03 5.167086608357485903e-04
2.329958966429617785e-03 5.691311164350574062e-04
2.342786429103475756e-03 6.077608496242581501e-04
2.606901389749866939e-03 5.162072353554787848e-04
2.716520290211361065e-03 6.564004857603703133e-04
2.150652438023345318e-03 5.519577479842540171e-04
2.633192217141465310e-03 5.408189504747991112e-04
2.486970338704584151e-03 4.850617739192608809e-04
2.054547110204618318e-03 5.619837722812610252e-04
3.063443958641560994e-03 5.610203608869438830e-04
1.895461899077378930e-03 7.086407102414836456e-04
1.950535222341323940e-03 6.012921547503353916e-04
2.753626042098152558e-03 6.454701754971492412e-04
3.001697461838835623e-03 6.324493875765530883e-04
2.455962188917585904e-03 5.552133456741879889e-04
2.934945411925966863e-03 6.733228327470949836e-04
1.861522885749998090e-03 6.571841022162324417e-04
1.840973185327011855e-03 5.148326042585952070e-04
2.063428050840317596e-03 5.976001871011321111e-04
2.857656161384614524e-03 4.988785808538190531e-04
1.615072251114542086e-03 5.560285329531864350e-04
2.387587632713618520e-03 5.629909274822306403e-04
2.814407266677756807e-03 5.212013664556658333e-04
2.501864893462552118e-03 5.427616440300647412e-04
2.679078443665456472e-03 6.812103005376777707e-04
2.603010832283396934e-03 6.635881443454066161e-04
1.427034622997057139e-03 5.791641469548746606e-04
2.755753747903637568e-03 5.807725858635725148e-04
2.504316092621976415e-03 5.060466339830223433e-04
1.986468973587919400e-03 5.565594513710058746e-04
3.282351569448904455e-03 5.495903430635053124e-04
1.888590967635885584e-03 5.591534968223976255e-04
2.468604383104341764e-03 5.177566592688906399e-04
2.000862715782929842e-03 5.712433619477483900e-04
2.131621440057666732e-03 5.981687442591451407e-04
2.624999224491929208e-03 6.528511253515601603e-04
2.833043885933428114e-03 5.596789994122919418e-04
2.555533669822396357e-03 5.739237917419511351e-04
1.946677567391683940e-03 5.739196584889920578e-04
1.681851997947996641e-03 5.594998728770658519e-04
2.619867255210641798e-03 5.404254922091334540e-04
1.866627442439874711e-03 7.646596815161703191e-04
2.963861648468844954e-03 6.928259333346090294e-04
2.601680335627104979e-03 5.591351753237277502e-04
2.437048842585271338e-03 6.317212632537179970e-04
2.076475881424964202e-03 5.482475274517951015e-04
2.701316279664849919e-03 7.386002897839228330e-04
2.046552580849989294e-03 5.408339343509732233e-04
2.389456928493734027e-03 5.431964890564825073e-04
1.974965804945625746e-03 5.815046377670377974e-04
2.846859256011329085e-03 5.252900454850139558e-04
2.619105063633570245e-03 5.921905656646950233e-04
2.574840056242463926e-03 5.722033793069404269e-04
2.956160917313370873e-03 5.601649008712932930e-04
3.068585052791970424e-03 5.224114413195119367e-04
2.531409990773297695e-03 6.304577553783213741e-04
2.747672699487190874e-03 5.163275210211811872e-04
2.180591991836602819e-03 5.085512945317470718e-04
2.544954136857692593e-03 5.452098799447462497e-04
2.072624744395749809e-03 6.364787507797730953e-04
3.027329678166980950e-03 6.310612269187208280e-04
1.931758519078148953e-03 5.086327611417582007e-04
2.619074021084466519e-03 5.300419064031032653e-04
2.648691918647208543e-03 6.145822619754077488e-04
2.272667486674508335e-03 6.779420378620859252e-04
2.071947195782154576e-03 5.320678942051428745e-04
1.987256827615683629e-03 4.562488110988080991e-04
2.212716879656083640e-03 5.484878303130972035e-04
2.376588181220818524e-03 6.213419792901337660e-04
2.079168733619195502e-03 5.122655146039717692e-04
2.353833162743414718e-03 5.597297757584213888e-04
1.761720176558529555e-03 5.776937760206641778e-04
2.259136838536874616e-03 6.269831747091384432e-04
2.782618529646180804e-03 7.232990703170634255e-04
2.639922246785756602e-03 5.771716241207513034e-04
2.113792521527895277e-03 5.800762931575751541e-04
2.233158986809412674e-03 5.535172298434677240e-04
2.347409048367614989e-03 5.430199798545385986e-04
1.947157684581619181e-03 4.558442505099286730e-04
2.190911637373778569e-03 6.918021601689310031e-04
2.151719420538537441e-03 6.226058164250602945e-04
2.566806951760266988e-03 5.828672679375338558e-04
3.492354276580335922e-03 5.158168068422392836e-04
2.770744420633239943e-03 5.030466189843440811e-04
2.262881492138072489e-03 5.603734412479987204e-04
2.613481442904467839e-03 5.901698899377501003e-04
2.873859840614367920e-03 6.273901812463521504e-04
2.177381862678237374e-03 5.140184744940029917e-04
2.222070199540560759e-03 5.347553847257463088e-04
1.926873295147827139e-03 5.424386306687551881e-04
2.038298230864812963e-03 5.941407109532593177e-04
1.651775724728221954e-03 5.271708032306372587e-04
2.326214583293593173e-03 6.642210840976859503e-04
2.844603973006405717e-03 5.132801876106237240e-04
1.607625739659912208e-03 7.078476540743249218e-04
2.686474745793158026e-03 6.597112128785662284e-04
2.966426457465793417e-03 5.422333812576155768e-04
2.217643435417432189e-03 5.269554885506451012e-04
2.947094711041209347e-03 5.157742526371346132e-04
2.079571354201322463e-03 4.636525914707462941e-04
2.440931014836964907e-03 5.144531338036508871e-04
1.877895772966499920e-03 5.948547881470769199e-04
2.606334360056378457e-03 6.227666904510628263e-04
1.811336258759545454e-03 5.020304458699704911e-04
2.129326408820111406e-03 6.214228722446352984e-04
2.309041203221449609e-03 5.925793175936845117e-04
1.970974204988502204e-03 5.368228074825507181e-04
2.613200162142652588e-03 5.658206556414706670e-04
1.534581969068320303e-03 6.149649960291038832e-04
2.574209666204339136e-03 5.556327461650745203e-04
2.601990292588984496e-03 5.438338262446763783e-04
2.658392045454544082e-03 6.233246031746032248e-04
1.584488765091104619e-03 6.248444641792503173e-04
2.067595623499093264e-03 5.863186591755594661e-04
2.590935490436930590e-03 6.881846701988480206e-04
2.386215342084138918e-03 5.802889154056939391e-04
2.225638529508809464e-03 6.196580478509204192e-04
2.375713254307753892e-03 6.730024921408793914e-04
1.979070711525821209e-03 6.097073011857320844e-04
2.904436037826155226e-03 5.216202162363980195e-04
2.679073336172540024e-03 4.716143042670949462e-04
2.261054615668877180e-03 6.858749802566052167e-04
1.776341702533920652e-03 6.551458651912993444e-04
1.701277499165505976e-03 5.878346497179275402e-04
2.411088516433785960e-03 5.690199311072110079e-04
2.652515747490090912e-03 5.397488491009190753e-04
2.047827632837586915e-03 5.071955945964223356e-04
1.997733206197570537e-03 5.371151044173847963e-04
2.213458252603149514e-03 5.800806450003110444e-04
2.130647782748725915e-03 5.608132887412083101e-04
1.889459698544930033e-03 6.135710431695721220e-04
3.287593152555283189e-03 5.396612990212707253e-04
2.605142833109295487e-03 5.505691922175803875e-04
2.348020027985540676e-03 5.375703883988755798e-04
1.825493677689195206e-03 5.905516980349964813e-04
2.032975018878833192e-03 6.656231226593910602e-04
2.564577415804076676e-03 6.021284162689180498e-04
2.115166930656646287e-03 5.524900803316300105e-04
1.821236544686738153e-03 6.034876742048098097e-04
3.280653184511117017e-03 5.797785750243934213e-04
2.488481966366680540e-03 6.890343767258422973e-04
1.729531007676620054e-03 5.036533677595680892e-04
1.653838524427191483e-03 5.872726902055786825e-04
2.940801467493287403e-03 6.114456710829864472e-04
2.613702257113332227e-03 4.885086761353240725e-04
2.410516064727323028e-03 6.199196504634462606e-04
2.853533337372361495e-03 5.256681340522472443e-04
2.747129806456170137e-03 6.119545375145856326e-04
2.355626290319008838e-03 6.010127341099905139e-04
2.448097206067056855e-03 4.937825450881621172e-04
1.669672332697516755e-03 6.545728685962777689e-04
1.956682615759475045e-03 4.550282101307422415e-04
2.366731751630250617e-03 6.428544109141666203e-04
2.391675180673583957e-03 6.038877554301367396e-04
2.390347762986803643e-03 5.939130945974849599e-04
2.150443808771493499e-03 5.631555339263331298e-04
2.684377472692255941e-03 5.714221311402551545e-04
2.613986464099092924e-03 6.410995214641384806e-04
2.668592925655057825e-03 5.579751371935199418e-04
2.048387050503721035e-03 7.087538128381770924e-04
2.646883784905418053e-03 7.162337355763547485e-04
2.762864198672421688e-03 5.680179173478862179e-04
1.793165536148327768e-03 7.042950658846171708e-04
1.975984039894974117e-03 6.056849071066394740e-04
2.113715869078694812e-03 4.854595336779781540e-04
2.266066743449896004e-03 5.624593874881818030e-04
1.858768042717753605e-03 5.593300495994928340e-04
2.634790956126955089e-03 5.752608700753962436e-04
2.285272870606576065e-03 6.468269031664564215e-04
2.083769120979617022e-03 6.292297413172692104e-04
2.031435401628066146e-03 6.446556009474633956e-04
2.743874586826212068e-03 5.952241161728352324e-04
2.591431001620693106e-03 5.721201091924281749e-04
2.392145726989944841e-03 5.561700705954911866e-04
2.315721289458303866e-03 4.984129960298786357e-04
2.947937902385372889e-03 5.058322964923440274e-04
2.710804276105857179e-03 5.936700288687038951e-04
2.764665908719200500e-03 6.403157106692314955e-04
2.087353483702613678e-03 6.158461322778040247e-04
2.082185155011348227e-03 4.655494991659019153e-04
2.895547325211341415e-03 5.608095681131966808e-04
2.161085728656649430e-03 6.083956447221333923e-04
1.718388270100940475e-03 5.510718512256973338e-04
2.519629621080660218e-03 5.579666941709093570e-04
2.383031235215769903e-03 4.943486882246738963e-04
3.454201308403820336e-03 5.755764571799276566e-04
2.243423027547902359e-03 7.401597361162370837e-04
2.599335692457017000e-03 5.378730030917205831e-04
2.151653616925033961e-03 6.299535726511252404e-04
3.035402681001352077e-03 5.391507283300384914e-04
2.310739374234135456e-03 5.879106582705453596e-04
3.004607848471192028e-03 5.679632798260749599e-04
2.644912672195287411e-03 5.656436605560064912e-04
2.490128289233986894e-03 6.104584912479372148e-04
2.372868656644544928e-03 5.597799816132481999e-04
1.769248399642709725e-03 5.956122892014261826e-04
2.610002082341745123e-03 6.218016734028597925e-04
2.284220118784333065e-03 5.285220576179031982e-04
2.261250538644180279e-03 4.763559038796064452e-04
3.058730521161984184e-03 5.308066458889927749e-04
3.149354811213882135e-03 6.566855601796351598e-04
2.296375654315992252e-03 6.097527395801257376e-04
2.597743908988012478e-03 7.084252622761963609e-04
2.759739585179112401e-03 5.236249053079983663e-04
2.056728977585756558e-03 5.634960332556720065e-04
2.328746610166472497e-03 5.450342478992095284e-04
2.222235739889560999e-03 6.205225566911818464e-04
2.588774413309769505e-03 5.501097644823555810e-04
2.099666920277678313e-03 6.567071232819301010e-04
2.150335175464036276e-03 5.496874916451300816e-04
2.048864540729349818e-03 5.590151736330311845e-04
1.829753111682680400e-03 5.061497243479002456e-04
2.671741238075683346e-03 4.841962558661792068e-04
2.326591904302903208e-03 5.512323117627844493e-04
3.039000509944465162e-03 5.452019617446982437e-04
2.327653185382435805e-03 5.371863994677317233e-04
1.780604038044716550e-03 5.115210757187808790e-04
2.963200801825921233e-03 6.355012178956621384e-04
1.961558496358949133e-03 5.712262963125346038e-04
2.422597918496490962e-03 5.886941071809946146e-04
2.676104166666667342e-03 5.605273919753087737e-04
1.466997620482271949e-03 5.468848371456886846e-04
2.595275373504173956e-03 5.446156005319328051e-04
2.424602892034233032e-03 5.165305821869691687e-04
1.742927866943972792e-03 5.745670209202841713e-04
2.170189756780530055e-03 5.484316592768223109e-04
2.375160070763803963e-03 6.319533867862963360e-04
2.184947831671006820e-03 5.771191209313920314e-04
2.210970853117200183e-03 6.625555472843175841e-04
2.317856842096546223e-03 5.293438414629960060e-04
2.460797574193028438e-03 5.802673647582120035e-04
2.581564827917192870e-03 6.274899560962590847e-04
2.208934685812966817e-03 5.181391474964898826e-04
2.501822014852256044e-03 6.055566686953729868e-04
2.429720496264603860e-03 4.368038137512249178e-04
2.223239152752651358e-03 5.722909603066092272e-04
2.348384102635200921e-03 5.202055611010120454e-04
2.164132197381863059e-03 6.021236148790943448e-04
2.281056108717468243e-03 5.602700898736486445e-04
2.105763631899727067e-03 6.062891736071225829e-04
2.719396637260637281e-03 6.508452323147060400e-04
2.099332741919466162e-03 5.369205472256513784e-04
2.070814274895586143e-03 6.274263053070355594e-04
3.263177314247446559e-03 5.477040180558230987e-04
1.871259363947233795e-03 5.617513677858682573e-04
2.475580607583790799e-03 5.098477929616106663e-04
2.208278611018446927e-03 7.060640498810937839e-04
2.287137121812461010e-03 5.928011533539097625e-04
2.066257309027387610e-03 4.911886073165709892e-04
1.892245872727841465e-03 7.169619018650267867e-04
2.883273205508250607e-03 5.347883363387395369e-04
2.831293444427858581e-03 6.369419325693989001e-04
1.571801082601950511e-03 5.589270073668409396e-04
2.823600571099431529e-03 5.925541578352775274e-04
2.483943915984681509e-03 5.531616546619754935e-04
2.489940976178186844e-03 5.794200709432095102e-04
2.587032436333235128e-03 6.771690074345506228e-04
2.796063023381561985e-03 5.457919536164078508e-04
2.263615936003058118e-03 5.981773105964594429e-04
2.659378286709508134e-03 5.734689998661228862e-04
2.588466776981086879e-03 6.314517351949441989e-04
2.486195113803966322e-03 5.330002197554027307e-04
2.021944389421074725e-03 6.793790761299356093e-04
2.370077071057519625e-03 5.215047784324585746e-04
2.783543895871447640e-03 6.428109942330697407e-04
2.377005806773373111e-03 5.971017459353016466e-04
2.842521390752655690e-03 5.726884631722141406e-04
2.396225458356283141e-03 5.108472698254045699e-04
2.910167483657463434e-03 6.477302506718693367e-04
2.673634970195180524e-03 5.842180336958094442e-04
2.012371369075656100e-03 5.375222679229707231e-04
3.304263273530252693e-03 5.259037499094541780e-04
2.852899601366184600e-03 6.051388291818845773e-04
2.378805516361089199e-03 5.592846197097312922e-04
2.400039665687951889e-03 5.389728453132043920e-04
2.703172536101589550e-03 6.713285545017947482e-04
3.039319637488427459e-03 5.306799196889642458e-04
2.697557826998215735e-03 5.726393340328459836e-04
2.207967211227946074e-03 6.061541619218959462e-04
2.773528665053606734e-03 6.319085093272110848e-04
1.859585597078298016e-03 4.801247740857611068e-04
2.407400193291746402e-03 6.800046308409976072e-04
2.400967847176565390e-03 6.004887267350791664e-04
2.436762967753546439e-03 4.969675366146131647e-04
2.856249877688389789e-03 5.787172280058316314e-04
1.763176434781227276e-03 5.405677234410208917e-04
2.351175774309259992e-03 5.812800726856032956e-04
2.565664061223227928e-03 6.275842594545472976e-04
3.055148030579352570e-03 4.859607472171330192e-04
1.992092861548887782e-03 7.485705675126704808e-04
2.105913165150435484e-03 5.767645481214105736e-04
2.252309129810211273e-03 6.070163232210805870e-04
2.707213876912010868e-03 6.408443405437488048e-04
2.464359241521274935e-03 6.225437264327306252e-04
2.631979009340699224e-03 5.231979932853294060e-04
2.575279710732362917e-03 5.454208566310552809e-04
2.457821983234433332e-03 7.021951914046881821e-04
2.194913440348863435e-03 6.141001506965706926e-04
2.610897455946786013e-03 5.647539665903819313e-04
2.363622938130447142e-03 5.905582678649096487e-04
2.076461489711586752e-03 5.654696467628693652e-04
2.484340402622346299e-03 5.945200071702194623e-04
2.702881195167369972e-03 5.832126542937971468e-04
1.921571080387541632e-03 5.245050969283542117e-04
2.139441072614275442e-03 5.984950986678324713e-04
2.407956920226007533e-03 6.465260252143022407e-04
2.271180206380326704e-03 4.937445585614549633e-04
2.334021218632344793e-03 5.734479079436978054e-04
1.974904260433323760e-03 5.922235436801289235e-04
2.112103896264721451e-03 5.181586399560115857e-04
2.614689435786421174e-03 5.392222728327660452e-04
2.614520391695685821e-03 6.013253441334447157e-04
2.926129261037625946e-03 5.312274228896911483e-04
2.518214551309245607e-03 4.776292751365828187e-04
2.506060368649352856e-03 6.089082365770116887e-04
1.825277109857514945e-03 5.865071370976585301e-04
2.216559656730048272e-03 5.261791234749648360e-04
3.070810097532249410e-03 5.744315660621338287e-04
2.476787808118788726e-03 5.548475491483368521e-04
2.046499554240798456e-03 6.266360849310559714e-04
2.209019850999209469e-03 5.597289423708011902e-04
2.601109153474601404e-03 5.282626989372193448e-04
2.175290243567924806e-03 6.374841451781848058e-04
2.416552868173959135e-03 5.984148397923154611e-04
1.931236100454627926e-03 6.064509384175898604e-04
2.029947347751980252e-03 4.448692241754843542e-04
2.970236439406325358e-03 6.082246400909633970e-04
1.861334032843679461e-03 4.562703719860778935e-04
2.372843559522670297e-03 5.574283599822856287e-04
2.317190371029129517e-03 6.521426984179970248e-04
2.867251954537443793e-03 6.323281665514592911e-04
1.922056378983961946e-03 6.337237850040293267e-04
2.427286789456810975e-03 6.086922962135668915e-04
2.338675312421722736e-03 5.854935664269386372e-04
2.039613645425954018e-03 5.918735342189748597e-04
2.638369415635050032e-03 6.140609069735374374e-04
2.871757625269668896e-03 6.245588582528521348e-04
2.629009305892776246e-03 6.413240711169965972e-04
2.009509975583102619e-03 5.290503651494215349e-04
2.556362027295079782e-03 6.483094938814065993e-04
1.958256612306117500e-03 5.222573198616316855e-04
1.943062794507994292e-03 5.812702865036656775e-04
2.758336048780329289e-03 4.890544018552126773e-04
2.524348892863336261e-03 4.338534846338457443e-04
1.834019119047465346e-03 6.278172409200468481e-04
2.108223134830828141e-03 6.841597294113374757e-04
2.693594265191882886e-03 5.685984608639141086e-04
1.847977969678207301e-03 5.326381792073911058e-04
2.739164495915524453e-03 6.228700977919868339e-04
2.785574888856206383e-03 6.485755387645894500e-04
1.849408954308181174e-03 6.808447793527013002e-04
2.724713229974403371e-03 5.456881057648283297e-04
2.298682638214172291e-03 6.468491782381723901e-04
2.965593730112655972e-03 6.985646266369825805e-04
2.071040980464328336e-03 5.801526263242000889e-04
2.276762776691151381e-03 5.472810461926992361e-04
1.956445222463507484e-03 5.763855708627547503e-04
2.227529662672805312e-03 7.088903050066628275e-04
2.875985051312766275e-03 5.993734351103866811e-04
2.563319875283446517e-03 5.125483848988312717e-04
2.756824506164536667e-03 7.590546038409299494e-04
2.391693668586204052e-03 7.158942434350837368e-04
2.562018660805235291e-03 5.188534886982275026e-04
2.109670371433556343e-03 5.469586705786848692e-04
2.440352478202973113e-03 5.247019671728398935e-04
3.175852200932623680e-03 5.268636566747766491e-04
2.674249819089898408e-03 5.205588309612341332e-04
2.680491929530371201e-03 5.806892901514022634e-04
2.705883645405731536e-03 5.713978520037400928e-04
2.675353953510868459e-03 5.071939736265575985e-04
2.525927577238303023e-03 6.321969152753177928e-04
2.172990174565006625e-03 5.111241023383150759e-04
2.610774711599668247e-03 5.260082516418612209e-04
2.273298408538283483e-03 5.236188769118499918e-04
2.456866192012379779e-03 6.085331979742816854e-04
3.181704365475543535e-03 5.627306400309445853e-04
2.475458976059361198e-03 5.713215145118571243e-04
2.380675222666473866e-03 6.391735380928047303e-04
2.532256540619771696e-03 5.250284824185932203e-04
2.373530384168552002e-03 6.431456686844214425e-04
2.396352566645569473e-03 6.477518427255549334e-04
1.892253744834711477e-03 6.861585876709683923e-04
2.407922360492946532e-03 5.436020626929753945e-04
2.649103819995625528e-03 5.439008878733413025e-04
2.002991099261428477e-03 4.572795743633044732e-04
2.351184152259564852e-03 5.663355074781685960e-04
2.806501528796918887e-03 6.430339905737185316e-04
1.998432288861637374e-03 6.237144839701215049e-04
2.486815051908523345e-03 5.714299561044975826e-04
2.736578412377860953e-03 5.207591567721456998e-04
2.047041784661465021e-03 5.480595165758345632e-04
2.223698199622465340e-03 6.196433330240853216e-04
2.991377897253501457e-03 4.696242592300788922e-04
2.146078624577329574e-03 5.474980051528148019e-04
2.403629060872722236e-03 5.223746635184836834e-04
1.743277311955851450e-03 6.904319442379589031e-04
2.918941069407337066e-03 4.866841484270238499e-04
2.623358753625198384e-03 6.520785037820316619e-04
2.255697993890426207e-03 5.943172766744615754e-04
2.124058243389172814e-03 6.017879202748415779e-04
2.237147949549268735e-03 5.323604343839649471e-04
2.414528950421228684e-03 4.887836278547106174e-04
2.374416142582733234e-03 5.536600435853474434e-04
2.405430635025622866e-03 6.445859739923988146e-04
2.968924505524492882e-03 5.067684006428521161e-04
2.763583653588923880e-03 5.799843697904869368e-04
3.021454956992392256e-03 4.938871365147975501e-04
2.011774447037090099e-03 5.869293008981406367e-04
2.321900473912196818e-03 6.098227515846200509e-04
2.302426236256161548e-03 5.887501619860150684e-04
1.941986726663739527e-03 5.326627039592116055e-04
2.599060516013775805e-03 5.526188642890479371e-04
2.016287699464219037e-03 5.919956290479970679e-04
2.720717414906476464e-03 5.821065322310373319e-04
2.308597099999791340e-03 5.503709433119500409e-04
2.976942810287082439e-03 7.025536176115217872e-04
2.526425368110416826e-03 6.692446154512473027e-04
2.174144492317232804e-03 7.206060763154437023e-04
2.901215970852643461e-03 6.255991267557200813e-04
2.653804913270363473e-03 5.925054502539612916e-04
2.984857835166498941e-03 6.948593006042882428e-04
2.703673027217357028e-03 5.408877362790736124e-04
2.624935481993589687e-03 5.485201272045644137e-04
2.686223817084828352e-03 5.269543063125485104e-04
3.038538106670073732e-03 5.665999191506426291e-04
2.725154687992733995e-03 6.664286182404302551e-04
3.730453133675915283e-03 5.928947432336846178e-04
1.877073656023922838e-03 6.431046446566114324e-04
2.366803951338873353e-03 6.550860315393747723e-04
2.552033781972204429e-03 5.595244747366505357e-04
2.432626126261115511e-03 5.943070931600719694e-04
1.897153094265002652e-03 5.506792389436946820e-04
2.559114362204717094e-03 4.806106257572575016e-04
2.493835175660629507e-03 5.745713759459864303e-04
2.661057698418063493e-03 5.544293718051604989e-04
2.106767114474758940e-03 5.383413842007976017e-04
2.721522107067619618e-03 5.779851561974999651e-04
2.092478416718196021e-03 5.964180281080246233e-04
2.929013888611624664e-03 5.981919777585403440e-04
2.390095454253800874e-03 7.231480588777392275e-04
2.155086424268749107e-03 5.161090182158776466e-04
2.724048933286648232e-03 5.322692398000584274e-04
2.059910427416250262e-03 6.069372721761972633e-04
2.205592932365253288e-03 6.181603380560858141e-04
2.827218677744012653e-03 5.219139476970636625e-04
2.763092883078421130e-03 5.961822359707403488e-04
2.118749861642871702e-03 5.062447435487227960e-04
2.101561225462989478e-03 4.977824839296275975e-04
2.825602814036972787e-03 5.885333109363963386e-04
1.949403372410106385e-03 6.419118275912887939e-04
2.607132232578607701e-03 5.199709911110306183e-04
2.750913658677670796e-03 6.105891233022398695e-04
2.076607269580391275e-03 6.644240908970056817e-04
2.656515634922401899e-03 4.796489003209534769e-04
2.115235331741658047e-03 4.835366240796346634e-04
2.446294909165357048e-03 6.154886303726160579e-04
2.305359043367643992e-03 6.535431356271376949e-04
2.906149214043641116e-03 6.204543465281978391e-04
1.688589489028733846e-03 5.944616361037524752e-04
2.205427450226571991e-03 5.537299687157424795e-04
2.834358871943198997e-03 6.233514545168792817e-04
2.059040464054428827e-03 5.340322977109680054e-04
2.461157050677972510e-03 5.229577263536473687e-04
2.349166475646136815e-03 6.786469007742338289e-04
2.167267290593208415e-03 5.772953607686479418e-04
1.893383639621774601e-03 5.516385019752187901e-04
1.875591008479113916e-03 7.091162631480435897e-04
2.023754176809670208e-03 5.205591531099972025e-04
2.627408937335319952e-03 5.598253388896356608e-04
3.501331748550792419e-03 5.810414305683363244e-04
2.277429680962926757e-03 6.196252200322011766e-04
3.238149804975245377e-03 6.896966270091430158e-04
2.905909096518438130e-03 5.476808145818496060e-04
2.548167424333029271e-03 6.027644501567562627e-04
2.949200294822784587e-03 6.022088880058634134e-04
2.050525029994360818e-03 5.178501010264258695e-04
2.925550781964957915e-03 5.731851265424495146e-04
2.139967946142349794e-03 7.622960741050761142e-04
2.089116807265891090e-03 6.386579946757215027e-04
2.635449645393153628e-03 5.637011358440193040e-04
2.810764607810854916e-03 4.951063742186340936e-04
2.655185263379109765e-03 5.445814613036277117e-04
2.556119081363441951e-03 5.352865901850999532e-04
2.141525118065528300e-03 7.389699215557482895e-04
2.637740583019205359e-03 6.225315367083740937e-04
2.496469592514088866e-03 5.995177850720964565e-04
2.563229968023202163e-03 6.435009080446191807e-04
2.498708485177606083e-03 5.038806854551768381e-04
2.643967291854824701e-03 6.223073325052312513e-04
2.695139144207402571e-03 5.617557300840775487e-04
2.588313370050744026e-03 5.369046841202299155e-04
1.774885382050167461e-03 6.605744373808012087e-04
2.289140116643841993e-03 5.964783258637000683e-04
2.708218854494781440e-03 7.598521108131516119e-04
2.985094016940057632e-03 5.091880054342266815e-04
2.339944741517607785e-03 4.950832815490052502e-04
2.398708682346168113e-03 6.026546837701950805e-04
2.404939726182745048e-03 6.795975771159219921e-04
2.449531233294163085e-03 6.758481211967164518e-04
2.946096261468488398e-03 6.071788253573616586e-04
2.540685508706402515e-03 5.654153117814960132e-04
2.518462135569116654e-03 6.170638639259380014e-04
2.351213646310012020e-03 5.138713473506440702e-04
2.907131801421138084e-03 6.376876977752307793e-04
2.029764767736714354e-03 5.302332894566303941e-04
2.095138923269274697e-03 5.617504644620057146e-04
2.272798287293889986e-03 6.285023916691467351e-04
1.835343422658593151e-03 4.791195852182123958e-04
2.303799996380552322e-03 5.280256500621334633e-04
2.219483149131259818e-03 5.426213277145105519e-04
2.598944520294108745e-03 5.346789676991136773e-04
2.859039644151602135e-03 5.366001895183971021e-04
2.369717022163248584e-03 5.319373244240141419e-04
1.688418599503364610e-03 5.569028513506556243e-04
2.512408363701790735e-03 5.809161746389942442e-04
2.438521103189319854e-03 5.375269267308572857e-04
1.411945309244962057e-03 5.021122904699848498e-04
2.972021204071358374e-03 5.607966711097010304e-04
2.624383698551220005e-03 5.031249210583657290e-04
1.791409539261057350e-03 5.380592280221456730e-04
2.643923463765802517e-03 5.542318163718508439e-04
2.583741484338278761e-03 4.969517437322417330e-04
2.471454130132588398e-03 5.373920916832895757e-04
2.067274906526853171e-03 6.021452194845724462e-04
2.237877854811566244e-03 5.336384262167146071e-04
2.360712938186870259e-03 5.574254497931839915e-04
2.712065094331426833e-03 5.605724462248171461e-04
2.492067801021579081e-03 5.568172614194774606e-04
2.730013557742077667e-03 5.963003533390438078e-04
2.395993116975208073e-03 6.079385059091177998e-04
2.338255533672691996e-03 6.597025621633541368e-04
2.369053320511256295e-03 6.236643148463777127e-04
2.648932361766842720e-03 4.652669683950161816e-04
2.825191393557074417e-03 5.561935894811567780e-04
2.063472529507157094e-03 5.432618924879272729e-04
2.700709414662648324e-03 4.401868132953695441e-04
1.890357738198096245e-03 7.265069254949200941e-04
2.485356068167706486e-03 5.749366111308217963e-04
2.392560963158567831e-03 5.603243896480239808e-04
2.930352798674047254e-03 5.774269438715205717e-04
2.118593897392291765e-03 6.558269703089567504e-04
2.123143753726804139e-03 5.933878303818568246e-04
2.600206392182479505e-03 6.451021364676984065e-04
2.484637626584380778e-03 5.579346826018267893e-04
2.787561217039446343e-03 5.681114907114090569e-04
2.551940817741936603e-03 6.194961358851677887e-04
2.854103647550132201e-03 6.230238219210800258e-04
2.272542025104397519e-03 5.648756777225328804e-04
2.410026979971165856e-03 5.943853325005743916e-04
2.075514822287485156e-03 6.395354352585810170e-04
2.629355302169981198e-03 5.047160034826308475e-04
2.588092183898447855e-03 5.496392951600130626e-04
2.528333554905221828e-03 5.295858786403245116e-04
2.084296794261567345e-03 5.995006668290338205e-04
1.850382077498331996e-03 6.600370389723677960e-04
2.402414446421056223e-03 6.260614865720520944e-04
2.301550562506321333e-03 5.950842206324757867e-04
2.736974034842885612e-03 5.363800410915396059e-04
2.504864104461637566e-03 5.185678834999225785e-04
3.001198395644122992e-03 6.333386943488552136e-04
2.687087826129894857e-03 5.714746055819496960e-04
2.625869578427916101e-03 5.568656195580506171e-04
2.423537066561436831e-03 5.811926411942002890e-04
2.313930446432070197e-03 5.463239911852625901e-04
2.836152404802324677e-03 5.869551675282663316e-04
2.059658946476846785e-03 5.654108662820392893e-04
2.128011766033427628e-03 5.319559484596274312e-04
2.788928285089546134e-03 4.871520946133557520e-04
2.652604371762298709e-03 6.048828350690873927e-04
2.972453194872231533e-03 6.365620943849644928e-04
2.961026158814917229e-03 6.327458884825971604e-04
2.966861611348478242e-03 5.754822401673440101e-04
2.610002760168379354e-03 5.958913112398457222e-04
2.494950393127178066e-03 6.082217654168986347e-04
2.268649892681204316e-03 6.223971812841452584e-04
2.629644448171656029e-03 6.263516853522430906e-04
2.356461139426849205e-03 5.355473108679020995e-04
2.567532172831515566e-03 7.189888346957091928e-04
2.258313571574634918e-03 5.413984948040877947e-04
3.033000614937228848e-03 6.979940621398693801e-04
2.446732012347953896e-03 6.725620747065298374e-04
2.046571834009470927e-03 6.289525833634767790e-04
2.813172516231007229e-03 4.869746948216473648e-04
2.785925039844026375e-03 5.590994578957799626e-04
3.010827317416699470e-03 6.062291715310838373e-04
2.552115253912262509e-03 5.569292319528019704e-04
2.118650098607795240e-03 4.993816064117787782e-04
2.938646010707999644e-03 6.109508640629326102e-04
2.547904909735815900e-03 5.323174484707776915e-04
2.069476600500248266e-03 5.377155600698236594e-04
2.411259257965302129e-03 6.098901365182737670e-04
2.352691769064232073e-03 4.735377145133909480e-04
2.064436533113413012e-03 5.955858663827643968e-04
2.533243718471110423e-03 6.652674498143941592e-04
2.271692022437593085e-03 5.933293955147079775e-04
2.675988456525845143e-03 5.449103929988839906e-04
2.266020041271211809e-03 5.262671504502587725e-04
2.537380817256437108e-03 5.749786923630878380e-04
2.161943550137442917e-03 5.370805363272681881e-04
2.281497614289766142e-03 5.758592796236323714e-04
2.812058472183465163e-03 7.162157827895249042e-04
3.040352332197563366e-03 5.446686982347357601e-04
2.657278577346638276e-03 5.111770538613921548e-04
2.272721162274716350e-03 5.917575738401169641e-04
2.515141657394728749e-03 5.604024467988853167e-04
1.761067241918650968e-03 6.685051678141936500e-04
2.484167609780869260e-03 5.615200412940153304e-04
1.727267551537388889e-03 5.991330835975914801e-04
2.589452354628126677e-03 6.870216289877648748e-04
2.667385252667315004e-03 5.695993214960686510e-04
2.437405400108900999e-03 4.995173019845985636e-04
1.849438282098444120e-03 4.935784178307675400e-04
2.460566456170703176e-03 6.451976682919154278e-04
2.531462028963600563e-03 5.211593376167909580e-04
2.386840373886094276e-03 5.523222865107111539e-04
2.602437801367847928e-03 5.936600948353073365e-04
2.232497874562523917e-03 5.101327137661991950e-04
2.811369232709260476e-03 5.766369627307416437e-04
2.585344619689035599e-03 5.511120624779003267e-04
1.630565637293503395e-03 6.701692300124293235e-04
2.664645173765232879e-03 6.546500345317927917e-04
2.878381473919512309e-03 5.623091505320616280e-04
1.901694143679038716e-03 5.419880128073191992e-04
1.919722893921528388e-03 5.527438449182055669e-04
2.673815980876150227e-03 6.344683003803155757e-04
2.344205031408355764e-03 5.568103554824298728e-04
2.143323606652743161e-03 5.662917124697002241e-04
2.243843312713728749e-03 5.568956489799825604e-04
2.581681282675923634e-03 5.763873259223577152e-04
2.489800250570929369e-03 5.501015428670323571e-04
2.715911743705364759e-03 6.445380574134340883e-04
1.823965322078989438e-03 6.298957277381850338e-04
1.934021775369723899e-03 6.267620575013849475e-04
2.538800614336714223e-03 6.585502193674826633e-04
2.765944511133697648e-03 6.625483320325103185e-04
2.115982499127279631e-03 6.208699960494049779e-04
2.939375231452118903e-03 6.561229445399270437e-04
2.563832142352250910e-03 5.643755338313218017e-04
2.137000140160544640e-03 6.122906455129131223e-04
2.108703796173679902e-03 6.441797580977954088e-04
2.439738937444117014e-03 5.733883499728104766e-04
2.152314977940612828e-03 5.283459165250954529e-04
2.728449457344762300e-03 4.743492412852502380e-04
2.002564711795653315e-03 6.341861337214392113e-04
2.258612054990863545e-03 6.221334469562770850e-04
2.197485369051539218e-03 5.548033333199751168e-04
2.371634506206055440e-03 6.759086804787141963e-04
2.622020168627444553e-03 7.110108246152392489e-04
1.630573677821340250e-03 5.017483567329216257e-04
2.135807701053185972e-03 6.735183107405986287e-04
2.208006483300299291e-03 5.847776098790938163e-04
1.653035102977575867e-03 6.258613759203365432e-04
2.823536021621474764e-03 4.864615243083437470e-04
2.025766135230153055e-03 5.506231498938073034e-04
2.368654851110825032e-03 5.927491676031349833e-04
2.656255590872605345e-03 6.379755681235634284e-04
2.099742069413233336e-03 5.170628509867317016e-04
2.555898799100796408e-03 7.210199685817209481e-04
2.373802637072022249e-03 6.356169132543638229e-04
2.548474236516192273e-03 5.868853924965004593e-04
1.867189920830190095e-03 6.120314150830628332e-04
2.527600190369302426e-03 6.075587465190355118e-04
1.880113847292677522e-03 6.103438945101428851e-04
2.645765206020122846e-03 5.719245337950053980e-04
2.840379729051435622e-03 4.844648749856523889e-04
2.522690532978953248e-03 6.638449634100556393e-04
2.502636434440787955e-03 4.763126078706874907e-04
1.960924673278283559e-03 5.569416462333941957e-04
2.683868521761384809e-03 5.469600387728267270e-04
2.873575958944280494e-03 4.205915792251632202e-04
1.782336587141618777e-03 6.409250605852365688e-04
2.848109942422930203e-03 5.614020124810180801e-04
2.325222812670003393e-03 5.457080728856293899e-04
1.971813465234934122e-03 6.088555078311716972e-04
2.022124895783060719e-03 5.710309462434581948e-04
2.634487029225792386e-03 4.795629455505127253e-04
2.184859484646340354e-03 4.334545168125860000e-04
2.895369836145702223e-03 5.587096461914297990e-04
2.097564541647825229e-03 6.784558175504094325e-04
2.233412370518506225e-03 5.517374359730042865e-04
2.536322938422732893e-03 6.958325094886389558e-04
2.320661540942013743e-03 6.486496911063178473e-04
2.614480610409631884e-03 5.562515499870835560e-04
3.553146517484411741e-03 5.873552379002496470e-04
2.189752604262797456e-03 5.653704771306696528e-04
2.037964633899068834e-03 5.441636268999494467e-04
2.364153290071713959e-03 5.918183227514520065e-04
2.239758109424839095e-03 5.647184518120745931e-04
2.026417176359642577e-03 5.525343040857471754e-04
1.715078870617588310e-03 4.940556196612236719e-04
2.018830010112147334e-03 6.147159294026801951e-04
3.047703481338070227e-03 5.736633447505186867e-04
2.271275021290507234e-03 5.313094248499107769e-04
2.029909925804941704e-03 6.836998748106569261e-04
2.552007531121339851e-03 6.379473535538113726e-04
3.347997476984627702e-03 5.567577894503822995e-04
2.508335523903776256e-03 5.603558778434870402e-04
2.189928369204289810e-03 6.140236723060708401e-04
2.326404769850820911e-03 4.907171499282217452e-04
2.178610343120017737e-03 6.206336237613112577e-04
1.867447179680568978e-03 4.404590778005394811e-04
2.487164147670409796e-03 5.169190950197206230e-04
2.271633467150982726e-03 6.829274868078211071e-04
2.299686747201023281e-03 5.508368185879089062e-04
2.671978571172314073e-03 5.731163680962771253e-04
2.178144260898198792e-03 5.577887782398534538e-04
2.303756843735028578e-03 5.832611005303385684e-04
1.433405941627369186e-03 5.608987490505661436e-04
2.241046783543795828e-03 5.271527888381903225e-04
3.004439386543944230e-03 5.959542052443585029e-04
1.987559135122170684e-03 6.164068708124072161e-04
2.570820720418891779e-03 5.546531101548575699e-04
2.167649950831866592e-03 6.564592393904571891e-04
2.604961536352828726e-03 7.002528897982175865e-04
2.684231296392914148e-03 6.333566240799466413e-04
2.765307797359332041e-03 4.959281670474599297e-04
2.656666238265088884e-03 6.503354521400833352e-04
2.153608894633598971e-03 6.076907015504323618e-04
2.918667528856011724e-03 5.688900237712668116e-04
1.909040757906175405e-03 4.544813959503012069e-04
3.023392364125178106e-03 5.693080853569445262e-04
2.527414219084384711e-03 5.905013669802027399e-04
2.459764822566434805e-03 6.076285225483927166e-04
2.010171105729366501e-03 6.026828556304921316e-04
2.187447390301758710e-03 5.527048355896132343e-04
2.743658378450142699e-03 5.280895176410534261e-04
2.867385810873240154e-03 6.715581093586907736e-04
2.938144690688775443e-03 6.287405790441180208e-04
2.727960750926549868e-03 6.125025018765642990e-04
2.754339828100726625e-03 5.701186898810876869e-04
2.169690803386816868e-03 5.626378631988301774e-04
1.803419201152645437e-03 6.353562849643563720e-04
2.464818895962368230e-03 7.141066657465395444e-04
3.044570386353357208e-03 5.528078825163522001e-04
2.233768299237866382e-03 5.249890547529875284e-04
2.267178627722838454e-03 5.906261935876715207e-04
3.164253187849155186e-03 4.336251611612793998e-04
2.160187036678524845e-03 5.720197028368675897e-04
2.324566733281719765e-03 5.703000309826369591e-04
2.473250008894613966e-03 4.760014850532596955e-04
1.390834759385235764e-03 5.510911085915851321e-04
2.675971163005707535e-03 5.858162579001208181e-04
1.979616056130323494e-03 5.178772588915246753e-04
2.622244233204934667e-03 6.687862065451629073e-04
2.186439132070493955e-03 7.166793567707728779e-04
2.429692207804720269e-03 6.634748302958645575e-04
2.538025698542198654e-03 6.150414723097864236e-04
2.297066873323114298e-03 5.439723727150253896e-04
2.142232736882786117e-03 6.592027718376950026e-04
2.586246598289555429e-03 6.318522192311134275e-04
2.204869052057513174e-03 5.749872390509574169e-04
2.920335196696189316e-03 5.463278810736671388e-04
2.281316034190346981e-03 6.361259560230221122e-04
1.980350871339988522e-03 5.848533062232934461e-04
2.108979765723571331e-03 6.150158520353015855e-04
2.190337728301641317e-03 5.923412844894080775e-04
2.398264047727273734e-03 7.154268485294120079e-04
2.073303720398217507e-03 6.403481295308119685e-04
2.461678714489498078e-03 5.169654784423910465e-04
2.613960685676896580e-03 6.661149310369995436e-04
1.639178887318226089e-03 5.561557238655165901e-04
2.347386444943217170e-03 5.465844458795463077e-04
2.720395475231061986e-03 5.876842965288127819e-04
2.025564824349080414e-03 5.957930910691892510e-04
2.115608155862792449e-03 6.122422639809652718e-04
3.055157046040225637e-03 6.007853679242729185e-04
2.009871437018463398e-03 5.541280498197627673e-04
2.341118837300364564e-03 6.016227940139190749e-04
2.571198434050912633e-03 5.056654637974071411e-04
2.565047853518413919e-03 5.381557358837833933e-04
2.078872876972285861e-03 4.863884758037119471e-04
2.379862965812302479e-03 6.607637364361935777e-04
2.191383556470886170e-03 6.429936852994116341e-04
2.656459591145156167e-03 5.840265974228135530e-04
2.657670614166496303e-03 6.726214804578080700e-04
2.882962147313635880e-03 5.759807436896437465e-04
2.284890470586838085e-03 6.605939810911610121e-04
2.473909983093448492e-03 6.239769894024805620e-04
2.654090030346402049e-03 5.658618429119817179e-04
1.960794096895063666e-03 5.636893320178265653e-04
2.069270854773404625e-03 5.539269967591714527e-04
2.254131682296312694e-03 7.016267683369593845e-04
1.963989625146265235e-03 6.917393048779243644e-04
1.944815454115265269e-03 4.999441840012212651e-04
2.107262549725788265e-03 5.223200894083272587e-04
2.356027292851480166e-03 6.338622160107294963e-04
2.667987353207178919e-03 5.749068978333352672e-04
2.078441656901758999e-03 4.964029166277118387e-04
2.529909853848389453e-03 4.974550308935675978e-04
1.947782785213939992e-03 5.904067776582903274e-04
2.129578611165096856e-03 6.409028823799949688e-04
1.708361698191240971e-03 6.388777122114169468e-04
2.672000027409004649e-03 5.670168751815253885e-04
2.041204883447389484e-03 5.844770447080116201e-04
2.479012343295316709e-03 6.749454155165499156e-04
2.329469410095338575e-03 6.703375558154105315e-04
2.383313241391176764e-03 6.218563413977307814e-04
2.197532060892462384e-03 5.763621762198432646e-04
2.292356945151206599e-03 5.668995197090618589e-04
2.684283749533676860e-03 6.424340138360026516e-04
2.304478559691725253e-03 5.584479652861316272e-04
2.254958058166405769e-03 5.494966369656549294e-04
2.879188873240579212e-03 6.858155003321141649e-04
3.472856423481449420e-03 5.154213596754500786e-04
3.016812261581930821e-03 6.580794280048143149e-04
2.627267703008699402e-03 4.791606387184952623e-04
1.570088471462622280e-03 6.301764906133089632e-04
2.426954181608489362e-03 5.305052389070571322e-04
2.505188717586391989e-03 6.001225265206634654e-04
1.975094353065283328e-03 6.273780740805722390e-04
2.523398785853244071e-03 5.471891569974008740e-04
2.168575292600835765e-03 5.598208496200508984e-04
2.654026853237993148e-03 6.173272822349610764e-04
2.359258063375430266e-03 6.487945563491586461e-04
2.592742799933635701e-03 5.989477185318693763e-04
2.165368581810183345e-03 4.706724762645303592e-04
2.698899929239860235e-03 4.948248825108891727e-04
2.591726940538511149e-03 5.491523749776901914e-04
2.656082972180651668e-03 5.995755503422543851e-04
2.430864717900336862e-03 5.801078722715635261e-04
2.663161919134237731e-03 5.170355196920224878e-04
2.310094287928910698e-03 5.251637631691181106e-04
2.419301247841359852e-03 5.087509610338675908e-04
1.916950065651234613e-03 6.293901431057037903e-04
2.439022988255524615e-03 5.420918663911560541e-04
2.037603285169514982e-03 6.239410164130908655e-04
2.437611659500292169e-03 5.013041377709151697e-04
2.670015368084756226e-03 5.466141023677949674e-04
2.284598779785350104e-03 5.209328271394056799e-04
1.749441825729468976e-03 5.472511494253295408e-04
2.447755596914401831e-03 5.982197173682364142e-04
1.583676778675531830e-03 4.797529621074844036e-04
1.953206882738392231e-03 5.465082282032998097e-04
2.270765260442442895e-03 5.709174436659354744e-04
2.004189002804691779e-03 6.067421346299634944e-04
2.539691104107072092e-03 5.184716976350293386e-04
2.173272030058118719e-03 6.387772291665325250e-04
2.199820181745444116e-03 6.548356721197042809e-04
2.117262594823927490e-03 5.426942160743987486e-04
1.529295060383662223e-03 5.722968362393853793e-04
1.980496674850546965e-03 4.936801267400746287e-04
2.566337956761290118e-03 4.967752434507098679e-04
2.529350584307508715e-03 4.989937325733413828e-04
1.805951619290707341e-03 6.089839960019060661e-04
2.424008506571886067e-03 5.378748946432636941e-04
2.617981884356852633e-03 4.910833815394348260e-04
1.809798035641834151e-03 6.205930914632060537e-04
2.432666673175539612e-03 5.633734810213714313e-04
2.396371208143187586e-03 4.678063717279873400e-04
2.597280922794844432e-03 5.906431622491746698e-04
2.879721005600194370e-03 6.403861138679102765e-04
3.481789755530011708e-03 5.117024453859193899e-04
2.883518332176689212e-03 4.442213974308005780e-04
2.808578584595954053e-03 5.728275981872326403e-04
2.836679629711362852e-03 4.950477664021497295e-04
2.467243797218053331e-03 6.252185676513417065e-04
2.411538545358456274e-03 6.205457208313865667e-04
2.796235076813309833e-03 5.583166593873626357e-04
2.138577224417101234e-03 6.111860506313676958e-04
2.504885601440585800e-03 5.751782772650393524e-04
2.884471772626907762e-03 4.978531570047492949e-04
2.143339328804468209e-03 5.895904402566888233e-04
3.157678983846412026e-03 5.762547929626287216e-04
2.532852471268327247e-03 6.528282173169240501e-04
2.311022783203446358e-03 6.446186460073398666e-04
2.582021464335215993e-03 6.776570621211165397e-04
2.649525808571600530e-03 5.850027598326775109e-04
2.118092828561065049e-03 6.324534456209559858e-04
2.426453299873770203e-03 6.684542052334985652e-04
2.786398317262496482e-03 6.506331603360895281e-04
2.082186017176460967e-03 4.900814841411902040e-04
2.732904656020215123e-03 6.239782008963909617e-04
2.931610209041055591e-03 5.369948861280683314e-04
2.619590067122766746e-03 6.221787044316845657e-04
1.910264081978360357e-03 5.442189620523398778e-04
1.495078640104560447e-03 6.612255087914293292e-04
1.853261959740298013e-03 6.954698625234979285e-04
2.385669212025716412e-03 5.920939317945073544e-04
2.558034363153797661e-03 5.468259367429871304e-04
2.516828820708855077e-03 5.958205922835593804e-04
2.215090563167088338e-03 6.713068777667289709e-04
2.508531589214974596e-03 5.564172834646252761e-04
2.821562980757322692e-03 5.929051551949667031e-04
2.623180610391046864e-03 5.282509197728229742e-04
2.385757987753235609e-03 5.331091865065334511e-04
2.623807129616774914e-03 6.239545502516960105e-04
2.576386675267228372e-03 5.795945304089002940e-04
2.734463165680356498e-03 6.679693160651002269e-04
2.441468470840673765e-03 6.374537402983898203e-04
2.249243051914998938e-03 6.306844010552157924e-04
2.085633882129423258e-03 5.850570553402810155e-04
2.040128523334606980e-03 5.704744295571966299e-04
2.425284642956089184e-03 5.563459932905376847e-04
1.803497949307224886e-03 6.298383626750444792e-04
3.048243087844825991e-03 6.151545624034965212e-04
2.231842141452272145e-03 6.124731356043171520e-04
2.335123682838304709e-03 6.151733076037830487e-04
3.022678784216420098e-03 5.656324446525590709e-04
2.464564777639893269e-03 5.682697158867454357e-04
1.756627792158624258e-03 4.824237996051248417e-04
2.323650206526919719e-03 5.510758181875132292e-04
1.871597289153582606e-03 5.874250556624844221e-04
2.783507308364081834e-03 5.920552055603434550e-04
1.971365703490590097e-03 6.524463149091339195e-04
2.539648228456947623e-03 5.884128447663037470e-04
2.906746702241565661e-03 5.477928556105789853e-04
2.186189136174895419e-03 4.847875711828707277e-04
2.708911085749544662e-03 5.632018413198532384e-04
2.499573773509435048e-03 5.987493745102650134e-04
1.848601416905038116e-03 4.851784887693435838e-04
2.353419674162474367e-03 5.978823441712164755e-04
2.502658370000951805e-03 6.077795488261101241e-04
2.653613999102476945e-03 6.181618122199716110e-04
2.895862493115485426e-03 5.067829955293435325e-04
2.046034318186576439e-03 5.791073901668317148e-04
2.783091713755873105e-03 4.520741082725746713e-04
2.193078780834448096e-03 5.742609080839796961e-04
2.566113749284653061e-03 5.518587641656060245e-04
3.083795550963291769e-03 5.866374097844663299e-04
2.080875399629446114e-03 6.570582902282655433e-04
2.054833463408511918e-03 4.521690225491419024e-04
1.760564460915875398e-03 5.067690457160889134e-04
2.604555687356975742e-03 5.813262164575045462e-04
1.572522063270205290e-03 6.082380765323751499e-04
2.442988365014709101e-03 5.226589913350996848e-04
2.722334217167398946e-03 4.991821192653009016e-04
2.455305233978191063e-03 7.609681303328076933e-04
2.847601375094122381e-03 6.161528826318117330e-04
2.997200877620845565e-03 6.437406333706927660e-04
