2.283270259316465007e-03 5.598600034629249572e-04
3.262753668913424832e-03 6.456166564500814744e-04
2.874569178046649468e-03 6.406949372486181547e-04
2.363206643003469120e-03 5.266653535491031338e-04
2.721412543550498758e-03 5.783856547182521061e-04
2.927992791623201807e-03 5.866958922497203218e-04
2.064056226070139916e-03 5.825620789879367529e-04
1.816035126291208959e-03 5.330754279168280988e-04
2.702083091460510695e-03 5.467169522302515062e-04
2.668497371359982405e-03 6.158704122732183012e-04
2.538133828782086938e-03 6.497332863204332860e-04
2.814062351331353320e-03 5.737803605041579642e-04
2.105892990346745850e-03 5.944739524914961423e-04
1.947807146673345745e-03 6.341222618771688059e-04
2.374352609195774268e-03 6.643550879493147600e-04
2.853101051718210691e-03 5.555865264296519892e-04
2.058369769718856358e-03 5.292308391361628993e-04
2.899138311342549287e-03 5.682152727347455478e-04
2.447930057945341738e-03 5.872495284389101173e-04
1.942458844534805575e-03 6.694229079960960921e-04
3.162758894768372998e-03 5.801113626568123660e-04
2.509675276747311539e-03 6.230474929222301053e-04
2.100962763941310440e-03 5.797742985198074206e-04
2.488901991442451101e-03 5.994316865567269302e-04
2.287836047033120577e-03 5.798294777194716414e-04
2.576229113486853354e-03 6.078378662100670680e-04
2.079695045889331725e-03 6.083661023609490855e-04
2.966881126579144507e-03 6.520281907136751300e-04
2.764943158669632729e-03 5.644687899739201991e-04
2.621841041625179621e-03 5.429407571537455193e-04
2.143059028045649246e-03 6.766686934694091278e-04
2.623871022252973612e-03 6.409053718464687542e-04
2.421167814792320096e-03 5.452914825421923415e-04
2.521543423635713103e-03 6.173106366288312868e-04
2.424410515962286457e-03 5.561685068456822915e-04
2.104143095054356472e-03 6.031121595336983669e-04
2.057771352278426388e-03 5.452656814917441856e-04
2.808336408559739678e-03 5.575822626241530447e-04
3.328060490586184396e-03 5.616475367027976267e-04
2.245734592515671608e-03 5.565500085687075408e-04
2.410702551128058799e-03 6.320632810724739802e-04
3.525809183508212073e-03 5.592353116920442940e-04
2.640662282232716148e-03 5.897314004676356379e-04
2.526179261060067151e-03 6.566404127655190315e-04
2.109571287090207265e-03 5.856311954739447335e-04
2.740679194855884238e-03 6.916456831219349507e-04
2.391312733244334646e-03 5.477227755492109504e-04
2.638399038307922845e-03 6.776349548802673966e-04
2.821014823209535855e-03 6.213058846918257131e-04
2.622494181650910847e-03 5.568243375042032216e-04
2.512140381394876564e-03 5.352244422272892359e-04
1.889122013822149828e-03 5.437222180165537672e-04
2.974287435651310103e-03 5.844952458233835472e-04
3.301557894915459548e-03 5.403942749212212356e-04
2.769065427402122182e-03 5.752721715075319623e-04
2.553373238118822677e-03 6.263610613696403559e-04
3.059460115786950297e-03 5.949042107989971221e-04
2.127957952708751932e-03 5.882424305388693096e-04
2.702541941606640460e-03 6.168230990119793469e-04
3.408909117109087516e-03 5.974064634160301378e-04
3.069466011459688528e-03 6.609917123540795742e-04
2.368618452482085506e-03 6.091988352138094946e-04
2.721827852880550486e-03 5.764609294054758590e-04
2.040980553295209526e-03 5.122474281867586904e-04
3.664509067241933198e-03 6.388760534192838890e-04
2.286945243091996482e-03 6.352343519939231955e-04
2.824202996315688420e-03 6.096936538427586002e-04
2.740292915589344434e-03 6.261837013155956491e-04
2.691828603196068457e-03 5.795216782527031841e-04
2.741231324792475256e-03 6.259620719724796065e-04
2.066939179157867203e-03 5.324219317359781293e-04
3.463216237479047142e-03 6.937798393563425134e-04
3.151928148182162309e-03 6.051789071721397611e-04
2.683536635328726948e-03 5.075049481500387184e-04
1.955543727286751781e-03 5.974410433610546434e-04
2.899379367199082010e-03 6.350129538278552520e-04
2.133370988640274999e-03 5.644541101907838386e-04
2.890054662746080211e-03 6.872373021444660697e-04
2.127422415706642193e-03 6.517483867846324882e-04
3.148661774614700589e-03 7.007015745522719415e-04
2.687090321882715845e-03 6.043538314235780617e-04
2.046206742386649183e-03 6.225956451319362463e-04
3.111753313936746479e-03 6.551010154766015014e-04
2.268584391746440981e-03 5.859604404681448752e-04
3.005853862187671255e-03 5.992184001489748221e-04
2.140295680497617415e-03 6.683460740537922875e-04
2.446472054916101497e-03 5.887942284617331615e-04
2.374028699754162849e-03 5.923345712406883484e-04
3.724467691380851410e-03 5.981347580778678978e-04
2.512501467881886764e-03 5.758142474950742528e-04
3.381507063470345908e-03 6.111217385546775446e-04
2.783175092399804533e-03 5.829985074868133596e-04
2.261110621093258624e-03 6.617906918678686514e-04
3.256035894103380748e-03 6.454695486782740079e-04
2.570528194340676240e-03 5.531940512041407703e-04
2.845232883142892206e-03 5.940181022056612286e-04
3.461877086968736823e-03 5.912779289046414359e-04
2.426176170709934410e-03 5.640402758235713672e-04
2.474740627724385938e-03 6.223158022674770817e-04
3.310157723629256980e-03 6.209822266262591661e-04
2.971074780573034358e-03 6.633798717640012298e-04
2.549706801257353543e-03 6.422066019374410642e-04
2.432884916913293730e-03 6.212083705215418802e-04
2.210703684848400706e-03 5.881060378307099426e-04
2.314038004231475446e-03 6.293914870610713575e-04
1.952944275311018852e-03 5.331371066133799505e-04
2.895156676777086921e-03 7.041730613215735736e-04
2.340679264554616085e-03 5.703242062381866677e-04
3.123281974321252905e-03 6.513866133167168582e-04
1.942994619739563241e-03 6.110696135988590060e-04
2.589008444975562321e-03 5.679266397012444059e-04
3.123334630220725612e-03 6.388835987706162345e-04
2.782012868188550505e-03 5.554946205277958319e-04
1.671732811375590405e-03 6.067619404472229588e-04
2.128194965548329577e-03 6.046341388052403577e-04
2.472501047283066130e-03 5.830299423189507250e-04
2.244218658674777562e-03 5.435853677751825621e-04
2.945911737483354609e-03 5.414522538311264659e-04
2.651331013171738700e-03 5.674018829675467725e-04
2.868961972934034720e-03 5.856166510604774063e-04
2.914039540816326830e-03 5.001206743566993362e-04
2.152419381571479742e-03 6.107728919973888070e-04
2.399862078959616625e-03 5.793994769415997939e-04
2.771026860058111319e-03 5.371753811502273527e-04
2.290221554885805543e-03 6.403168034238162316e-04
2.971809821094992081e-03 6.331902981069712378e-04
2.148637880941996984e-03 5.944342416920571229e-04
2.809489243033290191e-03 5.889192817929793898e-04
2.722377618921324131e-03 6.545520154517581223e-04
2.398899014521516278e-03 5.901205874501700734e-04
2.446463192792709598e-03 5.709102301753692099e-04
3.137670283733600372e-03 6.074757659949007625e-04
2.497866866227233668e-03 4.870088742245053787e-04
2.574091225292366933e-03 6.273534977073439616e-04
2.595337322322534626e-03 5.851806354632620123e-04
2.291695739064050687e-03 6.873137372418293770e-04
2.862326727740436595e-03 5.609026562251251879e-04
2.628835397119722462e-03 6.058332461900135368e-04
2.078769246631429098e-03 5.434773827175630456e-04
2.426886129715942475e-03 6.758052220971196922e-04
3.345343724451579643e-03 6.257829959489229080e-04
2.442521540479003148e-03 5.691317722406434576e-04
3.010222047153380490e-03 6.377139624112746277e-04
3.076836456400972464e-03 6.025838383412994437e-04
2.916531993670886443e-03 6.389621459227467310e-04
2.069230110414089791e-03 5.743965166004956924e-04
2.823750608972418370e-03 6.863142815548941341e-04
2.168482191403146159e-03 6.029816404629803313e-04
2.052333681781095924e-03 5.957675907292898964e-04
2.186037465827500755e-03 5.949839990189022092e-04
3.273799258803813863e-03 5.803611916097599008e-04
2.493177158285746989e-03 6.171751123343745217e-04
3.085653800941575483e-03 6.523171999213644252e-04
2.763115635374634865e-03 6.586786964470396849e-04
2.226185890347632743e-03 5.283102827087442612e-04
2.841844666299808350e-03 6.123544342081186373e-04
2.279291667689954237e-03 5.871277158099256609e-04
2.103317642496253196e-03 5.807418649298489496e-04
3.243377646675421524e-03 6.505850566477201172e-04
2.655329767357115026e-03 7.031732728860538937e-04
1.897103328513473396e-03 5.933945765814787601e-04
2.290415448518414755e-03 5.807630932974405021e-04
3.065382081538317940e-03 6.673223246714369032e-04
2.484226521988487993e-03 6.118789541673110791e-04
2.031434638764088429e-03 6.583871420363404496e-04
3.317091507404974684e-03 6.313765964155546462e-04
2.602116196113330674e-03 5.381022044959729361e-04
1.718473578812477641e-03 5.763433738557969003e-04
1.910734469240511768e-03 6.342688225628921551e-04
2.934253359152739615e-03 6.166877971930858357e-04
2.186882023769228574e-03 6.362462392970730761e-04
2.339092457716818087e-03 6.389296890611488458e-04
2.486767510792223593e-03 6.070131906241965462e-04
2.732048658692484613e-03 6.373139006165927248e-04
3.057279429947639977e-03 5.738478850511773621e-04
2.664776703225475458e-03 6.232882756522080360e-04
2.302623302576601964e-03 6.715120548307475581e-04
3.015040788114508197e-03 5.476023033497877867e-04
2.419027269738808356e-03 6.680800230268558538e-04
2.324709929386336877e-03 5.502091873570092101e-04
3.005900529375883125e-03 5.835109086243728737e-04
1.965952116552682847e-03 4.498757785761432521e-04
2.044796792434683610e-03 5.579351398092909520e-04
2.024539558335465648e-03 6.275852245768929463e-04
3.105344607604093241e-03 6.724176573314244497e-04
2.438985528816630093e-03 6.104760597199578075e-04
2.941228207879435612e-03 6.574767163879440207e-04
2.164283342403068491e-03 5.127476068517314387e-04
2.231299559020609273e-03 6.034179028007245586e-04
2.789282896235836980e-03 5.934192344006439463e-04
2.839510899575371609e-03 6.203337422788473676e-04
3.068100473361692979e-03 5.860562014500285887e-04
2.206966960991948654e-03 5.483672263352304139e-04
2.649399826254061462e-03 5.158935233233741258e-04
2.611991193794386493e-03 5.556861673187925071e-04
2.882305670194589432e-03 5.879793446504111591e-04
2.101897086633853443e-03 5.827715648687974018e-04
2.013248086514391171e-03 6.617391524667507602e-04
2.302311498454626126e-03 5.773702078468187591e-04
2.437062484440010498e-03 6.197944562842697082e-04
2.751616767424911510e-03 5.952299276585333934e-04
2.068785649961676128e-03 5.822821288349161982e-04
1.927457441765080721e-03 5.914366372226293519e-04
1.985830184788390379e-03 5.596209369383068179e-04
2.802221645626586620e-03 6.420939226181594361e-04
2.765005847230368394e-03 6.168153553842351108e-04
1.983569035522902459e-03 5.587062124975287558e-04
1.843708778138599238e-03 6.218491469910579451e-04
2.111405941171476484e-03 5.817841776870638594e-04
2.670076534461380494e-03 5.730689303885003281e-04
2.636386398247115952e-03 6.518162928167480028e-04
2.545419209890942887e-03 5.772222459269781740e-04
2.658700461525894711e-03 5.860493710184135280e-04
2.228728029529252006e-03 5.738310591975315494e-04
3.198478255219646457e-03 6.194328593696151299e-04
2.996077550051419111e-03 6.498696902636173908e-04
2.553317403862288490e-03 5.649697214165278793e-04
3.287239180703301674e-03 6.253910487577843662e-04
2.799546382122714092e-03 5.689977710116040765e-04
2.217626751264629385e-03 5.797943606859952978e-04
2.773687422149838898e-03 5.685394260444134656e-04
2.496181361897460878e-03 5.964644386996576560e-04
2.347538151080075675e-03 6.206264512642379900e-04
2.261795116538234830e-03 5.525781969684438006e-04
3.276977998077823442e-03 6.415724708669389483e-04
2.779847381657069016e-03 5.289319375724405373e-04
2.513951574607703379e-03 6.187921528297815523e-04
2.781237545502409075e-03 5.387498618991521347e-04
2.724900575072168422e-03 5.474121935950777363e-04
2.305183873668785900e-03 6.156036758537757709e-04
2.242263780666666709e-03 5.403139814698793833e-04
2.462138173051105564e-03 6.532488957309505028e-04
2.533407455931603776e-03 6.381547733672489732e-04
2.385529027181389899e-03 5.836457935631560916e-04
2.535241758586423422e-03 6.116765611203987514e-04
2.690944126362625026e-03 5.847075906220953502e-04
1.963480171695162080e-03 5.334336002110908305e-04
2.459018461757009246e-03 6.627790633349178815e-04
2.277434164744465521e-03 5.428663218659016913e-04
3.033544255607326968e-03 6.230438836088719344e-04
2.078634686947283556e-03 5.816873979719632210e-04
1.897926123069232840e-03 6.056460509845917059e-04
3.323559169504593323e-03 5.344456079100738796e-04
2.715490874534153085e-03 5.562824826148495168e-04
2.980281090917387757e-03 5.800436601460768303e-04
1.711224755795031716e-03 6.171905914890837234e-04
2.728389269213742346e-03 6.024255120143733565e-04
3.766505217942173710e-03 6.820288948873481395e-04
2.139396135648575278e-03 5.950075876843256189e-04
2.018730986359344292e-03 5.895323568904869234e-04
2.430416527519554427e-03 6.252525071314205939e-04
1.977356586605116470e-03 5.410461950015610106e-04
3.074706061945094420e-03 5.744341122751073659e-04
2.025298260790290867e-03 5.374260026331234563e-04
2.813233472287892875e-03 5.544101988160666638e-04
2.445502438638092434e-03 6.524071430198452376e-04
3.339226663256752298e-03 6.313289854628464275e-04
2.421280862660373737e-03 5.536826571033889562e-04
2.689706949842890580e-03 5.951753153512569141e-04
1.975698472763169448e-03 6.551127111823972730e-04
2.194489965624392934e-03 6.101551315232246319e-04
3.903024245291276603e-03 5.961121317991046036e-04
2.277011102074777676e-03 6.615639525763683656e-04
2.198530031679519006e-03 5.930799709848277434e-04
2.715706459539731377e-03 6.651374169214331394e-04
2.805578396745118074e-03 6.439149063489612570e-04
3.091810561823074999e-03 6.326399209911419104e-04
2.996524879059507887e-03 5.635946340566217122e-04
3.465466008646381300e-03 5.731409692062471375e-04
2.841664665578603772e-03 5.980290978512526300e-04
2.927639933130114086e-03 6.466870637772454853e-04
2.342467970682149663e-03 5.532056146896397646e-04
2.561457482539754305e-03 6.032262554335267616e-04
2.332436722663625353e-03 5.880110718402246786e-04
3.140087127136148570e-03 6.425535427079026238e-04
2.323307329308068377e-03 5.642549932225887372e-04
2.662309348873196681e-03 6.013048650502925618e-04
2.273467308642810897e-03 5.739991699783349600e-04
1.632199816607506852e-03 6.205191880747472225e-04
2.138594779275962941e-03 5.083559650877996546e-04
2.269886089542102938e-03 6.608023121595299346e-04
2.331073264814046905e-03 6.151620027461558856e-04
2.379931309208685192e-03 5.705845375636371154e-04
3.257519146915424223e-03 6.680392224850166755e-04
1.849974712879210847e-03 6.309763106411736978e-04
2.308882702958530743e-03 6.076118411946179569e-04
2.539154172918383669e-03 5.230263508091262175e-04
2.148465508950262153e-03 5.740434568781316738e-04
3.199952201710700057e-03 5.663475553291207184e-04
2.400316540803247665e-03 7.421926486319027714e-04
2.784213648446962584e-03 6.102094437959954074e-04
2.793982178722620446e-03 6.358538950265531144e-04
2.715800542065069465e-03 6.167684477027765046e-04
2.774463464792781102e-03 5.620022011144870742e-04
2.698676720568821737e-03 6.597449791025189816e-04
2.124953394251057753e-03 5.228892192883324071e-04
2.543684619371437000e-03 6.079600863358091073e-04
2.619584529735931658e-03 5.813285945615131838e-04
2.417611686390532151e-03 5.450748798471470634e-04
3.520069282407733285e-03 5.620243922751144618e-04
2.622958634586751089e-03 5.813521575542703436e-04
2.430346107460349542e-03 6.050997429830486758e-04
3.039413365841013657e-03 5.926560450380329807e-04
2.849355277609298426e-03 6.222120661733618460e-04
2.429228007966023530e-03 6.020729052339255163e-04
2.339606618788228273e-03 6.473662019790740046e-04
2.905033145033258848e-03 6.009341670295924309e-04
2.452076473463339363e-03 6.516218112138235600e-04
2.818994291422150748e-03 5.768829355226840839e-04
2.727607538449686262e-03 6.473891660600795918e-04
2.083733544150298544e-03 5.767668481846220793e-04
2.050994579515093025e-03 5.142853435235868144e-04
3.094902699923106088e-03 6.344088454491638449e-04
2.739171526319895533e-03 5.840749974844099222e-04
2.802064786932470953e-03 6.156290745441892051e-04
2.664144868498940534e-03 6.741802929397722926e-04
2.186661353986134142e-03 6.041009718735255518e-04
2.282239943252425528e-03 5.435394235708678346e-04
2.242866696946220831e-03 5.991535162531520450e-04
2.568177878151382820e-03 6.329882562378025875e-04
2.323610743867346885e-03 5.475999178678935203e-04
2.193128750320379097e-03 6.186820304960855390e-04
2.327301778086974561e-03 6.547235116367660073e-04
2.682373161635482825e-03 6.115956991845443967e-04
3.228168681208438626e-03 6.162628492107153277e-04
2.624657886963317754e-03 6.584216543518160757e-04
2.111423518598607926e-03 6.983567718592387620e-04
3.576090186877528727e-03 5.459944154990268445e-04
1.933902223471866159e-03 5.863937869080254432e-04
2.981544126903522447e-03 6.839615205985375519e-04
2.542238537713933759e-03 6.369285707002354802e-04
2.517102330088063881e-03 5.858008467674631495e-04
2.099041667570300963e-03 6.032610107174729260e-04
2.877758288125605197e-03 7.111069747381815317e-04
2.075803529565126322e-03 5.770450933832793963e-04
3.145244328264347293e-03 5.764125212754421870e-04
2.738334290782074021e-03 5.445281016462998449e-04
1.699172042715794322e-03 5.940617806939693267e-04
2.310123116590948999e-03 6.478251876979958029e-04
1.889014142852054462e-03 6.455430840482338090e-04
2.445006730454308153e-03 6.379768326305913784e-04
2.534685296902183457e-03 6.374377318040531492e-04
2.352738487719605639e-03 5.076300533657948730e-04
1.719169878990418855e-03 6.642301090883000539e-04
2.252467700298517710e-03 6.713533986847174768e-04
2.830714863263877716e-03 5.699597550165224832e-04
2.751410925381449126e-03 6.341013901390294598e-04
2.277576777888663979e-03 5.674900303357652883e-04
2.695580962814930152e-03 5.689040229525925852e-04
2.641976212528271764e-03 6.130369114916109927e-04
2.322917335036952038e-03 5.399934663989638343e-04
2.958784933802048600e-03 6.026546963718823523e-04
2.496723284365546906e-03 6.019635214146125055e-04
2.048192417289471535e-03 5.901430422364400442e-04
2.228426888214127179e-03 6.011615425004196000e-04
2.863237624388691605e-03 5.878215728939429870e-04
2.197164439608587962e-03 5.464778623840297125e-04
2.087331833659529425e-03 5.327331780531220206e-04
2.379018898458814396e-03 5.808795088943499111e-04
3.143636417150105691e-03 6.438541167787039136e-04
3.370612623762029702e-03 7.237569963178153458e-04
2.390898692302473837e-03 6.158127888756811203e-04
2.494372480686037757e-03 6.902221030035651968e-04
2.560386345758131326e-03 5.552669930470686271e-04
3.155804691338618632e-03 6.409095190629766816e-04
3.029783849240475120e-03 6.460934587189770106e-04
2.649793114511892270e-03 6.036892515835430876e-04
2.702852858948920616e-03 5.749379044470040272e-04
2.645464902395997485e-03 6.450703355460872014e-04
3.595819761670325434e-03 6.383483785224715670e-04
1.628952431558096034e-03 5.917103301422764298e-04
2.166335211606206651e-03 6.119989168540398376e-04
2.273487376196461386e-03 5.419697071119925500e-04
2.780485615512872950e-03 6.098886669521976249e-04
2.620044788860993647e-03 5.713270285901710837e-04
3.507991580615728040e-03 6.476809829755094533e-04
2.721209805758276548e-03 5.658059596044305931e-04
2.221274363333346560e-03 6.378653629297623530e-04
2.298393853106016523e-03 6.426446843890013579e-04
1.810443531641471636e-03 6.155804237162595732e-04
2.192751318402917475e-03 6.218842447117406283e-04
2.084100819856906078e-03 6.783700697781788660e-04
2.235643038588171552e-03 5.642181942892245854e-04
2.616193728057197160e-03 6.301561741724876192e-04
2.067887280994890140e-03 5.809685953027918280e-04
2.184847324772446094e-03 5.300947034838074997e-04
2.101741365392945787e-03 5.592607059924306493e-04
3.273848165805591254e-03 5.915309991265173565e-04
2.986333459356910018e-03 6.135223997566178079e-04
3.061287961098097584e-03 5.805644648221599223e-04
2.889240200518629429e-03 6.657916212674172812e-04
2.885130903313150048e-03 5.535673456586835683e-04
2.362910045567413742e-03 5.846512463955704474e-04
2.830081075292122713e-03 5.458987867724841413e-04
1.995758753941146747e-03 5.505157743303954951e-04
2.532518897474484582e-03 5.854788357865275050e-04
3.250156170605317339e-03 7.362130344933959800e-04
2.694407233548583910e-03 5.884660739922309078e-04
2.730037984814613801e-03 5.919842736981445952e-04
2.699625281333234254e-03 6.382105377434906359e-04
2.317464767036488561e-03 5.142641551275707905e-04
2.741105487378479345e-03 6.385323527261898679e-04
2.607154818542920492e-03 5.409425362010881816e-04
2.553967094043852436e-03 6.487285634611514350e-04
3.041961730227229956e-03 6.592165189476842076e-04
2.656009428760693590e-03 5.548880949533076040e-04
2.576443588082026528e-03 5.281066465001019086e-04
2.362267251212567601e-03 5.762332335359294155e-04
3.636578315155990400e-03 6.039727326486609609e-04
1.994702825516463020e-03 5.954710185880557685e-04
2.714760940841642965e-03 5.553468637606425113e-04
2.289236853026998045e-03 6.867477223988311058e-04
1.884388860913965413e-03 6.513145522083571169e-04
3.052080706262299062e-03 6.447678385496946087e-04
2.297218979946201618e-03 6.264999143862265462e-04
2.609858969313177957e-03 5.944824886213980267e-04
2.214299448240243835e-03 5.733169486328599119e-04
2.782844379108167631e-03 5.744973935001259149e-04
1.836281541361781079e-03 6.773987459148753934e-04
3.028653592358809214e-03 6.226435565419949792e-04
2.729381875705818531e-03 6.461443879888753745e-04
1.935543423488895933e-03 6.139805278899921085e-04
2.147857820738383917e-03 5.763744225724622052e-04
2.468595405834455529e-03 6.285686316112517203e-04
2.305179171597632887e-03 6.056539518174131314e-04
2.316481003704374490e-03 7.284857557867250493e-04
2.522406100031938502e-03 5.293077478641436797e-04
2.503047194823362735e-03 5.383835449701122487e-04
2.926604601413339019e-03 5.980995294496868316e-04
2.164003588065531013e-03 5.484810516787105416e-04
2.270460889813694701e-03 5.660563508927808716e-04
1.980790331250752156e-03 6.066829669096663637e-04
2.630699311219367783e-03 4.611208190275257893e-04
2.335276311262539026e-03 6.105200251466551872e-04
2.969895194842556325e-03 6.016313377161995558e-04
2.433819035228353047e-03 5.536840977743414998e-04
2.344876355118031847e-03 6.219394118747465037e-04
2.184416692007790702e-03 6.233556795792530303e-04
2.138400083704096975e-03 6.051161175146659108e-04
2.439466981783724141e-03 6.218567371408358427e-04
1.828924013978302674e-03 6.046921211392181127e-04
2.729866035719513348e-03 5.381248208392045091e-04
2.242980048363449851e-03 5.647943555535861124e-04
2.127092569990557489e-03 5.866236334919978836e-04
3.366527509699316408e-03 6.453868558079063839e-04
2.186722560097069737e-03 6.153617983491249058e-04
3.077028169169000304e-03 5.763163116786837329e-04
3.062075150885889326e-03 6.444274175491675931e-04
2.529402297975078678e-03 5.909534237496392919e-04
2.579155944696801765e-03 5.848020544043031543e-04
2.510257725697851317e-03 5.828709585671686556e-04
2.781623541871356374e-03 6.339311528803871819e-04
2.638752075214253947e-03 6.242699750163145352e-04
2.474620786913025051e-03 5.462227371587260582e-04
2.519315411582005292e-03 6.009675985562902469e-04
2.042939543273870028e-03 5.608062186137664773e-04
2.427279221357337910e-03 5.846555222791336836e-04
2.209799100446745677e-03 6.333026324318291036e-04
2.231583472461216508e-03 6.263247874860306376e-04
2.572805612282082297e-03 5.579890051017343021e-04
2.747929849772307725e-03 6.132697066645979855e-04
2.178981592080447578e-03 6.439821587307775199e-04
2.876460868505309292e-03 6.540112098117704118e-04
2.464849114450510994e-03 5.745292928190529145e-04
2.306745334602190375e-03 5.962009883451365984e-04
2.646412833934348122e-03 6.220674709159847203e-04
3.041383902264122290e-03 6.612967674948134903e-04
3.437112704863329576e-03 5.363018581543587586e-04
2.078864112189138334e-03 5.584974989321162464e-04
3.072516550144644646e-03 5.831680527246237231e-04
2.726056803194265143e-03 5.833825907953183940e-04
2.625426087110965291e-03 6.120714837760974714e-04
2.874549689235492145e-03 7.009027449753914805e-04
2.243374867405180904e-03 5.808622655175782164e-04
2.744122086624215928e-03 7.150598118433384174e-04
2.304481505880826529e-03 5.159140277504760917e-04
2.958968995513482168e-03 5.954787896528672712e-04
2.586669559862984306e-03 6.466502433425158668e-04
2.446563475665748232e-03 5.567004306587160787e-04
2.341800899551175520e-03 5.897477058795431342e-04
2.434860430705650895e-03 6.191737089288275233e-04
2.839678308122210466e-03 6.326772737092265083e-04
3.526023600276004342e-03 6.107585216498928604e-04
2.780745427923921823e-03 5.909711244019518785e-04
3.037812905605131227e-03 5.615354797990746534e-04
2.468365065325659521e-03 5.619950435559058731e-04
1.839180262730412234e-03 5.734271169564339552e-04
2.322234622419950927e-03 5.367332924711532656e-04
2.197350074454540447e-03 5.719955213133843348e-04
1.778907085386248130e-03 6.248040736908047231e-04
2.517393179604963862e-03 6.227990420553501400e-04
3.162578911123205185e-03 6.715379362197309090e-04
2.630761226607863674e-03 6.486724990606737400e-04
2.172672264698023107e-03 6.382243594156919312e-04
3.491716882861478979e-03 5.687984235967257548e-04
1.913137506668782318e-03 5.733078194884643972e-04
2.008259701341757325e-03 6.303618288748407978e-04
3.004431725935046999e-03 6.307673210307942471e-04
2.581957202216066550e-03 4.929721260387812413e-04
2.217392323361414355e-03 6.590696123741532049e-04
2.385166255274791952e-03 5.753929355170200616e-04
3.027877492606450421e-03 5.430501592114424236e-04
2.092775522199743794e-03 5.368240337598608825e-04
2.234236622684149590e-03 5.711219960945830738e-04
2.817360197586576964e-03 6.696371501765605852e-04
1.976488437200840838e-03 6.014173332143383155e-04
3.166778721411807329e-03 6.288517630224500603e-04
3.183478802400932159e-03 6.941905163142592702e-04
2.179110541730817051e-03 5.404718240892582553e-04
2.493308639258029827e-03 6.146917885397122595e-04
2.357054308400296973e-03 6.047856368991009948e-04
2.142997871157785884e-03 6.396665270290359702e-04
1.926007325901334111e-03 5.682959214844941981e-04
2.007565229605987652e-03 6.123640947821389589e-04
1.969596261168172699e-03 6.554942285354302270e-04
2.952335307064162667e-03 5.953448211453411061e-04
2.615194283428071316e-03 6.285425503347498314e-04
3.031573530105177716e-03 5.815252338372485551e-04
2.076881594331064871e-03 6.998668551020406593e-04
2.714522772313076801e-03 5.734197705434207698e-04
2.881320803578943986e-03 6.010912849392025447e-04
2.818609557982460715e-03 5.933098381192856508e-04
2.200432231494629017e-03 6.146997633557582880e-04
2.698802048666180606e-03 6.050781695287476983e-04
2.334470467182716506e-03 6.341117576107709129e-04
2.577941548560161097e-03 6.357061255414296706e-04
2.429155202740627354e-03 6.290129205510785896e-04
3.382281014139714142e-03 6.433324325794307578e-04
2.548973681361711360e-03 6.162312147800197946e-04
2.083161925783645098e-03 5.735623167313928577e-04
2.050163410002793247e-03 5.745646610340879919e-04
2.625254774761850204e-03 6.372965882871155056e-04
2.582126975163207688e-03 5.946471435311304629e-04
2.408529168306511488e-03 5.415076828953705596e-04
2.447611433395467662e-03 6.023863813114512748e-04
2.802903813698218432e-03 5.639519673856312719e-04
2.616205728667285717e-03 6.058929126675767322e-04
3.105684157299352412e-03 6.499900628786168394e-04
1.997082816803426829e-03 5.939702070606225339e-04
3.443867587433980561e-03 6.041559515050179971e-04
2.642981525919846711e-03 6.353332387534904721e-04
3.161707589398777326e-03 6.996409334608199963e-04
2.675655703313018809e-03 6.582627502815852939e-04
2.753577657826571969e-03 6.117260906434777946e-04
2.991097996180594899e-03 6.211393937424095979e-04
3.163357205449695338e-03 5.973023411668878938e-04
2.646308176527798449e-03 5.600873326235973051e-04
2.223072426493196210e-03 5.708863304559670020e-04
1.973964984375066629e-03 5.929443291044118880e-04
3.313968067941916451e-03 5.502772258393097676e-04
2.745423347978984911e-03 5.889057601607435152e-04
2.486356515122703503e-03 6.192313265857503400e-04
2.864524478096541760e-03 5.660261754348651668e-04
2.754304598531008563e-03 5.941415352816411307e-04
3.434829684330825868e-03 6.469645142564503385e-04
2.400669055614652013e-03 6.229070885168444798e-04
2.935935677715203161e-03 6.045480199311912455e-04
1.946334973009187196e-03 5.486420642177158987e-04
2.653424501911395839e-03 5.861228089171334824e-04
2.815382154955668043e-03 6.263340943188100158e-04
2.984223517880937610e-03 6.104230925302584322e-04
2.529817730886167737e-03 5.395119142499532009e-04
1.745390766178706293e-03 6.166187018420000825e-04
2.679641709089131997e-03 5.916584451601847620e-04
2.319334641298996264e-03 5.718992133676535769e-04
2.983726943830743508e-03 6.210304162920169801e-04
2.432777798492322726e-03 6.019509901523067931e-04
2.297233452476050639e-03 5.890243459181524702e-04
2.116860523942998284e-03 6.256611327951794874e-04
2.697348515594418308e-03 6.199758067385431962e-04
2.898640185580327652e-03 6.107116327343536282e-04
2.518301432016552006e-03 6.105664577876504474e-04
2.201602980334351443e-03 5.623346289275014953e-04
2.241331084459882717e-03 5.514920303462149051e-04
2.861771427012543313e-03 5.980647143769924961e-04
2.472064840494917100e-03 5.088208196175377906e-04
2.703357945310210300e-03 5.332191027024045559e-04
2.070081329659116502e-03 6.126469010415859636e-04
2.468584950998890110e-03 6.279467438172821759e-04
3.774786348619097592e-03 6.704874598192752050e-04
2.597738457371411187e-03 5.463764482426904708e-04
2.457936237517919370e-03 6.101532512711428874e-04
3.020874383472163093e-03 6.734691463265097188e-04
2.368090306042344891e-03 5.601865834945374701e-04
3.543431906866991755e-03 4.981743519219374375e-04
3.372135042010738701e-03 5.654243079460922637e-04
2.262348206470256220e-03 6.008206208698819387e-04
2.513331494780204813e-03 6.034675931470096996e-04
1.425775008547632656e-03 6.717153341751507965e-04
2.353204352414412989e-03 5.727819193786979181e-04
3.391911277490469896e-03 6.264528091825124437e-04
2.296297571617342530e-03 6.091893600888895850e-04
2.465028711702578566e-03 6.745660461081484736e-04
2.475405834024319626e-03 6.027418697100826598e-04
2.359420167843168711e-03 5.275645250760773505e-04
3.069807097141166122e-03 5.751816447589211878e-04
2.014622266362136541e-03 6.094002058855163854e-04
2.780474280555633639e-03 5.246339982638704817e-04
2.663054349483491394e-03 5.665909485394922396e-04
2.993145972951361412e-03 6.828007357356438581e-04
2.805657700009539512e-03 5.874365780215881584e-04
2.912126541381346995e-03 6.037647768077600589e-04
2.347657431220115994e-03 5.266833268706592412e-04
2.973541354339223012e-03 6.269265980947862429e-04
2.410265412599917317e-03 5.362913037353393350e-04
3.067031554841535574e-03 6.208996937273450522e-04
3.194195329493651047e-03 6.272565712439677910e-04
2.869560960032674617e-03 6.465648689261081208e-04
2.152083499528399928e-03 6.834863241146269235e-04
3.196235225969294887e-03 5.532414036256869073e-04
1.734969348251770788e-03 5.377105923269179287e-04
2.396957072092668981e-03 6.138995557527996815e-04
2.142850140315287998e-03 6.538989160943872855e-04
2.410970061538461520e-03 5.083040035608308877e-04
2.560076729788517049e-03 5.966317686265396134e-04
2.954776477592837777e-03 5.846799205527556092e-04
2.871206625542901611e-03 6.153257775896854662e-04
2.503362808490035632e-03 5.257733469263739089e-04
3.690803470927084100e-03 6.013157169891266514e-04
2.181087831406454489e-03 5.676106683930514860e-04
2.557372245044165545e-03 5.923386011276988126e-04
3.752276574047410870e-03 6.485202641978873948e-04
2.610651949855971078e-03 5.943694366943583825e-04
2.600131054221140915e-03 5.555550560725454811e-04
2.202096109934758954e-03 5.948925120301266000e-04
3.389360329415951230e-03 5.676643327104328313e-04
2.561973705030149654e-03 5.890476401314917454e-04
2.767151102990784550e-03 6.348970598305666516e-04
1.932336531980110563e-03 5.405990193026258012e-04
3.288563515619240436e-03 6.045507730911222916e-04
2.281717648626838818e-03 6.021391410006879212e-04
2.503607513367152749e-03 6.188959589549932697e-04
2.072362616616604900e-03 5.094025591417188732e-04
3.183822952675781793e-03 5.711761158868381653e-04
3.284652064144855110e-03 5.969683731090654746e-04
2.466414718928443793e-03 5.932218089131651882e-04
2.328487298336977263e-03 6.362240707912071103e-04
2.131410015982790427e-03 5.649387037655966524e-04
2.529818384727437058e-03 5.635379518109076731e-04
2.751343256947945837e-03 5.554421146897071254e-04
2.601538976718865970e-03 6.303868728354562875e-04
3.472058281781559980e-03 5.975158375869972244e-04
2.774441389610182544e-03 6.312606906579734363e-04
2.230560802090425249e-03 6.409584053177631423e-04
2.826070546517504400e-03 5.651077742391334398e-04
2.087257772397033400e-03 6.122321463663915435e-04
3.031942402518795782e-03 5.444143861640450858e-04
3.140525610589333348e-03 6.054892307877660302e-04
2.740164392812019685e-03 5.265014412577140356e-04
2.919150760545743701e-03 5.652453518741832467e-04
2.643515836951935202e-03 6.935095776499299817e-04
2.166711344913994485e-03 6.459323584627184875e-04
2.928862883803715067e-03 6.912498145515546871e-04
2.702278991324000984e-03 6.318429484440255461e-04
2.012901544015227931e-03 6.238087367741177369e-04
2.380636252740189231e-03 5.395536720277352340e-04
3.409966097349649995e-03 5.683196208638776345e-04
2.816043825256694857e-03 6.308040136706021938e-04
2.193166932598024279e-03 5.763233804472334002e-04
2.424449371471738314e-03 6.003815550843620303e-04
3.126383019776440841e-03 6.221679129077956581e-04
2.860556078695718554e-03 5.482227085055370189e-04
2.853652455711943800e-03 5.346768535002894207e-04
2.435194477656979842e-03 5.648079246073491955e-04
2.362991395320281334e-03 6.560184140717247904e-04
2.654804466326320632e-03 5.858070200222476780e-04
2.776414404233143538e-03 5.833886506804134182e-04
2.399836103873602237e-03 6.983319697440650573e-04
2.248282883474996604e-03 6.252393094139910464e-04
3.558931256525211650e-03 5.682230145783644191e-04
2.350657963345921184e-03 6.665278312519875821e-04
2.311959411392899930e-03 6.850799303164966953e-04
3.333227895895576713e-03 6.721293999946602662e-04
2.595624626194904892e-03 5.891867762386500786e-04
2.188861485291469615e-03 6.312731565896040342e-04
2.787521016750414693e-03 5.871334983475639440e-04
2.449898618575278939e-03 6.151790115128913210e-04
1.792698616690949947e-03 5.410839267733927663e-04
3.029118802524053203e-03 6.391380063061703537e-04
3.198215362354850464e-03 5.282051058996773893e-04
2.507477002313328058e-03 6.130838454409908139e-04
2.282121549586122074e-03 6.127787698332863315e-04
2.339567434938481794e-03 6.157505984600435437e-04
2.485522101959234884e-03 6.557345941369561526e-04
2.022122569891991566e-03 6.445581953616921463e-04
2.636896388442964111e-03 6.729824631664679899e-04
2.553573447674835524e-03 5.448146008228035289e-04
3.323815652547477354e-03 5.969428778390674329e-04
2.463159833641783997e-03 6.297213373397693697e-04
2.919404338651425922e-03 6.737296585585092392e-04
2.594040634073987907e-03 5.888937117906315908e-04
2.066854025861390633e-03 6.051227513550984025e-04
2.809888607963652047e-03 5.682837325916969889e-04
3.329672481611839919e-03 6.311511530195460786e-04
2.626996237821733592e-03 7.136174784928310186e-04
1.866485299651611442e-03 5.522579259055344350e-04
2.715012720518914218e-03 6.640174993763783926e-04
2.440992780018598225e-03 5.998304458904632052e-04
1.939012660315928612e-03 6.630343401878592818e-04
2.116838109032683282e-03 6.003509817749933712e-04
3.030803254090202754e-03 5.907142467799609371e-04
2.523380338784392447e-03 6.350727840283579501e-04
2.371043499615406100e-03 5.510526631027584752e-04
2.730094977190693998e-03 6.047028758611366949e-04
3.519102943821777758e-03 6.541678059146825231e-04
2.401735826543838909e-03 5.661852956468899729e-04
3.697351675761093113e-03 6.309003149182494576e-04
2.857392267880321489e-03 6.537797619868742629e-04
2.451629797719146256e-03 5.547570915498041023e-04
2.448724209580306014e-03 6.225325376068241521e-04
2.081456001138046446e-03 5.258264117777010924e-04
2.745504731359011286e-03 5.666496958701805042e-04
2.293952915763952660e-03 5.622780253683273789e-04
2.292376996376001286e-03 6.259583519624628903e-04
2.819234972564707911e-03 5.910748008749838701e-04
2.465617947604189803e-03 5.579322038306565876e-04
2.659478203803397611e-03 6.030412760295015715e-04
3.034344579170230888e-03 6.223021701115368691e-04
2.447788774783726112e-03 5.396737237239206987e-04
2.969356486164856888e-03 5.963050396077309310e-04
2.698860877492291910e-03 6.125786064830734132e-04
2.959195314104055667e-03 6.111924690686419866e-04
2.889821567600032830e-03 5.818416501826152547e-04
2.519470693732441934e-03 5.799023386341477194e-04
2.843783739882265599e-03 6.730455458656330135e-04
2.742194181693996102e-03 5.644813154037127282e-04
3.183425263899133592e-03 5.531112458547191892e-04
2.447924811761102108e-03 6.232355330086658280e-04
2.194792731188002603e-03 5.599995938553411394e-04
2.043477403284532645e-03 6.115931893384088944e-04
2.552417517644647166e-03 6.042170087950906243e-04
3.726670120555327509e-03 6.573395147133579298e-04
2.757798239639464629e-03 5.220323931904782963e-04
2.576087949600513582e-03 6.357007544785626355e-04
2.456344380996396820e-03 5.754432515260973942e-04
2.487384266189943387e-03 6.208965743905309198e-04
3.427528904461365610e-03 5.932205631573637212e-04
3.605695272842764781e-03 6.756196248225620950e-04
2.083729487313981145e-03 5.551655076020793351e-04
2.347313976126074245e-03 6.136152148423350836e-04
2.868992108909562255e-03 6.379791240527259892e-04
3.228399766158223955e-03 5.801621266501421487e-04
2.647713736119285208e-03 5.590091954459251375e-04
3.080992351867332859e-03 5.342915934476689336e-04
2.789511894578231097e-03 5.891177879278064466e-04
2.688684012975582627e-03 5.528815736839195636e-04
2.348039332656181796e-03 6.046302938917531540e-04
2.336440495476696522e-03 5.740194601880142626e-04
2.451016213673465512e-03 6.377712225339046909e-04
2.765620180328808627e-03 5.571607179162216001e-04
3.591913739863684171e-03 6.125206575380176023e-04
2.276819279423903525e-03 5.271156486360012309e-04
2.823866613663423425e-03 6.025501897615002239e-04
2.734132319001035451e-03 6.146994680828903913e-04
3.446527881646760383e-03 6.496204572729136033e-04
2.863177015838323011e-03 6.181792769359063409e-04
2.138850116295756745e-03 5.815078104151101155e-04
2.091089332538779901e-03 5.982456400100444891e-04
2.275494608595700179e-03 6.210009190103238114e-04
2.337232339066979640e-03 5.975162739995242174e-04
2.534499776430092048e-03 6.930616947504200870e-04
2.337859512311176412e-03 6.017442018338071312e-04
2.779315881834301411e-03 5.796223153680039701e-04
2.359135446078770761e-03 6.840738093384395773e-04
2.543102203429470961e-03 6.203415736199031525e-04
3.040681830722070066e-03 5.580157985930716928e-04
2.407669037488516933e-03 5.779006053583380081e-04
2.564157078722967883e-03 6.195444012542986436e-04
2.233801334438911997e-03 6.350951472569175060e-04
2.548493636485043689e-03 6.266911801178804298e-04
2.881146881882434927e-03 5.426281458871539971e-04
2.552509781722103830e-03 5.984919322608381201e-04
2.209018814913551228e-03 5.301848723439464865e-04
2.228678147687906605e-03 6.585748983335333075e-04
1.939777014441029703e-03 5.611259196497887141e-04
2.040508804327153831e-03 5.255322512789757042e-04
2.921786622862769175e-03 5.366475295592325247e-04
2.605708555324298247e-03 5.010773462820962594e-04
2.460980980688330221e-03 5.491916527419376300e-04
2.226534013457185084e-03 5.540632491662142835e-04
2.639713478262863903e-03 5.542402397989937106e-04
2.937670547136982720e-03 6.314999049436053951e-04
2.187438821554058173e-03 5.821577510755916165e-04
2.583592001235628360e-03 5.883068339072104573e-04
2.713458958414989922e-03 6.055650842891171018e-04
2.532470168011909713e-03 5.352143753184541606e-04
2.750246349481668025e-03 6.236456080920702244e-04
2.695133061267303894e-03 6.050541817401405668e-04
3.129959938122598134e-03 6.037800814928652405e-04
2.306713676554494885e-03 5.979908620761493565e-04
2.573926973973279450e-03 5.432977105359872378e-04
2.102762857210869769e-03 6.723561267294214834e-04
2.677234223556613450e-03 6.227559350344801913e-04
2.410210119249165967e-03 5.829679315096430656e-04
2.788330569356781228e-03 5.877112801334281574e-04
1.539716779962071709e-03 6.047909182898065150e-04
2.313957716398856636e-03 6.170769344605309126e-04
2.831736331925638946e-03 5.495942090750045254e-04
3.093224226726726690e-03 6.557652098495872451e-04
2.821626205703547767e-03 5.770791385125181687e-04
2.318192283960835050e-03 5.610725111567395730e-04
2.196027057538979359e-03 6.071263993017671484e-04
2.094847560897642944e-03 5.828866979691730340e-04
2.057392497643393409e-03 5.527790020919849927e-04
3.318582421206092616e-03 5.717186297144430558e-04
2.611723296265132041e-03 6.549139956343118891e-04
2.193409910804925301e-03 5.557154901615392068e-04
2.312924746816297228e-03 6.141029236951385485e-04
2.553770227341848383e-03 5.511702202751302994e-04
2.264991820986794659e-03 5.237730030815359499e-04
2.060767685265966608e-03 6.160898379950343695e-04
2.226695724132438797e-03 6.655583278642698180e-04
2.727595960899077514e-03 5.989822182090170097e-04
2.205643717456620776e-03 6.199624265440285571e-04
2.691030076212714162e-03 5.331466429913570655e-04
2.213380736763189121e-03 5.189050916675867764e-04
1.943477778286890759e-03 5.527699320786567082e-04
2.452223132360940253e-03 6.891982937850378793e-04
2.573264508377008045e-03 5.670333859596856426e-04
2.771208922406591911e-03 6.587458519167467509e-04
2.787846150148220754e-03 5.767109493260432580e-04
3.244456686386696775e-03 5.922464503861366372e-04
3.055183084167602953e-03 5.765390008735944271e-04
2.668893300997951263e-03 5.985993337261110965e-04
2.523709100574679943e-03 5.498577571575625090e-04
2.409775431519871770e-03 6.261462073297244116e-04
2.176856117857689770e-03 6.061719080715349253e-04
3.408036653159856634e-03 6.667652287637657873e-04
2.318488029074349758e-03 5.031242895974514639e-04
2.672205435721903850e-03 6.336959963005656853e-04
2.236928425676259439e-03 6.294198803394367506e-04
2.639205641836617645e-03 6.299602758419200988e-04
2.115371730523761713e-03 5.301465565876700529e-04
2.486191428884136981e-03 5.395417220229122056e-04
3.985642021267654482e-03 6.145766857567024326e-04
2.134418882521168029e-03 6.036951413152840317e-04
2.079444605492250693e-03 5.379983994805197711e-04
2.901068102973540855e-03 5.428607249696819868e-04
2.027323096711265010e-03 5.033923821869928494e-04
2.011253700240925747e-03 6.084857775322435316e-04
2.946999965142497232e-03 6.698303728653821811e-04
2.962052439104434845e-03 6.336977051109397028e-04
2.551265637122778623e-03 6.271094494888055943e-04
2.327970380609570723e-03 6.034302364654264101e-04
2.638809689997025868e-03 4.661535048575950408e-04
2.331648215853297009e-03 6.542002487228334171e-04
2.786733533928481294e-03 6.004629234463124306e-04
1.858759958690841966e-03 6.202270129890591517e-04
1.967754053694599926e-03 5.360518659656619790e-04
2.550320261866840296e-03 5.736034569438286986e-04
2.043224962850959288e-03 5.684297953742627240e-04
2.908756463679292633e-03 5.891144145296557839e-04
2.663813184814870557e-03 5.710340588050769051e-04
2.806898038540589068e-03 5.680331659110154094e-04
2.493723365146242009e-03 6.152986061930734024e-04
2.644491296107395664e-03 5.834537313348202303e-04
1.906784451848932312e-03 5.954032132045997995e-04
2.277435636000415924e-03 5.623092541825060837e-04
2.257936394753784666e-03 5.655101694466629437e-04
1.472857515254325043e-03 5.794063353740290870e-04
2.695820915504979366e-03 6.553976134769384657e-04
2.656476928452470351e-03 5.684167590157616738e-04
2.166521181186078539e-03 5.222496449692565169e-04
2.368815682586816740e-03 5.552234159489758715e-04
2.807382025680807934e-03 5.614116694467104641e-04
3.064716496245682882e-03 6.214996062468238673e-04
2.852534722138878095e-03 5.407392848392376331e-04
2.474231872857065619e-03 6.203438245872824408e-04
2.989563884364310285e-03 5.685402267548431750e-04
2.161675619388345355e-03 5.934559639370048717e-04
2.352966649205170263e-03 6.853157662946030015e-04
2.642589914989880613e-03 5.579263476981169726e-04
2.956980083095351892e-03 6.004177731455612524e-04
2.627167068015565966e-03 6.574389983070479115e-04
3.175131355963324228e-03 6.196427754438141961e-04
2.259762785466331962e-03 5.568061847040436940e-04
2.857099949493913712e-03 5.678670103616014452e-04
2.417809752958589506e-03 5.894537697710698935e-04
2.626569364148311804e-03 6.880689793673416864e-04
2.775483037346786284e-03 5.877948117442286825e-04
2.191593189303119981e-03 5.948757650606963533e-04
3.518074531024456553e-03 6.821365566363389804e-04
2.457153964882496499e-03 6.191352566047927941e-04
2.810880305930771143e-03 6.842354691613140166e-04
3.486100888878390820e-03 7.190863566790621194e-04
2.685842635658470222e-03 5.922022597607472065e-04
2.620136583316132282e-03 6.545222109388281915e-04
2.543983471832608669e-03 7.323156280764415342e-04
2.542066039144685700e-03 5.967506297799537226e-04
3.122291285636688909e-03 5.847678073033320744e-04
2.793376444508969322e-03 6.675848320265052394e-04
2.764432351173727077e-03 4.696800979600544994e-04
3.563192896782383344e-03 6.611102428474571139e-04
2.967446248777685404e-03 5.420740043841395638e-04
2.340585726728885031e-03 5.896205391599983409e-04
2.539659681977634621e-03 5.650372265880649388e-04
3.201616577151276000e-03 5.551972761601462955e-04
2.256825045316849729e-03 5.473311747772164303e-04
2.135979969821550414e-03 7.161832976718461672e-04
2.948314852192840656e-03 6.287614834935177166e-04
2.825725578086072786e-03 6.561964362579557081e-04
2.452393529287315559e-03 6.393733095466816278e-04
3.760746479415653151e-03 6.225683483376311935e-04
2.897022850436679810e-03 5.553004374695766224e-04
2.942568298466822010e-03 5.936807934551183077e-04
1.935925656314089029e-03 6.879733823849509952e-04
2.615880539326667642e-03 6.511253645666062982e-04
2.617457789836490599e-03 5.314562707512560796e-04
2.518906596962874108e-03 5.937912079522828694e-04
3.175592515748634857e-03 6.309712923024402009e-04
2.559975938125123515e-03 5.476717037304865447e-04
2.593534258452035585e-03 6.241393333446927866e-04
2.221301335868399677e-03 6.230740208095727518e-04
1.723215717689065025e-03 5.583307473528762018e-04
3.006992152864543504e-03 6.444549533634033383e-04
2.537925913109590013e-03 5.934606123547601876e-04
2.518110841771733534e-03 6.126012982221728121e-04
2.306888987869704002e-03 6.788815950986539427e-04
1.991640749687482916e-03 5.851405065260646340e-04
2.204785157210514910e-03 6.216529977505741000e-04
2.887148543719100530e-03 5.234097941542206452e-04
2.125058363245366493e-03 5.205239366744121359e-04
2.869910009637068743e-03 5.728157142506218194e-04
2.792988188020620061e-03 6.329162700493591457e-04
3.182296222035713856e-03 6.347524308269230026e-04
2.463960562651579689e-03 5.239188401813423121e-04
2.320340454506762684e-03 5.622225991567911555e-04
2.655925899348583839e-03 6.097776108944957286e-04
2.282152057260921230e-03 6.412509017987357311e-04
2.590607824232817394e-03 6.587626767224695305e-04
2.214330216909675148e-03 5.988119118640946323e-04
2.894745430865829344e-03 6.061927729115649090e-04
2.109773694181225640e-03 5.436415028569011737e-04
3.125864576662720513e-03 6.145905979045530529e-04
2.822106330988281928e-03 6.409207629820976504e-04
2.048069972884317396e-03 6.008703775175917167e-04
2.942206075181827071e-03 6.183104191686798626e-04
2.154773114601420386e-03 5.890252020434083363e-04
3.394956878159573893e-03 6.097122507715447984e-04
3.031624812261302180e-03 6.240705640922091478e-04
3.189475699453566022e-03 5.955859178339127516e-04
3.018499639930088962e-03 5.937274006204847597e-04
3.164132966328044982e-03 5.953495194783682077e-04
2.169094441757408748e-03 6.257586557048834238e-04
2.835998849790237909e-03 5.772156196560778146e-04
2.336577470933414932e-03 5.966435366084826917e-04
2.833254918138258024e-03 5.747951711111176946e-04
2.800248907255179377e-03 6.421783377579140615e-04
2.664986840618137863e-03 6.320908072823174656e-04
2.558745952168820642e-03 5.745067605033465138e-04
2.883053954908094442e-03 5.515861098832376685e-04
2.810475357688222136e-03 5.614372825265178312e-04
2.069194105577023147e-03 6.063071729444382239e-04
2.675118448859670987e-03 6.083324288232406455e-04
1.768450131946558684e-03 4.817829940139700825e-04
2.312010989746634236e-03 5.456858099090451750e-04
2.982122948731622154e-03 6.169694704691309735e-04
2.259690562828785710e-03 5.677832202692832632e-04
2.803025560615206389e-03 5.628621812099291345e-04
3.015718226631717430e-03 5.732458201486551573e-04
1.918245519360168433e-03 5.243568144300737475e-04
2.186731237074468481e-03 5.790654106896197086e-04
1.857998475442029958e-03 5.894898381441574919e-04
2.035225701715516738e-03 5.392900384675136747e-04
2.298551856705090789e-03 6.125020348221389991e-04
2.118014016946868049e-03 5.819327326641677905e-04
3.140918635894585174e-03 6.207463779638370226e-04
2.484943565434664242e-03 5.991761225676276890e-04
2.387418642680227705e-03 5.796111702757035349e-04
3.480975008856909865e-03 6.153678211607390347e-04
2.827695767441883775e-03 5.854526952315318271e-04
2.537547023720143277e-03 5.357289407799124869e-04
2.570198350340137210e-03 5.912795828331333199e-04
2.115608029136642910e-03 6.705045766253426784e-04
1.801379102015157911e-03 6.061232673552883771e-04
1.967004656940901913e-03 6.058137555803570383e-04
2.320870143975727658e-03 6.437295341811402963e-04
2.240407619237991428e-03 5.141148304011448509e-04
3.036791205449528540e-03 5.682184252742236057e-04
2.433114493192045473e-03 6.641045826121912349e-04
2.047134728093336856e-03 5.787384129057453761e-04
3.039145313724433192e-03 5.938752801667967736e-04
2.852829640813377490e-03 6.404746930860679560e-04
2.655805016074940655e-03 6.626820773109459977e-04
2.033951183529842353e-03 5.818123771278862306e-04
2.497012628540421809e-03 6.590108980562310722e-04
2.910896056599653406e-03 5.328582621155671930e-04
2.966970183529103570e-03 5.779600661539564203e-04
1.855192750070279407e-03 6.111171461119121713e-04
2.180584599667958687e-03 5.446188438741150859e-04
3.130867433485124383e-03 6.244922440550063850e-04
2.307229748447511049e-03 6.076696508499128358e-04
2.659803028526246550e-03 5.890046121620107124e-04
3.109019440975678041e-03 6.623654780859760186e-04
2.138625926854959437e-03 5.307603749890522004e-04
2.756291168405115496e-03 6.170000909195415707e-04
2.734582638259153153e-03 5.379029644058823433e-04
2.178416368337563434e-03 5.818688259724035710e-04
2.436019100218430548e-03 5.732078073471725708e-04
2.205074823011051680e-03 6.033129083538487899e-04
