1.762279639801776722e-03 6.904650103171660908e-04
3.120375305604519006e-03 6.468669547796554670e-04
1.826986323665801687e-03 5.982569483343555148e-04
3.090582954663037563e-03 5.430548977116134417e-04
1.941748845401165824e-03 6.277456223036798066e-04
2.074040854841894838e-03 6.948056897802938094e-04
2.241375104712597845e-03 6.328125414660966353e-04
2.540663902656334957e-03 5.798953219412743970e-04
1.737050950054206495e-03 6.728043488457470392e-04
3.059140336622549403e-03 6.653601514373642077e-04
2.824892973721089724e-03 5.565226214705979065e-04
2.484657208436983743e-03 6.039418654590101047e-04
1.945177061292057991e-03 6.709370905620300196e-04
2.046128573719837185e-03 5.375721256361805454e-04
2.782912419976678667e-03 5.698244366472037708e-04
2.220476111334202148e-03 5.483549091073557221e-04
2.173560693062028936e-03 5.655216682457002387e-04
2.632510792574298524e-03 5.607294373198852110e-04
1.715072718094830338e-03 5.638735931539952135e-04
2.622870649048460612e-03 6.366930921132812199e-04
2.420046977855238538e-03 6.198028062064475478e-04
2.501808042795618508e-03 5.442065192409428721e-04
2.228543235014615771e-03 5.568544143868648473e-04
1.961401798941798773e-03 5.770777394034538876e-04
2.394932207128587509e-03 5.422314953597357672e-04
1.881495019321077463e-03 5.941845169423579402e-04
1.961568999820239526e-03 5.730377286088360073e-04
2.562456044815170086e-03 6.341070057606987406e-04
2.565472311273412059e-03 6.129358921045599280e-04
1.826348509264469778e-03 6.171920149981972598e-04
2.890091590160964816e-03 6.262473840149974501e-04
1.687365896385431075e-03 6.279731579995743475e-04
2.356081679332371059e-03 5.369909960429120966e-04
1.675013295300937068e-03 7.430628589357798778e-04
2.238366556346920670e-03 6.149353519748837482e-04
1.349903120653985454e-03 6.234909281963014853e-04
2.261680315170841536e-03 5.709744811221991812e-04
2.137405752622025239e-03 6.727959594085646498e-04
1.723624046553068681e-03 6.309907087776593952e-04
2.154358316397760736e-03 6.201077837824417851e-04
2.947280213496708632e-03 4.994653836567261151e-04
1.727377821043020673e-03 6.650111933906752929e-04
1.976581256150577136e-03 6.745285813785409888e-04
2.398377188302740735e-03 5.828645093975508285e-04
2.662844127827313119e-03 5.169420752180446275e-04
2.318827729881360079e-03 6.518875815254975437e-04
2.468167102126315061e-03 5.301620387446896775e-04
2.228227137326217397e-03 6.475503291567523021e-04
2.435818965521962479e-03 6.067280899695475004e-04
2.446106643659056584e-03 5.907880592512048225e-04
2.044473669198491536e-03 6.071875138408262514e-04
2.595234642516762967e-03 6.573091495004065388e-04
2.290838171264494242e-03 5.531036734418564183e-04
1.660799117667662418e-03 5.933266571437902613e-04
2.000624675036929891e-03 6.324939519127684758e-04
1.608944921054497601e-03 5.453500410413479474e-04
2.782947541821417185e-03 6.701413267376172883e-04
2.047464381135923744e-03 6.392530427111675021e-04
1.726678663062448417e-03 6.258676533634995910e-04
2.678098666208547380e-03 5.819542959394123855e-04
2.435938834577136038e-03 6.433924891796370194e-04
2.247772420673576146e-03 5.296216822695157082e-04
2.157561658267770702e-03 6.538502428677068308e-04
2.605052921063531930e-03 6.894484605901240407e-04
2.459841463632354668e-03 6.559387667718294141e-04
1.842388088899188500e-03 6.370498597055143436e-04
2.417996638474509321e-03 5.581262810468046870e-04
2.729813996170946284e-03 6.201740241850941691e-04
2.319401653997833768e-03 7.145209606274272778e-04
2.189734887668442695e-03 6.601822311147921693e-04
2.742236669057423071e-03 5.916682846563082370e-04
3.017159657531529818e-03 6.511227004645573063e-04
2.215315489355353801e-03 6.579615540246732362e-04
2.646277184601705714e-03 6.343215172480870002e-04
1.715755407551676232e-03 5.377182730039949165e-04
2.630488572757430296e-03 5.554483392997710579e-04
2.994069722213669755e-03 5.545117728101307125e-04
2.105059485921107008e-03 6.103062646577718476e-04
2.235431425216918497e-03 5.757026344009134053e-04
2.059068052637029120e-03 6.037225095971167875e-04
1.773224893709340801e-03 6.134928749985007253e-04
1.784532401883708085e-03 6.747957372916816524e-04
2.170258176914550280e-03 6.616186076309253867e-04
2.375136599420356147e-03 5.542377273664844933e-04
2.403148440735341368e-03 5.788977098040479869e-04
1.623851676889470630e-03 5.971750952176907478e-04
2.227067055206529995e-03 6.874488314607212457e-04
1.682343621429355880e-03 7.741058129134742493e-04
2.431833618160611239e-03 5.165350799822987114e-04
2.211135742138544552e-03 5.768704568764570747e-04
2.883100297936480160e-03 5.810894924337670683e-04
2.013121735583784083e-03 5.433951062521883736e-04
2.373338394876014276e-03 4.912933213709760145e-04
2.158498298087269292e-03 6.514404969923783331e-04
1.780148058074003349e-03 5.588574826627729824e-04
2.252744490425636834e-03 6.278028514183522750e-04
2.129675648572774624e-03 7.318711222961712774e-04
2.091000614888111758e-03 5.704103931288570864e-04
2.428036468395720383e-03 6.466777940568680175e-04
1.833936421654959849e-03 6.927999407283999284e-04
2.198163627791557828e-03 6.902227545474927308e-04
1.917251792026339720e-03 6.355731885957201580e-04
2.062033776716522271e-03 5.432611232723724140e-04
2.609221032137515849e-03 6.804290981773947894e-04
1.809378927566230363e-03 5.925668306293071889e-04
1.567948307313132839e-03 7.350517969263041561e-04
2.145164070250079377e-03 6.155971509955621450e-04
2.552146505919014943e-03 6.516280651047346622e-04
2.530197385913733350e-03 6.073491828178724690e-04
2.558933069011402710e-03 6.608273191916463202e-04
2.275141157007075365e-03 5.215691367463217787e-04
2.621922420002552323e-03 6.626192299779396118e-04
2.481109169937087845e-03 5.467142210964793516e-04
2.536635109252035562e-03 5.894842652946270150e-04
2.676981064759236754e-03 6.020335813292451320e-04
1.837893956923112963e-03 5.654395908580897145e-04
2.655332510767274661e-03 6.141142141953897463e-04
2.928144536542958212e-03 6.906519179818977703e-04
1.919979821944228868e-03 5.909493849839020808e-04
1.963727152463169007e-03 5.875310583908270818e-04
2.128174899042602555e-03 5.576772634750889893e-04
2.157041765980701343e-03 5.471690470329810445e-04
2.448066809739341161e-03 6.555330984664774034e-04
2.692659222168327163e-03 6.163375608010771304e-04
2.189840821137666298e-03 5.331400334925100702e-04
1.652653699876871322e-03 6.025072564521103714e-04
2.273076569103595589e-03 5.774399975477261839e-04
1.844734605838027099e-03 6.034087049649529974e-04
2.218254966297258587e-03 5.928017637854844082e-04
2.378583431571611867e-03 5.641450242043311936e-04
1.735287964053287791e-03 4.926353654172775480e-04
2.345578221291799194e-03 6.188703522790896770e-04
2.366863550204494678e-03 5.917802599642062785e-04
2.063643171854890549e-03 5.824108181759612285e-04
2.488561750334050346e-03 7.226475465226810417e-04
2.140875575211254045e-03 5.179600273104114543e-04
2.757781500659608337e-03 6.009867546956941444e-04
2.269550614584380736e-03 5.552904584454704468e-04
1.997796559642142557e-03 6.757301203958779832e-04
2.504438447666331845e-03 5.959624240909663483e-04
2.847097844773482760e-03 5.211464043925438661e-04
1.932927212904763563e-03 6.015578531266104400e-04
2.053625188868759936e-03 5.914751463914672512e-04
2.627083163658102370e-03 6.092141582618483542e-04
2.102466724354450870e-03 5.441333601231608140e-04
2.232365559510250674e-03 6.958375567072366645e-04
2.502756358243999647e-03 6.457112405456561866e-04
2.265462897791155859e-03 6.175116549202880898e-04
2.317506264831487028e-03 5.211048838047823871e-04
1.683858276663591225e-03 6.606523493686934428e-04
2.537216049878065344e-03 6.044211979160731300e-04
2.402654049315525783e-03 5.674370858877085750e-04
2.568591873762798936e-03 5.900102272921902476e-04
2.033818204624547512e-03 5.958225073773026903e-04
2.188178346187638710e-03 6.328507594473409660e-04
2.864410536285059723e-03 4.817285830919869186e-04
1.924257975076203121e-03 5.785196247022293941e-04
2.466289639794960048e-03 6.084136680273633836e-04
2.348857000160130791e-03 6.765595373303943429e-04
2.120665803565883849e-03 5.564918823855981777e-04
2.140739848954637935e-03 5.162439518579888019e-04
2.491756411144916642e-03 6.953605194013889879e-04
1.971254987460391208e-03 6.613031656305341571e-04
2.224207278197300880e-03 5.813365196923458034e-04
2.295432695174027312e-03 7.057541505233219485e-04
1.617411405549582870e-03 5.429016488678697384e-04
2.688091619941554346e-03 6.351247821997459868e-04
2.681284771455062083e-03 5.513725325557494511e-04
2.067785447219260258e-03 5.870494584916054366e-04
1.690220041695284902e-03 5.489773927614280619e-04
2.826292909755293015e-03 6.094904503545024634e-04
2.375638928897355531e-03 5.077087488749404106e-04
2.004789886448053293e-03 6.077286745737143581e-04
1.740239796722075879e-03 6.513440949676901686e-04
3.092474870493921307e-03 5.518383603740540820e-04
1.742228980038275973e-03 5.581086724437335934e-04
2.583676677829599335e-03 5.887086433560063427e-04
2.263606874168363169e-03 6.610867495156629329e-04
2.155216660674697405e-03 5.627503162573546051e-04
2.442323679555497527e-03 5.811664939267541371e-04
1.758675721947238445e-03 5.792687143817096826e-04
3.522345877100643494e-03 5.870328364201469291e-04
2.289194633565792749e-03 6.145945660405600095e-04
3.360387115966613318e-03 5.424077184424037261e-04
1.766686300277612188e-03 6.609152939911582241e-04
1.875294829588011357e-03 6.070713433541756465e-04
2.202656053867687539e-03 5.496662189015589671e-04
3.475764272422468808e-03 6.007481943464504067e-04
1.546613871855346449e-03 6.362211270215630465e-04
3.414395563366732795e-03 6.389440226571550287e-04
1.560351784624106541e-03 4.583763756939556312e-04
2.116160082050082616e-03 5.069302442779409197e-04
1.622118132098986998e-03 6.980104616444410921e-04
1.849832901364872537e-03 5.535401726853063104e-04
1.830947509982592484e-03 5.786545149558408336e-04
2.147227248783989753e-03 6.367509789133641608e-04
1.867967256325511055e-03 5.906522696805215078e-04
1.864804584694301944e-03 6.192519695012763765e-04
2.068214369718739207e-03 6.199032681130535591e-04
2.571445945322005031e-03 6.278311303345473268e-04
2.640146952102014315e-03 5.119343978695760659e-04
2.826926402099787065e-03 5.254927065648420242e-04
2.423586875931386161e-03 5.322561445671102846e-04
1.932623180378862087e-03 5.720713836094098136e-04
2.386641930767974956e-03 5.084479485492919342e-04
2.934791344570310614e-03 5.994016687755342491e-04
2.178485326595528369e-03 5.766588108551474242e-04
1.758898955955904122e-03 5.103160174572033509e-04
2.752416514483858878e-03 5.652774407004990858e-04
3.379586369588631362e-03 6.076848767841804607e-04
2.125381835317842645e-03 5.347438921146362460e-04
2.185584450774879194e-03 6.244640246795490164e-04
2.558456278863130255e-03 6.447028803276367778e-04
2.093960439193090061e-03 6.058081688948202190e-04
1.837047667398890565e-03 6.195759414454019183e-04
1.982610026091522707e-03 5.388379839227411521e-04
2.822043474776009080e-03 5.944683897715457828e-04
1.747921108927433416e-03 6.794998096749078160e-04
2.354827866169748648e-03 5.767912686920111326e-04
2.524994747555509705e-03 5.913354237098078156e-04
1.725798620564824096e-03 6.169414798578478753e-04
2.556228964737858409e-03 5.146274303595382935e-04
2.487500515561922709e-03 5.672671529924861811e-04
2.252664621362969900e-03 5.458269266049307119e-04
2.150065034957141831e-03 5.469978525644621919e-04
2.502015867085604934e-03 7.311987783567844767e-04
2.490704756709483537e-03 6.534912087550904386e-04
2.475377651391337096e-03 6.403976365379977819e-04
2.559630310131592954e-03 5.383197597313006504e-04
1.489101741053079414e-03 6.219998960594111653e-04
2.754680741403457093e-03 4.860024577336665352e-04
2.355615239328577495e-03 5.626602414657212075e-04
2.861741707011850218e-03 5.271623944878065350e-04
1.179784445278941234e-03 6.431510121476884632e-04
2.227595692183199395e-03 5.879279943264205952e-04
2.420676369843088090e-03 5.244049247774580777e-04
2.892561611795621632e-03 6.185407066124355528e-04
2.631156124861946249e-03 6.884878787385478524e-04
2.283257746801132127e-03 5.892379392704329664e-04
1.808705982051916211e-03 6.136614106469167988e-04
2.142942777268511817e-03 7.341874267843833020e-04
2.102967614372496311e-03 6.828201767149243758e-04
2.174079550652033722e-03 6.478545955929660132e-04
2.159521224256799946e-03 6.378233815967441480e-04
2.543101736952474174e-03 6.640684145404369965e-04
2.732950553968533421e-03 5.756665993227743109e-04
1.999309322016020081e-03 6.414550181182434273e-04
2.972743221678574715e-03 5.498981184875760325e-04
2.088376879369835491e-03 6.172433701727496162e-04
1.163913753379537935e-03 6.009653802040565689e-04
3.113716789564207731e-03 5.638384516399931904e-04
3.196073052014507948e-03 6.472923722654770661e-04
2.471845344094669283e-03 5.678933418652056106e-04
2.736967962580939741e-03 6.762288509384329618e-04
1.807057206167779180e-03 5.882373188218427591e-04
2.366127361046545946e-03 6.868679511188672268e-04
2.652553507270797618e-03 5.410307706797169453e-04
2.568665467960159262e-03 6.050674709149595192e-04
1.954405610650352971e-03 5.518822701382137316e-04
2.268209782028004183e-03 5.442654091717234613e-04
2.358367895993019898e-03 6.388841514621497247e-04
1.595014439139695811e-03 6.134543796808656713e-04
1.833102768032927920e-03 6.065545502662884067e-04
1.823124388931707555e-03 5.887273966647137060e-04
2.224562523063558419e-03 6.447531781049176125e-04
2.410197019408756927e-03 6.268589209958074990e-04
2.110602316639452556e-03 5.254445146393724782e-04
2.934494913945291140e-03 5.678384698195553101e-04
1.880513688857606046e-03 6.137935378369122237e-04
1.696905033412103884e-03 6.662451901996554928e-04
2.217292048586151643e-03 5.326816244279843808e-04
2.127841135204082412e-03 6.078579997292211240e-04
1.791884930630383834e-03 6.560827559900359778e-04
2.461059059086158525e-03 5.935297672429953484e-04
2.999015992839261600e-03 5.625578704340709457e-04
2.224759860756785491e-03 5.731149208799594203e-04
3.083187491392158121e-03 5.204209490403456130e-04
2.112069841881209550e-03 5.579774595580564052e-04
2.231913585751455018e-03 5.940719451111837026e-04
2.154933252379532573e-03 6.525998062127068549e-04
1.955404479928972428e-03 7.480234091418059422e-04
1.955860165924818393e-03 6.713416613930951260e-04
2.112556861993871056e-03 6.026020486008709827e-04
1.983339363744250194e-03 6.096186876811824284e-04
1.908062027351394453e-03 7.191710327287799756e-04
2.078529331342784340e-03 5.552044339084919334e-04
1.436354158257392146e-03 5.676980720553807033e-04
2.913004373217073419e-03 6.195198411930113135e-04
1.946553301747394604e-03 5.331797398839461556e-04
3.183758104725063331e-03 6.297516141018588915e-04
1.906228930634678090e-03 5.395621296593918880e-04
2.215467182848137716e-03 6.019807235202381942e-04
2.056125647924788268e-03 6.941406845144974845e-04
2.759225794067475968e-03 6.029814608078557870e-04
3.056698759890589742e-03 5.778121749652310275e-04
2.758402898936771885e-03 5.511407351282462388e-04
1.914730522543292611e-03 5.862477223523653415e-04
1.783740480508232834e-03 5.229088536551266099e-04
2.174728653297799876e-03 6.327149535195494921e-04
2.013511304116538756e-03 5.574424788929163233e-04
2.769222645250766449e-03 5.584966947489140117e-04
2.384583634488003385e-03 6.231117649405402492e-04
3.172058591585766221e-03 5.861311088285404069e-04
2.353165348285959912e-03 5.634454784905142295e-04
2.306299918568773498e-03 5.683283070720522448e-04
1.887353259134846428e-03 6.074066021899450496e-04
2.969615514129720236e-03 4.945567252676410282e-04
2.103503183401138517e-03 5.870060427093915217e-04
1.989894578115613405e-03 5.609292469394760788e-04
1.968417351919973714e-03 5.201295340607186429e-04
2.630686416292985028e-03 6.554017941073825076e-04
1.752086850752575730e-03 5.671849928606313663e-04
2.101267681432139860e-03 6.450644049386173489e-04
3.372637410880971551e-03 5.656862147195015423e-04
2.432869523918813112e-03 6.020163099380422761e-04
2.523478206831480768e-03 6.174468019469104728e-04
2.662369919244633471e-03 6.041628191201514749e-04
2.374841203971182323e-03 6.846270532577317103e-04
2.929962975859686392e-03 5.924831362400858215e-04
2.413234576614639495e-03 6.083956332347397822e-04
2.980153827044369329e-03 6.012735499995143984e-04
2.352874775195818585e-03 6.150746697222772693e-04
2.077293045388623003e-03 5.158026831028628958e-04
2.138842201277490508e-03 6.397728022125375412e-04
2.073422456804594263e-03 6.523272685446056783e-04
2.434430900752711582e-03 6.820524720282655903e-04
3.114877035095160555e-03 5.337600015822068986e-04
2.073689586904597058e-03 6.341814557215097285e-04
2.090246009202581870e-03 6.924657284003571389e-04
2.142571625539401760e-03 5.904755986873058129e-04
3.317308945226252453e-03 6.463652206987233846e-04
2.024085617248551437e-03 6.310125937171470831e-04
1.966853666850076204e-03 5.966277479389353600e-04
2.200800866766322497e-03 5.397059178481444092e-04
2.398873158989814954e-03 6.514973757739639338e-04
2.565448359294930300e-03 6.737681080739680054e-04
1.636971476869511196e-03 6.083444477439480663e-04
3.006220850867986297e-03 5.507142745627655349e-04
1.514022125710214441e-03 5.475976893969230477e-04
2.207270155316249337e-03 5.458686390019608543e-04
1.580156965665562799e-03 5.833152007429398978e-04
2.490307796159028659e-03 5.498469110077450379e-04
1.630153092020211183e-03 5.375198125843812669e-04
2.483201777630457841e-03 5.880646825207904403e-04
1.956530668261004420e-03 5.520212586868125096e-04
2.413643269450786808e-03 5.329643283695479445e-04
2.418427225133295156e-03 6.039800228498829566e-04
2.229094243517698234e-03 4.670415498450905902e-04
1.819980297252395780e-03 5.913933044048129417e-04
2.363578230656518918e-03 5.031782643662768752e-04
2.550103413279497609e-03 5.338552510673358299e-04
2.059640831560133421e-03 5.942267517375168524e-04
2.841078781939796252e-03 6.676978180817538973e-04
2.620938519725590429e-03 5.308474508218488002e-04
2.098144586928498995e-03 6.606513954062633422e-04
1.982380483529476174e-03 5.044526045543698501e-04
1.665388782025505401e-03 6.978343939799649042e-04
2.788221739466521885e-03 5.633064576959552093e-04
1.931093909583067115e-03 6.203566092142415210e-04
2.964311379799913597e-03 6.142474505238551498e-04
2.089974080324733061e-03 7.054308049454536622e-04
2.570575520773979352e-03 6.144464435060799975e-04
2.218169720760458565e-03 5.917467572962573693e-04
2.696581072475604055e-03 7.170912595995267667e-04
1.964760323419215311e-03 4.736437570965838220e-04
2.083550734116008853e-03 6.410892557724050603e-04
2.220935273565673423e-03 5.808193250376944561e-04
2.420177713420742539e-03 5.901695852015893156e-04
2.164929295577903198e-03 5.210911318776031325e-04
2.631464001146966662e-03 5.255456243353708208e-04
1.524353200514183375e-03 6.492089554373434677e-04
3.092629203622808669e-03 6.056022139106152476e-04
2.345923625504187267e-03 6.723213253533572411e-04
1.775157495535363041e-03 6.478798534615837082e-04
2.362878160268245403e-03 5.766616937190776390e-04
1.780331463134689467e-03 5.212578868046516441e-04
2.475317812740011891e-03 6.086520615080641579e-04
1.809115244242221528e-03 6.505937957562910306e-04
2.136606898467259021e-03 5.985327332612992626e-04
2.406276864053905843e-03 5.609951960198378447e-04
2.641310871137410917e-03 6.029977356763683216e-04
1.895514461407336653e-03 5.247820829011459135e-04
2.527762613488460791e-03 5.620626024003483540e-04
2.495340462277623704e-03 5.820800607375558374e-04
1.764016429349590798e-03 5.469508333631406885e-04
1.913769837790788844e-03 5.782385754964395816e-04
2.667738776027927042e-03 6.462608806459609490e-04
2.138393120204085986e-03 5.883296483100536019e-04
2.589946136848899922e-03 5.102147248570790272e-04
2.054026193432113238e-03 5.999497879585013018e-04
2.191700957951855412e-03 5.573617651024499612e-04
1.639695594203977513e-03 5.817347172739506132e-04
1.820538391679365391e-03 5.804588026949979856e-04
1.740246182907330321e-03 6.073553053002219131e-04
2.229332153153794002e-03 6.449699707546982085e-04
1.985128244543465838e-03 5.150399690485020455e-04
2.075422395911133682e-03 6.919588034578147157e-04
2.616081696429766856e-03 6.648932337049954112e-04
2.173605478192737039e-03 6.348750112486783352e-04
2.811551118818344294e-03 6.501668490120338356e-04
2.436482855502235690e-03 5.784698954022387575e-04
2.163746430017256858e-03 5.728879872125847974e-04
2.190850531757256112e-03 6.119061428417132357e-04
3.383282726715656444e-03 5.773911009076245025e-04
2.278591985316331947e-03 6.101397093561609355e-04
1.500463006582509551e-03 6.622420659678916917e-04
3.474526047380761123e-03 6.548042509145807124e-04
2.573434410215129104e-03 6.303463810117417411e-04
2.581206756673853301e-03 6.941561855279637866e-04
2.871996315047255135e-03 5.879446093415487563e-04
2.067345428992435272e-03 5.376950740228606841e-04
1.934637470400131726e-03 5.980114809323042527e-04
2.018016894766429866e-03 6.023590681355092897e-04
1.815428150078506053e-03 5.796059943910192519e-04
1.693719666189108649e-03 5.694196365299192047e-04
2.337238672538534141e-03 6.476649571235141775e-04
1.608058520188106882e-03 6.455910759092214467e-04
2.485400527001703150e-03 5.482117479199212539e-04
2.243909933830953631e-03 6.018662934475503849e-04
1.976022766784563817e-03 6.304131786194885814e-04
2.699101447461513346e-03 5.264561726202653200e-04
2.702901300306564947e-03 6.315332361095872711e-04
1.875246169693387931e-03 6.684157633073213242e-04
1.986157803706107422e-03 4.838743280705039458e-04
2.726510927347402559e-03 5.622557022809752383e-04
2.187847958862401947e-03 6.323320055608397557e-04
1.765391539844802377e-03 6.027432732091563472e-04
2.408923202953703636e-03 6.084560874189647028e-04
1.974995293884750525e-03 5.606643000978623562e-04
1.866739040131085376e-03 6.047725269621846656e-04
2.764212482482088836e-03 6.122014940786697302e-04
2.249349014299597844e-03 7.514122679119540366e-04
2.181085128982865762e-03 5.932518468996794431e-04
2.367126348993130180e-03 5.279742362100321761e-04
2.820514663888888836e-03 5.606088847793000473e-04
2.275545605679576283e-03 5.200474571043385823e-04
2.308722556158819984e-03 5.701502025347882649e-04
2.600305951476119485e-03 6.537842459484617110e-04
1.817556226338243840e-03 6.457515168874118508e-04
2.558083520143575405e-03 5.830571700935991428e-04
2.111171862637874121e-03 5.453813402255835475e-04
2.317812040810475916e-03 6.319811179454617664e-04
2.355954821075572931e-03 5.892245506527851511e-04
2.002818116627210019e-03 5.453107451474919088e-04
2.179647801009717591e-03 6.592100735025885902e-04
2.231005318437480258e-03 6.773006930690531405e-04
2.454916845804727167e-03 5.817344192738303733e-04
2.765183489302594586e-03 6.405272435113488908e-04
2.808590796217324409e-03 6.396092821328158836e-04
2.387405166936640288e-03 5.993112614235769544e-04
2.471968511002653121e-03 5.449352374189101334e-04
2.460605871727674678e-03 5.199022221931143143e-04
2.746358320659570470e-03 5.604667177916632624e-04
1.542926377647009821e-03 5.425517294470442748e-04
2.897347780132967544e-03 5.309256429584256667e-04
2.325662216710099994e-03 5.694095805911799464e-04
2.143399305248620042e-03 6.455743887326238859e-04
2.358753814092184615e-03 5.715758793392492583e-04
2.512096391688713702e-03 6.135826184664204324e-04
1.861521496192157987e-03 6.050206471738409433e-04
3.329524940349514774e-03 5.593222462985233609e-04
2.626784866760028831e-03 5.385777055011516838e-04
2.147872546098605027e-03 6.860041697411635485e-04
2.505667220713042511e-03 5.362842487982768386e-04
2.172129026407143473e-03 5.829673102810791407e-04
2.571009778296112422e-03 6.426380366636614281e-04
1.417642921933222897e-03 6.231192866579763224e-04
1.645511196806733996e-03 6.075116161699938575e-04
1.980938749109946613e-03 4.843183694442545605e-04
1.463316602522064238e-03 6.074712976759814647e-04
1.734908860706504616e-03 5.735133280239917541e-04
1.812729135079669575e-03 6.340026483881217772e-04
1.549862330740727498e-03 5.040375658504456409e-04
2.126118331328279674e-03 6.319376603961492827e-04
2.195643152970831041e-03 5.317188785601799361e-04
1.525497495692812325e-03 6.165319305593830457e-04
2.484698284834051772e-03 5.868795878807071169e-04
1.917713006009469107e-03 4.992481314566689973e-04
2.057910704345007266e-03 5.992253484322630731e-04
2.597665610895546692e-03 6.457851073506997927e-04
2.381961206925528509e-03 4.989598177118787772e-04
3.557420605405750644e-03 6.384350978274477709e-04
2.054770294656990248e-03 6.686710144603610993e-04
1.864818238060017520e-03 5.624258156997684419e-04
2.040965006806761805e-03 5.619478426276576771e-04
2.363179585799992256e-03 5.186830369791814704e-04
2.623334633066367726e-03 5.813393234135676808e-04
1.786142425676215742e-03 5.851630837375272013e-04
2.244277447657267843e-03 6.147153740964998161e-04
2.194553705334402558e-03 5.996467500914882823e-04
1.622530706660790280e-03 4.882321660529000650e-04
2.530896085249191314e-03 7.151228643714229631e-04
2.204539574094372886e-03 5.762522063573977203e-04
2.213067217836620255e-03 5.073002492240077758e-04
1.886741974012035028e-03 5.464652668279653151e-04
2.076479470365837424e-03 6.295331264287180179e-04
2.496106620046666461e-03 6.620961062521071947e-04
2.380994718204506710e-03 6.118489024817675001e-04
1.821035209909306661e-03 6.258640378142475659e-04
1.804288862102253112e-03 5.641008380395085529e-04
2.314097179486099363e-03 5.541779326149549791e-04
2.194570493024615345e-03 6.092769808120093679e-04
2.291342309253175617e-03 6.697640587420020325e-04
3.180527636114653407e-03 6.544031161850705864e-04
2.015250052269092814e-03 6.346399833007098376e-04
2.132164165275327473e-03 5.944721925706130707e-04
1.989363322183849980e-03 4.928770419181550001e-04
2.835634214964037961e-03 6.019388784496102493e-04
1.963575275473716710e-03 5.417361277515491584e-04
2.799024746259676233e-03 6.017359223336335656e-04
2.578486590377443172e-03 6.054698360883441471e-04
2.503643834108962296e-03 5.392271025995028742e-04
2.115730450287003992e-03 6.023090408904914960e-04
2.523112087064305516e-03 6.543786320926140918e-04
2.042364207639469926e-03 4.927028701790251092e-04
2.545794723895313579e-03 5.598391116975684218e-04
3.269075945456610763e-03 5.771280348638022691e-04
2.018449208492126192e-03 5.712843718894282429e-04
2.087744926400759808e-03 6.188681479160861292e-04
1.949234378085108353e-03 6.666815064284626648e-04
2.943888508894134705e-03 6.509739031790485889e-04
2.547606723660213787e-03 5.128072388117284200e-04
1.834756941361368951e-03 6.788833628302343073e-04
2.017303272509775400e-03 4.959022936006019433e-04
2.174036563419444196e-03 6.345304954703560527e-04
2.727460016717061890e-03 5.929629521447863467e-04
2.147594381398169189e-03 6.282346282390335792e-04
2.594049323131187787e-03 5.956972382087363316e-04
2.244538922190746858e-03 6.364915928872480737e-04
1.944755781981340626e-03 6.407043267464539735e-04
2.876657008008457958e-03 5.303929562905492162e-04
2.220201486294013076e-03 5.920736785791868000e-04
2.563271232827270697e-03 6.597000760033208677e-04
2.773255530653778809e-03 5.630025595499984050e-04
2.990608352442946857e-03 5.748938217747124463e-04
2.805234743731563514e-03 6.732498885520686246e-04
2.325296455469118718e-03 6.542960645646052472e-04
2.770666764321703338e-03 5.932853841774170202e-04
1.667733322723817307e-03 4.804742521451488843e-04
2.481035011821639512e-03 6.427639568697355449e-04
2.041048110561570917e-03 5.417915144300865455e-04
2.178928611089098275e-03 6.556725186763499641e-04
2.350371254747907635e-03 6.085804659638403792e-04
2.290746642835443051e-03 5.466117790409356176e-04
2.547981767700212806e-03 5.490454778229773240e-04
2.375607098100336947e-03 5.575350306768758150e-04
2.237502330002664238e-03 5.260692929073856232e-04
1.518514978502031243e-03 5.206389268743946436e-04
2.385105408994309551e-03 5.651798133590303728e-04
2.459535387376318629e-03 6.321562091468863704e-04
2.061731780901542022e-03 5.329412124182247119e-04
3.287572629757785740e-03 7.249184167212199912e-04
2.464571704231378977e-03 6.443321280819538531e-04
1.758858289498603554e-03 6.202950212981617846e-04
2.047448358453063996e-03 6.712196829000677918e-04
3.014819271845502018e-03 5.844679340809475453e-04
1.739778231654351718e-03 5.592422533427844102e-04
1.509122343542433110e-03 6.308740692373501378e-04
2.336711936359041081e-03 6.476306089793422731e-04
2.086622120458302837e-03 5.784451750980237764e-04
1.927053310399496006e-03 5.710046717740511644e-04
2.053671046302644847e-03 6.753221871352185724e-04
2.009796028873559251e-03 5.141653824929131233e-04
1.373385382429109401e-03 5.389634534083602782e-04
2.334038518991774554e-03 5.458662246194783936e-04
2.189617009801654753e-03 5.562089524708755924e-04
2.253772260997801303e-03 6.333462148051511144e-04
3.921413776129455304e-03 5.686103317586265306e-04
2.047016332330270534e-03 5.847516582796954011e-04
2.052555140381660467e-03 5.792616481665482887e-04
2.187669659114340522e-03 6.096893946252512691e-04
1.460276373548156535e-03 4.902998648038899877e-04
2.733203298297384211e-03 6.198710179907616869e-04
1.927414017414407713e-03 5.757455720589089347e-04
2.291045825193530061e-03 5.909294794117324464e-04
2.031470813974719288e-03 6.049047111413041224e-04
2.303683289863878506e-03 6.186734151836688345e-04
2.393425917764281045e-03 5.185296809549814166e-04
2.400701367746333262e-03 5.812529858989248744e-04
2.412022923750348994e-03 6.492854839507532661e-04
1.935050734424820663e-03 5.406398399375856147e-04
2.240257749630444363e-03 6.292233374412381898e-04
1.945569876458308348e-03 5.710103855024204009e-04
2.681721413596378258e-03 6.704739157151779361e-04
1.692197064012104313e-03 6.185588205603569220e-04
2.852429337174796839e-03 6.571440778579583841e-04
2.205448178265785424e-03 6.717111459900049902e-04
1.473312850216127812e-03 5.615075428948079284e-04
1.830360244091885870e-03 5.631319878168115564e-04
1.894689960015100367e-03 6.463909191230578785e-04
2.692445615518951254e-03 5.622836324538630541e-04
2.560681937256166756e-03 6.304908094046585750e-04
1.747059700644047579e-03 5.693034036391664233e-04
2.087858188521124220e-03 5.950511537204481328e-04
2.681129956022107377e-03 6.497193124984895329e-04
1.654108158987499218e-03 5.826451477632479427e-04
2.228401536491035270e-03 5.704319973635397795e-04
2.921097120306794578e-03 5.076796810970675552e-04
1.747710848576519357e-03 5.807093239210081798e-04
2.066310900530974898e-03 7.225791563403365049e-04
1.914537212036485818e-03 6.408877445832355949e-04
1.898134413830102670e-03 6.035488408599067435e-04
1.496983301681239576e-03 5.666521323264001172e-04
2.553246520473610726e-03 5.822602862776990549e-04
1.783212754078821469e-03 5.517753029498265833e-04
2.580987181653514578e-03 6.062459439834161140e-04
2.779766009320270171e-03 6.565388031930635129e-04
2.303589993173343030e-03 7.431058180768058226e-04
1.989997495776531667e-03 6.983754690091556168e-04
2.467925418520154884e-03 7.101918503383366273e-04
1.919055218976015078e-03 6.104826405568195826e-04
1.982739042439578183e-03 5.681652760956851927e-04
1.895309563640614403e-03 6.347880159620076027e-04
2.162983584964574442e-03 5.890719743325839456e-04
1.735558635114649783e-03 6.499756501570136315e-04
2.114691794764966652e-03 6.670765506548075128e-04
1.650535710608040142e-03 6.078004214130145388e-04
2.022791955257647201e-03 6.834196019244809586e-04
2.680432833565754135e-03 6.486439384393398715e-04
2.489977034509754852e-03 5.250627986658395942e-04
1.500149016309771125e-03 5.709843648322165954e-04
1.498660349650641306e-03 5.798767641874357729e-04
2.570304257433794152e-03 6.044623846786386073e-04
1.812788821372330250e-03 5.778937623674965020e-04
2.409734997844702881e-03 7.074410191375456658e-04
2.059821874540112077e-03 5.661861559772380596e-04
2.573742790910081308e-03 6.045104290382907319e-04
2.640758294126243320e-03 5.144589410601274745e-04
2.258073100768298418e-03 5.616134214607733767e-04
2.354055730043384115e-03 6.141641184861490032e-04
1.729751825773462488e-03 5.850903414134551485e-04
2.481599095843293069e-03 5.813797787205264621e-04
2.203117939655841514e-03 6.707463317860990881e-04
2.057743598456826094e-03 5.130628609936982139e-04
2.773342293897115233e-03 5.680740646224288369e-04
2.250108897699997033e-03 5.233241526469598840e-04
1.994180788662511944e-03 5.452853499009307743e-04
2.524400726416995994e-03 5.784697748827546081e-04
1.474013008688721546e-03 6.715095725607066754e-04
1.717026338479982510e-03 4.874330407327810873e-04
2.422590125030233202e-03 5.646106973315645657e-04
1.915218638792864740e-03 6.038828951544895169e-04
2.251429629141549291e-03 6.152239732869108383e-04
1.335731381105351862e-03 5.227217447068036819e-04
2.125934778931714165e-03 6.011331447280120243e-04
2.728089444344632651e-03 6.240554138915043901e-04
1.438251731632055703e-03 6.240169805634872020e-04
2.002947864832207731e-03 6.894597234484507904e-04
1.574750466013362426e-03 5.378566027763318543e-04
2.714286110023003511e-03 5.946298916928844085e-04
1.915977664397097583e-03 6.081602811774100819e-04
2.835577888175900597e-03 6.175026433696902302e-04
2.105582196769302181e-03 6.258016466016042305e-04
2.273823092910960079e-03 6.215805152336641593e-04
2.495485433813443045e-03 6.352728530640888629e-04
2.430324675506621759e-03 5.474274247216353185e-04
1.989565503286546116e-03 6.309262096212957683e-04
2.536248664551082194e-03 6.154932733570936312e-04
2.265139852644250558e-03 5.925273313763988964e-04
2.161569987874143069e-03 5.358049125675575126e-04
2.062347230764832989e-03 6.074232203007739897e-04
1.895866164581905570e-03 5.608638306938499565e-04
2.913874620690832390e-03 6.528381067645054256e-04
3.009550710808073584e-03 6.078680384583424285e-04
2.223034300958528966e-03 6.100018023831497126e-04
1.664750342633401683e-03 5.906346216904183669e-04
2.841302459364947967e-03 5.801825923294841227e-04
2.621556703767125018e-03 6.207341730900052838e-04
2.410344141018624323e-03 5.088268271588676419e-04
2.072865126865610155e-03 6.134710538051632144e-04
2.684865051891834400e-03 6.162052127014275293e-04
2.261717685865751674e-03 6.541220803486795694e-04
2.125102426500376923e-03 5.241765391446542724e-04
3.071310968594137027e-03 5.623265942175661395e-04
1.779774832085114812e-03 6.952759687390094477e-04
2.529438502308949382e-03 5.253652496288498943e-04
1.746613888994772920e-03 5.744604212360599751e-04
2.500876323499189209e-03 5.999940123360869744e-04
2.284588587705901896e-03 6.276012307864559017e-04
2.081530479176378970e-03 5.664479459537875026e-04
2.203129422810444927e-03 5.403521076159605420e-04
2.204847683437323458e-03 5.150631455328585082e-04
2.858284726727681937e-03 5.578750718476209458e-04
1.938253986825045749e-03 5.310009338024175574e-04
2.082597307261257070e-03 6.350233229583939366e-04
2.181496550886087831e-03 5.855261361626079401e-04
2.339569657963875768e-03 6.060253087365981891e-04
1.570967606103341714e-03 5.488142887685017396e-04
1.567849569668006192e-03 5.617820786483873185e-04
2.610391605590864882e-03 5.073902249427584632e-04
2.345320663129878396e-03 6.704037506421694874e-04
1.890045199352923845e-03 6.214195046361077569e-04
2.207363965689716507e-03 6.453009412431818300e-04
2.434319433619202937e-03 5.548878254516792334e-04
2.304805782023814243e-03 5.709535993095023274e-04
1.895300851778603099e-03 6.789999681090495322e-04
2.188475088893008461e-03 6.050996507011267714e-04
2.455816888593996550e-03 6.105739586108164824e-04
2.251675033376017519e-03 5.840034739111093966e-04
1.395388820311628530e-03 5.425708645433828786e-04
1.985332252361460964e-03 5.131862980730279595e-04
2.281379233708598960e-03 5.610324737912349147e-04
2.701159452091895456e-03 5.887379836541464014e-04
2.997328287391197704e-03 5.495509619118932321e-04
1.887497119512393604e-03 6.533116221789800554e-04
2.187441527987154036e-03 6.743279578239675569e-04
1.948136425597146769e-03 5.860074357238067959e-04
2.094491737615732790e-03 5.643960477216556151e-04
2.048606035609047520e-03 6.684640413893929052e-04
1.948151193372710602e-03 6.326464210310814729e-04
1.901054960875761882e-03 5.468339503213930173e-04
1.576850348704842862e-03 5.982957841863811854e-04
2.399560188910568412e-03 5.774011911380015410e-04
1.922100603471271155e-03 6.105372857142603825e-04
2.056784629212809329e-03 4.961009347285678462e-04
2.474102563782282736e-03 7.984061346388405351e-04
2.125716695024865936e-03 7.185737058660352384e-04
1.825528330427254441e-03 6.102943499796796177e-04
2.783801943860134825e-03 5.612900564233015656e-04
1.986115759749763638e-03 6.181210451982275525e-04
2.946642189273703232e-03 4.607451479940317778e-04
2.090981882006918025e-03 6.001118591236225723e-04
1.892286913533197841e-03 6.335127051767677027e-04
2.038868333400167387e-03 6.299430963978510691e-04
2.300157084456139287e-03 5.441216287470725848e-04
1.899930642767471605e-03 6.654151014682590723e-04
2.225621796296520585e-03 4.955856494139501255e-04
2.743846393570169816e-03 5.608948588382889388e-04
2.439450657187043191e-03 6.984781154277704129e-04
1.880623581981722033e-03 6.736742148931146703e-04
2.842541096052056578e-03 6.300081545322085792e-04
2.225145813955415209e-03 6.105143555423852902e-04
1.726588336444286748e-03 5.209934718325122741e-04
2.020273976772463207e-03 7.042791568329022801e-04
2.128788814344260375e-03 5.667204719499447773e-04
2.503754912737447217e-03 5.781800246625598333e-04
2.088005599964371569e-03 6.137303698125105237e-04
2.839872107281903642e-03 6.240938719590628314e-04
2.647740457323755243e-03 5.672858174345568388e-04
1.927295382727491936e-03 6.171333012229235186e-04
2.547440240411025496e-03 5.663415105181066750e-04
1.661960861250352806e-03 5.277659063972162069e-04
1.874125187087279185e-03 6.111801692188757957e-04
2.228834699550329406e-03 6.585692845883182054e-04
1.477477588384532546e-03 6.665494621478881051e-04
2.969014186059902149e-03 5.392868064942139003e-04
2.755128187774168961e-03 6.011450896038662969e-04
1.971513529852947800e-03 5.530137052915446621e-04
2.053002261953539107e-03 4.942745186732125113e-04
2.061041718970598770e-03 6.783225380847366813e-04
2.437078698582503984e-03 6.381994553010314616e-04
2.675843393580211189e-03 4.937138502573073856e-04
3.774986809570869684e-03 5.998488883971764014e-04
2.720919228000297924e-03 6.667830251447518430e-04
2.601502555499715132e-03 6.525811297427183645e-04
2.334076139585980827e-03 6.811718778940261928e-04
2.234210746366959051e-03 5.666585336774135079e-04
2.924499358893888675e-03 6.221763053727612583e-04
2.414300680228046499e-03 6.051159415522467961e-04
1.760655869676944684e-03 6.907093233043907089e-04
2.501718466021492226e-03 7.307760832704692259e-04
2.996122687166229669e-03 6.083539219243794564e-04
2.575056361085846166e-03 6.013727780593085791e-04
2.596238455898676294e-03 5.923861904314002254e-04
2.164320703719625066e-03 6.217768416798962351e-04
1.930345714285714971e-03 5.535154558011046253e-04
2.030127227168572208e-03 5.945375160513762360e-04
2.187198275374505757e-03 6.442187617525455944e-04
2.182174128977966161e-03 6.396775330898637644e-04
1.935853781167173665e-03 6.035606051237821928e-04
2.265479875048482389e-03 6.529152674324512984e-04
2.904376757446251733e-03 5.247416084540722919e-04
2.585518499577346696e-03 6.216263463682361904e-04
2.108149292177940396e-03 5.908100763467224450e-04
2.808394432573385179e-03 6.194770795758746491e-04
2.810892139542281107e-03 4.941620165914608741e-04
2.791716325997107857e-03 6.612126631360906335e-04
2.040591883531740411e-03 6.092127958217253940e-04
2.694001653661311398e-03 5.745728868111866323e-04
2.256405979612233301e-03 6.192718381622252946e-04
2.037159955831834013e-03 5.956047266445270048e-04
1.801931675028925440e-03 6.105291201302761239e-04
2.227949668133355401e-03 5.576981870120189611e-04
2.895905564585208713e-03 6.072010245613140584e-04
1.767598765432098996e-03 6.653342442390061456e-04
2.925351363496262250e-03 6.610791518341522024e-04
1.791969608563635493e-03 6.690686215631544463e-04
2.459537362498998622e-03 5.037699414267888956e-04
2.375500698773190793e-03 6.713894731092932703e-04
2.720366351549745581e-03 5.037335180762283170e-04
2.786546771074628615e-03 6.508791876700088059e-04
1.891920124690673211e-03 4.784509678859385530e-04
2.155951494081320263e-03 6.566549598696760437e-04
2.275453185718315924e-03 5.677436040434837451e-04
3.378129146836510079e-03 5.855044894753016907e-04
1.738947676161435021e-03 7.001939989162171002e-04
2.342726660832942023e-03 5.913580687228455011e-04
2.393300028879714707e-03 5.408683390186949658e-04
2.097429849945132117e-03 6.437795352354790156e-04
2.985902313189672894e-03 5.262683170340424479e-04
1.744805610745430238e-03 5.712404319837485625e-04
2.368951551744063848e-03 5.709373874381135864e-04
2.722325605630033368e-03 4.961490810676382618e-04
2.181699702572470739e-03 5.739947070644971011e-04
2.353388257575758993e-03 5.559423664122139629e-04
2.601138963412236507e-03 5.763313063709786304e-04
2.506883683728170116e-03 5.634663652338714555e-04
1.851891508677442873e-03 5.493379481604635569e-04
2.219180676254503201e-03 5.441818599646873781e-04
2.508600927903684597e-03 6.416032422163370783e-04
2.446758882813527842e-03 6.081501501124123108e-04
2.212279275023619485e-03 5.447868487160013526e-04
2.482628447426150995e-03 6.625359906758873652e-04
2.582955032863399562e-03 5.727278365225345986e-04
1.690059562688599323e-03 5.979810913489828818e-04
2.719522129942949455e-03 6.590457290042018700e-04
2.431788807848231284e-03 5.839470564602440572e-04
2.145441049905924113e-03 6.091988436288071429e-04
1.521450015577947281e-03 5.642990204631988293e-04
2.075562545257197012e-03 6.267369687697257061e-04
1.871965890445469486e-03 5.383364262844375896e-04
2.584809729877645713e-03 5.732414301820751247e-04
2.251236126880759147e-03 6.046923812560059223e-04
3.355154256259634989e-03 5.336584665480477050e-04
2.694063347726398903e-03 6.586177570302800561e-04
2.559587998603905616e-03 4.864163355545279973e-04
2.169069425504608576e-03 5.244700097669996799e-04
1.722657074263214336e-03 6.206894960349645203e-04
1.933220402270170116e-03 5.354622818322128447e-04
2.469421879469700914e-03 5.625608397562996887e-04
2.289816148240533637e-03 6.438907129570800277e-04
2.855803644277895865e-03 6.199214433532693018e-04
2.277897796456949085e-03 5.726978027754794963e-04
1.620863176065617762e-03 5.871492902046929847e-04
2.579402439018999710e-03 5.626195636196372777e-04
2.112039534939941753e-03 6.151195525710554442e-04
2.594277940653221416e-03 6.194514983248424660e-04
1.816731124891922573e-03 5.335826946231222610e-04
2.562773269844995701e-03 6.996841051930673691e-04
2.358289693361409912e-03 6.882880193112289472e-04
1.722677758362096360e-03 5.800840135350069076e-04
1.875927276736783986e-03 6.211965605337576137e-04
1.852611212503730859e-03 5.623896769215725594e-04
1.552923766016960257e-03 6.013910756499043662e-04
1.977828708741113592e-03 6.147904505867408118e-04
1.320577366719406657e-03 7.120769478390589395e-04
1.780373600213381409e-03 6.686679397660506364e-04
2.084785955529630270e-03 5.647636253708483408e-04
2.316553634030045754e-03 4.784592067854630823e-04
1.794103756439586117e-03 4.907813688848026165e-04
2.133767009150341031e-03 6.348099629719970239e-04
2.628511181792429676e-03 6.311586094439235401e-04
1.688741683577107576e-03 5.784498221659448939e-04
1.872025595749217137e-03 6.317265151093751736e-04
2.171401611365850626e-03 6.145701502501067824e-04
2.028875699691423153e-03 5.913944871410350534e-04
2.316496984122282717e-03 6.291216359157003699e-04
2.460407226155768984e-03 5.396186830157401670e-04
3.284109100597994244e-03 6.377161812587290321e-04
2.435594161749942560e-03 6.043975880923334104e-04
2.470037361514688858e-03 6.262972957146563727e-04
2.544792121166184872e-03 6.019022910587600722e-04
3.058140136534678519e-03 5.267425812096432043e-04
2.799399017397992927e-03 6.051861842144037841e-04
2.448553922876560776e-03 6.470380643862070399e-04
2.756185044984713842e-03 5.954220953616921408e-04
2.131231283469175140e-03 5.434268444371194700e-04
1.996684726647760932e-03 5.688106935287939609e-04
2.034938450443470742e-03 5.598722227982258276e-04
2.209104877440725909e-03 6.113629909341432864e-04
2.281635615350706327e-03 6.644875477620093172e-04
1.432174901322501694e-03 4.940938713172082991e-04
2.445826935575300728e-03 5.868458863842430321e-04
2.349221050463425400e-03 6.471953555386021802e-04
1.964121885498047813e-03 6.281658028943903774e-04
2.606983284299247122e-03 5.307499358434204003e-04
2.184502714234857514e-03 6.806307794070718623e-04
2.374089475785701869e-03 6.686704485693935503e-04
2.536498446232862171e-03 6.182614068518514118e-04
2.139192321754964082e-03 6.943437302618199166e-04
1.675480653737461975e-03 5.979990990082026696e-04
2.066801130427242412e-03 5.457296170457385121e-04
1.813173701441923814e-03 5.795645996508981329e-04
1.541798448885797713e-03 5.054438724658838868e-04
3.037266793642055991e-03 6.286521118765235052e-04
2.973569408324590411e-03 6.630032721857535448e-04
2.036248798836156129e-03 5.938480177759172503e-04
2.339788133731696054e-03 6.255638044315429578e-04
1.493242895636504508e-03 5.186155454204346678e-04
2.141772967091679428e-03 6.180669773782020409e-04
2.265888626047964961e-03 6.170433614788160175e-04
1.568508211515943140e-03 6.604383884929437148e-04
2.133475040368180281e-03 6.266346557527944497e-04
2.517748154901233975e-03 6.329584983343813356e-04
2.790809177439410385e-03 5.543008798986290850e-04
2.472499202509256290e-03 6.753516243161494835e-04
2.488123556712461357e-03 5.700706566327847077e-04
1.699740601944633826e-03 4.539333202950067230e-04
2.685134761435837604e-03 5.690838068224391127e-04
2.113924188737693974e-03 5.823119124018773197e-04
2.623715666758848208e-03 6.887911258505010400e-04
1.953204047030769087e-03 6.063047767465965139e-04
2.160209503565730087e-03 6.465219969740254157e-04
2.610285789518572430e-03 6.134789667308147409e-04
2.222355558073653772e-03 6.194205787983170838e-04
2.451591266919334652e-03 5.094973786014457984e-04
2.656496814997437970e-03 5.830764726053146640e-04
1.937483291139389984e-03 5.800061519853898662e-04
2.895699582762646142e-03 6.530158212267401022e-04
2.049923630720012178e-03 6.460939491139181369e-04
2.108299947987770859e-03 5.872423731899922275e-04
1.498198852896430195e-03 6.525908669316105764e-04
2.291575632020673766e-03 5.882603418421015638e-04
2.374677823998715999e-03 4.654924972240976374e-04
1.935927790575245507e-03 5.882777875887947516e-04
3.053744678143503755e-03 6.307812684655779651e-04
2.427401107246051487e-03 5.789740879513082406e-04
2.265849203365452851e-03 5.714415975283575286e-04
2.353018251678607332e-03 5.090105911048568551e-04
1.951756324792084741e-03 5.637205625098297077e-04
3.179343770440427007e-03 6.431823610892381093e-04
1.428874120562454884e-03 4.958865776541868152e-04
2.864461432197409375e-03 5.911491848189629915e-04
1.773118563904952857e-03 6.294230547087532011e-04
2.108289703411498923e-03 6.935464697932650167e-04
2.610095790271666893e-03 5.897488656947390577e-04
2.395874889419987407e-03 5.871186416292481849e-04
2.629088325000971792e-03 7.192252135879267363e-04
2.219013018410576597e-03 5.690340701055848034e-04
2.119587432786418282e-03 6.376303410793256231e-04
2.281563984331165095e-03 6.147977318277376675e-04
1.889816500978856815e-03 6.190353617760997306e-04
2.312831305572977079e-03 5.427618370371032610e-04
2.281203769588079772e-03 5.527945503669325902e-04
2.276412183726937537e-03 5.832569423985006947e-04
2.081499062821142929e-03 5.496005775202804280e-04
3.081554788105963540e-03 5.038655068702132698e-04
2.538530630737205734e-03 6.042336921349528937e-04
2.859540777883998360e-03 6.574768486510212473e-04
2.454218078333274961e-03 5.931033905832625540e-04
2.779123854758767335e-03 7.018109430290869798e-04
2.324749947978682618e-03 6.153748203305232575e-04
2.495719865345944616e-03 5.714432274729903515e-04
2.302085351741449924e-03 6.660849717962080132e-04
1.984988197368101493e-03 5.629493202683954426e-04
3.110439045200880364e-03 5.183839976778383202e-04
2.149893805273105519e-03 5.397333133704846492e-04
2.164777289390731538e-03 6.641030062931332044e-04
1.460325277648611298e-03 5.970537646210145660e-04
2.627447320853629024e-03 6.552823657023158473e-04
2.112027865002405469e-03 6.394751668171131005e-04
2.048919714808167692e-03 5.488197032878634708e-04
2.082443227244918423e-03 5.283794734989688113e-04
1.371555140579830325e-03 6.119975952589091963e-04
2.756300372156092124e-03 6.218520619868228962e-04
2.647904006808251415e-03 6.761541285960954604e-04
1.637369678508168985e-03 6.345584396134251086e-04
1.780285883792069850e-03 5.602512427785844538e-04
1.971979350926641485e-03 6.175958411652209988e-04
2.276987393131423097e-03 6.379210851844023446e-04
1.475000856345918187e-03 6.119577323721900157e-04
2.437185111081084134e-03 6.509489869593045822e-04
2.486760877631647663e-03 5.285772229178195298e-04
1.935057761904099283e-03 6.122437821533193792e-04
2.609637578885029910e-03 6.098898290166040233e-04
1.774960341747560495e-03 5.934423059880928426e-04
1.655687381345751939e-03 5.978493479881283454e-04
2.530968662611541783e-03 5.780692412833523045e-04
2.275133683963114373e-03 6.002752787525915878e-04
2.117024698091092647e-03 6.285171945163248002e-04
2.342855476622914771e-03 5.032696565367685091e-04
2.851341949060898304e-03 6.430699932259660101e-04
2.123039868335356052e-03 6.408117406390664893e-04
1.900277841748791675e-03 6.100118308672265125e-04
2.569637208487508557e-03 6.543220528825556895e-04
3.353410362664546208e-03 5.773491844507707424e-04
2.161884305555556319e-03 5.846549494949498851e-04
3.001277897465346942e-03 5.824039326657100713e-04
2.726684504852453731e-03 7.263247664455086024e-04
3.291181345743881236e-03 5.430591748965538697e-04
1.901322461648485493e-03 5.674943846764872631e-04
2.832168857603531084e-03 6.778386972618276459e-04
2.272339773883217014e-03 5.432188504651584097e-04
2.208123695127523021e-03 7.002582754216896219e-04
2.588641783048650259e-03 6.300298075885770073e-04
2.360944946677333550e-03 5.846730043855210982e-04
2.631560352449045879e-03 6.448312077130037047e-04
1.617355936736833292e-03 6.245478379649185190e-04
2.889062172297530377e-03 6.078824478004559145e-04
2.647254556882305387e-03 5.859746327742276122e-04
2.669614616448583860e-03 6.355850571648558912e-04
1.627401394753865988e-03 5.646536674811385333e-04
1.862572988257828709e-03 5.851564166297588835e-04
1.840272710198623653e-03 6.598774942755514889e-04
2.999031181407364483e-03 5.489330635542935934e-04
1.773685936784830369e-03 6.394438725752798905e-04
1.510123315323253987e-03 5.702427976244062949e-04
3.045287525108099184e-03 5.916939024587143268e-04
1.799371723143314023e-03 5.991361052868505316e-04
2.367813799451915554e-03 5.496451514732428843e-04
