1.671198607475943287e-03 6.238041894425766900e-04
1.461233569641115461e-03 5.000373092327101273e-04
1.927473498862327826e-03 6.062466932139473543e-04
1.602025893037281688e-03 6.572938991441191689e-04
1.610203802107493427e-03 5.813087776910354828e-04
1.340497950026938584e-03 5.996649569008705768e-04
1.697173200074801299e-03 6.192562813118264757e-04
2.061865647138420941e-03 5.973229187801810166e-04
1.671232727245434155e-03 6.578058843662268644e-04
1.714221394568571106e-03 5.861787402663527985e-04
1.843399722107824396e-03 6.812611853608991101e-04
1.615737392345970285e-03 5.856720696978876244e-04
1.408407933065687406e-03 5.328495928521655330e-04
1.821386886404601771e-03 6.287282825132775848e-04
1.316173610983160892e-03 4.892870595878016319e-04
1.996675171394538158e-03 4.653796329026247628e-04
1.700627106259778015e-03 6.151414307361192284e-04
1.758771904223003233e-03 5.492651475274646982e-04
1.493605240302888762e-03 6.164645499321249559e-04
1.683112715935440769e-03 6.227115355446133978e-04
1.479423770567152730e-03 5.288858875015318897e-04
1.379782167938184380e-03 6.662390782961462614e-04
1.279734813845908020e-03 6.017600788312878635e-04
1.980192198338396464e-03 5.357970673931839898e-04
1.739466276589659438e-03 6.016820198042834066e-04
1.823613823242447706e-03 6.508406371851896714e-04
2.010934523431658939e-03 5.451681016414252658e-04
1.896427399999998627e-03 5.247117846153844618e-04
1.812112221425373317e-03 5.236141368080253489e-04
1.559515696416234609e-03 5.541823246915011849e-04
1.403645119961185106e-03 6.519314790881693264e-04
1.583073572327899645e-03 5.428420350683501108e-04
1.584229189658828939e-03 5.293808269758057362e-04
1.800889680755613734e-03 4.368372912963072036e-04
2.222519046534002403e-03 5.054678019243372686e-04
2.040651198154806896e-03 5.984160386784868977e-04
1.604471845976967841e-03 5.800044691444220532e-04
1.822430934265108519e-03 6.431243178770132494e-04
1.871325663631430046e-03 5.377262003302742685e-04
1.408123418650008164e-03 6.488165884484156220e-04
1.836157160532000824e-03 5.894313671172088809e-04
1.765714197690056208e-03 4.959800291257211811e-04
1.597283071131456967e-03 4.886808691899055057e-04
1.526544982216857882e-03 5.269003764655967202e-04
2.079923054796011059e-03 6.229550564965170064e-04
1.608099971965013886e-03 6.040983845886599250e-04
1.497603056130616993e-03 4.234383672343636803e-04
1.706657306580493076e-03 5.525383449500194909e-04
1.426796632485268727e-03 5.642468324260274323e-04
1.659785170706705709e-03 6.016852905100425865e-04
1.324415940601931423e-03 4.956907131948445639e-04
1.475252353121111375e-03 4.417792099575961764e-04
2.141569967884262172e-03 6.063870298668096615e-04
1.544866412634245557e-03 5.123368165238121686e-04
2.048730989543099280e-03 4.924541397658378176e-04
1.069949927975627924e-03 5.365718392751116575e-04
1.545373733889813996e-03 6.430155954977286384e-04
1.389710627491011138e-03 5.698994027951659411e-04
1.438971100663690534e-03 4.918815626202125736e-04
2.116722489966205330e-03 4.513670087242614834e-04
1.841940330190292019e-03 6.942591907781330051e-04
1.650981965304504232e-03 6.002666845113355416e-04
1.466223839776263291e-03 6.296893402880783227e-04
1.522787352585582531e-03 5.611174267994410323e-04
1.929272939903919990e-03 5.050307030868955152e-04
1.651218168386911706e-03 6.410192179495937531e-04
1.251857287079440615e-03 4.243101430044194039e-04
1.320490212820398142e-03 6.113756060261044557e-04
1.429481055007173970e-03 5.753954517215703352e-04
2.186690700152631867e-03 5.493588430190854280e-04
1.415404052027035339e-03 5.211594128341501004e-04
1.661956665772082019e-03 5.238653445665114854e-04
1.513751651668092347e-03 5.440963991536170493e-04
1.377405227819474389e-03 6.404206282883910918e-04
1.875437246961449969e-03 6.865414645854673583e-04
1.873738139736029181e-03 4.922246035149693182e-04
1.214682742477721147e-03 5.038623450797500344e-04
1.753033346384464492e-03 6.422935391747029840e-04
1.804291900474249821e-03 6.246397377841796366e-04
1.537783015630834549e-03 6.777174066450453171e-04
1.672312468980768733e-03 5.004479960462963331e-04
2.044781495270301189e-03 5.616493556811003518e-04
1.534081181161924727e-03 5.428655180957835200e-04
1.804938689111455470e-03 4.544006374090606322e-04
1.305574057304357324e-03 4.537115747198920994e-04
2.403038732638887193e-03 5.141481305830884752e-04
1.914804396064712696e-03 4.878212549231308263e-04
1.828235217275615571e-03 5.670970146128944669e-04
1.265075848069410975e-03 5.849087265522076974e-04
1.574731719368578165e-03 5.415358676960433781e-04
1.589429618167629557e-03 5.806918362789753639e-04
1.628149698608248900e-03 5.858679170027335193e-04
1.689121446424354757e-03 6.955760077891236714e-04
1.950829522592343376e-03 4.582647886481389836e-04
1.815189059237952689e-03 6.435524674084551824e-04
1.606245655520277885e-03 5.465483608508662225e-04
1.702011011983801123e-03 5.928338505848666133e-04
1.279951699114429851e-03 6.435855803396319397e-04
1.633057811515523225e-03 5.645961657038643666e-04
1.343457020655341094e-03 5.831828517750392961e-04
1.667296144435182967e-03 4.753732890589787018e-04
1.590947756047866998e-03 4.775062957305605286e-04
1.524833410268509664e-03 5.322872934152227771e-04
1.416305879627948469e-03 5.080016668052231288e-04
1.996893824300487261e-03 5.473162144103777471e-04
1.587716882032773509e-03 5.350137656241115086e-04
1.828174468513991827e-03 7.278292823592508220e-04
1.574740986917516714e-03 6.012378344248487869e-04
1.313582211817307822e-03 4.503129778485042843e-04
1.828260356691977341e-03 5.830950332800118301e-04
1.607937330185782833e-03 5.002511764779990489e-04
1.546683648312264635e-03 4.663326692774560130e-04
1.438692598792073530e-03 4.913079217273313591e-04
1.571322362964879937e-03 5.175347826094257734e-04
2.032900773754878990e-03 5.690358491819702547e-04
1.458391460729110750e-03 4.706316459701261859e-04
1.476767440553863713e-03 5.511719734830457327e-04
1.714878229635272795e-03 5.206793343796611330e-04
1.605493442136878262e-03 5.280196795263049228e-04
1.347574518197977838e-03 4.620292391028499096e-04
1.523088455760530143e-03 4.605081349198192841e-04
1.955105786503984287e-03 6.516062848556966429e-04
1.878913926241845009e-03 4.764888456344305444e-04
1.597976771585383343e-03 7.048191199625585251e-04
1.722456741363703097e-03 5.057788339647311705e-04
1.600277433521077753e-03 6.480050795643553215e-04
2.065110718102412379e-03 5.279308804093792119e-04
1.617726281380035261e-03 4.525461331272825406e-04
1.473403668337786888e-03 4.871450849141685502e-04
1.263139764676441670e-03 5.068811989497163349e-04
1.912185658596478191e-03 5.852921504956689388e-04
1.582278578425298874e-03 5.034200155938514882e-04
1.937423989055734848e-03 5.660568293983025360e-04
1.873610229964929640e-03 5.143446948810290404e-04
1.837588619435975628e-03 6.184063496179842499e-04
1.555956314137682279e-03 5.419026476664711572e-04
1.676189610422768993e-03 5.327883851295028015e-04
1.448265750682659276e-03 7.013184610540231217e-04
1.745880142939003734e-03 5.594581607944742888e-04
1.539855338004039601e-03 5.345770797676060960e-04
2.255868578084675030e-03 5.166693324508823439e-04
1.439942631696516755e-03 6.421882888059144302e-04
1.586068718766593276e-03 6.402419176122183583e-04
1.635288810515239059e-03 5.816605205337636733e-04
2.068274624917243541e-03 5.261385192006386418e-04
1.713824016592282529e-03 6.027151169295517398e-04
1.824491644575408807e-03 5.410969246351555757e-04
1.966877796960538917e-03 5.109870558722123118e-04
1.884370246660405871e-03 6.016829821009779923e-04
1.604884668871088072e-03 5.295410601599709896e-04
1.809150090495889249e-03 7.289797807923430401e-04
1.862293794991362779e-03 5.246732022093913983e-04
1.568424759124520526e-03 5.626864581845725981e-04
1.766475657155747994e-03 6.182800318700605417e-04
1.432089540168464533e-03 5.831700477204710634e-04
1.205019793964255117e-03 6.282032299751652430e-04
1.433992725972917451e-03 5.753798831747139117e-04
1.948214431486536584e-03 4.694060234081289624e-04
1.446788312425889914e-03 5.523059246223534051e-04
2.060542022430846519e-03 4.866759719325090827e-04
1.983825272298515591e-03 5.350299575446072070e-04
1.240453799539756752e-03 5.394303033367197058e-04
1.417847741447811859e-03 5.702528788082268608e-04
1.576316094467894577e-03 4.826569765529414662e-04
1.661125167502452721e-03 5.443850169246752975e-04
1.890534825924102902e-03 4.787188139045020561e-04
1.650005124250396174e-03 5.899076631893349120e-04
1.937133697653265624e-03 6.646553141946205147e-04
1.767211086596503708e-03 5.867624821045548493e-04
1.829271941010536355e-03 5.713396945829662564e-04
1.823382377731613043e-03 4.776153462149757153e-04
1.589445496887907650e-03 6.007028903421112852e-04
2.099617766546233843e-03 5.898957605869882504e-04
1.458176711125793498e-03 6.345507903695982209e-04
1.705932998560413458e-03 4.626694014559011537e-04
1.932430451772212260e-03 5.649280947532346869e-04
1.768135260432077485e-03 5.409805161582544172e-04
9.797228687589965273e-04 4.572593650477955476e-04
1.256731164235860452e-03 4.203372229242322532e-04
1.970577379414945908e-03 6.643367607416113783e-04
1.338440844779419580e-03 5.669155356666793913e-04
1.361748141971667794e-03 5.460585599806889708e-04
1.256695701178763653e-03 4.732101733137718128e-04
1.993071551714081010e-03 5.988776324924579772e-04
1.537805316174141717e-03 7.093900940487072541e-04
1.967687909985349742e-03 5.691270967645681474e-04
1.633344680930072209e-03 5.954931075082293144e-04
1.479798099311551004e-03 6.143036429722503831e-04
1.459021020022978734e-03 5.558322880665478565e-04
1.542045055886717914e-03 5.516402540046688036e-04
1.526516355767400680e-03 6.360239749639537464e-04
1.659042451308088669e-03 4.910642718655813029e-04
1.528199292543755763e-03 4.974636434170457344e-04
1.670864387431897097e-03 3.875475793005610475e-04
1.579958388903751013e-03 4.700219722076076504e-04
1.298775840873909191e-03 5.492739154231424245e-04
1.940887467958292206e-03 5.841262416536660692e-04
1.335247406931276996e-03 5.832999593487501935e-04
1.675682995069591348e-03 6.306151026859971353e-04
1.579751628603838151e-03 6.678425056557879460e-04
1.736390708558922889e-03 5.970162524594679540e-04
1.713770034120327100e-03 6.040926017925349421e-04
1.486798255504929393e-03 4.415051174076190226e-04
1.614529279952581046e-03 6.332829916847651074e-04
1.862406245438665096e-03 6.531734767621510821e-04
1.396013925166472063e-03 5.097026094577926164e-04
1.510359823715088073e-03 4.438937924794436130e-04
1.406762542414023839e-03 5.226958328473141130e-04
1.580745644035565700e-03 5.813677889426977982e-04
1.341758580203455996e-03 4.881570272622804004e-04
1.973008559431524162e-03 5.263928872053872656e-04
1.707426700930161087e-03 5.318846779025296215e-04
1.926443228356192585e-03 5.722894706753987436e-04
2.002669284163619175e-03 6.385517180440127092e-04
1.751028429213011880e-03 6.149185224058801615e-04
1.856646684698787459e-03 5.098466361486827733e-04
1.618328724109276270e-03 4.814667089080692922e-04
1.544793997879667169e-03 5.481219792318804164e-04
1.449115973970775944e-03 5.126802576832337503e-04
1.672847769937216723e-03 5.883120430866687961e-04
1.672001385321856453e-03 4.535455658660379145e-04
1.386469155910674111e-03 5.633126932207952776e-04
1.266412983148204737e-03 5.085130784952689208e-04
1.625832336959456446e-03 5.326976275875857942e-04
1.913893048711166238e-03 6.563330181471211137e-04
1.331196997821516804e-03 4.148338702843400129e-04
1.446472736817500321e-03 6.150834081135793819e-04
1.639706699813201418e-03 5.994110494864032541e-04
2.104948753437085006e-03 6.065805768948411524e-04
1.469816664182861578e-03 5.037931590217338161e-04
1.354279635899236812e-03 5.517335509396511031e-04
1.934974557385109968e-03 6.467996044252032322e-04
1.750269678831237359e-03 5.466717891795731289e-04
1.403219603603016999e-03 5.330852010199441625e-04
1.439047683669566211e-03 5.361177556693266094e-04
2.088175379653878488e-03 5.480275300226254828e-04
1.592641143343340778e-03 6.211251116005942581e-04
1.781610843546426598e-03 5.329758833345054616e-04
1.434221739489973876e-03 4.761728925049426935e-04
1.791575546657549851e-03 5.358101206854160416e-04
1.684378941558421555e-03 5.520635257938214489e-04
1.808406915094998941e-03 5.209784051907900577e-04
1.896993176371419886e-03 5.507722115974981406e-04
1.549388799096446633e-03 5.092826198751641180e-04
1.594690245793431134e-03 4.966784217014310080e-04
1.389191119948447782e-03 6.474364255388381480e-04
1.668371293358379779e-03 5.831636866260544484e-04
1.507963621191320356e-03 5.158245277925452505e-04
2.178934891011504154e-03 5.274130545053457800e-04
1.547445976970259190e-03 4.657990650842053085e-04
1.649924168428998491e-03 5.424035689521426729e-04
1.746903540722298705e-03 5.499267507090975938e-04
1.776129577698958321e-03 4.890708668934619406e-04
1.832357293724260795e-03 6.296874536512006744e-04
2.058457409369743914e-03 6.706653295416274696e-04
1.393926391906275420e-03 5.420837056848614105e-04
1.812048621213867587e-03 5.393136012493905847e-04
1.738892261066789409e-03 5.435724708852491746e-04
1.560725589271968030e-03 4.598722976955796175e-04
1.745855510000158574e-03 5.656838168784668721e-04
1.648058860445470288e-03 5.204287652005186969e-04
1.789890146989910839e-03 5.981442721455793986e-04
1.807554793285364976e-03 4.739772980140132528e-04
1.878066487817121183e-03 6.023741718908844772e-04
1.551375203492887924e-03 6.254483156368304941e-04
1.321414887069288823e-03 5.232773315817647016e-04
1.483377101091782647e-03 5.589004743199392066e-04
1.435462896061356387e-03 5.984031931281939484e-04
2.019139374425549683e-03 5.102732039512456472e-04
1.462421674568949734e-03 6.425141744771722474e-04
1.763368289701910865e-03 4.330407015205099642e-04
1.655042386513582006e-03 4.766598520533187337e-04
2.227104002667294920e-03 4.830296670289809316e-04
1.837027197296580306e-03 5.862991399546730459e-04
1.825143828744198908e-03 5.027572533481046999e-04
1.396593834135685230e-03 5.255813788152078345e-04
1.475729037419438701e-03 5.480425961547270332e-04
1.682301016572299935e-03 5.174758521944394611e-04
1.788240089348981307e-03 4.385263984110596321e-04
1.434964497961476468e-03 5.327449914650682827e-04
1.507243014661580668e-03 5.353273718529852994e-04
1.642355906751426405e-03 4.979481056162380964e-04
1.702229585393530507e-03 4.791614806169518649e-04
1.903549998250969773e-03 5.015816667383707524e-04
1.748936174171639548e-03 4.695925783353277743e-04
1.924947719614632843e-03 4.442000998424395553e-04
1.749317300414421437e-03 4.836322013893603277e-04
1.514417434255001856e-03 4.859160332291667878e-04
1.814333698236857877e-03 5.562730829508084722e-04
1.773347140608999041e-03 5.251889940170298204e-04
1.525516246304014275e-03 6.165014539292144055e-04
1.546859735546000014e-03 6.540327556680710069e-04
1.301113004925306266e-03 4.804861677631209072e-04
1.565232487103319220e-03 5.971924656744373493e-04
1.712470953166388490e-03 5.817191190740319574e-04
2.018081484842981863e-03 5.748704752041125000e-04
1.718834342848184552e-03 5.705734709213703673e-04
1.992521058265426907e-03 5.833918232927520590e-04
1.529432728879558763e-03 5.600297880889868385e-04
1.474679780548478940e-03 5.525055736607446767e-04
1.128937073260722571e-03 4.936131306760152071e-04
1.310285964662629083e-03 5.173034572973099271e-04
2.089906788461607951e-03 5.552114353669296894e-04
1.971523060959990727e-03 4.982719403250877605e-04
1.753512147915150003e-03 5.302021117022480542e-04
1.734879800375253855e-03 6.334870878246471465e-04
1.839154657660813140e-03 5.372754616212100428e-04
1.237865662733021776e-03 5.005855496284991862e-04
1.684463784354077107e-03 5.666633424095216540e-04
1.371555923018259043e-03 4.578937751460568405e-04
1.568630121196558326e-03 5.437631964413438277e-04
1.740900475569075959e-03 5.684401254750926901e-04
1.671959671165582735e-03 5.922200647668022372e-04
2.029618830547565145e-03 4.742274639559176008e-04
1.381248376123135743e-03 6.187072948425634744e-04
1.863201088473110225e-03 5.973021880047810900e-04
1.739918994551163233e-03 5.623131428754219374e-04
1.549625424460251239e-03 7.161201120870721486e-04
1.522600029877983372e-03 5.255347250213112439e-04
1.292652041299346142e-03 6.037578681465922796e-04
1.754998551852833630e-03 5.427714685195013508e-04
2.099787011525333300e-03 5.698660980006865946e-04
1.709611217058985139e-03 6.240257103498149426e-04
1.435177664638879243e-03 5.817750495244512505e-04
1.800936495460407454e-03 5.757043036350430144e-04
1.753061790126899224e-03 5.676420663032691197e-04
1.873742729787416118e-03 5.464376360430273690e-04
1.560194172056710449e-03 7.455104246684422396e-04
1.806111409714528148e-03 5.844909472224759208e-04
1.472908045145985244e-03 6.436337532498408740e-04
1.305888331216863455e-03 5.091055245587054311e-04
1.738804438435353605e-03 4.752081318482034378e-04
1.498471812445202177e-03 6.095954738287966135e-04
1.589668302460796236e-03 6.334368713109097323e-04
1.756577763059559601e-03 5.921885504825388953e-04
1.853428429032252280e-03 6.892084954340100796e-04
1.552198981117211638e-03 6.149238255753116398e-04
1.710561164807418346e-03 4.888775513490359543e-04
1.874827082668716841e-03 7.264185890030939617e-04
1.620871684178990879e-03 5.663959977482481986e-04
1.532269787087862066e-03 4.855294920866020498e-04
1.700758040151993623e-03 5.024478114314940951e-04
2.187904205227450549e-03 7.645475169400272122e-04
2.179730787594562000e-03 6.464901524154102611e-04
1.968294252531611714e-03 6.127107368336676824e-04
2.118227719773155444e-03 5.599760459998645145e-04
1.840119056514741107e-03 5.356792946099795923e-04
2.022794056245601560e-03 5.197155769631055678e-04
1.818742385776088519e-03 6.240421872649231858e-04
1.550616294386137966e-03 6.102058040443850574e-04
1.577942727082323098e-03 4.876764090704628716e-04
1.993264776125138783e-03 6.186713928135354965e-04
1.527859478473241614e-03 5.424657693486118403e-04
1.772460603233240711e-03 4.968123388314688634e-04
1.675103819943941138e-03 5.956475640554919140e-04
1.831115671296295374e-03 6.026012980769230882e-04
1.775335842131995495e-03 5.532060544138248884e-04
1.622714880558949035e-03 4.687277821909787085e-04
2.157837274333418518e-03 5.758854271333985761e-04
1.316403595322653865e-03 5.723061392109864533e-04
2.021035970835161847e-03 5.345975797068411696e-04
1.972517492829297357e-03 6.373268585110544726e-04
1.831817996905445037e-03 5.968184854543360628e-04
1.638890339067840046e-03 4.432149683968450698e-04
1.638485051293756640e-03 6.222476144307140244e-04
1.636996573949906419e-03 4.423544968507818172e-04
2.054204835246146565e-03 5.624144335864356484e-04
1.427503251661171608e-03 5.374436429803950257e-04
2.029797941539937447e-03 5.530575393617083186e-04
1.861366365120436855e-03 6.516540107396255437e-04
1.820009089226794609e-03 5.269157842101863509e-04
1.387240369249835657e-03 5.828469748252016087e-04
1.671946397979515771e-03 5.368965889117501260e-04
1.448720251040951611e-03 5.507813481749973756e-04
1.785626063540808909e-03 6.325030927615884211e-04
1.936295011741794806e-03 5.179495280351745830e-04
1.552316407615295882e-03 5.660049468538355145e-04
1.491555270797602101e-03 6.134812524786600798e-04
1.807106727899989579e-03 4.971094629042990126e-04
1.398383637289087609e-03 6.011873849320024943e-04
1.868437018484982127e-03 6.370248154063770001e-04
2.091674536766179211e-03 4.300103418509260231e-04
1.631954083154054519e-03 6.196317260647961128e-04
1.497414848521368700e-03 3.865764644222466654e-04
1.832164633987112649e-03 5.015659875895138974e-04
1.650979472634856284e-03 6.174333921720070225e-04
2.003678577623930080e-03 5.520903561232101122e-04
1.520520115396379116e-03 5.326725971334658142e-04
1.702549178061685004e-03 5.903411060275313505e-04
1.629788368161399874e-03 4.648122608128283598e-04
1.431805696387834738e-03 5.375697190155327709e-04
1.437555453112387320e-03 5.998393967839642064e-04
1.922778586659465569e-03 6.135663290071696665e-04
1.715072256761227508e-03 6.387555251756002386e-04
1.445292332041977395e-03 5.353774356746822784e-04
1.969846601919475124e-03 5.325701163651267410e-04
1.535909680255617910e-03 5.562450324970175802e-04
1.691695420982907610e-03 6.930106405158435777e-04
1.989004252407956027e-03 5.158331214555766540e-04
1.639970952433948042e-03 4.840275208956733213e-04
1.992989872119339551e-03 6.334942584861006504e-04
1.579891190980365137e-03 6.357303230970542517e-04
1.966233721250559667e-03 4.986586470910350745e-04
1.500038726312584707e-03 5.999825845376935201e-04
1.277813091283610267e-03 5.659095567288240309e-04
1.781343475582329496e-03 6.837486005930698248e-04
1.369568486013257678e-03 5.932399526762022115e-04
1.874710267270366564e-03 5.078151401383494950e-04
1.361301042984190083e-03 4.794095691824990695e-04
1.880235613470326037e-03 5.604386054983119883e-04
1.598444514189117580e-03 6.759285858088866531e-04
1.537456321887233426e-03 4.642235108394304256e-04
1.422796831704681514e-03 5.597567993770958877e-04
1.896657845675283000e-03 4.693725795818613636e-04
1.863166545149092185e-03 5.938676634722395891e-04
1.873234929553123157e-03 5.057437168184909706e-04
1.632881148650809850e-03 6.086071787706177167e-04
1.704300585000876039e-03 6.132935800833476739e-04
1.626091816271591634e-03 5.851638703673099975e-04
1.702092501357504008e-03 4.605880205373991489e-04
1.539971505660610394e-03 5.656310386759555919e-04
1.527459276557903856e-03 5.027257912738309449e-04
1.679614006472038680e-03 5.969136293179947653e-04
1.745679097349309150e-03 5.196332819690181520e-04
1.449467819228640510e-03 5.989300287705002102e-04
1.855384686098263342e-03 5.391981643591333556e-04
1.402594211441488079e-03 5.112893756186846512e-04
2.091690542689233611e-03 4.870918817191022330e-04
1.884022891290768574e-03 5.072740767332345078e-04
1.831663014124942186e-03 5.728126703198113939e-04
1.029603843604521988e-03 5.615277839864505531e-04
1.790778305723130437e-03 5.081452548756742712e-04
1.650869397363214502e-03 5.652380911226396239e-04
1.667664059445958047e-03 5.726333367237984931e-04
1.371793939288460870e-03 5.301047370092592777e-04
1.471640452007330190e-03 5.828800925750956229e-04
1.588641585276308115e-03 6.154205655212866867e-04
1.460353182247561181e-03 6.305621907260039851e-04
1.527628797464650580e-03 5.262749270547233214e-04
1.733155850956434553e-03 6.261658916707554942e-04
1.445778068665564114e-03 4.742429200300871529e-04
1.541924969134468278e-03 5.074825835297886887e-04
1.924983017693143294e-03 5.645557906720571287e-04
1.787474234688016467e-03 5.391835628201973934e-04
1.436100706452180008e-03 5.061208478941739116e-04
2.000730305419663561e-03 4.966942467974355679e-04
1.828620653867940897e-03 5.806767805739431777e-04
1.840146373190072347e-03 6.867167547161770079e-04
1.934666105931734771e-03 5.190617359049274054e-04
1.524360495050662134e-03 5.305866243517286208e-04
1.579441486152921960e-03 5.545018724490021443e-04
2.178198271603424760e-03 5.157619935031864007e-04
1.623999750171538272e-03 5.583061012009756094e-04
1.285473374864879673e-03 5.698198095143014582e-04
1.417524158606781656e-03 5.276520737610468402e-04
1.377194360777549099e-03 6.443904474517005848e-04
1.140690827182345383e-03 6.407438533874184987e-04
1.614740252142973093e-03 6.146930707704244918e-04
1.110235973295679293e-03 5.197513607691403017e-04
1.352806990445470448e-03 4.798741544588541611e-04
1.861465904104356132e-03 5.331559196211871441e-04
1.606251463954115524e-03 5.619355077329171852e-04
1.680962182623800885e-03 5.472962103778635260e-04
1.825365098817135915e-03 5.589692043889851010e-04
1.696719959984032767e-03 6.828415291463638820e-04
2.160872938990310299e-03 5.311010380541997342e-04
1.736435560131086627e-03 5.769062816318084458e-04
1.578569378719582974e-03 6.211422913587240227e-04
1.238270887648872240e-03 4.287648265868077252e-04
2.241874947448538498e-03 5.222414768669853555e-04
1.462338698497657810e-03 4.968904045436873347e-04
1.867539169933953502e-03 5.362068740155869102e-04
1.817438661753125384e-03 3.927917627337783454e-04
1.591817026339512314e-03 4.941624561664424318e-04
1.651090134306410417e-03 4.665018075265315624e-04
1.514077952869404432e-03 6.224815279285311103e-04
1.611247645342101919e-03 5.373656049346577481e-04
1.827381085246597642e-03 6.701882360138819959e-04
1.459130739444819500e-03 6.468534096522139199e-04
2.088112725942602079e-03 5.279722120482611449e-04
1.840484618931444811e-03 4.848421705292086238e-04
1.486973623370436808e-03 4.411668063900206732e-04
1.809023204261949900e-03 4.656037283256155642e-04
1.842729980952379203e-03 5.793951182481752674e-04
2.030728571642897388e-03 5.660374554114591152e-04
1.584179777248991309e-03 4.824719960471430353e-04
2.014628800938830094e-03 4.694584529046582386e-04
1.751422553171296404e-03 4.200755544621749635e-04
1.824536311656823912e-03 5.478548216266020034e-04
1.672775673449533596e-03 5.788877962123779733e-04
2.086723835919226163e-03 4.847721690606062936e-04
2.204226542684670307e-03 5.082599652075579224e-04
1.714385816486179792e-03 5.529370565655455233e-04
1.926344084454032065e-03 6.064054760573629830e-04
1.610401526818613710e-03 4.636488651926684210e-04
1.473637677297092189e-03 5.440546721839949673e-04
1.871825732396563240e-03 5.019495750126063381e-04
1.834100720038957244e-03 4.913121867056245273e-04
1.990109087844924365e-03 6.800166936415107414e-04
1.589337350531326533e-03 5.716611226530209870e-04
1.503211315882718594e-03 5.040887760320816695e-04
1.351063289641548162e-03 5.247474583615594238e-04
1.612758928571428460e-03 4.297521780303030525e-04
1.820337406397281275e-03 6.932104923823644667e-04
1.821851640046061923e-03 5.686767397208084256e-04
1.092511717772508099e-03 5.921324424377791100e-04
1.635834402156500665e-03 5.116320708947579834e-04
1.147339853427970912e-03 4.920854820100131364e-04
1.710242898554634617e-03 7.020620344973723401e-04
1.688294593048731340e-03 4.652007293897563074e-04
1.472359753468357275e-03 4.960241492337287474e-04
1.919874104601934335e-03 6.345336028338609052e-04
1.252867354488434873e-03 5.237535455186872546e-04
1.485519726761130475e-03 5.626852610036743455e-04
2.123857566390465607e-03 5.048087655136191104e-04
1.857995764887668917e-03 5.424762425692229153e-04
1.993297453158971062e-03 4.646796162795397301e-04
1.723628785139671646e-03 6.160426079425845337e-04
1.659402121670319578e-03 4.842825282472658583e-04
1.810062232657871570e-03 5.819565513301366106e-04
2.178075557543655578e-03 5.692080352200091760e-04
1.860787511838142430e-03 5.167508100484580636e-04
1.534301109304235435e-03 5.154246718871643984e-04
1.413357831790122742e-03 5.046857638888889355e-04
1.394881745838159838e-03 5.206684020182173909e-04
1.491996127797662851e-03 5.266650030353408046e-04
1.591314185349325871e-03 5.983622075715486687e-04
1.357660729925453096e-03 4.639203782846395511e-04
1.656996149634475807e-03 5.805844778835763352e-04
1.985886277779052005e-03 5.080192710504250137e-04
2.180812809478147995e-03 5.362016884563126137e-04
1.699719374945667539e-03 6.433668596772661478e-04
1.567428560446454920e-03 4.744279538446572061e-04
1.573535366752611391e-03 5.430332272437313765e-04
1.891509030170032690e-03 4.403482231143369214e-04
1.336407750567544057e-03 4.791213128039164995e-04
1.832621290575074625e-03 5.320518015435075302e-04
2.037833595258320678e-03 5.024669385716946718e-04
1.654702855002773091e-03 5.027756588883080732e-04
1.578274595318201155e-03 6.092589831909978005e-04
1.786548206723964768e-03 6.002431478309924349e-04
1.312249148026639915e-03 4.831559286835535928e-04
1.939980549923482839e-03 6.127119266168042783e-04
1.993610297353974169e-03 6.157266186544733868e-04
1.712876984126982492e-03 5.709790752923976382e-04
1.309858028782685336e-03 6.012368619168956046e-04
2.175267920034411329e-03 6.109629269818881098e-04
2.014266746595019981e-03 5.478483253662347991e-04
1.883991960576876512e-03 7.089902276348722691e-04
1.677441093758064465e-03 5.179563444698787001e-04
2.312340784074349686e-03 5.429129772589638518e-04
1.574308074476160222e-03 5.756508577799109364e-04
1.695276342597852549e-03 5.343309857973864993e-04
1.868583093415287057e-03 5.762152178154364077e-04
1.490746450864969749e-03 4.713134385095842267e-04
2.183452275668802678e-03 4.949774190946326560e-04
1.488777706598242529e-03 5.982212968244224804e-04
1.290123392731422260e-03 6.376561150561825802e-04
1.420757500089566252e-03 5.641785113101463814e-04
2.165484979429498080e-03 6.193787771845862909e-04
1.727649216769194763e-03 5.985611134481624894e-04
1.111961532414718935e-03 5.382779547333211385e-04
1.671126918834944537e-03 4.747604270343200295e-04
1.920583706417479863e-03 5.093309697508663098e-04
1.722951039989599649e-03 4.388631641273887116e-04
1.621902655485361455e-03 6.034386083636355961e-04
1.412461258059697798e-03 6.632007730250196126e-04
1.881748211512750167e-03 5.660100456508105346e-04
1.766121328600234316e-03 4.711797543272915577e-04
1.868766137948036895e-03 5.121873919226012459e-04
1.813987904646375583e-03 5.296908032322785202e-04
1.222222721754352487e-03 5.399626293979330281e-04
1.776874202278507864e-03 4.419882760555732953e-04
1.578745055691783321e-03 5.489665307827080575e-04
1.683657218845504948e-03 4.586820664803392157e-04
1.683453548050679177e-03 5.310539664555877313e-04
1.584930032368939362e-03 5.484638791671530428e-04
1.710181891377994924e-03 4.912151422017774043e-04
2.117537112345684903e-03 5.134334975875000547e-04
1.609574301651791771e-03 5.690386889519158170e-04
1.531061206651653482e-03 5.240013838323395691e-04
1.592865777503947675e-03 4.781731601122149672e-04
1.356777794425470486e-03 4.696511424626825673e-04
1.757741298238249799e-03 5.681012163330952103e-04
1.444790359652956338e-03 5.862794938976115993e-04
1.757279470863313230e-03 5.158745133055455713e-04
1.478819940734885747e-03 5.447074779115980599e-04
1.784085061166168192e-03 5.707684525687387045e-04
1.693216106915231651e-03 5.669320616066087296e-04
1.929286840735334107e-03 5.202165531953984465e-04
2.250196553761534338e-03 7.008842367082756273e-04
1.920856396226395960e-03 5.398308814398451987e-04
2.022714956242948215e-03 6.731082477102536292e-04
1.908541505976042675e-03 5.364246296059302973e-04
1.878252620557235766e-03 5.948937423664623411e-04
1.462417170974696350e-03 5.988107847422628922e-04
1.550873965135117580e-03 5.316507998155367651e-04
1.848591789528059156e-03 6.525934940066098477e-04
1.657214557223896535e-03 5.117895820606053504e-04
1.886563343535871797e-03 5.827706617911228033e-04
1.770724197237294852e-03 4.933567748976800098e-04
1.681320398842516993e-03 4.812690953072589818e-04
1.925604721374730814e-03 6.018109546823472138e-04
1.956572196518251497e-03 4.661826519782549024e-04
1.578604635272406673e-03 5.787606129263690507e-04
1.643919876920051744e-03 6.404443366240872163e-04
1.859326606757748549e-03 5.422507553355939650e-04
1.457791617678611982e-03 6.261575259653010591e-04
1.748404083624707913e-03 5.782947520725187666e-04
1.803163693407697785e-03 5.843572997130538297e-04
2.040472015833524368e-03 5.404462831383854407e-04
1.768059536095295970e-03 5.534296652498411385e-04
1.754436129527541747e-03 5.306026484006898291e-04
1.403995682992347687e-03 6.000679853733884885e-04
2.266722992286295760e-03 5.850313825852316869e-04
1.668958872231674157e-03 5.551006753070713250e-04
1.389307440445015744e-03 5.302386396740869619e-04
1.475341725989871757e-03 5.266891891614264298e-04
1.953633352181054911e-03 5.568869328262175634e-04
1.516602457162621485e-03 5.097780057519641283e-04
1.522852146290397000e-03 7.439075475185180772e-04
1.472380318884594424e-03 5.256151913473118033e-04
1.516795539702048929e-03 5.800323013103052304e-04
1.756758323333732809e-03 5.597803246873271112e-04
2.036829234027068107e-03 5.071816520018432436e-04
1.356353764172335032e-03 5.898971697014778392e-04
1.758082621696318995e-03 4.841413956760581058e-04
1.514602838930727714e-03 6.094981456467506121e-04
1.584355885631661938e-03 5.362291495205518017e-04
1.765400558051043829e-03 5.183440015478462792e-04
1.814867654890932889e-03 5.262872314660298938e-04
1.920588273650662443e-03 5.458774070182267988e-04
1.309361889467374526e-03 5.147484334473809457e-04
1.538533065488606856e-03 5.681971952898543779e-04
1.840251496158473244e-03 4.595237055974518703e-04
1.363971212218484386e-03 6.321475686577024194e-04
1.324154965161226678e-03 5.710252715959830781e-04
2.262617065184287408e-03 5.248837859837191585e-04
1.806071559637143506e-03 6.348599403189625475e-04
1.972260918517226673e-03 5.355767218998908410e-04
1.713578394563564436e-03 5.710197365402147531e-04
1.308041800659194565e-03 6.129575987649673154e-04
1.774823070149976999e-03 4.724819384461553307e-04
1.609866796474131601e-03 6.197978064677965712e-04
1.924996433103794364e-03 4.817669102352789773e-04
1.452192222802805438e-03 4.990770890033847463e-04
1.862946664506058992e-03 7.019230781661461036e-04
2.051234339743835799e-03 4.964571884175930042e-04
1.635502884956113864e-03 5.603744588642857460e-04
1.341626416134462452e-03 6.117034531714996828e-04
1.502225977118061204e-03 5.014394851755704088e-04
1.436545853486891414e-03 5.339588462035181312e-04
1.584019279672235769e-03 5.989428356748327043e-04
1.934848095473593087e-03 5.923383259107493221e-04
1.455773258950617292e-03 4.919507721781303609e-04
2.333604721649882186e-03 5.116930163052977373e-04
1.671233438518749358e-03 5.796714625209245823e-04
1.392485029877683824e-03 6.630049585741532372e-04
1.733322665064302055e-03 5.956022130047407791e-04
1.373243855750727995e-03 6.188234127916253250e-04
1.514319635714284681e-03 5.500328230215826295e-04
1.198789910854209566e-03 5.338197209834217747e-04
1.424861614055721558e-03 5.530288829388441130e-04
1.525304579101805034e-03 5.890679531791137395e-04
1.349548879718083429e-03 5.812860251416847182e-04
1.428548951048950284e-03 5.581451355661880666e-04
1.866573205132171726e-03 5.440946511414655740e-04
1.527983026731268359e-03 5.225271782726117944e-04
1.455560092698756714e-03 5.000639006457769514e-04
1.424600222673478656e-03 4.457629061966008233e-04
1.777157234190729221e-03 5.866996972048163289e-04
1.730817755498135786e-03 6.017257575984255114e-04
2.103866678024775023e-03 7.636140457279947660e-04
1.756267905331511739e-03 4.777806194220877013e-04
1.066246790283075169e-03 4.296048224062055162e-04
1.322546889572331127e-03 5.409842862959781317e-04
1.792828132301943706e-03 5.853949599992072303e-04
1.600261686417591778e-03 4.655042834755846338e-04
1.880336180715307766e-03 5.978473554023195366e-04
1.613746715951039877e-03 6.346259537715598755e-04
1.669458620942856561e-03 5.421248132290979425e-04
1.620999167153413427e-03 5.817145530651094375e-04
1.541105233091690126e-03 4.509551957224837470e-04
1.811985087869322827e-03 7.161526166049556356e-04
1.732934508951036691e-03 5.309891108075291081e-04
1.764425935457986268e-03 5.593858628107842160e-04
1.542828361872494421e-03 5.683768648314836561e-04
1.665006192244844517e-03 5.292514932628044136e-04
1.342489237351587048e-03 5.909414963568340989e-04
1.670329346822410545e-03 4.459137236935519551e-04
1.861357558751197770e-03 5.447716551684797905e-04
1.977219029264779080e-03 5.986715245478602815e-04
1.734886765653772958e-03 5.185941137136143055e-04
1.421996136095640857e-03 6.543664258853630839e-04
1.665144233475755568e-03 5.532057245357376940e-04
1.220099804750772628e-03 6.324357375520675822e-04
1.495200744161623947e-03 5.141774308927469323e-04
1.273965401077487795e-03 5.078007100842687116e-04
1.716050398412872569e-03 6.356250053621954020e-04
1.237405763379535815e-03 4.722328875716471481e-04
2.225254122520315802e-03 5.691074985848069154e-04
1.638235547142254285e-03 5.986087091605176748e-04
1.252541091569584625e-03 5.278490700625646306e-04
1.683507472254306943e-03 5.351712501302182713e-04
1.788555908339773456e-03 5.831347938407435922e-04
1.389220547443150095e-03 5.489001127860786058e-04
1.149867443277652161e-03 3.750519957127566016e-04
1.450580219816173652e-03 5.465570050773012421e-04
1.601583385437155456e-03 5.916063100043980746e-04
1.883914533214061868e-03 5.589062252485623881e-04
1.145876492301334129e-03 5.326077910342776230e-04
1.507443391518760141e-03 5.064020366377610565e-04
1.537371152824992945e-03 5.206861310056719360e-04
1.126388505989569556e-03 6.155742284235592816e-04
1.583382879881255678e-03 6.021356540906394605e-04
1.680399988910313835e-03 7.316451515935842084e-04
1.742983038445101735e-03 6.372391110433554481e-04
1.546168404253071447e-03 5.780578997402284870e-04
1.465244359226840209e-03 6.128024100742984846e-04
1.562355001395088986e-03 6.060740760704141396e-04
1.602379074489506056e-03 4.492874946465197448e-04
1.506790342652739338e-03 4.680233238165150801e-04
1.720893934153345205e-03 6.996418626717731872e-04
1.561433970795827715e-03 4.651969659781029229e-04
1.511862024283560507e-03 5.090968218672825693e-04
1.631042726199346832e-03 4.958834294811834955e-04
1.745872623434113237e-03 5.395291860872656773e-04
1.574394109890567793e-03 5.679188157028831072e-04
1.657521027325170896e-03 4.341635123817335013e-04
1.480177954043709974e-03 5.593568130308959737e-04
2.245273446970564614e-03 5.294696268592871029e-04
1.665067702309577574e-03 5.813403899307680815e-04
1.390371766326085759e-03 5.162051584368487593e-04
1.282617301922439742e-03 5.519328270694889458e-04
1.777646337993848535e-03 6.693764678884272850e-04
1.720637703847252521e-03 5.380675374563072526e-04
1.796712559599033133e-03 5.976551171836909154e-04
2.098695729537365228e-03 5.303168512658231002e-04
1.564760589300053959e-03 5.849069331291815088e-04
2.060324712741735086e-03 5.106175254299514946e-04
1.696953806083003908e-03 4.881856077957838925e-04
1.522808138485768270e-03 5.780444700090784206e-04
1.686699440868861654e-03 5.467384327863515246e-04
2.043893318986416026e-03 5.117816467685484382e-04
1.290508492131102686e-03 5.411413246501038665e-04
1.541623398252937567e-03 4.766454845602725366e-04
1.335064707061313317e-03 5.594990392930752812e-04
1.929468816957148570e-03 5.693287451868137526e-04
2.048597647213054509e-03 6.774059190059976681e-04
1.632417119451847224e-03 5.110432739280498186e-04
1.450716553257768056e-03 5.618339154083161783e-04
2.155693826139922723e-03 6.246635372587918365e-04
1.965481890022066722e-03 4.243760968295814799e-04
1.575479324288972917e-03 6.633641204444442946e-04
1.637547295583948641e-03 5.784800769229804952e-04
1.790145758004973824e-03 4.176039988076498755e-04
1.825779816778121513e-03 5.326687775198566885e-04
1.689827321600563970e-03 5.848262638276132807e-04
1.837687853361568650e-03 5.729755669601234707e-04
1.666870066139154683e-03 7.186508644999075723e-04
1.463021309006755409e-03 4.538253635691735593e-04
2.050080704062787369e-03 5.655647563503702008e-04
1.911501034977580856e-03 5.237061215576683127e-04
1.744355671449571024e-03 5.895891437366386489e-04
1.605546356047247471e-03 5.679766723811700401e-04
1.295173486882513847e-03 5.385198638537460215e-04
1.745420714965227778e-03 6.616572683729598798e-04
1.375467625507294624e-03 5.720603359717954094e-04
1.620362318820814558e-03 4.433260702112492668e-04
2.106807135797791452e-03 6.230499245342125108e-04
1.479532230285337006e-03 5.406158282192418188e-04
1.859465969387753695e-03 5.381769203080006159e-04
1.919118638038801302e-03 5.343048340898791815e-04
1.805514849584467047e-03 6.359424157220336382e-04
1.960428547505706741e-03 3.830292452894108616e-04
1.842091179873622201e-03 5.443527261406500050e-04
1.409860581507683345e-03 5.275350820334467504e-04
1.540047430659057361e-03 5.558963911442534392e-04
1.381248547187488530e-03 3.946057954513787231e-04
1.716024705398247648e-03 6.006482801453186856e-04
2.001351950069720116e-03 5.927264708210467714e-04
2.305152803149047250e-03 4.976873372914560707e-04
1.431714361124169794e-03 5.637296343499947427e-04
1.130178259855045162e-03 5.346430768223194583e-04
1.763907874438761956e-03 5.528121872756068794e-04
1.791269529853715221e-03 6.589224379550390328e-04
1.744732743901555513e-03 5.948086383234681401e-04
1.450323791727981893e-03 5.134281753420715010e-04
2.032198716795452671e-03 6.166601102438269743e-04
1.550393940868577446e-03 4.906606023271620730e-04
1.645615922581855541e-03 5.195619520532234565e-04
1.570873039085478751e-03 5.440867110518109043e-04
1.897353343557074343e-03 6.871753910538665275e-04
1.633565215123536406e-03 5.681357297263475931e-04
2.156753280719925572e-03 5.831039920107324200e-04
1.515708459921787880e-03 5.044397049943414148e-04
1.826897487853162017e-03 5.067417267883257085e-04
1.269945687013598759e-03 4.437768380299352152e-04
1.988542002731079946e-03 5.870794971592912821e-04
1.883778639359879074e-03 6.188430361356358220e-04
1.616032873423329207e-03 5.231403053495884510e-04
1.140239100223593670e-03 5.618181791401723755e-04
1.542957170594212333e-03 5.282035445618594571e-04
2.081221604753852317e-03 6.713951434214493908e-04
1.556892226534956633e-03 5.269211717612707528e-04
1.323769060299336301e-03 5.563457138917325944e-04
1.540360353303955052e-03 5.300239811235043976e-04
1.707097250026726404e-03 5.783620523762381289e-04
1.476742614085653060e-03 5.580018188616802039e-04
1.802311299024169809e-03 6.658213797368527824e-04
1.667813942122951462e-03 5.561480167982769778e-04
1.840194253126376271e-03 6.198469672091701374e-04
1.371359488151075064e-03 4.403794410773071853e-04
1.231649572194266386e-03 6.005517314385305696e-04
1.942783611280772755e-03 4.985727738034676686e-04
1.774201995233532078e-03 4.990740391571383194e-04
1.759707302017716503e-03 4.543834067301531819e-04
1.636741925914946211e-03 5.931739305793721400e-04
1.642910352968173599e-03 5.231232276401620498e-04
1.467475956707435048e-03 4.806420123803575189e-04
1.348955141067660797e-03 5.405245343947401738e-04
1.656421590905167831e-03 4.768748398126295015e-04
1.752268887546452100e-03 4.941176385998667523e-04
1.607927088691470715e-03 5.129792040861188770e-04
1.442304572575617500e-03 4.631614262956693030e-04
1.710473895981871710e-03 5.535217897367817903e-04
1.601158840229676512e-03 5.323411460110685561e-04
1.879919724955793608e-03 6.596657319245238446e-04
1.569950890866869718e-03 4.438393378365673866e-04
1.338066305881048957e-03 4.935229415003778049e-04
1.351713454069718287e-03 6.611903242142883139e-04
1.777527606311656364e-03 4.144846198863178519e-04
1.343231775072658250e-03 6.349511205753202627e-04
1.588533540625525946e-03 5.005045531742537222e-04
1.627398412906338847e-03 4.931205970800330886e-04
1.362665529549957587e-03 5.136894969044027235e-04
1.735385783716993525e-03 5.801203541779800712e-04
1.645835715752798833e-03 4.422526491023883420e-04
1.705819076362341709e-03 5.213993755795041018e-04
1.472143995929759428e-03 4.728887824489642119e-04
1.799993167114016151e-03 5.409335194381713558e-04
1.840358859911333600e-03 5.174186372546291232e-04
1.572505055898121718e-03 5.634325383953258217e-04
1.653781781701924979e-03 5.487095433857672438e-04
1.696327080069056498e-03 7.373433724380751763e-04
1.883238239279327224e-03 5.046297127823876202e-04
1.807063237655169878e-03 5.693992213829820971e-04
1.909098338443182682e-03 5.230781338527495852e-04
1.631872214500977884e-03 5.745802412977755883e-04
1.475541871273459331e-03 5.168405303343640619e-04
1.688712077985857988e-03 6.495447066540425193e-04
1.585845741918209383e-03 5.044784546363249422e-04
1.664048050595311797e-03 5.928313629421297359e-04
1.929303170886807793e-03 6.426958595660526522e-04
1.815521040176569165e-03 5.251570897504682879e-04
2.123463721935314828e-03 5.737570162296717294e-04
1.536166940443500469e-03 4.707812122988910093e-04
2.352168475449493111e-03 5.266228595318231311e-04
1.852909401111628310e-03 5.894794353978244144e-04
1.773863038821168374e-03 6.141219855973481176e-04
1.234373929074992484e-03 5.793117134084232621e-04
1.256601474449839861e-03 4.587841893551399702e-04
1.571695332815442213e-03 5.522733129247012771e-04
1.502490333736957546e-03 5.988007170288162312e-04
1.832660853596313269e-03 4.973201328450981918e-04
1.467644949063187784e-03 5.460265819714159568e-04
1.866615435033689265e-03 5.241792484037975826e-04
1.769103726329834337e-03 4.718144166929031974e-04
1.265292038544975047e-03 5.283425729002407065e-04
1.510016715617644662e-03 4.762422765150805116e-04
1.957709079817694306e-03 7.083302777741378549e-04
1.974369561078517538e-03 5.126425015256033842e-04
1.785885135616046464e-03 6.778369859767479667e-04
1.710270119535400955e-03 4.208419272707188455e-04
1.847831334239748375e-03 5.873919511998025589e-04
1.412131413024046668e-03 5.219385941362488825e-04
1.621182956263186349e-03 3.882659238204390893e-04
1.851318305764516805e-03 6.406420028329211499e-04
2.160897291624672492e-03 5.889874285415092623e-04
1.653506595303720064e-03 5.501683843974685762e-04
1.647046073239531510e-03 5.276839011629426987e-04
1.696240479828843226e-03 6.047346715574528769e-04
1.712059373428486417e-03 6.997667892137932706e-04
1.129918937485396109e-03 5.870870973686833456e-04
1.443911449533513041e-03 5.161211764739766271e-04
1.669469292924102540e-03 5.415387071954937256e-04
1.255417373025286432e-03 5.655302664132035246e-04
1.618369404187945410e-03 5.775112031364316740e-04
1.773321583075598016e-03 6.174633055252690995e-04
1.980680589278737639e-03 5.760356855320581185e-04
1.387041808637035469e-03 6.835003535139701301e-04
1.730730741876083554e-03 5.490645292262580184e-04
1.552759062378020194e-03 5.562546174744194185e-04
1.792398354256340143e-03 6.145011860924071536e-04
1.546587619382975990e-03 5.974814752499313895e-04
1.624469598765431464e-03 5.070534075742411063e-04
1.973098366625133850e-03 5.358057840680698937e-04
1.572892902223246413e-03 5.730526577674582324e-04
1.602065406670249298e-03 4.469074381408020906e-04
2.154632297366971833e-03 5.835759282228807424e-04
1.391026217076866967e-03 5.924711556432758416e-04
1.268085191013896065e-03 6.305312718995213827e-04
1.605512875947938444e-03 5.131677108802755721e-04
1.991014460305580262e-03 6.035852414256156259e-04
1.871666578220961474e-03 5.341085378947701100e-04
1.485365140364892011e-03 4.584168515865839205e-04
1.641357401348604930e-03 5.506030143689987074e-04
1.695413817111855390e-03 5.104503402378534824e-04
1.377875746214736897e-03 5.433908273493838134e-04
1.440960894122138769e-03 6.299166111133208679e-04
1.401342067167874860e-03 5.735748428931076136e-04
1.380186694905262933e-03 5.373273199052639414e-04
1.514260718786675274e-03 4.383775870469795439e-04
1.240042283061881237e-03 5.635276701707204322e-04
1.444556230158729367e-03 5.991546815718156588e-04
1.551926730544800565e-03 5.255402743236028008e-04
1.823784828634093585e-03 5.101226120960696908e-04
2.057096689636904018e-03 5.389718707486860052e-04
1.676142993724172867e-03 5.117042948782160074e-04
1.346034650356846144e-03 6.656710220407498170e-04
1.753719832952916865e-03 4.238411747036767603e-04
1.915881010406500235e-03 4.757470345211266770e-04
1.534818398368992601e-03 6.135875369379648666e-04
1.588696151817948956e-03 5.412643468965891045e-04
1.870595067616395843e-03 6.545874795405158975e-04
2.094487451158874060e-03 5.706965040878387305e-04
1.645509574221665737e-03 5.170565646727132147e-04
1.692879337429267035e-03 5.425873053140957024e-04
1.163315192334174681e-03 5.898980463215664242e-04
1.783043285653562651e-03 4.988478689868967256e-04
1.894070335672706079e-03 6.413126764966767127e-04
1.585096480293061647e-03 5.525982553669201661e-04
1.852837282067595166e-03 5.915176457530642567e-04
1.432341899932377920e-03 6.544644891905098240e-04
1.513096049169144249e-03 6.448891966720483827e-04
1.548027186916960205e-03 5.568147314421264702e-04
1.717078044491898801e-03 5.347041719245337410e-04
1.702705421780483040e-03 7.756957351026546026e-04
2.093613631267168991e-03 5.062881314115155957e-04
1.699457093181075407e-03 6.129418748866086739e-04
2.025259277889720957e-03 4.979250140916101222e-04
1.841994721026473563e-03 5.778289700574380881e-04
1.784649356005565219e-03 6.171886794231205885e-04
1.623078903443837340e-03 4.855139272290916554e-04
1.980883836731339720e-03 5.215330639338149705e-04
1.538903572919628074e-03 5.340106604993333055e-04
1.834980989631106174e-03 6.605598675681839758e-04
1.294958321517051180e-03 4.971345349901395245e-04
1.636082967299323830e-03 5.252058973206923023e-04
1.578385990265471911e-03 6.286739439982261084e-04
1.723344603369862671e-03 5.899703717242944572e-04
1.612906956446221807e-03 5.239798338047132542e-04
1.806656822953456049e-03 5.745008079778663942e-04
1.875057211989912022e-03 4.749085576870407132e-04
1.488895705851325585e-03 5.538825511067699270e-04
1.563564855138741862e-03 5.425279905435747944e-04
1.439267324860207461e-03 5.518544818877282399e-04
2.026488055555554849e-03 5.647899741602067144e-04
1.811903577536616962e-03 5.667227273682668267e-04
1.668400739626293159e-03 6.439993790820763018e-04
1.384939717030169359e-03 5.668424783099854959e-04
1.460851441698498730e-03 5.813226738096828562e-04
1.397051502311323678e-03 5.883534267049073119e-04
1.958339091073353633e-03 5.834864100817823643e-04
1.363859536063552090e-03 5.078880800203459944e-04
1.526456992139794836e-03 4.965802121952209679e-04
1.947820928704255923e-03 4.673107280893322294e-04
1.849286564333032460e-03 6.268831552421248818e-04
2.481274474184905210e-03 5.384381271863709429e-04
1.921285789062305736e-03 5.099124230492344846e-04
1.803024455602539279e-03 5.896894708840152771e-04
1.971789953604419221e-03 5.685591121219212875e-04
1.760976978351854643e-03 5.980106566420689005e-04
1.309293585750048944e-03 5.969507623223131937e-04
1.611867075290292130e-03 5.435472190459095763e-04
1.467346315425362927e-03 5.268386479976621068e-04
1.694952321277239842e-03 5.971441291106453254e-04
1.674044392043505048e-03 5.666154296446484400e-04
1.813862906626127975e-03 5.552211542429348872e-04
1.743587102872634024e-03 5.919373583646470472e-04
1.586270094129565772e-03 6.194012648437582534e-04
1.280647471538870659e-03 4.925240983614342753e-04
1.788426564355703741e-03 5.568870731822873205e-04
1.184837801945100386e-03 5.286693337711440271e-04
1.906922613904894282e-03 5.950710212408035719e-04
1.404747564676589585e-03 4.681360576103128063e-04
1.864117225458377649e-03 5.348097854538503117e-04
1.774433369575761010e-03 6.536355611342029720e-04
1.785120018007181316e-03 4.577362374296283496e-04
2.184299360193874950e-03 5.893026250978765541e-04
2.089542278066163633e-03 5.556729526375985819e-04
1.494858271696958719e-03 5.883226100887474887e-04
1.708349729362741059e-03 5.324637578863793607e-04
1.810567947182923796e-03 5.116986593393755157e-04
1.895327866433363460e-03 5.657382502355113316e-04
1.773956375950750709e-03 5.899898561407277212e-04
1.448294764638035758e-03 4.055118268311628908e-04
1.435730550463127416e-03 4.088166544590288512e-04
1.538223238500300476e-03 6.450914668621936330e-04
1.633468137240142977e-03 5.884095767840041543e-04
