-1.278637770897823227e-03 5.731511254019295079e-03
1.680851063829789894e-03 4.806151645207441987e-03
2.205323193916353380e-03 4.286507936507936468e-03
8.924460431654681128e-03 8.302556818181814832e-03
6.102836879432632124e-03 3.913616398243047016e-03
3.920265780730901838e-03 7.541984732824426850e-03
1.733974358974367264e-03 4.852719033232631186e-03
4.001754385964916005e-03 5.800300300300300672e-03
1.013698630136992442e-03 3.642857142857144296e-03
8.656357388316160417e-03 5.203918722786651796e-03
-1.425324675324668097e-03 6.185185185185185924e-03
6.427419354838716757e-03 6.633480825958703100e-03
5.141025641025647082e-03 7.591472868217056559e-03
-3.407272727272721898e-03 2.845985401459850701e-03
4.780303030303032288e-03 7.326051779935280513e-03
6.090361445783130760e-03 5.504520795660036714e-03
2.025951557093427172e-03 8.601800554016617029e-03
-1.591639871382607616e-04 6.461932650073210632e-03
8.580000000000007759e-03 5.940938511326862570e-03
3.059726962457339980e-03 5.236131934032984409e-03
-1.941901408450702297e-03 8.717682020802378084e-03
6.039682539682547126e-03 2.339682539682539156e-03
2.987455197132623998e-03 6.816563467492263093e-03
1.306859205776176756e-03 6.337094499294780581e-03
1.963696369636970356e-03 5.506802721088434500e-03
4.142857142857146041e-03 6.357566765578635468e-03
1.212592592592593756e-02 7.461948249619480833e-03
2.940613026819928130e-03 6.820866141732283110e-03
-2.629151291512911177e-03 3.208916083916084176e-03
-1.793548387096767461e-03 4.220116618075805265e-03
-3.978476821192046542e-03 5.560258249641321718e-03
4.358490566037800202e-04 4.066412213740458644e-03
1.394557823129258375e-03 6.582938388625596098e-03
-4.472413793103441164e-03 1.370860927152318682e-03
3.489285714285722539e-03 4.336053412462910484e-03
-1.027777777777770475e-03 5.044283413848632547e-03
1.327054794520552685e-03 4.704931972789116491e-03
2.604615384615386643e-03 8.091121495327107185e-03
1.618677042801562431e-03 5.801843317972350811e-03
6.407407407407414608e-03 6.059748427672960631e-03
2.267326732673271075e-03 6.544642857142860849e-03
-2.932862190812633003e-04 4.234550561797755137e-03
1.981418918918923574e-03 3.057315233785822418e-03
3.629251700680283330e-03 7.851800554016621567e-03
5.158914728682175918e-03 4.389400921658987743e-03
1.307166666666667761e-02 8.859937402190922948e-03
6.556224899598398631e-03 3.902037617554858940e-03
-2.476635514018681820e-03 6.682432432432431312e-03
8.466269841269843943e-03 5.351769911504425034e-03
8.439597315436244904e-03 4.451538461538463373e-03
5.362126245847180332e-03 6.857771260997070663e-03
2.477695167286248466e-03 7.645652173913044733e-03
3.518072289156629756e-03 6.885259631490790559e-03
1.087109375000000662e-02 5.046666666666668917e-03
1.892123287671236553e-03 5.077211394302847194e-03
2.021594684385385424e-03 6.113372093023258964e-03
1.094650205761326560e-03 5.814578005115088842e-03
8.293165467625904924e-03 5.869047619047619221e-03
8.775862068965582319e-04 5.227272727272727973e-03
-6.194915254237281024e-03 2.740573152337857227e-03
-2.803738317756971949e-04 3.144130757800891671e-03
4.405750798722049381e-03 9.869408369408369866e-03
6.466666666666707119e-04 5.373839009287927244e-03
-1.393656716417900976e-03 6.972012102874434319e-03
5.946488294314386004e-03 4.102118003025720383e-03
8.673151750972765348e-03 6.083969465648856115e-03
3.025793650793659126e-03 5.027181688125891695e-03
-3.320652173913039677e-03 4.992223950233282311e-03
1.743494423791826014e-03 5.052995391705072253e-03
4.591836734693931525e-04 5.589481946624805762e-03
3.213261648745528026e-03 6.692771084337352343e-03
3.741438356164391958e-03 5.598817567567569188e-03
1.413398692810465852e-03 3.737068965517242186e-03
5.961685823754790496e-03 7.280227596017071860e-03
-6.721854304635757789e-03 7.228813559322039804e-03
6.930921052631585332e-03 6.797716150081568355e-03
3.115107913669072463e-03 8.424435028248583243e-03
2.597633136094681331e-03 4.894262295081969194e-03
6.461977186311788739e-03 8.123867069486402637e-03
4.901694915254245499e-03 5.947284345047923124e-03
6.206959706959706662e-03 5.741481481481481956e-03
1.484848484848484045e-03 4.719224283305228397e-03
6.074380165289268267e-03 6.220170454545453920e-03
1.232876712328770342e-03 6.325355756791722558e-03
2.474103585657376828e-03 3.785598705501621360e-03
3.135036496350373895e-03 4.264931087289434812e-03
6.830696202531654458e-03 5.034366576819408398e-03
-6.386138613861294232e-04 6.489038785834740954e-03
2.423076923076928832e-03 6.082602339181289279e-03
5.272549019607846235e-03 5.589779005524858797e-03
2.509090909090913937e-03 7.576134699853585668e-03
8.701612903225817985e-03 6.332066869300912414e-03
5.858490566037741903e-03 5.063862928348908735e-03
4.620408163265312187e-03 4.333092485549135814e-03
3.428000000000003093e-03 6.420084865629421822e-03
9.930970149253740345e-03 6.215827338129498517e-03
1.511864406779665423e-03 8.973312401883834152e-03
1.508474576271191673e-03 6.920647149460712293e-03
1.109126984126986709e-03 4.083064516129030971e-03
3.179310344827589088e-03 8.867403314917123025e-03
4.183266932270915568e-03 7.072085889570550558e-03
5.770114942528738015e-03 5.841924398625433952e-03
-2.169463087248317025e-03 4.880573248407644310e-03
7.111111111111116656e-03 4.214511041009462097e-03
3.801169590643310487e-04 5.669867060561301943e-03
-3.718749999999994629e-03 6.965467625899279813e-03
2.244582043343656096e-03 3.686900958466454107e-03
1.641342756183750227e-03 5.678217821782178057e-03
-4.666129032258058834e-03 5.560178306092124559e-03
1.553061224489803594e-03 5.431526390870185933e-03
2.324742268041243582e-03 8.370786516853931034e-03
1.858766233766242452e-03 5.284194528875380860e-03
6.088235294117651242e-03 6.073994252873565931e-03
1.814479638009055228e-03 6.803303303303301873e-03
-3.157894736842061390e-04 4.140298507462686177e-03
7.643115942028991076e-03 5.529641185647428923e-03
2.938297872340432833e-03 6.092620481927710392e-03
9.889830508474577175e-03 5.234149855907784324e-03
2.365259740259748229e-03 5.363905325443789514e-03
-4.088424437299035749e-03 3.770328102710414700e-03
-1.362745098039211357e-03 5.578102189781020473e-03
9.321428571428615239e-04 3.507503410641203689e-03
4.374538745387459085e-03 5.417241379310346744e-03
2.337662337662340262e-03 3.361526946107786830e-03
5.599999999999999943e-03 5.396992481203007758e-03
8.392857142857207929e-04 6.758017492711371546e-03
1.276235741444867525e-02 7.076377952755904567e-03
4.049295774648868201e-05 5.630630630630632100e-03
8.841059602649045321e-04 6.903020667726547828e-03
7.497950819672136342e-03 5.311836115326253223e-03
-1.003597122302151215e-03 4.447587354409319842e-03
3.921768707483000958e-03 6.527196652719667244e-03
1.977346278317159301e-03 3.499277456647400305e-03
-1.443548387096772181e-03 1.988422575976846619e-03
1.023659305993696858e-03 3.811538461538462128e-03
4.612456747404852439e-03 6.008389261744964509e-03
3.988764044943825249e-03 7.459637561779240179e-03
6.717391304347835636e-03 6.616771159874607934e-03
1.189299610894942009e-02 4.407556270096466000e-03
1.437074829931979250e-03 6.333089311859446333e-03
3.354477611940301189e-03 6.513343799058087490e-03
7.244230769230776239e-03 4.924079754601227467e-03
-2.024916943521587551e-03 4.736722306525035890e-03
-4.489690721649476461e-03 6.753228120516501301e-03
1.043656716417910683e-02 6.205980066445185989e-03
2.534420289855073439e-03 5.234472049689441360e-03
1.026656151419558585e-02 5.759771986970686937e-03
-8.885245901639293557e-04 4.473344103392570305e-03
2.856896551724143196e-03 5.927407407407410747e-03
-4.290254237288129539e-03 4.836166924265846399e-03
8.488636363636370072e-03 4.712328767123291108e-03
3.091085271317834445e-03 7.098137535816618528e-03
5.441558441558446042e-03 5.225388601036268579e-03
4.138801261829657026e-03 3.551145038167939638e-03
-5.396678966789664189e-03 3.681740614334471935e-03
-2.876470588235290234e-03 5.618086696562033314e-03
5.479797979797984726e-03 6.362559241706164034e-03
-1.514545454545451145e-03 4.403061224489794589e-03
3.516975308641980772e-03 5.362758620689658112e-03
4.721518987341782186e-03 6.088532883642495779e-03
3.867021276595748042e-03 4.385847797062751748e-03
4.815789473684215991e-03 7.708774583963690606e-03
6.891666666666673539e-03 4.763543191800881024e-03
-5.085714285714276750e-03 4.402356902356902371e-03
2.248502994011981546e-03 6.181954887218047215e-03
9.466442953020137024e-03 4.726094003241493140e-03
2.238461538461542898e-03 6.502994011976049281e-03
5.113402061855670290e-03 6.175388967468178891e-03
6.196296296296297836e-03 6.643593519882179561e-03
-3.931034482758602867e-04 5.862731152204837641e-03
4.544354838709678546e-03 4.426016260162601162e-03
3.080586080586087024e-03 6.768702290076339390e-03
2.598425196850428663e-04 5.626331811263318716e-03
-5.440677966101603981e-04 2.578003120124806088e-03
-2.154545454545449788e-03 7.016845329249617874e-03
3.694339622641516514e-03 7.275393419170244312e-03
-5.423357664233566765e-03 6.049295774647888910e-03
-4.053571428571384606e-04 5.188854489164086529e-03
8.174796747967484623e-03 5.936936936936937186e-03
-4.645161290322575090e-03 7.628086419753088258e-03
5.846938775510210178e-03 4.380471380471381328e-03
-3.344444444444440254e-03 3.977443609022556122e-03
1.468852459016399417e-03 6.293494704992438731e-03
1.659362549800802054e-03 3.256011315417257478e-03
-3.026978417266186060e-03 3.687964338781575448e-03
3.920967741935487035e-03 1.042127071823204312e-02
8.018072289156628549e-03 5.578660436137073547e-03
-1.396656534954401332e-03 3.567768595041324615e-03
3.060836501901175290e-04 5.274681528662423548e-03
-3.281362007168449335e-03 6.447916666666666900e-03
1.004258675078864918e-02 6.169757489300998696e-03
2.074468085106422174e-04 2.470903522205207450e-03
2.214000000000005894e-03 5.104633781763826331e-03
7.553448275862075303e-03 5.460156250000000600e-03
-4.174061433447095668e-03 5.740203193033382827e-03
6.448763250883446548e-04 5.534345047923325440e-03
-6.655518394648786982e-04 3.840830449826989831e-03
-4.199999999999912896e-04 4.839969372128638189e-03
9.176767676767685900e-03 2.525920873124148577e-03
5.008802816901416870e-03 4.242351046698873175e-03
4.487364620938637944e-03 6.077830188679246917e-03
1.859649122807099019e-04 6.734976887519261365e-03
1.507380073800739656e-02 4.760655737704917907e-03
-3.124999999999501332e-05 6.841137123745819754e-03
1.208163265306125972e-03 6.077229299363057745e-03
2.278688524590173018e-03 8.241071428571432669e-03
2.165338645418330051e-03 5.859375000000005204e-03
4.994186046511631637e-03 4.728177641653904563e-03
-3.879725085910646753e-03 5.111861861861861055e-03
2.063076923076931357e-03 4.134447674418604592e-03
2.973509933774843086e-03 4.666163141993956605e-03
4.545787545787553091e-03 3.450393700787402016e-03
4.127090301003348907e-03 6.942793462109956258e-03
7.303754266211637562e-04 4.141863699582756277e-03
1.868150684931512394e-03 7.207874015748031750e-03
8.941056910569107272e-03 4.189708141321046332e-03
9.721818181818187368e-03 6.865243004418265273e-03
-6.714285714285732516e-04 2.396284829721361757e-03
-4.412828947368419540e-03 7.109204368174730330e-03
5.388888888888902252e-03 4.345203488372095108e-03
6.235955056179822787e-04 1.895104895104895255e-03
-3.287003610108300399e-03 5.377890173410404713e-03
4.542338709677421794e-03 6.916772554002542477e-03
-6.308411214953261016e-04 5.261840324763194902e-03
2.863321799307965571e-03 4.616055846422341055e-03
8.024316109422587398e-04 3.802083333333337433e-03
2.470119521912401321e-04 5.449348769898699173e-03
-5.256134969325147906e-03 5.251048951048952612e-03
-1.404682274247487329e-03 7.084172661870506010e-03
-8.828124999999960136e-04 8.446740858505566441e-03
-6.736013986013983899e-03 5.623156342182892078e-03
-1.984716157205235892e-03 4.208193979933111048e-03
1.014261168384880153e-02 4.248392282958200414e-03
1.423676012461064320e-03 3.621551724137931673e-03
1.204545454545458139e-03 4.169950738916256699e-03
1.718750000000043810e-04 6.141613924050633513e-03
1.009740259740261924e-03 5.412710566615622741e-03
7.140625000000007210e-03 5.476056338028170538e-03
4.426380368098168858e-03 6.090978593272169603e-03
1.031881533101046584e-02 4.580815709969788922e-03
-1.113636363636356800e-03 4.137628111273793097e-03
9.749056603773592622e-03 7.304769001490314835e-03
-8.111842105263148209e-03 1.445537065052949349e-03
-4.008032128514048276e-03 5.776337115072934132e-03
6.344262295082049759e-04 4.245600000000002150e-03
2.167364016736405413e-03 4.252777777777779801e-03
2.492038216560514986e-03 5.852134146341463408e-03
6.110544217687077437e-03 5.620209059233450752e-03
2.283489096573215228e-03 6.971556886227549092e-03
2.503875968992251046e-03 5.266462480857581584e-03
5.899280575539643957e-04 8.382225433526010322e-03
1.176470588235367334e-04 8.183016105417280361e-03
-2.899999999999995463e-03 4.417851500789890876e-03
2.399641577060938197e-03 5.435664335664334643e-03
-3.139194139194132014e-03 6.414110429447852924e-03
6.126297577854673999e-03 6.825443786982250682e-03
9.112627986348200912e-04 5.439873417721520152e-03
1.536470588235295046e-02 4.924572317262830914e-03
1.192156862745106898e-03 6.303656597774245397e-03
8.551470588235295794e-03 6.438356164383561564e-03
6.784246575342474904e-03 5.366468842729973585e-03
2.624542124542129321e-03 3.925781250000003053e-03
7.382550335570811303e-05 5.773841961852863892e-03
-2.989510489510403151e-04 2.489465153970827141e-03
6.980056980057460533e-05 7.350258175559377938e-03
1.001170568561873288e-02 1.680743243243243640e-03
1.720588235294120451e-03 3.829166666666667784e-03
1.983050847457630203e-03 6.506079027355626994e-03
1.032362459546925897e-02 6.401018922852985508e-03
6.564516129032259978e-03 6.071117561683600679e-03
-3.585271317829436932e-04 5.098086124401915789e-03
9.256055363321874551e-04 6.620414673046253091e-03
4.516129032258073620e-03 4.507407407407407023e-03
-4.370106761565838507e-03 3.513687600644122260e-03
6.187311178247741246e-03 4.101351351351350399e-03
3.527874564459940882e-03 3.445966514459666234e-03
3.041666666666673850e-03 5.557692307692307758e-03
6.636704119850186413e-03 6.222310126582279374e-03
9.373437500000008499e-03 7.271755725190845281e-03
1.929765886287637200e-03 7.520593080724878934e-03
-7.187499999999971689e-04 6.183135704874838379e-03
2.899613899613902573e-03 2.584337349397588905e-03
3.374000000000002431e-03 5.582972582972583683e-03
4.079032258064518336e-03 8.944006309148268621e-03
-3.402597402597392750e-03 4.987664473684212674e-03
2.910714285714292079e-03 4.567381316998468839e-03
-6.432971014492745547e-03 6.896713615023472750e-03
9.892857142857149413e-03 5.497499999999998048e-03
4.720070422535215839e-03 4.678071539657853786e-03
6.477663230240620663e-04 5.996038034865295088e-03
3.817843866171007332e-03 4.975438596491230103e-03
-2.738562091503263674e-03 2.686377245508984012e-03
-7.142857142856990249e-05 4.988853503184714940e-03
2.356589147286826478e-03 4.564742589703589017e-03
1.658273381294971330e-03 4.836524300441827698e-03
6.430868167207397666e-06 6.504957507082157094e-03
8.045289855072471769e-03 4.987804878048783183e-03
2.594230769230772282e-03 5.182748538011696868e-03
3.407590759075914810e-03 4.729559748427675236e-03
-4.671206225680930336e-03 3.837726523887974740e-03
5.363321799308032626e-04 5.211450381679389766e-03
3.794871794871804670e-03 6.273484848484848532e-03
2.287234042553198347e-03 6.263482280431433187e-03
-4.279783393501798532e-03 6.283448275862071539e-03
3.538343558282213211e-03 4.783279220779220950e-03
-3.997175141242886691e-04 5.738839285714288085e-03
3.001818181818189258e-03 5.403433476394851540e-03
5.396484375000004143e-03 5.752205882352941398e-03
8.920588235294129795e-03 5.306122448979594744e-03
2.354779411764709555e-03 6.993923611111113083e-03
3.636206896551728591e-03 3.109913793103449842e-03
2.187296416938113407e-03 6.256230529595017791e-03
8.003731343283641353e-04 4.386131386861314395e-03
4.912969283276454047e-03 7.788709677419354549e-03
-2.546874999999953690e-04 8.895397489539751817e-03
-6.608996539792335624e-04 4.198872785829310672e-03
2.513975155279513964e-03 7.218656716417911484e-03
1.061317567567568107e-02 5.923248882265277210e-03
-1.921641791044694945e-04 5.810178817056399145e-03
7.927816901408459016e-03 4.339427662957074522e-03
2.090443686006830757e-03 3.833043478260869229e-03
7.038216560509559690e-03 5.524105754276829872e-03
1.750783699059564906e-03 5.568531468531469526e-03
-2.647810218978100850e-03 5.388969521044993140e-03
5.126436781609202548e-03 9.549206349206350655e-03
6.245847176079735545e-03 9.708774583963689780e-03
-6.573699421965313074e-03 2.839931153184166706e-03
1.391793893129772766e-02 8.442982456140354572e-03
4.528911564625851330e-03 4.098662207357860361e-03
7.348920863309359869e-03 5.172619047619047422e-03
4.966071428571435138e-03 5.839516129032261763e-03
-2.629343629343622920e-03 6.936597110754416130e-03
1.002252252252255459e-03 5.354863221884498259e-03
1.445833333333340631e-03 5.471669218989283490e-03
3.593750000000004927e-03 4.613207547169814043e-03
3.410852713178294873e-03 3.339123867069488522e-03
3.665480427046269047e-03 1.705705705705705963e-03
2.265503875968997733e-03 7.172889610389612987e-03
8.986710963455197534e-04 3.230547550432277294e-03
2.834834834834834560e-03 7.719841269841273314e-03
4.983164983165034624e-04 8.093567251461989548e-03
-1.153024911032021630e-03 4.975270479134469466e-03
4.563333333333337641e-03 5.329496402877697755e-03
8.909863945578236008e-03 6.853485064011376367e-03
-4.403124999999996451e-03 6.304195804195803117e-03
-1.397727272727269238e-03 4.772649572649573062e-03
6.966312056737595203e-03 5.238816738816739864e-03
4.329218106995889707e-03 7.669093851132688724e-03
4.466777408637882113e-03 3.752600297176820945e-03
6.131756756756818376e-04 5.454823889739666629e-03
-5.454545454545399463e-04 8.220211161387630527e-03
-2.481781376518213920e-03 3.079812206572769655e-03
-1.377887788778870944e-03 3.187601957585644869e-03
1.186241610738257698e-03 5.593514328808446567e-03
3.316901408450710891e-03 4.900956284153005528e-03
-2.335271317829453602e-03 6.862606232294618698e-03
1.332567049808429729e-02 3.120283018867926490e-03
8.339100346020785707e-04 5.532967032967035098e-03
5.187050359712232564e-03 4.495184590690210445e-03
4.456386292834896637e-03 7.560067681895090048e-03
8.222222222222227983e-03 6.453191489361702685e-03
-4.878424657534238124e-03 2.843200000000000154e-03
5.767730496453906189e-03 3.033653846153847380e-03
3.632183908045982356e-03 1.608482871125612888e-03
1.538062283737030812e-03 5.196638655462187083e-03
-8.110367892976579453e-04 6.058236272878537304e-03
5.484589041095902506e-03 6.496422182468695496e-03
2.750000000000096118e-04 9.309663250366030998e-03
4.091240875912412374e-03 6.997289972899732417e-03
-2.934482758620681007e-03 4.715210355987055867e-03
2.433447098976115539e-03 4.591235632183908455e-03
7.482078853046596548e-03 4.633477633477636227e-03
-4.457547169811316122e-03 9.357624831309039118e-03
-9.818181818181785387e-04 4.227524204702629712e-03
1.434931506849321812e-03 7.290199081163859299e-03
5.580139372822304732e-03 5.906143344709898629e-03
5.230407523510977041e-03 3.465097402597404081e-03
-1.890151515151510279e-03 5.817764165390509022e-03
3.784745762711865403e-03 3.929867986798681045e-03
4.150176678445231630e-03 5.754744525547444110e-03
3.122807017543861776e-03 5.449329359165424984e-03
2.781818181818185645e-03 2.943609022556391893e-03
4.677480916030543438e-03 2.329966329966329588e-03
7.137152777777786526e-03 3.787401574803152260e-03
3.016556291390732822e-03 5.018518518518518511e-03
-3.929961089494158656e-03 4.395700636942675467e-03
5.797904191616774956e-03 6.423648648648647499e-03
-1.383647798742133417e-03 7.239782016348778396e-03
3.434944237918220820e-03 5.668683812405450953e-03
4.494485294117652428e-03 3.756643356643355521e-03
4.982421875000001173e-03 4.748959778085990249e-03
3.369565217391311263e-03 4.447447447447448222e-03
1.927046263345202383e-03 3.760283687943261066e-03
6.835640138408310452e-03 4.319508448540709464e-03
3.442136498516325596e-03 5.624450951683748756e-03
7.860344827586206173e-03 3.899521531100481712e-03
7.286184210526424005e-04 5.996753246753246808e-03
1.218992248062023519e-03 7.062049062049062000e-03
6.261565836298933936e-03 4.083575581395350144e-03
4.104810996563582927e-03 7.005468750000002146e-03
6.884498480243165727e-03 6.105105105105109072e-03
1.217228464419482575e-03 8.818611987381708150e-03
3.990066225165567193e-03 6.084637268847797702e-03
6.162790697674424764e-03 6.199548192771084723e-03
6.908000000000000945e-03 8.708744710860366264e-03
-7.224334600760397383e-04 4.292644757433490901e-03
5.890510948905115785e-03 2.386075949367090238e-03
-1.947368421052624293e-03 6.163738019169329521e-03
7.875464684014879882e-03 4.761712439418416994e-03
1.293400000000000279e-02 4.117331288343559215e-03
8.780487804878112958e-04 5.200763358778626340e-03
8.729452054794523477e-03 7.043600562587903034e-03
2.137931034482765200e-03 6.078374455732946276e-03
4.033653846153850003e-03 5.541838134430727286e-03
-5.048701298701253242e-04 4.140625000000001943e-03
4.807392996108958080e-03 4.004295532646048525e-03
-6.077319587628864268e-03 3.732867132867134351e-03
2.089285714285723638e-03 3.975279106858054488e-03
6.254208754208760365e-03 7.512038523274479698e-03
-1.668810289389063665e-03 7.288519637462236023e-03
8.912587412587416949e-03 7.622286541244572416e-03
7.544326241134755896e-03 4.786296900489395503e-03
4.296721311475418248e-03 4.275306748466259875e-03
-8.987179487179478704e-03 7.264079147640792496e-03
6.115107913669330349e-05 4.328358208955223815e-03
-1.513029315960907981e-03 3.472310126582279534e-03
3.172043010752782278e-04 6.221428571428572196e-03
5.181159420289858757e-03 5.486334405144696266e-03
1.129422382671480506e-02 4.365817091454275711e-03
2.011904761904767698e-03 7.315058479532164995e-03
9.839228295819974195e-04 4.997670807453415825e-03
-8.560371517027787333e-04 5.456699346405233242e-03
1.141025641025643746e-03 9.443892045454541778e-03
9.192452830188676746e-03 5.605873261205565790e-03
3.034050179211475896e-03 2.929567642956764761e-03
-1.246376811594171799e-04 5.564393939393941918e-03
-4.046666666666659355e-03 4.745542949756890484e-03
3.136000000000007705e-03 4.064371257485029608e-03
7.890909090909169069e-04 5.809523809523810430e-03
7.370503597122308667e-03 6.601955307262571786e-03
-3.141791044776115656e-03 4.627507163323780169e-03
3.895390070921991247e-03 7.127889060092449346e-03
3.815384615384621522e-03 5.781152647975077580e-03
-1.607547169811315586e-03 5.019637462235651201e-03
4.149224806201554268e-03 4.066666666666666347e-03
3.112149532710281521e-03 4.091240875912409772e-03
1.695652173913050594e-03 5.430493273542602410e-03
-4.306569343065607932e-04 4.873996789727125072e-03
1.897435897435906888e-03 3.220312500000000085e-03
2.470198675496698346e-03 6.035156249999998855e-03
6.221498371335513339e-03 5.732665639445302767e-03
5.887658227848111513e-03 6.299520766773167822e-03
1.206825938566553728e-02 6.174454828660435636e-03
9.459459459459896268e-05 4.269413629160063138e-03
3.135888501742168082e-03 8.813969571230982278e-03
-4.901724137931029977e-03 3.935876623376622502e-03
1.426094890510949849e-02 4.254814814814815438e-03
1.135964912280706864e-03 5.964451313755793870e-03
6.949579831932778742e-03 4.591051805337523738e-03
1.286392405063300744e-03 5.861549497847925831e-03
4.910852713178301410e-03 4.604072398190045025e-03
-2.582539682539679304e-03 6.301872074882995667e-03
2.139655172413799239e-03 6.298482293423275473e-03
1.996923076923080159e-03 7.306320907617504419e-03
1.010563380281698839e-03 5.707472178060416998e-03
1.965703971119143936e-03 4.826356589147286907e-03
5.526119402985076208e-03 5.848571428571431273e-03
-6.492805755395620985e-04 6.025316455696202306e-03
8.839403973509938478e-03 7.375806451612899363e-03
-8.239583333333324461e-03 3.182615629984051221e-03
-4.072164948453584955e-04 4.413333333333333344e-03
8.218965517241381621e-03 6.754829123328381750e-03
-2.347368421052624474e-03 4.078171091445429580e-03
1.188135593220345345e-03 5.731182795698929085e-03
5.119932432432439465e-03 4.647492625368734691e-03
-2.800395256916992249e-03 3.693672839506171885e-03
-6.332089552238801509e-03 5.656645569620256421e-03
2.933579335793361827e-03 5.328635014836794956e-03
2.966789667896688968e-03 6.460122699386505740e-03
5.863787375415328677e-04 6.420588235294120635e-03
-8.530405405405322612e-04 6.838612368024132859e-03
8.659638554216889713e-04 4.614049586776860015e-03
7.284722222222228018e-03 3.325851393188855067e-03
8.122710622710629588e-03 7.513698630136983470e-03
8.840909090909100654e-03 8.052380952380953222e-03
4.293893129771019358e-04 5.528013582342953397e-03
1.000551470588235958e-02 5.805071315372424545e-03
6.003623188405805312e-03 5.771994134897364889e-03
1.512110726643602814e-03 5.744912790697677060e-03
4.003236245954703947e-03 6.635095447870779234e-03
-2.679245283018870513e-04 4.852401129943503984e-03
-2.935742971887544267e-03 4.876168224299066468e-03
-7.089783281733690956e-04 5.354256854256854437e-03
-1.091397849462358120e-03 5.674718196457330041e-03
3.978723404255323642e-03 4.848299319727893825e-03
-6.482084690553690338e-04 3.632575757575760237e-03
9.980000000000040922e-04 4.605900151285930409e-03
1.399681528662427695e-03 4.652506963788304202e-03
-3.337999999999993750e-03 6.290824261275271799e-03
2.573129251700683687e-03 4.293914246196403779e-03
1.931924882629117591e-03 4.768189509306261162e-03
2.114232209737835350e-03 5.293814432989691829e-03
4.708333333333335202e-03 7.144992526158444254e-03
7.325958702064906680e-03 4.470895522388060664e-03
-4.178700361010821533e-03 2.468239564428312358e-03
8.399293286219087010e-03 5.307692307692305801e-03
2.453177257525088022e-03 4.257387247278380561e-03
1.703187250996020512e-03 5.646487294469359000e-03
2.759554140127393630e-03 5.140883977900554541e-03
2.442307692307696745e-03 5.362445414847162237e-03
1.213483146067418370e-03 6.611600587371517339e-03
6.037254901960790489e-03 6.085123966942146585e-03
-2.235074626865663199e-03 3.379256965944273539e-03
1.297658862876258220e-03 5.918352601156071091e-03
8.572289156626507201e-03 6.043539325842698859e-03
-2.973421926910294576e-03 5.603351955307264189e-03
-8.336177474402723872e-03 4.701367781155015371e-03
1.127255639097744962e-02 5.072072072072072654e-03
1.647368421052637167e-03 4.318807339449543155e-03
6.329166666666674775e-03 6.883768913342505971e-03
6.834951456310690322e-03 5.191582002902758036e-03
-7.531772575250831291e-03 2.971615720524018421e-03
1.842756183745590439e-03 5.656934306569345178e-03
-5.246894409937880727e-03 7.966565349544070876e-03
-8.610915492957740836e-03 4.892622950819672245e-03
1.537102473498309018e-04 4.047794117647060021e-03
5.462046204620465452e-03 7.142857142857143501e-03
3.520618556701040833e-03 6.079365079365081116e-03
9.122807017544374512e-05 7.454330708661416338e-03
7.890946502057617079e-03 4.423529411764706362e-03
1.165949820788530523e-02 3.960992907801419091e-03
1.465460526315796527e-03 4.572048611111114401e-03
6.017605633802820646e-03 4.321212121212122427e-03
3.153136531365322796e-03 5.583941605839415345e-03
1.480144404332135125e-03 6.125528913963331976e-03
5.078000000000001783e-03 4.750737463126842967e-03
-4.797047970478766877e-05 5.188188976377957479e-03
-4.421221864951735045e-04 7.721009549795368118e-03
-3.408127208480564354e-03 5.439682539682538613e-03
-7.248201438848857116e-04 5.993966817496228575e-03
9.763829787234052163e-03 5.360031104199066386e-03
6.980544747081718522e-03 6.182226211849194304e-03
2.891986062717809389e-04 5.156340057636891495e-03
8.118367346938779386e-03 3.896039603960396464e-03
6.252918287937751438e-03 3.923794712286160155e-03
6.447204968944103554e-03 6.800142247510672019e-03
8.469387755102122418e-04 5.992957746478874519e-03
-9.983388704318872479e-04 4.668630338733432798e-03
-2.468164794007481413e-03 6.760233918128655609e-03
-7.338129496402834295e-04 4.787407407407409492e-03
-1.373540856031123941e-03 3.197368421052631908e-03
-4.278716216216209116e-03 5.687282229965158996e-03
2.372093023255816141e-03 6.303571428571430081e-03
2.288732394366191478e-04 6.410149750415976289e-03
1.363117870722440174e-03 6.934469200524244308e-03
-2.592156862745090620e-03 6.558565153733528219e-03
5.567692307692314289e-03 5.165248226950356833e-03
9.890681003584231995e-03 6.006622516556290453e-03
-1.196911196911142278e-04 5.190514469453378320e-03
1.320333333333333428e-02 6.326833073322935853e-03
-2.389285714285703608e-03 3.835433070866142886e-03
3.924242424242429909e-03 4.670933734939759600e-03
9.815068493150688397e-03 6.041401273885352828e-03
-4.131578947368414953e-03 6.164812239221146781e-03
4.400696864111504521e-03 4.814265536723163173e-03
3.747474747474753305e-03 5.634199134199136504e-03
4.594117647058830120e-03 5.292452830188679527e-03
1.905693950177942591e-03 5.991623711340207832e-03
1.908940397350995235e-03 6.021232876712329964e-03
8.383177570093464093e-03 7.539823008849561893e-03
1.544407894736849743e-03 4.902027027027026224e-03
2.076677316294016774e-04 6.179273827534039441e-03
3.951923076923081167e-03 5.911042944785276955e-03
4.658703071672421728e-04 4.580670926517572961e-03
7.254266211604097625e-03 4.673735725938011135e-03
9.995145631067976072e-03 6.895678092399406406e-03
6.606557377049216816e-04 5.931340872374799358e-03
5.905362776025242268e-03 5.561990212071783908e-03
5.382550335570474888e-03 6.270764119601329560e-03
-7.108267716535420118e-03 5.795886075949370150e-03
1.351351351351759778e-05 6.386085626911315941e-03
2.795620437956216394e-03 5.296969696969696696e-03
6.015151515151514160e-03 7.153731343283587299e-03
1.317934782608696370e-02 5.499271137026239334e-03
1.563176895306864342e-03 4.908517350157730330e-03
3.886639676113369177e-03 5.853115727002968123e-03
4.855513307984797057e-03 3.534690799396681283e-03
4.764705882352947806e-03 6.113522537562607849e-03
6.040145985401466390e-03 7.234398782343986860e-03
2.805785123966952899e-03 9.256468797564684770e-03
7.528571428571435679e-03 4.310941828254849680e-03
3.802547770700642933e-03 6.676514032496303971e-03
-4.316293929712458621e-03 6.690771349862257959e-03
8.553763440860224013e-03 7.009722222222225345e-03
1.051515151515152249e-02 5.970078740157479767e-03
1.923076923077351742e-05 5.520114942528738661e-03
7.593869731800770642e-03 3.702631578947368409e-03
8.949664429530207813e-03 7.522831050228312617e-03
8.993392070484581072e-03 5.621517027863776744e-03
-4.975328947368413968e-03 4.512445095168376996e-03
-1.029220779220772070e-03 6.715544871794877982e-03
3.051839464882950045e-03 3.423756019261638747e-03
1.792537313432840526e-03 9.320208023774142342e-03
6.229323308270686040e-03 6.940745672436751147e-03
2.561349693251592399e-04 9.925117004680190924e-03
-1.805555555555550269e-03 5.603244837758114896e-03
1.612456747404849124e-03 6.870731707317076151e-03
5.184049079754602047e-04 6.093655589123866782e-03
-2.333333333333330924e-03 3.721690590111643299e-03
5.865942028985514367e-03 6.266141732283465882e-03
5.929022082018940189e-03 4.037441497659911664e-03
2.919708029197080543e-03 4.592896174863389351e-03
3.405737704918040867e-03 5.513449367088610505e-03
1.176315789473684863e-02 4.214175654853621542e-03
-3.641342756183744631e-03 2.791284403669724162e-03
3.517301038062286851e-03 6.836702954898910001e-03
9.363957597173207595e-04 3.784711388455540369e-03
9.534013605442188607e-03 4.401917404129794716e-03
9.122950819672135184e-03 7.077663671373557973e-03
8.004132231404961773e-03 5.517600000000001843e-03
8.697826086956531033e-03 3.528485757121440670e-03
5.887640449438205810e-03 4.842987804878049612e-03
-5.792418772563174591e-03 5.957335329341319208e-03
4.330115830115835278e-03 4.011661807580176910e-03
-5.711678832116714706e-04 6.153344208809139945e-03
3.393382352941182265e-03 3.751974723538705446e-03
3.714285714285715974e-03 6.248164464023496338e-03
8.669064748201438936e-03 5.012335526315790137e-03
4.315018315018318180e-03 4.441130298273157639e-03
7.630350194552530489e-03 4.379815100154082520e-03
6.333333333333354643e-04 4.432634730538923158e-03
1.910038610038611653e-02 4.357254290171609472e-03
1.434944237918223597e-03 4.226153846153845629e-03
-3.684210526315782885e-03 5.510463378176384472e-03
1.691729323308274573e-03 4.347328244274813180e-03
6.155357142857149910e-03 4.026236881559221333e-03
3.860714285714292836e-03 4.299363057324840677e-03
-2.033639143730881643e-03 4.201008645533142564e-03
-1.893822393822386461e-03 4.966621253405993294e-03
5.174568965517248667e-03 6.784037558685447437e-03
2.968750000000004372e-03 7.608203677510606659e-03
6.139285714285712577e-03 7.318051575931238360e-03
6.595238095238093248e-03 7.445578231292512492e-03
2.162500000000003829e-03 6.920568561872913853e-03
-6.818181818181749329e-04 6.750000000000001658e-03
1.399581589958169342e-03 5.902245706737124960e-03
1.267676767676772544e-03 4.711267605633800808e-03
2.609489051094899571e-03 9.732469512195120187e-03
6.555737704918035251e-03 8.959499263622975121e-03
7.107142857142891273e-04 5.023520485584217869e-03
3.206168831168834405e-03 4.583333333333334224e-03
-3.569204152249128535e-03 6.247376311844079003e-03
1.439377289377290203e-02 9.389400921658987847e-03
5.722656250000063630e-04 6.203216374269003922e-03
2.926540284360198627e-03 4.965248226950358910e-03
-3.785171102661587499e-03 3.783281733746127976e-03
-2.794354838709670920e-03 4.091492776886037665e-03
-9.874999999999944586e-04 4.504524886877828323e-03
7.683274021352316970e-03 6.295224312590450358e-03
5.101449275362325043e-03 7.434593023255815433e-03
-4.434859154929573707e-03 5.428225806451613886e-03
1.020066889632114749e-03 6.014170040485827470e-03
1.797153024911038845e-03 4.903354632587861826e-03
1.471530249110329994e-03 5.159869494290375211e-03
-5.109154929577461313e-03 5.843032159264934314e-03
-4.514285714285711133e-03 5.679878048780490248e-03
2.324218750000001197e-03 5.724460431654678806e-03
5.271428571428568403e-03 5.020336605890603557e-03
5.589519650655027511e-03 5.669852941176471359e-03
4.805860805860808112e-03 5.672767203513909284e-03
4.782918149466192613e-03 5.583210603829160193e-03
2.673507462686570794e-03 3.980000000000000031e-03
9.346000000000010549e-03 3.860724233983287880e-03
7.474576271186524545e-04 5.624060150375944506e-03
7.959574468085112847e-03 3.777515723270442188e-03
5.498281786941583774e-03 4.684873949579833156e-03
3.725000000000004349e-03 7.449472096530917326e-03
-2.574750830564774724e-03 5.441548183254346638e-03
-7.964912280701716635e-04 5.717647058823530429e-03
-3.537634408602145179e-03 4.546644844517186076e-03
3.601666666666670548e-03 5.079136690647482501e-03
3.811846689895477796e-03 6.671032357473037633e-03
4.872549019607844319e-03 4.083571428571428595e-03
9.325259515571009301e-04 3.504694835680752501e-03
-5.434782608695613209e-04 4.188755020080321689e-03
3.204887218045122336e-03 5.305109489051095320e-03
-3.102430555555550987e-03 3.751719394773042962e-03
1.353982300884960929e-03 5.960127591706541363e-03
2.062015503875976041e-03 7.167202572347270394e-03
-3.548442906574389953e-03 4.618066561014263355e-03
7.346473029045649632e-03 4.693740685543966278e-03
1.892086330935260604e-03 3.507258064516129061e-03
-8.255813953488278217e-04 4.940209267563526983e-03
7.610942249240128417e-03 3.522693997071743664e-03
1.208421052631579451e-02 6.469571230982021186e-03
1.911337209302333209e-03 7.910526315789473753e-03
2.406832298136651893e-03 5.984025559105434280e-03
-1.784671532846707990e-03 3.176090468497578308e-03
9.888111888111892830e-03 6.815436241610738598e-03
3.512455516014238981e-03 5.362973760932943437e-03
-2.965957446808506828e-03 3.022727272727273717e-03
5.872340425531920663e-03 6.617363344051449027e-03
1.493079584775090785e-03 4.159455128205125606e-03
2.094545454545457003e-03 8.110410094637220124e-03
2.044061302681994281e-03 5.197916666666667525e-03
4.174603174603220591e-04 6.776995305164321831e-03
5.964285714285720574e-03 6.829624478442279135e-03
9.604240282685515620e-03 7.488095238095243342e-03
-7.444933920704781228e-04 5.176211453744491639e-03
1.518581081081085389e-03 5.365671641791048066e-03
4.233226837060701658e-03 9.050520059435362280e-03
2.932075471698117764e-03 4.813918305597579723e-03
4.571713147410364983e-03 6.534918276374443967e-03
4.984848484848481733e-03 6.169515669515669015e-03
1.599673202614387748e-03 6.941130298273155523e-03
2.094339622641509715e-03 6.424369747899160224e-03
3.705179282868606861e-04 6.008645533141211692e-03
1.581818181818185533e-03 2.112244897959184107e-03
9.421487603305791700e-04 6.180936995153475839e-03
1.652466367713011520e-03 6.061430793157076072e-03
5.019097222222227740e-03 2.158380681818182750e-03
1.777777777777784585e-03 5.813204508856683987e-03
7.832661290322590064e-03 2.462145110410093179e-03
2.920454545454553331e-03 5.557949479940566852e-03
-2.721189591078063824e-03 4.495702005730659728e-03
3.930313588850184274e-03 2.926179604261797389e-03
4.800000000000003916e-03 5.786549707602342378e-03
-2.680555555555548010e-03 4.158099688473519684e-03
6.485148514851498498e-04 6.393468118195961940e-03
-6.504322766570596812e-03 2.474182444061962232e-03
5.205128205128206793e-03 7.347158218125960337e-03
6.507246376811593597e-03 8.852459016393443916e-03
9.913580246913590230e-03 5.837037037037038148e-03
3.955985915492966562e-03 5.935578330893121445e-03
-4.848314606741561776e-03 4.197693574958817272e-03
-4.560260586318426950e-05 1.576461769115441829e-03
2.865384615384620332e-03 7.997572815533982027e-03
5.166666666666661425e-03 4.776392961876831621e-03
8.553191489361707325e-03 7.625722543352596132e-03
4.364620938628163520e-03 4.187692307692307200e-03
9.136704119850187766e-03 6.232142857142857970e-03
1.682509505703425967e-03 5.108066971080669517e-03
2.523961661341894138e-04 6.235474006116206898e-03
3.245033112582865263e-04 3.522988505747128105e-03
-3.566037735848992508e-04 7.877652050919378701e-03
1.074264705882353906e-02 4.253289473684212889e-03
5.410156250000003504e-03 4.975720789074356519e-03
8.565573770491813517e-04 5.613777089783278385e-03
6.104982206405701675e-03 6.742074927953890622e-03
3.255813953488389243e-04 5.910581222056633319e-03
-1.683673469387752305e-03 7.533660589060307659e-03
9.942164179104482843e-03 5.409801136363637936e-03
-5.137867647058814470e-03 4.982253086419751419e-03
4.292929292929299756e-03 6.899153737658673610e-03
1.261648745519722975e-03 4.593172119487909551e-03
3.674657534246581446e-03 3.845185185185184991e-03
3.843137254901964062e-03 3.721052631578947428e-03
2.842741935483875885e-03 5.526785714285716716e-03
5.036764705882360374e-03 3.260620915032680367e-03
-3.551724137931032508e-03 6.389518413597736202e-03
-1.566901408450699362e-03 5.796240601503760241e-03
3.341463414634145840e-03 5.097222222222221738e-03
3.948387096774201750e-03 5.616099071207431709e-03
-2.113402061855628106e-04 6.772875816993464450e-03
4.071661237785018962e-03 6.482003129890456967e-03
1.003676470588235788e-02 4.115164520743922090e-03
5.162962962962970755e-03 8.413533834586464991e-03
-1.243548387096766236e-03 8.595168374816983259e-03
6.494699646643113666e-03 7.219359331476321064e-03
3.477192982456145560e-03 4.672778561354022121e-03
-1.070552147239255516e-03 4.425190839694658276e-03
5.725165562913913340e-03 5.717857142857141715e-03
-3.235772357723571725e-03 6.864705882352941171e-03
1.573033707865169328e-02 7.180580762250456973e-03
7.431654676258995194e-03 4.195721077654520313e-03
4.779850746268664470e-03 5.747214484679663213e-03
-4.348773841961852023e-03 6.000805152979070932e-03
7.436241610738264333e-03 4.748833592534996810e-03
8.885159010600720067e-03 5.636103151862465258e-03
-2.834821428571423531e-03 4.947761194029851387e-03
9.685258964143437371e-03 4.571428571428571772e-03
5.991582491582493966e-03 5.651442307692311311e-03
-5.120503597122297995e-03 4.240573152337858559e-03
9.291044776119454767e-04 5.303951367781155682e-03
7.899022801302939267e-03 6.713600000000002725e-03
-3.332764505119449085e-03 5.482484076433125596e-03
1.346863468634689007e-03 3.831967213114754502e-03
-3.720149253731339610e-03 3.856702619414484595e-03
4.370491803278691613e-03 5.672388059701495913e-03
4.197324414715787751e-04 5.246636771300448691e-03
1.119672131147546974e-03 3.756294964028778979e-03
-3.951505016722401363e-03 2.176970633693973891e-03
1.549122807017549357e-03 6.460093896713616640e-03
-2.029900332225907655e-03 4.772596843615497381e-03
5.245791245791255920e-03 3.267857142857143963e-03
3.449477351916400590e-04 3.739316239316238175e-03
9.624087591240880826e-03 5.765974440894568349e-03
9.409594095941562278e-05 7.025039123630672823e-03
8.585501858736063752e-03 3.933130699088148441e-03
-1.229773462783081094e-04 6.284044016506192161e-03
-2.213261648745509791e-03 6.831768388106417879e-03
3.361516034985427906e-03 5.223625557206541294e-03
-5.166158536585359166e-03 3.874027993779159598e-03
7.835260115606944298e-03 6.231797919762260135e-03
7.797427652733199092e-04 6.514469453376206531e-03
-1.409539473684206460e-03 4.915492957746479818e-03
-2.475535168195716965e-03 2.257417102966840193e-03
4.207142857142862416e-03 4.753477588871718625e-03
7.992012779552727653e-03 8.218373493975906358e-03
-2.668693009118532512e-03 5.707337883959049014e-03
6.629392971246015915e-04 5.180866965620329473e-03
-6.600446428571428610e-03 5.383647798742139355e-03
6.136178861788618710e-03 6.002475247524752602e-03
-2.674757281553393710e-03 5.190189328743544973e-03
4.089225589225597285e-03 4.718794835007172894e-03
2.084876543209880553e-03 5.753634894991922245e-03
-7.059999999999995966e-03 5.921538461538462458e-03
3.701107011070117834e-03 5.164373088685014941e-03
8.626482213438741928e-03 5.339378238341967349e-03
1.158102766798423632e-03 7.197368421052634593e-03
1.089905362776030090e-03 6.600000000000000831e-03
3.227436823104697875e-03 4.620542082738949424e-03
2.766037735849059907e-03 5.966917293233084917e-03
2.035433070866149007e-03 5.607091172214182830e-03
-2.237735849056596976e-03 4.435559006211181252e-03
8.061619718309867219e-03 5.775862068965519590e-03
2.481949458483760293e-03 8.499999999999995406e-03
4.125000000000003664e-03 5.062302839116719980e-03
1.586274509803927953e-03 2.453632148377126853e-03
7.008130081300816341e-03 3.076980568011958642e-03
-1.261666666666659857e-03 3.135893648449040831e-03
5.210843373494076320e-04 4.322931785195936391e-03
-1.230650154798759981e-03 6.693098384728341822e-03
2.346645367412147649e-03 3.274509803921569605e-03
1.142955326460481751e-02 3.747093023255816495e-03
8.329787234042559593e-03 4.517416545718432909e-03
-2.096311475409827832e-03 4.061718750000000225e-03
8.372013651877138404e-03 4.555299539170509088e-03
3.982142857142919939e-04 4.738993710691823472e-03
7.696308724832221816e-03 4.580431177446103209e-03
1.217391304347826761e-02 4.092741935483873092e-03
-2.847122302158268999e-03 5.587786259541985961e-03
-5.341296928327639304e-03 6.870508982035930003e-03
-3.949652777777774154e-03 4.376847290640395113e-03
-1.290598290598286109e-03 5.568829113924053317e-03
7.958661417322834830e-03 4.468443197755961674e-03
3.823843416370109344e-03 3.375192604006165345e-03
2.033018867924533610e-03 7.469011725293136540e-03
1.300813008130088455e-03 5.788265306122449341e-03
1.143595041322314695e-02 4.468345323741008263e-03
7.476821192052981839e-03 5.488243430152145094e-03
2.900000000000006305e-03 5.859516616314200572e-03
4.595323741007202763e-03 2.652140672782875731e-03
1.935943060498227170e-03 4.559055118110236227e-03
2.054421768707490308e-03 6.653043478260870988e-03
-1.657999999999989343e-03 3.906201550387595946e-03
3.801694915254243915e-03 5.074660633484161763e-03
-1.423214285714280696e-03 4.244372990353698950e-03
7.313405797101453672e-03 3.716066481994460043e-03
-7.187499999999948921e-04 7.025121555915718463e-03
1.677007299270075625e-03 7.351256983240223204e-03
4.213709677419372169e-04 4.075441412520065809e-03
8.543137254901963379e-03 4.436956521739133380e-03
8.519097222222224777e-03 5.801809210526320988e-03
-1.148514851485140211e-03 4.227904040404045771e-03
4.253333333333337261e-03 6.240056818181821674e-03
4.125000000000001929e-03 4.049048316251831550e-03
3.348708487084871722e-03 4.317741935483873465e-03
1.170568561873282043e-05 4.732980332829045921e-03
4.432481751824825754e-03 5.653225806451612524e-03
5.229166666666671889e-03 4.662500000000002580e-03
7.095155709342569617e-03 5.946107784431142393e-03
-1.742320819112622458e-03 5.388349514563108011e-03
-5.629770992366407018e-03 4.819852941176470430e-03
2.766773162939303258e-03 8.545985401459862615e-03
-4.098148148148145035e-03 4.572058823529410836e-03
-6.394339622641501478e-03 4.631868131868134390e-03
2.721052631578951744e-03 6.429115853658537959e-03
4.591695501730108653e-03 8.994152046783627369e-03
-1.033950617283883059e-04 7.366883116883119788e-03
6.655594405594408673e-03 5.023843930635840151e-03
6.939102564102566685e-03 6.787556904400604031e-03
3.340531561461802280e-03 4.987341772151899014e-03
4.177672955974845621e-03 2.282812499999999686e-03
6.388211382113827969e-03 6.331884057971012836e-03
9.467741935483877866e-03 4.840267459138188934e-03
4.583333333333335959e-03 4.952506596306067641e-03
-1.131862745098038622e-02 3.573551263001486372e-03
-5.280564263322876269e-03 4.144716692189894490e-03
2.978260869565225316e-03 1.731839258114374050e-03
1.403169014084518608e-03 3.154024767801857747e-03
2.912671232876712629e-03 4.847049689440998191e-03
-4.897260273972546107e-04 6.474431818181815811e-03
-2.374100719424410643e-04 3.639344262295084176e-03
4.444444444444448777e-03 7.809033280507133093e-03
1.055439330543933053e-02 5.779487179487181013e-03
-1.671009771986962846e-03 7.037478705281089396e-03
4.099616858237557782e-03 5.428360413589366010e-03
2.347750865051905118e-03 6.308917197452230605e-03
2.501700680272115913e-03 2.665505226480835259e-03
-3.346405228758162799e-03 5.349406528189912073e-03
6.044326241134758901e-03 5.069037656903766821e-03
3.123188405797111458e-03 6.977484472049692681e-03
2.725321888412050690e-04 3.604538087520261884e-03
-6.632996632996520812e-04 6.098782138024360679e-03
-4.363354037267076421e-03 4.070951585976627200e-03
3.648214285714283713e-03 5.984760522496373851e-03
-1.407342657342653628e-03 4.315905743740799071e-03
1.793286219081275746e-03 5.834030683403071578e-03
6.293906810035844977e-03 4.451612903225809006e-03
-2.476430976430970751e-03 6.715350223546944115e-03
3.047987616099076535e-03 3.121932515337421613e-03
2.193916349809893473e-03 4.709785522788203539e-03
2.842905405405409067e-03 5.329608938547486692e-03
-4.914893617021269187e-03 4.542968749999999264e-03
2.975945017182135728e-03 5.131060606060607737e-03
1.060599078341014148e-02 4.072006472491911458e-03
6.650176678445232983e-03 8.627786032689450241e-03
-1.111635220125780157e-03 4.683717579250719874e-03
1.152491694352160076e-02 6.539936102236423854e-03
5.662251655629200976e-04 2.996884735202492642e-03
-2.343003412969274415e-03 6.239336492890998689e-03
-2.988372093023247082e-03 6.837227414330218980e-03
7.527675276752774508e-03 5.113964686998395161e-03
5.957191780821919844e-03 4.315830721003136201e-03
-3.315412186379929071e-03 5.565769805680122369e-03
-6.140350877192715694e-05 2.499248120300751920e-03
3.828358208955236382e-03 6.740740740740745057e-03
3.646579804560265252e-03 5.602544910179641825e-03
-8.968253968253932576e-04 6.326283987915408587e-03
9.153386454183275525e-03 4.603312302839117527e-03
5.487654320987665063e-03 1.265116279069767886e-03
3.840125391849538283e-03 6.165912518853696941e-03
1.784140969163050896e-04 2.626445086705203602e-03
3.399209486166092126e-04 7.667883211678828449e-03
9.990196078431380980e-03 6.417877906976743492e-03
1.618705035971224927e-03 1.469055374592834759e-03
3.547794117647160191e-04 4.838541666666668940e-03
6.131048387096780898e-03 3.477692307692307073e-03
5.402173913043488603e-03 2.762975778546714490e-03
5.994140625000005107e-03 5.974137931034483907e-03
5.392156862745155210e-04 6.438610662358644487e-03
-5.766423357664177476e-04 5.882890365448507387e-03
5.825000000000004653e-03 7.052631578947369390e-03
3.446619217081857423e-03 4.709677419354842305e-03
5.128968253968262461e-03 2.710063897763578290e-03
-2.292642140468224409e-03 3.725403817914830877e-03
4.268041237113404628e-03 3.928682170542634883e-03
8.699386503067493837e-03 6.992877492877491198e-03
4.730769230769234571e-03 8.381469115191990393e-03
-2.448717948717940140e-03 6.718125960061445412e-03
6.066878980891773129e-04 5.117117117117118107e-03
-4.365530303030299049e-03 7.106287425149702096e-03
5.337931034482759282e-03 7.547407407407407190e-03
4.689895470383283020e-03 6.406000000000004573e-03
2.720779220779229093e-03 8.045454545454544873e-03
2.761904761904811949e-04 4.527047913446678729e-03
5.514652014652018409e-03 3.975877192982456461e-03
4.947368421052685070e-04 5.281045751633988393e-03
1.013533834586467612e-02 3.811200000000000698e-03
3.682130584192450096e-03 5.175298804780877407e-03
-1.885416666666663282e-03 5.503159557661929310e-03
-1.915887850467206603e-04 6.987854251012144170e-03
-5.198412698412696945e-03 1.092409240924092657e-03
5.994699646643116692e-03 4.476525821596246194e-03
8.536821705426364884e-03 7.709459459459462767e-03
4.645348837209305887e-03 5.455993930197270032e-03
6.653386454183350066e-04 1.397670549084858256e-03
1.038400000000000087e-02 7.110852713178295904e-03
7.201666666666673919e-03 6.615037593984966074e-03
1.068852459016397935e-03 5.562589928057557614e-03
6.644200626959250421e-03 3.521296296296295807e-03
2.259689922480624495e-03 5.033587786259542673e-03
3.777533039647582545e-03 4.582018927444797378e-03
4.358974358974391063e-04 4.457120980091887168e-03
2.739747634069403595e-03 3.923538230884558720e-03
3.695792880258903790e-03 6.935047361299052915e-03
-3.166077738515895353e-03 6.706985769728326593e-03
2.394117647058828253e-03 4.572519083969465645e-03
3.744827586206900781e-03 6.173825503355703445e-03
2.242647058823531072e-03 4.842105263157893240e-03
4.548387096774198987e-03 5.937500000000000937e-03
-1.192546583850929249e-03 7.747851002865330412e-03
-2.025083612040123014e-03 4.306497175141243798e-03
-3.239202657807269646e-04 6.581378299120238702e-03
2.357382550335579072e-03 6.787701317715962197e-03
4.139130434782608767e-03 6.420174165457187727e-03
3.917543859649126083e-03 4.647103658536586891e-03
4.611498257839729067e-03 3.974400000000002930e-03
3.994402985074634906e-03 7.114138438880706836e-03
-8.385579937304001334e-04 5.763399693721290261e-03
-4.396678966789663301e-03 5.014265335235382377e-03
-2.256369426751585715e-03 5.076308139534885244e-03
7.333333333333433160e-04 5.226256983240226521e-03
2.643812709030103885e-03 5.050940438871473308e-03
1.065098039215686687e-02 6.278115501519759660e-03
6.386824324324331427e-03 6.871794871794872049e-03
3.967741935483908760e-04 5.063876651982381419e-03
7.019784172661873781e-03 5.207715133531159134e-03
4.113559322033902288e-03 7.150645624103300901e-03
