-9.551724137931023526e-03 1.199152542372880969e-03
-3.434272300469481693e-03 1.018518518518519728e-03
-9.755411255411253202e-03 2.749667110519316590e-04
-4.490000000000003537e-03 1.790575916230366946e-03
-7.156118143459917064e-03 4.888613861386141872e-04
-7.721428571428561385e-03 1.501206272617611149e-03
-4.982051282051278528e-03 2.971014492753623615e-03
-3.257201646090538208e-03 3.706793802145409017e-03
-9.468749999999998002e-03 3.377693282636250747e-04
-1.325213675213674641e-02 1.507692307692309061e-03
-6.782608695652166814e-03 1.017816091954022468e-03
-6.951785714285712431e-03 -2.289156626506059700e-05
-8.402127659574465043e-03 9.205776173285180625e-05
-1.172932330827060419e-03 2.976047904191617306e-03
-6.207999999999997374e-03 1.740243902439023941e-03
-1.121836734693877104e-02 3.308612440191386651e-03
-8.783842794759817024e-03 8.371943371943364525e-04
-1.084649122807017363e-02 -4.087546239210843361e-04
-2.906698564593304494e-03 8.536745406824143264e-04
-1.339019607843137255e-02 3.340199750312110045e-03
-6.860887096774198439e-03 8.660256410256430247e-04
-6.387820512820508063e-03 4.253365973072211620e-03
-5.286637931034480695e-03 2.110266159695818166e-03
-6.599337748344367635e-03 1.842205323193917780e-03
-8.333333333333340157e-03 8.905852417302812440e-04
-6.570707070707067221e-03 2.686046511627907668e-03
-1.057870370370369607e-03 2.452099737532809250e-03
-1.893442622950823476e-03 -1.981481481481464071e-04
-2.070175438596489042e-03 -2.483660130718945598e-05
-2.986631016042782995e-03 3.855656697009103486e-03
-4.867117117117116150e-03 4.992874109263658461e-03
-5.896017699115038355e-03 4.350393700787403509e-04
-4.648760330578512526e-03 1.687096774193550322e-03
-5.058295964125562351e-03 1.222347629796838959e-03
-9.564257028112449488e-03 1.457524271844660903e-03
-1.062045454545453883e-02 -1.813442211055275649e-03
-8.695979899497484691e-03 2.916666666666665932e-03
-8.619158878504678753e-03 -8.811053984575826581e-04
2.905357142857137916e-03 -4.497964721845313578e-04
-6.106280193236710008e-03 2.998819362455710309e-04
-1.042499999999999503e-02 -4.108723135271810569e-04
-1.216417910447760171e-03 1.161162483487450684e-03
-2.421621621621627106e-03 2.394768856447687319e-03
-5.119999999999999551e-03 -5.447494033412885080e-04
-9.928044280442797909e-03 2.779181708784597346e-03
-5.477375565610852898e-03 2.620793269230772393e-03
-2.976495726495726867e-03 5.366178428761655397e-04
-5.855813953488367765e-03 1.119135802469135464e-03
-1.078037383177570148e-02 1.199753390875461356e-03
-7.289682539682536960e-03 -1.342803030303030103e-03
-1.360404624277456419e-02 2.236942675159236255e-03
-9.907239819004518694e-03 1.704216073781292425e-03
-7.173076923076936303e-04 2.088050314465408289e-03
1.382530120481924871e-03 2.425748502994014202e-03
-2.999999999999997894e-03 2.673712021136062048e-03
-6.002118644067792885e-03 1.120049504950498755e-04
-4.579591836734691994e-03 1.170468187274911618e-04
-6.382113821138214738e-03 -3.652482269503542177e-04
-1.707317073170734525e-03 1.657692307692307070e-03
-1.130991735537190471e-02 8.418013856812932034e-04
-1.036521739130434605e-02 2.030834340991536681e-03
-9.194835680751176077e-03 4.001280409731121932e-04
-4.083969465648837642e-04 1.702298850574711234e-03
-2.591121495327100566e-03 3.561050061050060039e-03
-7.404661016949151166e-03 2.946530147895335891e-03
4.859154929577471716e-04 1.295597484276729073e-03
-5.618729096989993335e-04 6.725260416666664328e-04
-2.571428571428566526e-03 -1.590909090909074482e-04
-1.335128205128204189e-02 4.179471032745591536e-03
-1.981382978723411192e-03 -1.748071979434451587e-04
-3.152654867256638859e-03 1.226804123711337791e-03
-5.953488372093027232e-03 -5.563758389261749598e-04
-3.187224669603523890e-03 1.984718826405868115e-03
-1.618055555555556824e-03 1.304375804375803357e-03
-1.270168067226891059e-02 2.327990135635019109e-03
-4.928240740740740845e-03 -6.494325346784403559e-05
-3.037974683544306803e-03 5.846824408468244286e-04
-8.444915254237286492e-03 1.817006802721088301e-03
-7.876086956521737709e-03 4.032552083333333301e-03
-3.468750000000000045e-03 2.341433778857835834e-03
-1.015969581749048486e-02 2.296854521625163285e-03
-6.114864864864862255e-03 1.444920440636474936e-03
-8.526905829596411954e-03 6.631578947368393538e-04
-6.320588235294112567e-03 7.392405063291157367e-04
-5.032608695652172198e-03 1.621656050955415417e-03
-6.995884773662547178e-03 -5.562913907284764738e-04
-2.502066115702478253e-03 1.867936925098554780e-03
-6.720524017467245821e-03 1.432020330368489721e-03
-1.223846153846153834e-02 1.455941255006675808e-03
-4.978902953586497419e-03 -2.584269662921353052e-04
-3.495798319327730538e-03 -1.979558011049722954e-03
-1.616363636363633881e-03 2.636046511627907537e-03
-2.542968750000003560e-03 1.314445828144459498e-03
-9.824723247232474560e-03 7.388419782870925658e-04
-4.859903381642516687e-03 1.498199279711882968e-03
-1.122016460905349983e-02 1.869930069930070098e-03
-5.898104265402846769e-03 -1.665966386554622140e-03
-8.811023622047243001e-03 2.277353689567438333e-04
-1.042499999999999157e-02 3.521897810218969894e-04
-7.159183673469381344e-03 -1.347715736040609952e-03
-2.970260223048327812e-03 4.806007509386734668e-04
-5.545871559633028247e-03 6.444020356234087107e-04
-1.855769230769232451e-03 1.229434447300771461e-03
-3.991166077738515262e-03 8.237063778580028120e-04
-4.234536082474225915e-03 1.013431013431021589e-04
-7.746296296296292794e-03 9.949302915082375417e-05
-3.577235772357681399e-04 1.981481481481482503e-03
-1.200198412698412660e-02 8.693982074263759477e-04
-7.745192307692304497e-03 2.277061855670102410e-03
-8.098880597014914209e-03 1.354614412136536132e-03
-2.490654205607479525e-03 2.668282548476454477e-03
-1.415432098765431572e-02 -4.184308841843087400e-04
-3.596774193548390921e-03 1.328065739570163592e-03
-7.092165898617517304e-03 -1.417968749999998874e-03
-9.750988142292488919e-03 1.300390117036122263e-06
-4.281609195402299832e-03 2.116455696202533716e-03
2.350230414746527893e-04 1.274574049803407815e-03
-1.044685039370078089e-02 9.283935242839345308e-04
-9.481617647058817461e-03 4.673396674584315074e-04
-4.576190476190475885e-03 4.439106901217863312e-03
-5.219999999999995694e-04 -6.797966963151269582e-05
-5.344680851063828876e-03 2.548488664987405214e-03
-8.973282442748090754e-03 1.860576923076922694e-03
-5.227799227799224784e-03 7.620730270906962700e-04
-9.949781659388636998e-03 -5.573878627968332274e-04
-6.173828125000002665e-03 3.185851318944845322e-03
-9.335616438356161839e-03 1.232303732303733409e-03
-9.108267716535431435e-03 3.132530120481928784e-05
-1.105749999999999268e-02 7.116564417177924070e-04
-6.023715415019762279e-03 1.057339449541284645e-03
-8.924757281553398827e-03 1.317103620474407120e-03
-5.817500000000004091e-03 6.790201005025127932e-04
2.356828193832591302e-04 3.033203124999999441e-03
-2.899999999999999800e-03 1.328732747804267081e-03
-3.686046511627905954e-03 1.906439854191980827e-03
-1.127380952380952275e-02 1.700945626477541432e-03
-6.073964497041419580e-03 1.233040201005024825e-03
-6.640243902439018145e-03 7.133838383838361742e-05
-6.386010362694300065e-03 6.437578814628003299e-04
-5.824999999999995980e-03 3.098225602027884600e-03
-8.700483091787440670e-03 5.228898426323332809e-04
-8.353658536585368069e-03 3.708762886597940026e-03
2.800420168067222545e-03 5.902004454342986385e-04
-4.974708171206221503e-03 4.551104972375698558e-04
-7.449612403100781474e-03 1.446658097686376321e-03
-5.903225806451613614e-03 -3.620474406991276879e-04
-6.967213114754097596e-03 1.450928381962866050e-03
-5.703319502074690080e-03 1.743554952510176117e-04
-1.866504854368934273e-03 3.166666666666667022e-03
-7.270833333333328805e-03 1.175166297117515978e-03
-5.506060606060604601e-03 -3.339506172839496628e-04
-7.896929824561407449e-03 1.026214833759591001e-03
-5.526104417670680592e-03 1.450228832951944852e-03
-8.255813953488374060e-03 2.876654632972321882e-03
-7.346153846153842537e-03 9.217233009708730588e-04
-4.690573770491808341e-03 -1.461585365853659271e-03
-7.840517241379312344e-03 5.627450980392169561e-04
-6.331858407079644403e-03 2.482714468629961240e-03
-4.997835497835499338e-03 4.280000000000000818e-03
-9.841563786008230078e-03 2.198235294117648411e-03
-5.070588235294112324e-03 4.500000000000003129e-04
-5.398113207547165608e-03 1.724159402241594698e-03
-7.152083333333331475e-03 5.431506849315067068e-03
-7.707999999999996972e-03 9.831249999999987568e-04
-5.947727272727270330e-03 2.401356350184958612e-03
-7.548387096774193845e-03 1.731818181818182457e-03
-1.853556485355646209e-03 8.311764705882369831e-04
-1.058095238095238359e-02 -5.886075949367091612e-04
-6.719262295081962488e-03 3.682955899880821895e-04
-4.745283018867922295e-03 -5.598027127003688593e-04
-6.715909090909095297e-03 3.381355932203390386e-03
-8.382936507936504175e-03 1.729871645274214283e-03
-8.598901098901101658e-03 1.286324786324786248e-03
-5.358173076923072875e-03 2.699766355140189103e-03
-4.960843373493973966e-03 1.738965952080705809e-03
-4.528089887640451491e-03 3.710376282782212182e-03
-1.619402985074628242e-03 1.728468899521531195e-03
-3.931111111111111785e-03 8.941558441558429852e-04
-5.069029850746269508e-03 1.691719745222930405e-03
-7.699596774193545601e-03 1.281795511221947006e-03
-8.607142857142853140e-03 3.514915693904026653e-04
-1.071568627450980062e-02 1.664764621968616585e-03
-9.227074235807859390e-03 1.834231805929919775e-03
-3.732692307692304055e-03 1.751207729468606681e-04
-9.987804878048785889e-03 7.254641909814328084e-04
-3.509578544061301396e-03 9.945321992709599875e-04
-6.702531645569626689e-03 1.738197424892704273e-03
-6.363636363636356041e-03 -3.199481865284974753e-04
-1.267523364485981067e-02 -1.748026315789473744e-03
-9.653361344537815872e-03 1.877300613496921925e-04
-6.721198156682035678e-03 -1.331446540880502514e-03
2.062256809338536127e-04 -1.749072929542635471e-04
-1.019999999999999726e-02 -4.749679075738058977e-05
-6.417391304347826175e-03 -4.669867947178857554e-04
-8.864468864468866630e-03 -9.101717305151921580e-04
-8.447963800904977061e-03 1.943053817271592340e-03
-4.782608695652194094e-04 3.004369538077403170e-03
-3.485714285714287299e-03 -4.329268292682925253e-04
-1.941037735849055791e-03 1.903750000000000928e-03
-1.147058823529410916e-02 1.186121919584955109e-03
-9.987999999999991677e-03 -1.411392405063285080e-04
-1.056282722513088648e-02 7.188612099644129359e-04
-8.757446808510633771e-03 2.616531165311653754e-03
-9.869387755102035018e-03 1.437500000000000843e-03
-1.100704225352112410e-02 9.210526315789486487e-04
-6.086956521739126866e-03 1.345714285714286239e-03
-8.579681274900401514e-03 8.675538656527248147e-04
-8.561068702290074856e-03 2.642162818955043086e-03
-8.278606965174127238e-03 1.476774193548387746e-03
-6.291489361702126519e-03 2.446188340807173463e-03
-8.455665024630541760e-03 3.013605442176871870e-03
-9.198473282442738014e-03 9.541984732825230706e-06
-5.556277056277049951e-03 1.988461538461539641e-03
-8.933333333333333057e-03 -3.511348464619472635e-04
-1.351785714285714396e-02 7.785904255319150546e-04
-3.898230088495572773e-03 2.302197802197800559e-03
-1.271356783919599118e-03 2.996387283236996452e-03
-2.735294117647062324e-03 3.354289071680376794e-03
-8.089494163424120615e-03 -2.876712328767121944e-04
-6.850000000000003655e-03 2.629353233830846251e-03
-8.511363636363632884e-03 4.836272040302268434e-03
-1.105837563451776001e-02 3.881495564005068774e-03
-2.138297872340426831e-03 -9.554973821989520963e-04
-4.494880546075086768e-03 2.366330390920554430e-03
-9.388888888888880652e-03 -2.203726708074532636e-03
-8.573170731707312545e-03 2.727215189873417617e-03
-1.193406593406593288e-02 6.590909090909084344e-04
-7.209251101321581187e-03 4.511568123393308680e-04
-2.945652173913046717e-03 3.349875930520991791e-05
-1.037401574803149644e-02 1.476590636254512248e-04
-4.788844621513950982e-03 2.296710526315789980e-03
-4.058365758754865771e-03 -1.201298701298699400e-03
-1.793814432989690021e-03 1.280625000000001597e-03
-9.121513944223096776e-03 4.937965260545900932e-04
-7.242907801418433170e-03 6.933570581257416559e-04
-7.590909090909089135e-03 3.014857881136951290e-03
-4.766009852216746695e-03 2.652010050251256499e-03
-8.844017094017086675e-03 7.984165651644325404e-04
-7.310267857142861529e-03 -3.935611038107754141e-04
-7.570539419087141987e-03 -9.783861671469726209e-04
-5.995633187772918954e-03 5.225352112676061355e-04
-4.614678899082570208e-03 -1.835542168674698894e-03
-9.532110091743118199e-03 2.497671711292203008e-03
-8.992574257425736683e-03 -3.750000000000012004e-04
-6.061274509803918874e-03 4.177914110429440785e-04
-6.836909871244633251e-03 -4.873949579831944969e-04
-7.114285714285718820e-03 3.924050632911400913e-05
-7.609170305676855525e-03 2.691449814126394176e-03
-7.253846153846154124e-03 2.549789621318373275e-03
-9.293103448275852677e-03 1.596456692913384877e-03
-6.311983471074379334e-03 1.032160194174757935e-03
-1.900485436893201022e-03 1.387681159420289237e-03
-3.751020408163263480e-03 2.162987012987012837e-03
-3.758883248730968737e-03 4.494238156209981049e-04
-5.338308457711441607e-03 -1.282051282051272563e-04
-2.810810810810807775e-03 2.461852861035422266e-03
-4.632231404958679112e-03 4.930362116991651158e-04
-1.057063197026021986e-02 1.479192166462670738e-03
-6.260765550239237587e-03 -3.384259259259258731e-03
-3.883027522935777413e-03 1.468508997429306346e-03
-4.143776824034335615e-03 2.071140939597317012e-03
-5.654867256637172504e-03 1.413341645885285826e-03
-6.637404580152672824e-03 1.154920212765958099e-03
-5.729166666666667997e-03 -1.819899244332474756e-04
-2.293040293040296551e-03 1.533992583436340554e-03
-4.444444444444452789e-04 5.505952380952376136e-04
-7.243697478991595849e-03 2.074027603513174754e-03
-9.360526315789470184e-03 1.503225806451607928e-04
-7.519417475728150911e-03 2.000000000000000475e-03
-5.536312849162011371e-03 1.689272503082626736e-04
-5.387323943661969164e-03 2.410011918951131867e-03
-1.965437788018437396e-03 -2.305320435308342783e-03
-4.403954802259885115e-03 3.743781094527369392e-04
-2.472375690607732206e-03 1.271713615023474910e-03
1.083984374999998578e-03 8.531553398058260278e-04
-1.293999999999999317e-02 3.752610966057441048e-03
-2.946058091286309771e-03 2.591156462585035656e-03
-3.782978723404251641e-03 3.593198992443326877e-03
-7.071713147410354193e-03 3.750000000000003873e-04
-1.052838427947597882e-02 2.783312577833145398e-04
-8.941314553990612618e-03 4.046195652173912791e-03
-3.705555555555557854e-03 2.259330759330760961e-03
-5.083657587548637453e-03 1.523242630385487906e-03
-7.431330472102994598e-03 2.481481481481482079e-03
-7.957207207207212321e-03 4.623786407766998182e-04
-5.695431472081219533e-03 2.984276729559747800e-03
-8.619433198380557770e-03 3.536924939467314156e-03
-6.456632653061233906e-03 -5.742187499999998595e-04
-3.153985507246375320e-03 2.826086956521732920e-04
-7.524336283185836284e-03 2.456643356643356448e-03
-3.910305343511449525e-03 5.205655526992290089e-04
-6.862831858407080453e-03 -1.146874999999999241e-03
-5.695175438596486624e-03 1.159217877094970584e-03
-3.811475409836069961e-03 3.430332922318126733e-03
-6.107806691449811816e-03 1.414340101522842475e-03
-1.011764705882352202e-03 1.778532608695651811e-03
-4.864321608040198495e-03 1.974900924702778081e-04
-1.030334728033473028e-02 1.004807692307693083e-03
-6.925764192139739067e-03 1.774790919952209728e-03
-1.969827586206895041e-03 -1.503378378378374732e-04
-2.388613861386138133e-03 3.589076723016905966e-03
-1.310300429184549365e-02 2.714107365792758388e-03
-6.125506072874497415e-03 1.904092071611252976e-03
-9.585227272727269571e-03 -4.270304568527918802e-04
-9.914233576642339507e-03 9.404761904761906868e-04
-4.293721973094174159e-03 1.225490196078533643e-05
-1.757709251101321904e-03 -2.166267942583731485e-03
-1.032683982683982316e-02 1.458500669344041725e-03
-2.664000000000001003e-03 6.783919597989944905e-05
-2.033039647577087813e-03 1.344654088050315334e-03
5.000000000000000104e-03 1.271726535341831561e-03
-4.294258373205741934e-03 1.313164893617020787e-03
-5.275119617224884906e-03 1.134328358208955539e-03
-2.378205128205130962e-03 -6.897404202719408309e-04
-9.688095238095235234e-03 7.391841779975274595e-04
-1.046666666666667750e-03 -2.552926525529272293e-04
-5.138671874999998709e-03 4.520592020592021504e-03
-8.626190476190476533e-03 1.500661375661376928e-03
-1.193973214285714256e-02 1.840206185567010589e-03
-9.266260162601618056e-03 2.443899018232819145e-03
-9.782196969696963298e-03 1.516415868673049849e-03
-9.613924050632906976e-03 -1.030864197530863020e-03
-1.140853658536584991e-02 2.568717277486911362e-03
-2.014893617021276759e-03 3.429305912596403074e-03
-5.675977653631282364e-03 1.337349397590368010e-04
-2.654471544715444453e-03 9.465020576131610397e-05
-5.031963470319631739e-03 -8.615894039735086775e-04
-9.377450980392153593e-03 5.332187857961059353e-04
-6.084362139917699232e-03 1.094316807738815629e-03
-9.139639639639639615e-03 -1.217931034482759535e-03
-5.957661290322576256e-03 2.739726027397909262e-06
-1.633838383838380221e-03 1.951773835920178743e-03
-2.300884955752213485e-03 -1.076485461441213220e-03
-4.617370892018781738e-03 6.238532110091751445e-04
-5.804651162790696803e-03 2.160231660231661313e-03
-4.334101382488474846e-03 1.575857519788919541e-03
-1.471153846153848161e-03 3.524788391777509250e-04
-9.571428571428574478e-03 2.881894484412469634e-03
-9.368292682926828222e-03 5.443864229765003979e-04
-3.890909090909099814e-03 7.668463611859839633e-04
-9.251101321585897957e-03 -2.289603960396041638e-04
-4.006818181818178233e-03 5.657108721624834859e-04
-3.487012987012988539e-03 2.257381258023106064e-03
-7.251308900523574909e-04 9.835972850678743711e-04
-6.221052631578944878e-03 4.271105826397145894e-03
-1.017903930131004026e-02 4.138755980861237214e-04
-3.140449438202247943e-03 -5.291616038882143887e-04
-7.599078341013825247e-03 -2.017967781908301846e-03
-9.252427184466021151e-03 3.447606727037529984e-04
-3.127615062761509353e-03 2.596491228070175409e-03
-4.949074074074074486e-03 2.523447401774400484e-03
-2.216157205240174097e-03 2.320754716981132410e-03
-1.045906432748538485e-02 -2.483870967741935200e-03
-6.697718631178709199e-03 -9.076923076923084635e-04
-4.477040816326537456e-03 2.321668909825034145e-03
-4.105263157894739438e-03 2.456172839506173735e-03
-3.779999999999999940e-03 6.091676718938395196e-05
-3.619815668202762838e-03 -9.530026109660696683e-05
-6.542792792792787547e-03 1.608910891089093060e-05
-1.030697674418604333e-02 6.710079275198188109e-04
-3.855421686746990373e-03 1.257861635220172277e-05
-8.683794466403155568e-03 2.508452535760729175e-03
-1.495049504950492257e-03 1.661251504211792851e-03
-1.056315789473684028e-02 1.926415094339623251e-03
-6.293402777777779705e-03 6.855608591885449521e-04
-2.781954887218047404e-03 2.524509803921569265e-04
-1.130805687203791272e-02 1.725449515905948163e-03
-1.048768472906403543e-02 2.650693568726355479e-03
-4.099173553719004902e-03 2.003886010362692770e-03
-3.313432835820897572e-03 2.240422721268164278e-03
-4.985943775100406226e-03 6.433823529411770038e-04
-5.590243902439023631e-03 1.211810012836971083e-03
-3.993902439024389454e-03 1.333333333333331988e-03
-8.830543933054392156e-03 2.121039290240810896e-03
-3.798780487804874484e-03 5.317559153175593434e-04
-7.096385542168674732e-03 1.728710462287106004e-03
-7.234913793103448301e-03 3.038125000000000027e-03
-1.103508771929824321e-02 2.655654383735705452e-03
-6.773234200743492514e-03 2.700394218134033898e-03
-6.639013452914796845e-03 1.500000000000001766e-03
-1.146794871794871475e-02 1.524855491329479363e-03
-4.097087378640769904e-03 1.393861892583125775e-04
-5.458149779735680350e-03 3.822360248447204990e-03
-4.761316872427982100e-03 -4.677230046948351451e-04
-4.352189781021897561e-03 -9.615384615384502890e-05
-5.098253275109168592e-03 1.140075376884422701e-03
-9.347031963470316118e-03 1.163659793814434155e-03
-1.162727272727272915e-02 1.028189910979228350e-03
-7.308362369337978275e-03 1.715168539325842654e-03
-9.885338345864667225e-03 1.333549222797926438e-03
-4.440154440154434577e-03 1.158779576587796794e-03
-6.910041841004180806e-03 1.045576407506696131e-04
-5.656716417910451905e-03 6.029601029601044590e-04
-1.304381443298968657e-02 2.339680589680589746e-03
4.824561403508790614e-04 4.375304136253040967e-03
-4.914529914529918754e-03 5.134788189987157889e-04
-1.094807692307691455e-02 5.094645080946451007e-03
-5.966996699669963912e-03 1.554669703872448342e-04
-3.646694214876040376e-03 3.748927038626607110e-03
-5.839366515837104282e-03 1.455994897959185042e-03
-2.809734513274339193e-03 1.837638376383763728e-03
-2.388888888888885710e-03 7.493702770780895199e-05
-6.419999999999996890e-03 -9.776839565741851212e-04
-1.160287081339712346e-02 2.552704576976423060e-03
-2.414572864321614526e-03 -2.547770700636920073e-05
-1.004700854700854747e-02 1.684076433121019798e-03
-9.551339285714282798e-03 2.489844683393068869e-03
-7.753623188405794724e-03 -9.769850402761785357e-04
-5.307308970099670897e-03 1.466135458167330818e-03
-5.272727272727277884e-03 2.269655172413793508e-03
-9.557416267942583921e-03 9.919463087248335184e-04
-4.856459330143536243e-03 -9.883177570093454583e-04
-2.227891156462579944e-03 1.494464944649458139e-04
-7.276086956521734400e-03 -3.152046783625722507e-04
-7.028688524590168997e-03 2.961290322580626051e-04
-7.569264069264068466e-03 3.398137369033758706e-03
-6.749070631970260220e-03 2.193977591036413120e-03
-4.652083333333325785e-03 2.407002188183818129e-04
-5.021390374331550707e-03 2.676548089591567620e-03
-1.992452830188679979e-03 2.131578947368422718e-03
-7.462882096069861811e-03 8.842652795838739201e-04
-1.243673469387755054e-02 2.117724867724867736e-03
-7.651260504201681280e-03 8.899521531100459699e-04
-6.032828282828282124e-03 -9.125964010282773195e-04
-5.465217391304344474e-03 -6.370463078848562265e-04
-6.471861471861470663e-03 1.921383647798741981e-03
-8.131578947368418506e-03 1.301290322580647392e-03
-9.889140271493210982e-03 -2.500662251655627610e-03
-5.565610859728504882e-03 4.215972222222222517e-03
-7.382488479262672501e-03 1.649410222804719578e-03
-7.550279329608936517e-03 8.176895306859211215e-04
-1.052466367713004308e-02 3.014101057579315814e-03
-4.433333333333332529e-03 1.869451697127939198e-03
-1.322222222222221681e-02 2.227152317880794642e-03
-9.068627450980396368e-03 2.005208333333334102e-03
-5.768774703557309584e-03 3.346153846153845056e-03
-8.439999999999994382e-03 2.177987421383647745e-03
-7.905769230769226635e-03 1.753399258343634566e-03
-7.107594936708862450e-03 -2.052845528455290080e-04
-1.906250000000001043e-03 9.937586685159487294e-04
-9.099118942731278248e-03 9.825581395348837767e-04
-9.746543778801840599e-03 1.331055900621117439e-03
-9.988151658767771904e-03 2.578027465667909277e-04
-3.815677966101691226e-03 1.504206730769233006e-03
-6.181102362204725365e-03 -1.184065934065933962e-03
-8.704819277108429010e-03 3.686977299880525496e-03
-7.067708333333334696e-03 5.998766954377312199e-04
-7.419902912621356011e-03 6.265903307888041202e-04
-7.927125506072876457e-03 -6.450777202072542713e-04
-7.965517241379307251e-03 2.714843749999993738e-04
-5.572222222222223201e-03 3.454545454545448428e-04
-3.251063829787235668e-03 -1.586294416243637893e-04
-6.003968253968251963e-03 3.057553956834531276e-04
-1.207936507936507690e-02 9.187574671445648648e-04
3.810483870967751947e-04 1.916454081632653272e-03
-3.237885462555063504e-03 2.977272727272727709e-03
-3.799999999999993921e-03 3.142420537897309529e-03
-8.045045045045043017e-03 -3.200962695547515321e-04
-1.421161048689137570e-02 2.777705345501954408e-03
-8.817972350230414424e-03 8.656527249683149388e-04
-7.263713080168780235e-03 1.580808080808081099e-03
-7.900921658986171173e-03 3.081881533101044936e-03
-9.673640167364010514e-03 -6.184210526315753339e-05
-2.591603053435115756e-03 2.101626016260163023e-03
-4.991150442477877008e-03 4.444106925880922029e-03
-8.372093023255818868e-04 3.354140914709518011e-03
-8.272916666666662797e-03 4.507812500000000534e-03
-2.661417322834641955e-03 1.236211031175060010e-03
-1.422477064220183281e-02 7.382310984308134132e-04
-3.968309859154935289e-03 1.026708074534161486e-03
-1.102343749999999852e-02 2.578740157480310848e-04
-1.660112359550558643e-03 1.711822660098521846e-03
-9.941489361702124383e-03 9.587209302325570360e-04
-6.272727272727274435e-03 3.807531380753133949e-04
-3.433962264150942044e-03 -1.378521126760563157e-03
-9.098814229249007138e-03 1.866249999999998769e-03
-1.170353982300888478e-03 4.577030812324931440e-03
-7.353233830845769606e-03 1.759330759330757915e-03
-5.757812500000000777e-03 1.403205918618988203e-03
-1.560386473429949301e-03 2.871165644171780546e-04
-3.430939226519333276e-03 3.910909090909091626e-03
-6.393884892086324802e-03 1.952955367913147789e-03
-9.227467811158902085e-05 3.337438423645319643e-03
-7.039033457249064228e-03 1.552439024390245108e-03
-5.909836065573770281e-03 7.191176470588228837e-04
-8.829670329670328763e-03 1.681467181467183802e-03
-3.811808118081183583e-03 2.251216545012162899e-03
-3.111374407582937537e-03 1.471822541966426182e-03
-8.742358078602617891e-03 1.208224543080941692e-03
-8.407499999999996573e-03 5.714285714285693166e-05
-2.780082987551809660e-04 6.680722891566269429e-04
-8.549738219895287178e-03 3.613333333333331896e-04
-1.373552123552123500e-02 -2.977805178791614145e-04
-1.059033613445377504e-02 4.919053549190527527e-05
-9.458847736625508248e-03 1.071339173967460374e-03
-8.689427312775331244e-03 1.689064558629775571e-03
-9.739819004524880725e-03 1.204545454545456621e-03
-1.158007812499999532e-02 2.339951865222625587e-03
-6.004291845493557253e-03 2.734470158343482987e-03
7.960199004975142528e-04 2.318343195266272388e-03
2.884210526315787292e-03 -3.757539203860061705e-04
-5.506172839506169592e-03 1.140794223826714420e-03
-8.243727598566434546e-05 1.923028785982478124e-03
-6.491803278688521028e-03 2.030778894472360339e-03
-6.175824175824178898e-03 -4.297066014669919027e-04
-9.784482758620684228e-03 7.430278884462146547e-04
-5.780590717299577755e-03 2.548638132295710616e-04
1.091703056768574426e-04 1.756395995550612656e-03
-5.936974789915969684e-03 1.666666666666666990e-03
-1.194444444444447409e-03 2.324146981627295966e-03
-2.341981132075473745e-03 -5.866425992779781108e-04
-6.647321428571424315e-03 1.892725030826165401e-04
-3.114107883817428171e-03 9.218362282878412011e-04
-1.392156862745096363e-03 3.571428571428581183e-04
-5.282608695652171553e-03 -3.657927590511857673e-04
-5.217213114754096909e-03 1.958389261744967330e-03
-3.221476510067124632e-04 3.864764267990092924e-04
-1.298679245283018702e-02 1.526554404145077492e-03
-3.223735408560308557e-03 1.356308411214952794e-03
-5.582222222222221926e-03 1.554726368159202975e-03
-5.702040816326530044e-03 1.836104513064131406e-03
-1.151106194690264609e-02 2.682692307692306939e-03
-7.949999999999995265e-03 2.790341578327446264e-03
-8.013698630136985648e-03 1.186327077747987993e-03
-4.200374531835204123e-03 4.514884233737607435e-04
-6.094713656387664574e-03 1.755253399258344398e-04
-8.559734513274340831e-03 3.607442977190872041e-04
-7.331838565022418854e-03 1.656250000000000170e-03
-1.642076502732240945e-03 -1.058394160583933321e-04
-5.626609442060083281e-03 -1.585956416464890696e-04
-6.756521739130433649e-03 1.049693251533744117e-03
-7.932692307692309000e-03 7.996389891696752909e-04
-7.682879377431906139e-03 7.675033025099067732e-04
-1.134862385321100224e-02 1.484107579462101917e-03
-5.162551440329217131e-03 3.337393422655302055e-04
-9.368303571428577767e-03 1.405071521456437199e-03
-7.488047808764937245e-03 1.381174899866489470e-03
-9.825641025641016629e-03 -1.130779392338175779e-03
-7.301038062283739510e-04 -1.154974489795919119e-03
-2.416071428571428883e-03 4.509090909090910618e-04
-5.227074235807862776e-03 -1.280487804878051544e-04
-3.029545454545453601e-03 -9.234338747099780399e-04
-1.105797101449275399e-02 2.533291457286433127e-03
-4.668032786885245242e-03 1.880980163360559867e-03
-8.767123287671232251e-03 1.113500597371566399e-03
-1.352490421455942006e-03 2.742098609355247789e-03
-6.285714285714285102e-03 7.747111681643141555e-04
-3.519999999999994054e-03 3.033175355450237428e-04
2.232558139534859950e-04 1.484903381642513689e-03
-4.204651162790698678e-03 -1.965389369592088762e-04
-4.389261744966440303e-03 2.098591549295775443e-03
-5.033333333333330634e-03 4.951397326852979754e-04
-7.927586206896552329e-03 3.096415327564907096e-04
-2.893782383419691521e-03 1.010568031704094745e-03
-1.062264150943396067e-03 3.773214285714286860e-03
-8.506944444444443712e-03 2.053450608930987731e-03
-3.475206611570253422e-03 2.714194373401535888e-03
-6.476063829787236971e-03 -4.006666666666645698e-04
-2.969339622641506589e-03 1.584677419354839746e-03
-9.580291970802911478e-03 2.526683608640405490e-03
-1.035714285714287594e-03 1.010296010295998122e-04
-1.068129770992366258e-02 -3.381770145310440635e-04
-5.991525423728816073e-03 -4.127634660421560572e-04
-3.930612244897959545e-03 1.746698679471789034e-03
-5.904999999999997924e-03 2.080157687253614707e-03
-6.242125984251966665e-03 2.505597014925373036e-03
-2.223502304147464189e-03 6.748768472906411121e-04
-7.051724137931036050e-03 2.213278495887192367e-03
-4.890306122448980289e-03 -7.819010416666654457e-04
-6.824644549763025404e-03 1.236641221374046393e-03
-5.413242009132419180e-03 2.649463806970507249e-03
1.257425742574253772e-03 1.624999999999999492e-03
2.032520325205284740e-06 1.525323910482921999e-04
-7.449541284403672116e-03 -4.252607184241011923e-04
-8.480676328502415734e-03 -3.576397515527951314e-03
-3.079908675799088690e-03 -7.882352941176475319e-04
-7.116580310880826245e-03 5.155148095909745662e-04
-6.068376068376066419e-03 -2.390510948905114898e-04
-9.313725490196073098e-03 4.630982367758187251e-03
-9.103896103896102002e-03 -3.422077922077918508e-04
-8.304979253112031862e-03 -3.935185185185192274e-04
-4.260073260073259441e-03 -1.060946745562129723e-03
-7.733944954128436390e-03 -1.066350710900479834e-05
4.294642857142850177e-03 2.186031331592689243e-03
-2.028017241379309350e-03 1.301690507152145895e-03
-1.566210045662098840e-03 -1.496178343949042776e-03
1.397379912663759154e-04 1.359163591635917162e-03
-3.157079646017706045e-03 2.177014531043591165e-03
-1.014732142857142569e-02 2.403164556962024412e-03
-7.798994974874376603e-03 -1.509988249118677161e-04
-6.301801801801805610e-03 4.763420724094879523e-03
-1.352290076335877465e-02 1.327784891165170993e-03
-7.714285714285719527e-03 3.297413793103449141e-03
1.941489361702058622e-04 1.296526054590573321e-04
-1.366504854368935130e-03 1.827978580990630023e-03
-1.465596330275232943e-03 1.525367156208276695e-03
8.154205607476643081e-04 1.596815286624202581e-03
1.404494382022474473e-03 1.055555555555556541e-03
-1.090088105726872564e-02 2.949109414758270369e-03
-9.372881355932196484e-03 -5.935929648241218461e-04
-5.585051546391755356e-03 2.375939849624059130e-03
-1.011538461538462330e-02 7.175732217573227868e-04
-2.136194029850745253e-03 1.218990120746433342e-03
-5.474248927038619615e-03 6.565017261219795825e-04
-5.534220532319385037e-03 -8.036410923276987757e-04
-3.017073170731708175e-03 2.556506849315068417e-03
-1.037909836065573424e-02 7.731143552311432049e-04
-5.107981220657279060e-03 3.174781523096130431e-03
-4.113402061855672871e-03 -2.805625000000000393e-03
-7.388888888888887549e-03 -1.677222898903775114e-03
-7.453051643192487585e-03 1.477064220183487049e-03
-7.775080906148869667e-03 2.133883248730964258e-03
-6.046413502109706725e-03 -1.178571428571423279e-04
-4.566489361702125681e-03 9.192166462668316515e-04
-9.492574257425740597e-03 1.074969770253930137e-03
-6.460474308300392064e-03 2.351418002466091218e-03
-1.089366515837103706e-02 2.542978208232443867e-03
-9.987980769230768094e-03 -2.789336801040305817e-04
-1.005273437499999353e-02 1.193630573248407505e-03
-4.849137931034481173e-03 -1.986928104575155123e-04
-1.848130841121497451e-03 2.579561042524004897e-03
-4.418772563176892772e-03 2.239271781534460989e-03
-4.843243243243249008e-03 -1.158831003811944824e-03
-1.451612903225797668e-04 -1.159402241594023348e-03
-5.288844621513948824e-03 1.553072625698324709e-03
-3.141630901287553127e-03 -1.694829760403532585e-03
-9.418439716312055482e-03 -1.173558897243107829e-03
-8.856275303643725005e-03 4.279835390946515675e-04
-4.222222222222223563e-03 1.350000000000000505e-03
-4.873214285714284541e-03 7.375690607734817182e-04
-9.342920353982294215e-03 2.597256857855364479e-03
-5.017716535433067865e-03 9.922802850356306301e-04
-7.987179487179486490e-03 4.724137931034484532e-03
-6.177033492822964038e-03 1.514232673267327644e-03
-4.715481171548118258e-03 2.495098039215685234e-03
-5.909090909090910712e-03 -6.166056166056167135e-04
-7.465999999999992608e-03 1.420332936979786355e-03
-3.813765182186236360e-03 1.089580686149938015e-03
-8.926724137931035113e-03 2.312412831241283072e-03
-8.944196428571431559e-03 3.887343532684282453e-04
-4.906862745098048047e-03 1.473445595854923655e-03
-7.541322314049587160e-03 1.200488997555012758e-03
-6.294014084507039072e-03 -1.055359246171966563e-03
-2.448529411764711807e-03 6.194444444444455753e-04
-5.761574074074071738e-03 3.168865435356199318e-03
-6.866228070175433434e-03 2.057768924302788571e-03
-6.489090909090906162e-03 2.364137086903304527e-03
-9.819819819819813195e-03 3.101092896174861705e-04
4.201680672274975823e-06 1.110451306413300695e-03
-2.395000000000005631e-03 3.121588089330025809e-03
-4.270454545454543428e-03 4.480198019801981575e-03
-3.517587939698491300e-03 1.387185104052573179e-03
-3.217647058823527775e-03 1.763488080301130233e-03
-2.935779816513756253e-03 -2.926829268292617899e-05
-4.465517241379312816e-03 -1.746338215712383126e-03
-7.669322709163311526e-04 6.280940594059423445e-04
-6.548165137614678222e-03 2.826726342710995758e-03
-3.094758064516128088e-03 3.090084643288997478e-03
-9.743169398907101236e-03 -5.834437086092718501e-04
-8.574468085106383766e-03 -5.527272727272730928e-04
-1.229425837320573950e-02 4.016049382716051393e-03
-6.584415584415585949e-03 7.853801169590638722e-04
-7.854716981132070855e-03 3.701591511936340711e-03
-1.008749999999999578e-02 1.342731829573934723e-03
-1.013043478260868121e-03 1.787564766839377050e-04
-9.542857142857141123e-03 2.685534591194970420e-03
-5.748803827751202897e-03 2.989782886334609729e-03
-9.371647509578541133e-03 1.590736040609135125e-03
-7.416256157635465855e-03 1.014492753623187811e-03
-2.790393013100430850e-03 1.488861386138613666e-03
-3.645714285714285983e-03 2.326025459688826295e-03
-1.206127450980392160e-02 1.725885225885225591e-03
-4.074468085106383239e-03 -1.809352517985612268e-03
-9.939903846153837902e-03 2.162898936170213303e-03
-1.434549356223176024e-02 2.346733668341709385e-03
-9.143426294820710884e-03 6.738002594033733542e-04
-6.569230769230769915e-03 1.825034578146611216e-03
-6.883268482490279179e-03 -5.145348837209295272e-04
-4.755852842809368819e-03 1.706896551724136277e-03
-7.713963963963957164e-03 5.548854041013276742e-04
-2.370689655172296111e-05 3.699730094466933874e-03
-8.387453874538744816e-03 6.215659340659338960e-04
-8.790909090909087079e-03 1.741764705882352816e-03
-8.625592417061607106e-03 6.005952380952390458e-04
-6.407216494845356831e-03 1.150385604113110310e-03
-1.223271889400921568e-02 -9.004739336492964617e-05
-4.094871794871799385e-03 8.519480519480533308e-04
-9.556313993174057192e-03 2.705955334987591825e-03
-8.091304347826084459e-03 1.520639147802930113e-03
-6.080097087378638632e-03 2.330677290836654855e-03
-6.400462962962966303e-03 1.606022584692596991e-03
-7.260700389105064281e-03 3.296610169491523846e-03
-7.092369477911642829e-03 1.690217391304346933e-03
-5.908203124999997224e-03 3.209621993127148836e-03
-6.844594594594599971e-03 2.579238329238328631e-03
-1.138247863247863513e-02 2.846753246753247653e-03
-9.598360655737702210e-03 1.899736147757254091e-04
-6.901119402985067888e-03 -1.449530516431925525e-03
-8.504366812227066169e-03 2.288622754491018412e-03
-2.333333333333336996e-03 2.122222222222220223e-03
-3.580392156862749736e-03 9.691358024691364799e-04
-8.109042553191486008e-03 7.015915119363392389e-04
-5.549270072992699802e-03 1.318237454100367433e-03
-2.815789473684211612e-03 9.563802083333328456e-04
-6.736111111111107649e-03 9.367749419953598890e-04
-4.512658227848104220e-03 -5.148005148004688460e-06
-1.471615720524016438e-03 -7.909535452322744237e-04
-6.199999999999998047e-03 4.932885906040274191e-04
-4.749999999999999015e-03 3.862530413625312148e-04
-7.253218884120171683e-03 -8.360655737704917158e-04
-7.872623574144485895e-03 9.138349514563106355e-04
-4.483490566037742417e-03 4.462450592885373359e-03
-4.629955947136564325e-03 1.917082294264339315e-03
-1.232367149758453739e-02 2.675624999999999185e-03
-2.838164251207730623e-03 1.425992779783406036e-04
-6.709677419354836275e-03 1.118988902589396683e-03
-7.083720930232554995e-03 2.316728167281672558e-03
-7.001824817518247784e-03 1.682180851063824528e-04
-6.015209125475288673e-03 1.649764150943395982e-03
-7.690677966101692282e-04 2.195783132530120755e-03
-6.624999999999999813e-03 4.006402048655569210e-03
-8.453629032258061504e-03 2.343558282208590298e-04
-2.971999999999998514e-03 1.478637413394920169e-03
-9.411627906976744243e-03 1.962205700123916593e-03
-4.595505617977527386e-03 -6.397405660377365093e-04
-3.961748633879780442e-03 -8.782608695652163386e-04
-5.286324786324786765e-03 2.182910547396528858e-03
-3.980088495575222901e-03 9.568749999999992843e-04
-9.633027522935782086e-03 1.391689373297002458e-03
-7.085937500000002824e-03 2.924439197166469381e-03
-5.361809045226134836e-03 2.788645690834474448e-03
-7.002590673575133547e-03 1.829139072847682339e-03
-8.802083333333335369e-03 2.549159120310477353e-03
-8.411255411255411096e-03 1.006142506142507480e-03
-7.613333333333337401e-03 1.311656441717793005e-03
-8.428947368421060155e-03 -8.810160427807484356e-04
-6.596858638743458014e-03 3.826466916354560963e-04
-3.467432950191571151e-03 -1.088761174968071220e-03
-4.109756097560971454e-03 7.232360097323598143e-04
-3.423913043478258537e-03 -6.872037914691938405e-04
-5.106521739130428887e-03 1.805161290322580435e-03
-7.670731707317072177e-03 2.379331683168317644e-03
-1.569327731092435424e-03 1.850641773628939214e-03
-9.181640624999999264e-03 -8.946608946608780447e-05
-1.217991631799163026e-02 9.619845360824734806e-04
-7.579185520362005006e-04 -8.085381630013022645e-05
-9.468750000000003206e-03 1.576781326781326147e-03
-4.885775862068962409e-03 1.692496924969248912e-03
-5.086046511627905289e-03 6.395216400911150857e-04
-9.750000000000003456e-03 2.183023872679044561e-03
-7.362149532710274454e-03 7.400990099009893469e-04
-4.997942386831276222e-03 2.325723830734967822e-03
-9.128205128205199408e-04 -2.792207792207796434e-04
-3.243654822335025924e-03 -7.881548974943055480e-04
-1.284489795918367268e-02 2.684907834101382847e-03
-4.878723404255316462e-03 6.551116333725022283e-04
-5.850909090909088908e-03 3.649940968122786754e-03
-8.650462962962963964e-03 2.680640243902437502e-03
-5.655021834061133186e-03 7.093023255813949400e-04
-9.259999999999997400e-03 1.793959731543624857e-03
-6.502392344497609326e-03 -7.250996015936253839e-04
-1.731651376146793033e-03 3.796934865900383586e-03
-5.879385964912282013e-03 1.922535211267605796e-03
-3.982673267326736211e-03 1.156542056074764529e-04
-3.716216216216208183e-03 1.984472049689442810e-03
-3.100000000000000758e-03 1.133209417596035048e-03
-1.769724770642201739e-02 9.230769230769231629e-04
-1.629955947136568599e-03 8.689258312020455531e-04
-7.766666666666672582e-03 3.997493734335842643e-04
-1.692660550458715413e-03 1.292910447761194421e-03
-1.299744897959183645e-02 -3.310559006211192070e-04
-2.491525423728812097e-03 7.994011976047911850e-04
-2.682509505703422736e-03 1.617076326002640918e-05
-7.854910714285711845e-03 1.789926289926290284e-03
-3.828638497652581563e-03 2.356475300400530967e-04
-6.092803030303031719e-03 -1.222710163111670120e-03
-1.073913043478261047e-02 1.974442988204455195e-03
-3.128571428571426741e-03 1.205776173285198023e-03
-9.347902097902090895e-03 1.337719298245614204e-03
-5.978354978354981190e-03 2.172739541160594555e-03
-6.640552995391710116e-03 1.424066924066923331e-03
-8.409465020576128991e-03 -1.983173076923057897e-04
-9.657205240174670385e-03 -1.076833527357393860e-04
-6.230366492146601452e-03 -1.029566360052562839e-03
-1.394724770642201059e-02 -2.774834437086085102e-04
-2.537344398340243140e-03 3.215096481271283863e-03
-6.423236514522819886e-03 3.317237163814180760e-03
-6.111702127659575726e-03 8.884039900249368800e-04
1.457564575645790589e-04 2.561720698254365321e-03
-2.766409266409262328e-03 4.616265750286369313e-04
-1.470204081632652503e-02 -4.336870026525203306e-04
-8.542222222222216679e-03 -6.733766233766235940e-04
-1.062910798122066076e-02 2.936046511627908866e-04
-4.190763052208834605e-03 1.366790582403966088e-03
-4.732323232323235387e-03 1.392775229357796603e-03
-7.056224899598389534e-03 6.451027811366378401e-04
-2.824561403508770840e-03 1.305961070559610903e-03
-9.139908256880727166e-03 2.720362622036262817e-03
-6.297619047619046687e-03 2.738696808510639180e-03
-4.601809954751124622e-03 8.970775095298611510e-04
-6.851027397260269804e-03 2.623376623376623938e-03
-9.025490196078433600e-03 1.228179551122195656e-04
-6.399999999999995970e-03 4.359576968272616915e-04
-8.213004484304934141e-03 5.671736375158423346e-04
-1.146734693877550330e-02 1.470085470085470865e-03
-6.256862745098039878e-03 2.149100257069410172e-03
-9.325123152709356711e-03 3.791722296395206096e-04
-1.433064516129032087e-02 2.063046192259673697e-03
-5.279342723004696279e-03 1.295092024539878451e-03
-7.872549019607844381e-03 7.627965043695380436e-04
-4.417857142857144377e-03 9.143576826196463288e-04
-3.475177304964541768e-03 -3.709273182957393286e-04
-6.441717791411047389e-03 1.901650618982118120e-03
-2.070833333333339885e-03 7.626903553299486287e-04
2.202777777777771822e-03 7.302013422818796895e-04
-8.930672268907558289e-03 2.299864314789687794e-03
-8.000000000000007105e-03 2.276983094928478057e-03
-4.066371681415928072e-03 6.553899082568798986e-04
-5.887892376681610855e-03 2.354368932038829003e-04
-7.262081784386616515e-03 9.430379746835386629e-05
-8.592105263157893968e-03 8.470661672908867072e-04
-9.151785714285711262e-03 2.261390887290168697e-03
-5.467181467181469502e-03 -1.233243967828407555e-04
-1.010930232558139401e-02 1.657179818887453667e-03
-7.220647773279346981e-03 1.799101412066753981e-03
-3.705069124423961656e-03 1.920811518324607109e-03
-3.583860759493667520e-03 1.187499999999998886e-03
-5.590308370044053121e-03 -9.179487179487168897e-04
4.424778761062049298e-05 2.738486842105263171e-03
-8.576305220883527827e-03 2.318075117370895779e-04
-5.516460905349789869e-03 3.166436464088399124e-03
-1.115178571428570957e-02 1.316508313539192961e-03
-4.153110047846886831e-03 4.080773606370876466e-03
3.899521531100452547e-04 8.144192256341961514e-05
-5.768348623853214278e-03 1.192488262910798829e-03
-4.533936651583710294e-03 1.840533672172807531e-03
-3.906249999999997398e-03 1.593632958801499775e-03
-4.777310924369743833e-03 2.808454425363275143e-03
-5.150862068965514698e-03 7.002518891687656765e-04
-5.676339285714288897e-03 5.115830115830107255e-04
-3.136160714285709823e-03 1.535121328224777837e-03
-2.158371040723977216e-03 3.031559405940595017e-03
-8.364321608040204206e-03 -9.206349206349213063e-04
-2.752173913043474279e-03 2.124542124542140749e-04
-8.806167400881061147e-03 -3.945578231292484338e-05
5.713017751479286706e-03 7.468671679198004773e-04
-4.401851851851850371e-03 -2.318750000000002287e-04
-7.430167597765359455e-03 5.308087291399218519e-04
-9.772058823529411464e-03 1.325566750629721818e-03
-1.626016260162602926e-03 2.372647427854454420e-03
-3.210659898477153176e-03 8.482142857142874279e-04
-9.133971291866032488e-03 7.081736909323113486e-04
-1.048333333333332541e-02 -4.129287598944599252e-04
-9.025581395348836536e-03 6.276202219482123704e-04
-6.699999999999978542e-04 7.019002375296914302e-04
-6.068396226415091743e-03 1.182352941176471623e-03
-4.680107526881730276e-03 2.111313868613137225e-03
8.143459915611797996e-04 1.153024911032029436e-03
-1.931250000000001976e-03 -8.014796547470920014e-06
2.068093385214010010e-03 2.533908754623922458e-03
-8.204633204633196911e-03 2.599724896836312985e-03
-3.112359550561796112e-03 2.418646080760095216e-03
-7.254940711462448504e-03 2.266871165644172154e-03
-8.863636363636361731e-03 7.410832232496692047e-04
-1.058113207547169837e-02 -2.354497354497350357e-04
-9.536866359446999689e-03 5.552795031055899515e-04
-6.478260869565214547e-03 -7.935723114956742905e-04
-9.399014778325120306e-03 2.100415512465373963e-03
-5.424657534246577796e-03 7.979310344827579993e-04
-7.322175732217572376e-03 1.878612716763007661e-03
-4.748995983935739955e-03 3.191860465116278314e-03
-5.451965065502179658e-03 1.751621271076526107e-03
1.646520146520148503e-03 1.764207980652961888e-03
-6.586206896551724185e-03 -4.296977660972385333e-04
-5.271784232365145199e-03 -1.382699868938401955e-04
-2.275000000000006184e-03 6.564171122994648258e-04
-1.038277511961722271e-02 7.602905569007260009e-04
-8.294871794871795656e-03 1.905727923627686341e-03
-1.150862068965516696e-02 4.469240048250907585e-04
-6.099999999999999520e-03 1.017356475300400893e-03
-5.411904761904763606e-03 9.305711086226193000e-04
-7.711538461538455444e-03 3.816645807259072976e-03
-8.258928571428569843e-03 4.375821287779242501e-04
-9.510471204188472930e-03 -9.413265306122446056e-04
-5.510775862068965567e-03 1.422807017543861003e-03
-7.628078817733988104e-03 1.240076824583868096e-03
-5.418410041841002257e-03 1.748106060606062408e-03
-1.017676767676768332e-02 1.855685131195334257e-03
-7.796460176991146414e-03 1.660340314136125916e-03
-3.826415094339621729e-03 9.206443914081140125e-04
-8.497797356828195106e-03 2.789304123711340479e-03
-7.672340425531907170e-03 2.732588699080158116e-03
-7.750000000000003414e-03 1.238726790450928993e-03
-2.233502538071064757e-03 2.235792019347036027e-03
-6.561776061776057427e-03 2.732207478890227555e-04
-7.914691943127956115e-04 2.033128834355828717e-03
-8.389423076923077302e-03 2.043345543345543268e-03
-2.948113207547143678e-04 2.929746835443037233e-03
-3.693236714975846238e-03 1.127516778523499259e-04
-1.040837696335078499e-02 3.657718120805382098e-04
-4.112500000000001571e-03 1.530921052631580275e-03
-1.478260869565214877e-03 3.633853541416567218e-03
-4.062162162162159806e-03 3.043193717277481360e-04
-1.234782608695649897e-03 4.843016069221261870e-03
-5.555555555555559237e-03 1.487903225806451067e-03
-1.169521912350597083e-02 1.398950131233595538e-03
-5.023809523809525009e-03 1.542405063291138771e-03
-9.603238866396749535e-03 2.352258852258852766e-03
-4.526737967914438998e-03 3.004211793020458449e-03
-9.365296803652967475e-03 -1.665580182529334367e-03
-6.952272727272721872e-03 3.952380952380953744e-03
-9.208646616541346641e-03 2.549559471365640817e-03
-5.268085106382977556e-03 6.807980049875324508e-04
-1.136654804270462345e-02 4.405637254901955779e-04
-5.299549549549554053e-03 1.795792079207920002e-03
-5.377637130801690007e-03 1.410783055198973953e-03
-7.759433962264150782e-03 -1.032869785082174028e-03
-5.336032388663964829e-03 2.752707581227436476e-03
-6.514056224899596181e-03 -1.161820480404551032e-03
-1.131509433962263680e-02 1.909926470588234121e-03
-1.013733905579398097e-02 1.303638644918444578e-03
-1.058995815899580958e-02 7.033660589060310685e-04
-6.433189655172411731e-03 1.291929382093316226e-03
-3.353413654618507913e-04 6.623376623376525359e-05
-7.273148148148147508e-03 -1.866501854140915071e-04
-9.903301886792448272e-03 6.766169154228870173e-04
-4.553941908713689951e-03 1.391907514450867710e-03
-7.701581027667978897e-03 2.365010799136068372e-03
-4.263257575757574760e-03 1.472187886279358732e-03
-9.324390243902434816e-03 -6.026119402985060172e-04
-3.808219178082189026e-03 3.290751445086705085e-03
-3.528985507246373918e-03 2.111042183622827920e-03
-9.463636363636361570e-03 3.137755102040822399e-04
-5.411764705882352901e-03 6.473317865429229281e-04
-5.153266331658282531e-03 1.935013262599470998e-03
-9.240291262135916575e-03 -2.776365946632782509e-04
-3.304104477611944767e-03 7.773049645390071871e-04
-5.677966101694908573e-04 -8.518518518518512512e-04
-3.992307692307695173e-03 1.457763975155279383e-03
-4.243027888446212342e-04 4.737268518518516526e-03
-6.430084745762705035e-03 2.940366972477061799e-03
-4.106666666666667319e-03 -3.424836601307176473e-04
-3.001945525291823715e-03 2.099493029150823267e-03
-2.175742574257427241e-03 -1.553997194950911421e-03
-5.623626373626372521e-03 1.644361833952911068e-03
-2.561032863849766871e-03 2.305424528301885673e-03
-6.656250000000000708e-03 -2.860050890585240802e-03
-5.143344709897613998e-03 -1.600415512465375254e-03
-1.030296610169491138e-02 9.016203703703699023e-04
-3.972222222222221606e-03 1.097694174757280015e-03
-6.910788381742739156e-03 1.913664596273292277e-03
-4.312236286919832184e-03 -7.701863354037275389e-04
1.045226130653267730e-03 -9.710494571773269263e-05
-2.194581280788178868e-03 3.549399198931909531e-03
-1.034976525821596632e-02 1.049817739975697885e-03
-1.223943661971830382e-02 -8.494897959183683603e-04
-9.918749999999998748e-03 -1.735182849936948123e-03
-5.131889763779528060e-03 2.640519187358916168e-03
-1.410878661087866005e-02 2.876165113182416861e-04
-3.425133689839569059e-03 4.883594692400483085e-03
-6.338842975206602018e-03 1.933246073298428751e-03
-6.525925925925924603e-03 1.315665488810366466e-03
-9.840823970037458623e-03 -1.244215938303340745e-03
-5.368544600938964656e-03 8.578255675029869800e-04
-5.728155339805827105e-03 7.621419676214200890e-04
-7.202083333333336376e-03 3.635211267605633571e-03
-2.978354978354975924e-03 -7.057471264367809168e-04
-6.891891891891890019e-03 -1.479713603818610414e-04
-9.869747899159663287e-03 -1.140049140049139570e-03
-4.431271477663226328e-03 2.739027283511269797e-03
-9.923245614035092546e-03 2.316272965879264019e-03
-2.164583333333336499e-03 -4.475753604193981805e-04
-1.171361502347415288e-03 5.555555555555509066e-05
-1.079054054054053892e-02 -3.301158301158299904e-04
-1.160606060606060932e-02 -1.002528445006321649e-03
-9.646666666666659298e-03 2.184108527131782378e-03
-9.250980392156861465e-03 1.889965792474344571e-03
-7.958563535911601650e-03 2.870257037943697419e-03
-1.749034749034749162e-03 8.912515188335349680e-04
-6.738197424892704594e-04 1.119193154034229479e-03
-9.133891213389123964e-03 9.700239808153488397e-04
-3.328124999999999487e-03 2.318181818181816890e-03
-3.595833333333334561e-03 -8.524173027989744597e-05
-9.518867924528303173e-03 2.596952908587268601e-04
-1.008958333333332888e-02 2.116279069767443115e-03
-1.299456521739129553e-02 3.764186633039083270e-04
-6.865296803652966989e-03 4.119691119691119841e-03
-5.617924528301892519e-03 1.681385869565216141e-03
-1.055583756345176462e-02 2.387820512820512751e-03
-4.034090909090912516e-03 -4.746192893401006700e-04
-2.860424028268548392e-03 1.542682926829256056e-04
-5.667539267015709106e-03 -1.467688937568459588e-04
-3.754999999999994453e-03 2.066585956416464379e-03
-4.384920634920633914e-03 2.206398996235884626e-03
-8.089041095890404931e-03 1.873479318734800811e-04
-7.365546218487397170e-03 5.622119815668189967e-04
-6.072864321608045617e-03 -2.077205882352938318e-04
-9.373015873015873300e-03 -5.981132075471697149e-04
-2.906403940886696791e-03 1.228484848484849177e-03
-7.118421052631581161e-03 1.786904761904761687e-03
