-1.474363636363635460e-02 -1.279371584699451683e-03
-1.072101449275361662e-02 -3.423392612859095432e-03
-1.518450184501843846e-02 -7.224162011173187493e-03
-6.884615384615383124e-03 -4.671724137931034145e-03
-1.629032258064499767e-04 -7.389046941678520559e-03
-7.328629032258062240e-03 -9.436456996148909204e-03
-8.469858156028357149e-03 -4.464992389649923531e-03
-1.822159090909089216e-02 -5.395193591455271429e-03
-8.017241379310343155e-03 -7.035211267605617118e-04
-1.083720930232557993e-02 -6.909848484848483963e-03
-8.527303754266201546e-03 -3.178526841448188565e-03
-9.530172413793098693e-03 -4.741106719367588207e-03
-5.111111111111106206e-03 -7.199626865671639175e-03
-6.609195402298844411e-03 -3.363333333333331891e-03
-1.267147435897435052e-02 -7.869062901155327028e-03
7.883211678832158231e-04 -4.840055632823364248e-03
-9.031598513011147508e-03 -7.425133689839572178e-03
-1.395787545787545263e-02 -6.486880466472303049e-03
-9.388698630136979931e-03 -3.089261744966439929e-03
-6.460854092526688817e-03 -8.278145695364235584e-03
-1.711139240506330192e-02 -6.828216374269003609e-03
-8.671009771986966028e-03 -4.192048517520214485e-03
-6.930909090909081333e-03 -4.153183023872675066e-03
-1.173999999999999697e-02 -3.803547066848566617e-03
-6.396666666666656412e-03 -5.277850589777192958e-03
-3.785046728971959429e-03 -4.870629370629371395e-03
-1.243571428571428605e-02 -1.996305418719210214e-03
-6.229773462783165169e-03 -5.387874837027378794e-03
-9.666666666666601671e-04 -2.805921052631577765e-03
7.408088235294156944e-04 -5.024158125915076031e-03
-9.951253481894153236e-03 -5.995626822157432839e-03
-4.827419354838704754e-03 -3.768357810413882659e-03
-7.173986486486474620e-03 -2.181303116147301679e-04
-1.315292096219930831e-02 -2.370748299319725902e-03
-6.236768802228408008e-03 -8.526494565217384095e-03
-1.086177474402729576e-02 -3.569178082191779098e-03
-1.237852112676055688e-02 -2.113793103448276516e-03
-9.962427745664734213e-03 -1.479432624113473501e-03
-1.012499999999998818e-02 -8.418218085106385362e-03
-4.356115107913668266e-03 -6.043396226415087558e-03
-1.957692307692303086e-03 -2.390982503364735574e-03
-8.768060836501896660e-03 -2.893916913946584929e-03
-1.031407942238266560e-02 -3.014851485148512325e-03
-4.226950354609918838e-03 -3.084987593052107395e-03
-5.553571428571424211e-03 -4.756393861892580996e-03
-1.188339222614840512e-02 -5.387212643678161716e-03
-1.353653846153845403e-02 -6.043415340086828388e-03
-7.276190476190471691e-03 -7.291666666666655073e-04
-4.612440191387555746e-03 -5.883431085043986340e-03
-4.555932203389826199e-03 -9.085872576177284748e-03
1.755281690140847927e-03 -5.102080624187254124e-03
-7.094961240310068175e-03 -6.480325644504750238e-03
-1.076845637583891298e-02 -2.931756756756754689e-03
-6.816872427983534759e-03 -8.625366568914950502e-03
-6.675384615384604738e-03 -4.182767624020886608e-03
-6.847039473684204784e-03 -6.065537555228276735e-03
-1.094333333333332575e-02 -4.743954480796585584e-03
-1.063712374581938895e-02 -4.199999999999998873e-03
-1.538012618296529313e-02 -6.222786647314947420e-03
-1.184385964912279890e-02 -1.331360946745561253e-03
-9.328124999999990938e-03 -4.169811320754717755e-03
7.692307692307721574e-04 -2.233748271092668523e-03
-1.170714285714285346e-02 -5.491999999999996017e-03
-7.398550724637675650e-03 -1.291333333333332268e-03
-6.710247349823321265e-03 -2.380984042553189756e-03
-1.190794223826714508e-02 -5.566298342541433491e-03
-8.114006514657974220e-03 -1.020546984572230122e-02
-8.977739726027391190e-03 -6.641882673942696783e-03
-5.613360323886621046e-03 -2.519704433497537126e-03
-1.146763754045307046e-02 -6.689016602809704816e-03
-6.785714285714318072e-04 -7.282051282051279356e-03
-1.505919003115264131e-02 -4.844413012729843759e-03
-1.111993243243243265e-02 -4.423611111111110800e-03
-1.188211382113820574e-02 -6.541724617524337718e-03
-1.191221374045801397e-02 -8.669881305637984481e-03
-7.885416666666655167e-03 -4.801899592944365580e-03
-2.367595818815331193e-03 -9.049136786188578807e-03
-9.093639575971722289e-03 -2.148541114058355114e-03
-1.142905405405405042e-02 -1.614498644986447733e-03
-8.836879432624105551e-03 -3.913612565445009840e-04
-1.358585858585857967e-02 -5.547586206896550423e-03
-2.254826254826254855e-03 -4.132513661202184135e-03
-4.802795031055892561e-03 -1.006025641025640703e-02
-2.661417322834642822e-03 -2.457902511078285685e-03
-1.452045454545453432e-02 -8.205284552845528226e-03
-8.275147928994074434e-03 -1.176216968011126705e-02
-6.510714285714277669e-03 -2.832394366197183919e-03
-2.300353356890454896e-03 -1.707872928176795225e-03
-1.137974683544302514e-02 -3.111694152923537467e-03
-3.679245283018852536e-03 -2.275382475660638754e-03
-1.421081081081080819e-02 -9.749999999999998251e-03
-1.238973384030418040e-02 -8.399324324324320551e-03
-6.062992125984245292e-03 -4.092036553524803534e-03
-6.654687499999994808e-03 -5.384910485933499733e-03
-8.367346938775504714e-03 -5.424281984334197249e-04
-5.293831168831163170e-03 -4.138627187079404676e-03
-1.184169278996864520e-02 -5.947183098591542032e-03
-6.501567398119117297e-03 -3.375917767988252400e-03
-1.035242290748898501e-02 -2.029247910863507531e-03
-1.376816608996539286e-02 -8.232070365358593392e-03
-7.645547945205474587e-03 -3.179572763684912051e-03
-9.684300341296919398e-03 -2.274319066147859232e-03
-5.207843137254900348e-03 -9.010463378176387580e-03
-9.394736842105256072e-03 -7.438620689655170599e-03
-5.862928348909652795e-03 -6.716710182767621218e-03
-1.174032258064515444e-02 -4.364993215739482874e-03
-1.063582677165352680e-02 -4.825503355704697551e-03
-1.160772357723576474e-02 -4.641009055627423434e-03
-7.408366533864535475e-03 -3.413422818791944559e-03
-1.518259385665528434e-02 -2.412518853695322114e-03
-6.120967741935473723e-03 -7.107703281027099099e-03
-1.106980519480518441e-02 4.514563106796133109e-04
-6.074007220216602089e-03 -3.828060522696010923e-03
-1.442482517482517393e-02 -6.921830985915491084e-03
-1.152358490566037300e-02 -1.738450074515646366e-03
-4.345323741007194734e-03 -5.951977401129942419e-03
-5.374592833876117763e-05 -5.775596072931278233e-03
-1.202288732394365262e-02 -4.850767085076706717e-03
-2.734527687296412976e-03 -8.928846153846151795e-03
-1.522340425531914718e-02 -5.270992366412213456e-03
-1.248684210526315036e-02 -4.314980793854029766e-03
-3.342007434944238749e-03 -5.736301369863013554e-03
-4.464765100671133635e-03 -8.230179028132991390e-03
-3.222570532915356497e-03 -6.900140646976093278e-03
-5.810035842293902013e-03 -4.598105548037889276e-03
-4.884758364312262111e-03 -3.777001270648029044e-03
-6.365044247787602326e-03 -4.396419437340151441e-03
-1.171153846153845900e-02 -7.806802721088433594e-03
-2.840189873417719134e-03 -3.925705794947993536e-03
-1.388850174216027522e-02 -9.935773480662981813e-03
-7.631756756756745766e-03 -5.784090909090909734e-03
-6.687315634218279556e-03 3.346774193548392867e-04
-8.735915492957740947e-03 -3.334070796460175765e-03
-9.001567398119116048e-03 -1.469740634005761715e-03
-9.824758842443723564e-03 -2.278911564625839411e-04
-1.573518518518519232e-02 -9.324481865284971194e-03
-1.135873015873015493e-02 -5.783880171184022610e-03
-6.027210884353737669e-03 -1.443319838056677856e-03
-7.119718309859147595e-03 -7.640136054421763599e-03
-1.351606425702810317e-02 -8.438473520249229268e-03
-8.894480519480515643e-03 -3.431543624161073527e-03
-1.085789473684209763e-02 -5.266809728183117004e-03
-1.110367892976583644e-03 -4.290343074968233292e-03
-1.126063829787233954e-02 -4.084852734922859475e-03
-1.844270833333332832e-02 -1.415492957746478445e-03
-9.453405017921143530e-03 -2.684844192634560679e-03
-1.339755351681955545e-02 -5.054585152838427138e-03
-1.101779935275080946e-02 -6.966763005780344034e-03
-1.037310606060605836e-02 -5.917085427135674799e-03
-1.037768240343346984e-02 -3.915481832543440607e-03
-1.437499999999999195e-02 -5.074401008827231566e-03
-9.329073482428109840e-03 -3.834527220630369777e-03
-4.230103806228370338e-03 -2.465465465465464367e-03
-1.181095406360423671e-02 -6.163074712643675998e-03
-9.579439252336442029e-03 -2.306226175349418992e-04
-3.463815789473679435e-03 -2.611951588502266827e-03
-5.335849056603766093e-03 -4.386503067484659392e-04
-6.026970954356840500e-03 -9.756097560975396160e-05
-7.980565371024731999e-03 -6.646219686162624200e-03
-1.148885350318470423e-02 -2.884425216316438643e-03
-1.252573529411762747e-02 -3.637387387387387098e-03
-3.616319444444437200e-03 -7.303619302949060713e-03
-6.225378787878780608e-03 -1.219478737997256156e-03
-1.806569343065685508e-03 -7.695150115473435928e-03
-8.814236111111102556e-03 -7.656483790523693767e-03
-1.253404255319148265e-02 -3.048280423280421130e-03
-5.023131672597858609e-03 -4.917920656634732586e-04
-8.668181818181814463e-03 -1.709795321637424008e-03
-2.797520661157023181e-03 -9.231893265565435658e-03
-1.411314984709480247e-02 -3.755570117955437260e-03
-1.276315789473683564e-02 -9.786811779769526154e-03
-9.421779141104289629e-03 -6.903652392947100778e-03
-2.316037735849053088e-03 -5.249662618083668006e-03
-6.451923076923073846e-03 -3.158203124999996950e-03
-2.891143911439111782e-03 -8.577075098814229345e-03
-1.221582733812948476e-02 3.807531380753157802e-04
-8.041666666666657040e-03 -6.751862891207157519e-03
-7.019607843137250745e-03 -4.804063860667628764e-04
-5.598639455782303265e-03 -5.216316440049442553e-03
-1.057457627118643141e-02 -6.633333333333330493e-03
-9.030567685589513741e-03 -8.158925979680695106e-03
-6.602179836512254117e-03 -3.499999999999997037e-03
-1.374999999999999140e-02 -4.907773386034256467e-03
-7.785493827160486907e-03 -3.663934426229508053e-03
-1.238815789473683357e-02 -1.661060802069856072e-03
-7.118055555555554553e-03 -1.013342898134863591e-02
-1.666101694915253159e-02 -7.656249999999975358e-04
-9.708333333333327500e-03 -1.818620689655172339e-03
-1.088911290322579738e-02 -3.479403409090905952e-03
-8.050347222222217422e-03 -8.117534942820839663e-03
-4.326241134751764202e-03 -3.711212516297259477e-03
-8.589887640449428777e-03 -3.569209039548020077e-03
-9.649230769230767585e-03 -5.665676077265969363e-03
-5.479876160990709323e-03 -1.127144686299615291e-02
-1.453918495297805251e-02 -2.503586800573887917e-03
-1.225568181818181314e-02 -6.377883310719130103e-03
-3.217999999999992568e-03 -2.649933949801849299e-03
-1.347069597069596933e-02 -5.020089285714283110e-03
-1.115166666666665869e-02 -2.712141882673942996e-03
-6.795302013422813668e-03 -3.603494623655913425e-03
-1.030237154150197114e-02 -8.199874686716792163e-03
-8.458928571428568632e-03 -5.211456859971709023e-03
-6.300387596899221197e-03 -2.689265536723162587e-03
-2.651245551601422515e-03 -3.131720430107525280e-03
-7.443983402489621863e-03 -2.862676056338028623e-03
-7.732000000000000157e-03 -4.043154761904761696e-03
-1.162968749999999420e-02 -3.837944664031617270e-03
-7.045614035087714375e-03 -4.453690303907379029e-03
-7.766666666666655235e-03 -1.971780028943559589e-03
-9.655172413793102273e-03 -5.741726618705035069e-03
-8.080419580419570189e-03 -8.802308802308782243e-05
-1.625102880658435556e-02 -1.026861042183622487e-02
-1.663793103448268180e-03 -4.198275862068964401e-03
-8.562700964630220665e-03 -2.322733423545331188e-03
-1.032239382239382060e-02 -2.864247311827956572e-03
-2.679841897233197108e-03 -4.632625994694958803e-03
-1.235777126099706948e-02 -6.043103448275860198e-03
-1.505123674911659944e-02 -9.003870967741934087e-03
-1.764492753623187957e-02 -3.876822157434404309e-03
-1.006060606060604767e-02 -2.734610123119014715e-03
-4.900369003690034295e-03 -1.413210445468500930e-04
-9.164999999999989128e-03 -5.522106631989595789e-03
-9.053639846743290545e-03 -1.971849865951742949e-03
-1.611506276150626721e-02 -4.238505747126437156e-03
-1.051068376068375020e-02 -5.200440528634359995e-03
-4.501766784452293849e-03 -1.064066852367684911e-03
-4.810150375939842640e-03 -3.481664315937938337e-03
-3.529090909090899699e-03 -1.599184782608695969e-03
-1.365878378378377819e-02 -2.915327564894929120e-03
-5.534671532846709152e-03 -6.278082191780822059e-03
-1.729885057471259755e-03 -3.125162127107650699e-03
-8.247557003257325811e-03 -5.881284916201116354e-03
-3.162055335968344820e-04 -3.548233695652172615e-03
-9.137535816618903156e-03 2.569444444444562390e-05
-8.956666666666659657e-03 -9.091439688715953829e-03
-7.965299684542586148e-03 -3.028425655976675710e-03
-2.024999999999997288e-03 -2.676208651399489703e-03
-1.044930069930069191e-02 -2.378248974008207329e-03
-1.276131687242798227e-02 -8.431593794076161844e-03
-1.180410447761193540e-02 -6.692582025677604012e-03
-2.209302325581284762e-04 -2.475644699140400022e-03
-3.631086142322094163e-03 -2.770959902794651892e-03
-1.449346405228752041e-03 -1.997150997150996810e-03
-2.031893004115226803e-02 -2.177551020408162799e-03
-8.131118881118873723e-03 1.052054794520549145e-03
-7.804744525547434308e-03 -5.281331592689291095e-03
-8.905454545454537588e-03 -4.970290771175725313e-03
-1.350825082508251042e-02 -2.041795665634674878e-03
-6.972222222222217332e-03 -3.423538230884555673e-03
-7.192953020134220873e-03 -6.314304461942253296e-03
-3.228295819935692642e-03 -2.516901408450700553e-03
-1.474864864864864310e-02 -4.869382022471904770e-03
-7.967465753424652491e-03 -8.213391739674591116e-03
-1.492199999999998909e-02 -7.078381795195952397e-03
-2.240079365079354189e-03 -3.022818791946308044e-03
-7.678694158075594078e-03 -2.528571428571428203e-03
-6.254681647940065967e-03 7.933673469387776287e-04
-6.989010989010981979e-03 -2.641393442622948836e-03
-3.666666666666661394e-03 -8.486607142857139491e-03
-5.083643122676576899e-03 -6.901595744680848188e-03
-7.964163822525589104e-03 -4.426104972375687931e-03
-1.094507575757575069e-02 -4.884418901660280039e-03
-1.942231075697202405e-03 -6.116447368421049427e-03
-6.396761133603231717e-03 -2.804258241758240608e-03
-8.774305555555549085e-03 -3.910662824207491832e-03
-1.726953124999998715e-02 -2.297650130548302676e-03
-6.203180212014131056e-03 -2.634482758620686725e-03
-5.056862745098033261e-03 4.935805991440810015e-04
-9.213523131672594207e-03 -4.139568345323739809e-03
-1.563763066202089602e-02 -5.843165467625895462e-03
-8.660919540229877756e-03 -6.112831858407078052e-03
-1.308866279069767317e-02 -5.267549668874173772e-03
-9.311550151975676870e-03 -2.854838709677418127e-03
-9.976588628762531399e-03 -5.764216366158114203e-03
-6.266037735849053908e-03 -8.875000000000000944e-03
-7.576923076923073978e-03 -3.860526315789473105e-03
-1.337941176470587579e-02 -2.629395218002810765e-03
-9.874999999999996628e-03 -6.571633237822348955e-03
-6.045126353790611015e-03 -3.638075313807529170e-03
-4.996153846153839409e-03 -4.169665809768638778e-03
-9.952542372881354252e-03 -7.674714104193137640e-03
-8.529315960912050437e-03 -4.720608575380358211e-03
-7.151943462897523279e-03 -1.862652232746951500e-03
-8.740437158469937032e-03 -4.035367545076281627e-03
-1.375984251968502547e-02 -3.937647058823527495e-03
-4.778810408921935031e-03 -8.515235457063714472e-03
-1.101342281879193023e-02 -1.744260204081629715e-03
-1.439522058823528711e-02 -8.801264044943819115e-03
-1.159215686274509167e-02 -4.379763469119573108e-03
-1.203993055555554852e-02 -9.197127937336793072e-04
-1.243726235741444107e-02 -2.885341074020319422e-03
-7.103053435114500651e-03 -6.796874999999980016e-04
-2.154811715481129333e-04 -5.179733727810650022e-03
-1.569642857142856951e-02 -4.396551724137931320e-03
-9.687713310580192347e-03 -1.183968462549277612e-03
-8.620915032679733747e-03 -7.949668874172182570e-03
-7.327067669172926748e-03 -3.243675099866841910e-03
-6.323987538940803975e-03 -6.080419580419579688e-03
-1.311133603238866067e-02 -5.925516224188789524e-03
-7.140624999999992464e-03 -4.054374999999999819e-03
-1.592077464788731536e-02 -6.909530386740329530e-03
-7.439338235294120326e-03 -1.064186633039092104e-02
-6.641176470588232815e-03 -6.998762376237617835e-03
-6.352727272727269441e-03 -5.420422535211260988e-03
-9.391752577319577300e-03 -2.436440677966087679e-04
-8.233215547703176540e-03 -6.044666666666666938e-03
-1.386363636363631543e-03 -2.654873164218956878e-03
-1.370483870967741623e-02 -7.839213025780188138e-03
-3.725868725868690802e-04 -5.698275862068962264e-03
-1.318749999999999263e-02 -2.622023809523808899e-03
-6.625560538116585969e-03 -2.811704834605598547e-03
-1.133833333333333221e-02 -1.678385416666663748e-03
-8.479299363057321223e-03 -4.601418439716311454e-03
-3.042229729729726325e-03 -1.530120481927710243e-03
-6.472843450479228398e-03 -1.245226438188494142e-02
-5.116013071895416688e-03 -2.522284122562672756e-03
-3.734545454545446126e-03 -3.874110953058320251e-03
-1.009420289855071824e-02 -6.435437589670010318e-03
-6.967687074829928030e-03 4.697841726618714000e-04
-1.494134897360704060e-02 -7.193211488250651417e-03
-1.081135531135530778e-02 -7.972310126582273990e-03
-5.797213622291018040e-03 -1.376044568245125745e-03
-1.088385826771653096e-02 -7.202365308804202330e-03
-5.317343173431729464e-03 -3.943912448700410966e-03
-4.792079207920791999e-03 -3.701227830832192183e-03
-1.256179775280898483e-02 -1.206566347469219258e-03
-9.871478873239429921e-03 -6.580622347949077917e-03
-6.981549815498153469e-03 -7.991009681881051929e-03
-6.058510638297865541e-03 -4.729388297872338075e-03
-9.049180327868845339e-03 -1.366616989567808740e-03
-7.091666666666667992e-03 -6.387741935483868920e-03
-4.709433962264150154e-03 -7.286974219810038976e-03
-8.799107142857127625e-03 -4.877873563218390780e-03
-1.238111888111887576e-02 -3.139889196675900267e-03
-6.728915662650598699e-03 -8.015625000000000180e-03
-1.378971962616821513e-02 -2.741843971631203331e-03
-6.993127147766317435e-03 -7.406205923836385770e-03
-6.185251798561141809e-03 -4.654901960784313571e-03
-8.486363636363633903e-03 -5.110473457675753124e-03
-7.352140077821017056e-03 -4.200284090909089593e-03
-1.027962962962961600e-02 -7.369538077403245402e-03
-1.386054421768704225e-03 -5.981353591160217149e-03
-8.963178294573635047e-03 -4.786279683377307921e-03
-1.276702508960572691e-02 -5.460358056265966287e-04
-7.719512195121947667e-03 -3.344923504867848129e-04
-1.093238434163700153e-02 -6.598742138364777424e-03
-3.751592356687892104e-03 -5.722074468085105135e-03
-8.447452229299356671e-03 2.848180677540785482e-04
-5.658783783783778026e-03 -7.058467741935482362e-03
-1.363880126182964204e-02 -8.852480417754568162e-03
-1.273010380622836488e-02 -9.286656891495600336e-03
-6.046407185628738246e-03 -5.724274406332455212e-03
-7.597972972972973603e-03 -3.393999999999997279e-03
-3.435606060606058703e-03 -2.434114202049778627e-03
-7.841563786008228301e-03 -9.943633952254640057e-03
-6.960992907801417419e-03 -2.898426323319025586e-03
-7.363945578231286850e-03 -7.145161290322577310e-03
-3.883720930232553974e-03 -2.565476190476190504e-03
-1.056026058631921727e-02 -1.272796709753231358e-02
-9.524163568773230323e-03 -4.821768707482992911e-03
-7.689530685920571186e-03 -2.649544863459035379e-03
-9.968468468468464835e-03 -3.076058201058200475e-03
-5.706624605678232813e-03 -4.925561797752805830e-03
-9.249221183800613796e-03 -1.175961538461539266e-02
-5.613149847094794920e-03 -5.801282051282049407e-03
-7.623778501628655606e-03 -3.852040816326529095e-03
-4.872611464968149703e-03 -6.259731543624159726e-03
-1.510726643598614589e-02 -7.853025936599422607e-03
-8.747148288973377941e-03 -7.630146082337314895e-03
-1.396594982078851882e-02 -6.814993122420906838e-03
-9.837883959044359944e-03 -4.189533239038190776e-03
-8.423228346456684140e-03 1.874301675977655887e-03
-1.079647435897435927e-02 -1.875181422351233701e-03
-1.074823943661970885e-02 -4.222222222222223563e-03
-5.975000000000002011e-03 -7.856423173803523188e-03
-9.141342756183735638e-03 -6.244332493702769646e-03
-7.440652818991091814e-03 -6.417349726775953798e-03
-7.548582995951408012e-03 -3.202540106951869917e-03
-4.471283783783781308e-03 -6.487569060773479453e-03
-9.714521452145208694e-03 -4.965177398160314053e-03
-5.586134453781504972e-03 -3.542553191489360327e-03
-1.108466453674121326e-02 -9.353137516688911357e-03
-8.832103321033197424e-03 -2.255334281650070785e-03
-6.664150943396221147e-03 -4.749721293199552462e-03
-1.142832764505118982e-02 -1.914772727272725465e-03
-1.364625850340135324e-02 -9.526027397260269231e-03
-1.537220447284344364e-02 -6.883027522935777041e-03
-1.630935251798561539e-02 -7.192090395480223164e-03
-7.304428044280440388e-03 -7.407284768211919515e-03
-1.596140350877192290e-02 -6.486968449931413382e-03
-1.440798611111110406e-02 -9.881309686221015354e-03
-6.066889632107018426e-03 -6.403137789904500901e-03
-9.183712121212115123e-03 -5.631720430107524031e-03
-1.255714285714284659e-02 -6.595635430038507274e-03
-7.522033898305075308e-03 -3.888816644993495046e-03
-9.387205387205379767e-03 -5.902815013404823750e-03
-2.885593220338978932e-03 -4.936185133239829811e-03
-6.677290836653373106e-03 -1.928184281842815683e-03
-2.466527196652712819e-03 -1.686721991701243661e-03
-9.116935483870958548e-03 -5.280934343434342745e-03
-2.322259136212614667e-03 -5.352033660589062582e-03
-5.381849315068487974e-03 -4.305555555555554657e-03
-1.056414473684209356e-02 -5.343441466854723272e-03
-1.451525423728812318e-02 -5.495808383233529576e-03
-5.325999999999993066e-03 -3.031501340482571204e-03
-1.233682634730538276e-02 -3.909285714285713233e-03
-1.277999999999998929e-02 -6.841677096370458490e-03
-4.485119047619048546e-03 -8.920603674540681163e-03
-1.394822006472491542e-02 -3.049851190476190500e-03
-1.060784313725489890e-02 -6.640929535232384731e-03
-1.145993589743589045e-02 -6.403708987161194077e-03
-1.430868167202559377e-04 -2.133008356545958596e-03
-7.910891089108904040e-03 -3.873381294964027555e-03
-7.083333333333329505e-03 -6.198113207547165104e-03
-1.054095563139931593e-02 -1.141535433070866266e-02
-6.422697368421046923e-03 -3.608636977058027936e-03
-1.232638888888885334e-03 -9.211258278145695658e-03
-1.182116788321166921e-02 -8.411140583554374203e-03
-7.693308550185872820e-03 -6.251984126984127567e-03
-4.149402390438245922e-03 -1.013911290322580365e-02
3.320717131474104980e-03 -4.498516320474777938e-03
-1.404195804195803275e-02 -5.807860262008734779e-03
-1.217982456140350583e-02 -3.116946778711483530e-03
-8.187719298245610053e-03 -5.272727272727270077e-03
-1.560034013605441847e-02 -3.430830039525689309e-03
-5.784280936454846977e-03 -5.414583333333333748e-03
-2.652985074626859445e-03 -2.165853658536584774e-03
-3.406976744186043012e-03 -4.778366111951586927e-03
-8.719665271966516723e-03 -4.587696335078533111e-03
-8.653703703703699915e-03 -5.389037433155081415e-03
-9.373786407766985379e-03 -5.188040345821324367e-03
-1.502114803625377235e-02 -5.658730158730157327e-03
-8.657024793388378141e-04 -4.597855227882020955e-04
-1.239484126984126237e-02 -9.257902298850572906e-03
-6.381578947368416084e-03 -7.544704264099032741e-03
-6.526315789473683023e-03 -9.675243393602223768e-03
-6.933219178082183562e-03 -4.338912133891212677e-03
-1.189583333333332944e-02 -6.654381084840053397e-03
-4.446735395188997249e-03 -4.058608058608058518e-03
-2.295719844357970579e-03 -1.668627450980391487e-03
-6.987179487179429223e-04 -4.538461538461536354e-03
-9.064685314685308470e-03 -1.045779685264661791e-03
-1.109539473684210097e-02 -2.009308510638296852e-03
-8.986159169550166081e-03 -6.396138482023971082e-03
-9.716981132075466418e-03 -4.515151515151514562e-03
-7.367892976588626824e-03 -5.873202614379084176e-03
-4.505154639175249984e-03 -1.540856031128401459e-03
-1.101129032258064445e-02 -8.834196891191682839e-04
-9.319391634980985981e-03 -9.772251308900522376e-03
-1.228915662650602314e-02 -1.105143721633887032e-03
-1.827941176470584701e-03 -3.100415512465372250e-03
-1.254320987654320221e-02 -2.406084656084654660e-03
-7.249056603773582595e-03 -7.908895265423239798e-03
-1.050180505415161843e-02 -6.796718972895857830e-03
-1.203728813559321043e-02 -7.784005979073241842e-03
-1.127155172413792789e-02 -7.790140845070417375e-03
-4.640449438202243204e-03 -2.822829131652660351e-03
-6.823426573426570607e-03 -3.215076071922543313e-03
-7.970383275261321704e-03 -7.306864064602963324e-03
-2.376923076923071615e-03 -5.540166204986131599e-04
-6.306985294117643630e-03 -6.431721194879086445e-03
-1.438405797101448627e-02 -1.657327586206896498e-03
-1.254545454545453846e-02 -8.271604938271606353e-03
-1.607120253164556756e-02 -6.684979137691237500e-03
-1.069377162629757405e-02 -9.414012738853487754e-04
-5.320083682008361868e-03 -7.295244385733155694e-03
-2.239382239382164096e-04 -4.067549668874172360e-03
6.976394849785411655e-03 -2.635359116022097624e-03
-1.109642857142856091e-02 -5.384097035040428907e-03
-7.920955882352934130e-03 -3.339160839160834875e-03
-4.738197424892703902e-03 -6.049257759784069585e-03
-1.438124999999999994e-02 -4.436031331592687338e-03
-6.557471264367805037e-03 -6.364123159303882761e-03
-3.656716417910447960e-03 -4.375939849624060039e-03
-7.996527777777770810e-03 -2.908783783783783390e-03
-3.385993485342011274e-03 -9.017094017094015243e-04
-9.803773584905655161e-03 -6.403162055335969750e-03
-1.261302681992336125e-02 -5.863110539845757876e-03
-3.771331058020433780e-04 -2.973011363636362137e-03
-4.383480825958698500e-03 -5.922086720867209692e-03
-8.140322580645153669e-03 -2.844653179190749850e-03
-4.996632996632996600e-03 -7.356948228882827928e-03
-1.420476190476188498e-02 -7.369971264367815300e-03
-1.537704918032786403e-02 6.507575757575780788e-04
-4.971731448763249718e-03 -4.761589403973508390e-03
-1.008079268292682261e-02 -6.003448275862068202e-03
-2.114661654135335193e-03 -9.134969325153372705e-03
-1.434854014598540076e-02 -8.618811881188116059e-03
-9.191666666666660490e-03 -2.691176470588234164e-03
-6.866788321167876553e-03 -6.368741542625165966e-03
-1.049644128113878458e-02 -5.784547738693465030e-03
-5.846518987341769308e-03 -3.881734559789750110e-03
-4.822761194029843469e-03 -6.269017980636238871e-03
-1.033609958506223787e-02 -3.839883551673942737e-03
-1.792735042735039627e-03 -2.834437086092713234e-03
-9.794545454545444674e-03 -1.343055555555553717e-03
-6.501798561151069661e-03 -6.467700258397929627e-03
-7.665662650602400249e-03 -6.481994459833792174e-03
-5.556818181818176661e-03 -4.710869565217389726e-03
-1.497833333333332441e-02 -7.738239757207890195e-03
-2.932539682539681090e-03 -1.885314685314685339e-03
-9.167820069204146022e-03 -2.334382871536523369e-03
2.736363636363640939e-03 -8.665571616294344068e-03
-7.780797101449269011e-03 -5.305291723202170198e-03
-5.354477611940291690e-03 -4.635493372606774506e-03
-1.421169354838708668e-02 -3.378989361702126361e-03
-1.222014925373129252e-03 -7.420560747663548784e-03
-5.076492537313422211e-03 -5.631054131054131009e-03
-1.181660899653978747e-02 -4.439999999999996901e-03
-6.840206185566998984e-03 -5.320460704607046266e-03
-7.342105263157891124e-03 -1.002529960053262503e-02
-1.223062730627305465e-02 -7.669147496617049857e-03
-1.322656249999999180e-02 -5.541723666210669232e-03
-1.051269841269841104e-02 -8.122222222222218180e-03
-1.517553191489361651e-02 -8.557086614173228106e-03
-8.348790322580644518e-03 -5.960988296488944904e-03
-9.282131661442000886e-03 -6.079297820823241841e-03
1.566265060240989667e-04 -1.086970899470899449e-02
-5.124137931034476040e-03 -3.310102301790279929e-03
-1.154588607594935964e-02 -5.393371757925070030e-03
-1.644999999999999588e-02 -2.663742690058478000e-03
-1.705625000000000197e-02 -5.677223719676548729e-03
-1.048793103448275241e-02 -5.156336088154268686e-03
-9.503571428571430668e-03 -6.204678362573099078e-03
-5.351398601398597854e-03 -3.099231754161328907e-03
-1.292295597484275846e-02 -2.225827814569534321e-03
-3.686311787072238822e-03 -3.234100135317996127e-03
-9.439834024896263248e-03 -3.746031746031744554e-03
-1.187919463087247843e-02 -5.736449864498641311e-03
-3.600760456273761120e-03 -2.604223433242506668e-03
-4.655511811023613916e-03 -3.217719780219779370e-03
5.057692307692412698e-04 -2.605363984674328483e-03
-9.021999999999997036e-03 -4.197547683923702651e-03
-1.154912280701754154e-02 -6.354137447405329951e-03
-1.199399999999999251e-02 -5.080000000000002049e-03
-1.002753623188405545e-02 -3.586927223719676202e-03
-5.151943462897520636e-03 -3.246469833119382167e-03
-7.726415094339615479e-03 -1.773202614379084481e-03
-8.851562499999991382e-03 -4.171232876712327280e-03
-9.203252032520314874e-03 -7.735090152565881824e-03
-1.030701754385964647e-02 -9.105191256830599215e-04
-1.773985239852397811e-02 -3.732044198895024048e-03
-1.151992031872509786e-02 -3.584583901773531409e-03
-9.855871886120999917e-03 -2.464681440443212534e-03
-1.180795847750863888e-02 -1.610504774897678158e-03
-9.437022900763345629e-03 -3.863461538461535234e-03
-9.474910394265227687e-03 -6.049490538573507221e-03
-5.807017543859640737e-03 -2.951659451659449131e-03
-1.129863481228667900e-02 -7.248982360922659983e-03
-1.329202279202279340e-02 -7.173484848484843954e-03
-5.737394957983190866e-03 -4.607424960505527266e-03
-4.752542372881357960e-03 -3.781899109792280760e-03
-1.237920489296635840e-02 -9.123943661971832195e-03
-5.465201465201456610e-03 -3.510057471264366093e-03
-5.993769470404978345e-03 -5.091486658195676016e-03
-1.341554054054053431e-02 -4.074440052700920370e-03
-3.833333333333329221e-03 -1.883270911360800017e-03
-6.559077809798262264e-03 -6.370807453416146675e-03
-3.352941176470589785e-03 -3.298755186721989002e-03
-1.150625000000000085e-02 -1.396094839609483135e-03
-8.593059936908514426e-03 -9.551813471502586250e-03
-1.240957446808509460e-02 -6.175761421319791653e-03
-1.421935483870966424e-02 -5.274809160305340278e-03
-5.014705882352932416e-03 -3.893184796854519923e-03
-1.724371069182388527e-02 -4.593451568894950376e-03
-1.177131782945735165e-02 -6.337817638266074471e-03
-6.449230769230764396e-03 -4.754248366013071395e-03
-1.426819923371646856e-02 -2.295104895104893919e-03
-1.330574324324324161e-02 -7.388888888888885814e-03
-8.063333333333328606e-03 -3.067663817663813380e-03
-8.655619596541779329e-03 -3.597796143250686814e-03
-9.115942028985506845e-03 -1.115483870967741084e-03
2.573378839590445642e-03 -3.823002754820936915e-03
-1.134163701067614737e-02 -5.099489795918366389e-03
6.759174311926613617e-03 -5.735175202156334549e-03
-8.346036585365840255e-03 -6.165338645418325797e-03
-1.007950530035335232e-02 -5.292537313432836912e-03
-9.757142857142849651e-03 -3.598371777476251730e-03
-1.108112582781455718e-02 -2.366206896551722658e-03
-1.201232394366197158e-02 -3.935384615384614031e-03
-7.464552238805959548e-03 -9.298738532110092936e-03
-4.985454545454542918e-03 -5.499349804941479521e-03
-7.684482758620689129e-03 -7.748717948717951873e-03
-1.083070866141731294e-02 -2.309590973201692231e-03
-8.859154929577459439e-03 -1.596605744125325884e-03
-4.023109243697467127e-03 -7.724310776942355794e-03
-3.406462585034012412e-03 -3.034031413612563004e-03
-4.952631578947365616e-03 -8.943734015345261579e-03
-1.079420731707316471e-02 -9.453910614525135037e-03
-5.987632508833913916e-03 -5.961488250652744250e-03
-1.139523809523808502e-02 -1.336309523809522601e-03
-4.897526501766781039e-03 -3.081805359661491522e-03
-1.294148936170211837e-02 -5.380228136882111902e-04
-6.205167173252270317e-03 -5.625322997416018142e-03
-1.790959409594095747e-02 -3.511627906976742212e-03
-4.856643356643357105e-03 -6.224999999999997029e-03
-1.383843537414964839e-02 -3.405027932960891408e-03
-6.185121107266431002e-03 -6.878985507246376634e-03
-5.327272727272724766e-03 -6.039027982326952183e-03
-8.612962962962955951e-03 -2.145949720670389978e-03
-1.264222222222221442e-02 9.674063800277403697e-04
-1.142882562277578937e-02 -3.133287292817678749e-03
-7.829225352112671038e-03 -3.197794117647057791e-03
-2.285714285714289355e-03 -5.481146304675714453e-03
-1.228571428571428523e-02 -4.002785515320334171e-03
-1.068727272727271714e-02 -2.994374120956398710e-03
-7.176470588235285900e-03 -4.308864265927977479e-03
-1.291666666666665964e-02 -5.954741379310344793e-03
-6.572580645161286116e-03 -2.309322033898303372e-03
-3.944444444444443129e-03 -5.561063218390802608e-03
-1.284477124183006427e-02 -8.948699421965316050e-03
-1.030035335689045463e-02 -3.809491978609621209e-03
-6.687898089171972170e-03 -6.183738796414844918e-03
-6.458053691275155231e-03 -3.506072874493925892e-03
-1.733576642335761531e-03 -3.046695402298847753e-03
-1.702373417721517526e-02 -6.698519515477790662e-03
-2.963696369636959534e-03 -7.696374622356474265e-04
-4.496610169491518753e-03 -5.495472186287187442e-03
-7.881270903010025378e-03 -2.145207439198853171e-03
-6.370106761565806240e-04 -2.003551136363633176e-03
-9.245588235294113083e-03 -7.436997319034854836e-03
-4.484063745019909418e-03 -9.658119658119643800e-04
-1.023357664233574826e-02 -6.734693877551018977e-04
-6.624999999999999813e-03 -8.372950819672131048e-03
-2.323529411764704324e-03 -8.254689754689754216e-03
-8.073619631901837040e-03 -5.139344262295081171e-03
-1.323968253968253565e-02 -7.521400778210113672e-03
-4.966555183946487484e-03 -1.886743886743883804e-03
-1.007843137254900781e-02 -2.634437086092716613e-03
-7.446236559139775453e-03 -1.926273458445039140e-03
-1.132459677419354362e-02 -4.168749999999998845e-03
-8.516806722689068340e-03 -5.692934782608695052e-03
-5.199999999999991955e-03 -4.042424242424228994e-04
-2.921348314606736756e-03 -8.206666666666659424e-04
-1.110172413793102629e-02 -4.684027777777774806e-03
-1.151977401129942666e-02 -7.133333333333317710e-04
-1.601269841269841593e-02 -5.732496697490091844e-03
-6.005226480836230868e-03 -4.907280219780216571e-03
-5.237704918032787087e-03 -5.308541973490426245e-03
-4.687702265372164535e-03 -2.656891495601169679e-03
-8.691228070175435402e-03 -3.701692524682650108e-03
-1.114388489208632121e-02 -8.811543810848396913e-03
-4.335937499999995177e-03 -5.487804878048780158e-03
-1.032666666666666802e-02 -8.208945260347131484e-03
-7.078947368421047506e-03 -2.980828220858894578e-03
-8.258302583025827620e-03 -4.361671469740633668e-03
-2.900383141762449737e-03 -5.654646324549234861e-03
-1.219028340080971148e-02 -6.550694444444441454e-03
-9.580645161290321857e-03 -6.079046424090337776e-03
-7.722772277227654822e-04 -3.295822102425875842e-03
-4.946096654275087753e-03 -2.302054794520546569e-03
-5.804999999999986386e-03 -3.878303198887342838e-03
-7.399999999999992521e-03 -5.477642276422764467e-03
-5.246551724137927912e-03 -2.325203252032517764e-03
-8.456375838926170202e-03 -1.353107344632768381e-03
-1.550177304964538497e-02 -5.530927835051544991e-03
-1.242293233082705783e-02 -4.545454545454546101e-03
-1.151051051051050350e-02 -4.254786450662737148e-03
-1.321346153846153330e-02 -1.557939914163088916e-03
-6.446735395188997290e-03 -4.324324324324301514e-04
-5.146874999999996939e-03 -5.376351351351347889e-03
-1.299526813880125427e-02 9.801762114537444087e-04
-8.706484641638213492e-03 -2.239021329987452187e-03
-7.986891385767783472e-03 -4.744594594594593595e-03
-1.031992337164750612e-02 -4.657594936708858192e-03
-9.078274760383383754e-03 -8.103760445682450797e-03
-1.022075471698111887e-02 -4.075835475578406392e-03
-5.373046874999992846e-03 -1.869742198100405629e-03
-1.297564935064934866e-02 -4.471567267683769324e-03
-6.599999999999999097e-03 -9.055701179554381114e-03
-1.056249999999999550e-02 -8.855227882037533527e-03
-5.890566037735847291e-03 -6.303935860058308520e-03
-1.231538461538459785e-02 -1.362820512820511363e-03
-1.137710437710436583e-02 -5.797794117647056371e-03
-1.365412186379928207e-02 -4.192253521126758017e-03
-1.036501901140683690e-02 -2.334728033472800376e-03
-3.470496894409932833e-03 -6.547748976807639051e-03
-1.127399999999999236e-02 -7.478813559322016174e-04
-1.445733788395903163e-02 -7.206327372764781934e-03
-1.622420634920633542e-02 -8.853515624999998973e-03
-2.411067193675854299e-04 -8.056463595839523373e-03
-5.234939759036142184e-03 -3.412345679012346571e-03
-1.390138408304497121e-02 -3.409567496723457138e-03
-6.557565789473679581e-03 -3.730298913043476276e-03
-1.018045112781955017e-02 -3.502743484224964815e-03
-5.486280487804872513e-03 -3.304676753782666374e-03
-1.370106761565793938e-04 -3.632843791722290775e-03
-5.376923076923069075e-03 -3.347795163584633884e-03
-1.348678414096915641e-02 -5.072513812154694039e-03
-1.139262820512820275e-02 -3.473026315789471980e-03
-2.965034965034957833e-03 -4.674870466321244013e-03
-3.847583643122670476e-03 -1.055481283422459154e-03
-5.130434782608695420e-03 -6.482456140350875175e-03
-6.807692307692304531e-03 -3.443047337278105479e-03
-1.616319444444443447e-03 -2.179411764705878937e-03
-5.184782608695644862e-03 -2.450795947901590090e-03
-4.403284671532843586e-03 -9.753004005340452920e-03
-1.186577181208052327e-02 -8.356756756756756124e-03
-7.360153256704977942e-03 -7.673157162726006175e-03
-3.173913043478253111e-03 -6.369509043927628874e-04
-9.805379746835424584e-03 -3.837431693989068991e-03
8.281938325991245907e-04 -4.881595092024538889e-03
-6.713461538461533602e-03 -7.498618784530383663e-03
-4.397058823529408425e-03 -3.755434782608695499e-03
-1.032962962962962784e-02 -3.331781914893616400e-03
-6.436688311688305679e-03 -8.644444444444426400e-04
-1.487128712871286368e-02 -3.260400616332819954e-03
-7.391233766233768800e-03 -6.340499306518723038e-03
-4.146396396396388913e-03 -5.323264781491000679e-03
-1.032982456140350315e-02 -4.569597069597069322e-03
-6.398044692737426750e-03 -3.406134969325150426e-03
-1.455518394648828637e-02 -4.846870838881489098e-03
-4.372274143302175460e-03 -6.728045325779033296e-03
-8.867021276595735135e-03 -8.166454081632653836e-03
-5.299999999999997422e-03 -3.648468708388813517e-03
-7.834645669291337086e-03 -3.199346405228757715e-03
-9.361370716510898290e-03 -1.300569800569798505e-03
-8.633587786259539973e-03 -8.852034525277439544e-03
-1.475806451612902623e-02 -7.094504021447718342e-03
-5.541818181818177272e-03 -1.568473609129813562e-03
-4.635888501742156838e-03 -1.539348710990500694e-03
-1.026941747572815249e-02 -4.087601078167114876e-03
-7.663430420711973660e-03 -5.861975642760483031e-03
-2.546874999999998793e-03 -3.934846266471445260e-03
-1.055287009063443290e-02 -5.533068783068777717e-03
-6.146209386281583677e-03 -5.654100529100528592e-03
-1.087847222222221646e-02 -4.488227146814403531e-03
-1.126798561151077724e-02 -2.049242424242423474e-03
-1.034812286689418964e-02 -3.267263427109972241e-03
-1.122372372372372126e-02 -7.191939890710380943e-03
-8.371527777777781551e-03 -6.432919254658381672e-03
-1.061244979919677596e-02 -2.937989556135769172e-03
-1.125081967213114459e-02 -7.555710306406656978e-04
5.217391304347925376e-04 -1.002057613168723469e-03
-4.489999999999996598e-03 -5.637228260869563135e-03
-1.279673590504449947e-02 -5.161144578313253510e-03
-1.424074074074073264e-02 -6.721179624664876118e-03
-5.536971830985907596e-03 -4.344093406593406773e-03
-5.152097902097895095e-03 -6.023932729624836314e-03
-7.135313531353141073e-03 -8.685990338164251146e-03
-1.518518518518519045e-02 -3.523206751054849470e-03
-7.515410958904108173e-03 -1.795932678821877265e-03
-7.465732087227407686e-03 -2.139614855570839622e-03
-2.509302325581389253e-03 -4.340689655172413723e-03
-8.109890109890102033e-03 -5.564827586206898616e-03
-5.650390624999996995e-03 -6.187810945273631257e-03
-1.483615819209038733e-02 -1.529655172413791567e-03
-2.847368421052624918e-03 -6.556539509536782676e-03
-3.931740614334467386e-03 -1.899319727891154910e-03
-4.156690140845064121e-03 -6.268567639257295598e-03
-7.995951417004043549e-03 -1.709493670886074639e-03
-1.201127819548872266e-02 -2.406633906633906441e-03
-5.303448275862062029e-03 -7.399193548387091902e-03
-1.576086956521731593e-03 -3.514588859416442439e-03
-1.392203389830507301e-02 -2.561029411764704621e-03
-1.874334600760456382e-02 -8.556927297668040153e-03
-6.494296577946761725e-03 -3.453715775749673696e-03
-1.296657381615598167e-02 -3.206043956043954507e-03
-1.865306122448973439e-03 -3.175344563552833389e-03
-5.435975609756095450e-03 -9.139860139860128555e-04
-1.164498141263940398e-02 -3.815274151436031692e-03
-9.896774193548379256e-03 -6.110433604336043198e-03
-6.329787234042542204e-03 -4.043424317617862890e-03
-8.430069930069918754e-03 -2.148907103825134501e-03
-1.051558073654391273e-02 -5.339335180055400018e-03
-1.291590214067277025e-02 -3.172761664564942210e-03
-4.107526881720427805e-03 -7.655239327296244241e-03
-1.310073260073259423e-02 -5.988980716253443359e-03
-1.401388888888888823e-02 -5.278592375366556984e-04
-1.186525974025972978e-02 -4.043971631205673170e-03
-1.463090909090908158e-02 -3.492679355783307599e-03
-1.284482758620689169e-02 -8.447164948453596972e-04
-8.786195286195279397e-03 -9.157287157287153853e-03
-2.908783783783779053e-03 -2.675308641975306188e-03
-4.854581673306770755e-03 -4.209459459459445022e-04
4.166666666666704881e-04 -6.268211920529800918e-03
-4.093189964157698674e-03 -6.187576126674785432e-03
-4.964566929133849837e-03 -8.527885862516205399e-04
-1.343174061433446628e-02 -2.341590612777051487e-03
-1.024512987012986438e-02 -6.388646288209607650e-03
-1.631782945736428648e-03 7.684069611780455908e-04
-5.503937007874010016e-03 -6.627338129496400561e-03
-3.927797833935015026e-03 -6.767832167832167102e-03
-8.241379310344821088e-03 -2.354046242774566339e-03
-9.368600682593854201e-03 -1.281899109792283527e-03
-1.241919191919191139e-02 -4.547526041666661092e-03
-4.919172932330819620e-03 -3.517191977077364137e-03
-5.415644171779135894e-03 -4.685967302452313278e-03
-6.457364341085269563e-03 -8.378284923928077874e-03
-3.200374531835198464e-03 -6.116492146596859067e-03
-1.773110465116279136e-02 -5.414749661705004109e-03
-1.351870748299318498e-02 -8.892328398384925434e-03
-8.515283842794749147e-03 -9.714285714285692680e-04
-4.129090909090905176e-03 -1.122469135802469167e-02
-6.120535714285714642e-03 -4.813008130081296992e-03
-1.516253869969040255e-02 -8.115330520393811836e-03
-5.704248366013067381e-03 -2.870162297128588114e-03
-3.872852233676967511e-03 -4.208219178082189642e-03
-1.219325153374232161e-02 -6.815445026178006648e-03
-6.170212765957422277e-04 -3.102545968882601708e-03
-1.119696969696969135e-02 -5.953978159126363523e-03
-5.029109589041092301e-03 -3.260416666666664503e-03
-2.462962962962958035e-03 -4.202597402597405690e-03
-1.533156028368793354e-02 -1.756267409470749566e-03
-1.356993006993006262e-02 -6.741071428571410087e-04
-3.180147058823530170e-03 -5.749999999999998168e-03
-9.156896551724136302e-03 -4.113488975356676715e-03
-1.001557632398751563e-03 -1.128335625859696982e-02
-7.017460317460311181e-03 -3.020547945205478285e-03
-1.113051470588234844e-02 -4.397225725094577528e-03
-8.137992831541211031e-03 -3.980769230769231302e-03
-7.262264150943385441e-03 -3.473097112860891716e-03
-1.539115646258502543e-02 -1.854887218045110555e-03
-3.147169811320751041e-03 -6.158948685857319749e-03
-5.489510489510448198e-04 -4.605517241379307111e-03
-6.986254295532642530e-03 -5.394502228826148806e-03
-7.348242811501586903e-03 -1.158761528326745973e-03
-9.199203187250978159e-03 -2.895833333333332725e-03
-1.112111801242235583e-02 -4.435439560439557831e-03
-8.034926470588232839e-03 -2.959602649006618392e-03
-1.139012738853503043e-02 -2.581743869209808789e-03
-1.148392857142856507e-02 -6.325545171339564191e-03
-1.219966996699669085e-02 -5.905672823218995407e-03
-7.774253731343282008e-03 -9.639221556886226269e-03
-1.263333333333333322e-02 -4.534407027818447046e-03
-1.346508379888267451e-02 -3.181756756756753610e-03
-7.703237410071939878e-03 -3.856487549148098111e-03
-1.309193548387096312e-02 -5.761661807580174995e-03
-7.085365853658529001e-03 -4.211015736766808397e-03
-4.267973856209147411e-03 -2.390277777777775892e-03
-5.523381294964026245e-03 -4.195926966292133110e-03
-1.253017241379309789e-02 -3.991792065663473006e-03
-1.022916666666666419e-02 -4.067407407407404134e-03
-4.374509803921563383e-03 -9.787798408488054477e-04
-1.112861271676299571e-02 1.986658195679799274e-03
-3.707142857142851564e-03 -7.334231805929920973e-03
-1.240418118466897826e-02 -2.564494680851060922e-03
-8.133962264150942229e-03 -1.061978465679676645e-02
-7.050847457627109661e-03 -1.124577373211963806e-02
-1.162369337979094093e-02 -1.176377952755905745e-02
-1.281694915254236698e-02 -7.334042553191489830e-03
-7.467078189300410673e-03 -6.863346104725409971e-03
-1.430505415162454212e-02 -4.255483870967738044e-03
-5.809716599190277615e-03 -9.387332521315468192e-03
-4.409893992932855528e-03 -3.347328244274806654e-03
-6.909574468085097516e-03 -3.792216358839048049e-03
-1.272580645161289215e-02 -4.234251968503936411e-03
-1.406644518272424926e-02 -3.957317073170730885e-03
-1.120973782771534678e-02 -2.914598540145982644e-03
-1.251618705035970579e-02 -2.533108108108108030e-03
-1.214833333333333043e-02 -7.427097661623105820e-03
-1.181448763250882682e-02 -3.179890560875511286e-03
-1.643843283582088755e-02 -4.767935578330892779e-03
-1.392662116040955037e-02 -4.140465793304219481e-03
-7.058181818181815011e-03 -9.089659685863874308e-03
1.407079646017701672e-03 -5.603347889374088106e-03
-8.380794701986743478e-03 -2.438022284122561174e-03
-1.390065146579804074e-02 -5.390972222222221479e-03
-7.078571428571421922e-03 5.470756062767483715e-04
-1.054863813229571512e-02 -3.999999999999997481e-03
-1.080626780626780040e-02 -7.051566579634460652e-03
-1.125080906148866362e-02 -4.611607142857141253e-03
-6.604982206405693446e-03 -4.039915966386553071e-03
-4.984615384615383345e-03 -4.957822085889569512e-03
2.137065637065642485e-03 -8.163346613545811523e-03
-2.341897233201577309e-03 -7.535123966942146485e-03
-1.123479729729728871e-02 -1.442389758179230203e-03
-1.193529411764705436e-02 -6.699048913043481081e-03
-1.452527075812273111e-02 -4.787898936170209563e-03
-1.429411764705882174e-02 -3.583113456464377764e-03
-9.735099337748340242e-03 -6.515714285714282669e-03
-5.615808823529409508e-03 -7.879973474801054562e-03
-5.479910714285709736e-03 -7.246734397677792941e-03
-9.895131086142315222e-03 -5.023545706371190626e-03
-1.289273927392738453e-02 -4.170716889428918196e-03
-5.780141843971631221e-03 -5.279136690647483025e-03
-6.643426294820715602e-03 -3.094352617079889223e-03
-6.038327526132405455e-03 -5.296169630642952666e-03
-6.503968253968248070e-03 -6.500623441396504061e-03
-1.009074074074073346e-02 2.385269121813029906e-03
-9.754512635379051361e-03 -3.498696219035199624e-03
-9.882462686567155402e-03 -5.916230366492144545e-03
-1.328601694915253206e-02 -2.734625668449196679e-03
-9.838487972508580537e-03 -6.384259259259254457e-03
-1.557518796992480095e-02 -3.497308209959623659e-03
-4.980694980694976536e-03 -3.619214586255256084e-03
-8.868888888888886227e-03 -2.350591715976329404e-03
-9.598101265822781697e-03 -1.960361613351876107e-03
-4.581666666666663577e-03 -5.148703956343792486e-03
-1.069188191881918076e-02 -3.016534391534390815e-03
-1.189102564102563313e-02 -7.130801687763687995e-04
-1.068250950570341119e-02 -3.408344733242132159e-03
-1.055376344086020844e-02 -1.674305555555554098e-03
-8.891791044776112957e-03 -7.626050420168063206e-03
-1.845744680851063753e-03 -3.994659546061416801e-03
-6.089700996677735109e-03 -8.411835748792270695e-03
-1.320666666666666170e-02 -4.530737704918033626e-03
-1.165824915824915410e-02 -3.318181818181817344e-03
-1.535740740740740642e-02 -5.218623481781377305e-03
-9.622073578595307167e-03 -4.775135869565216504e-03
-3.333333333333327909e-03 -2.433082706766915432e-03
-7.420233463035008810e-03 -7.548245614035087835e-03
-5.853703703703695173e-03 -5.134877384196183912e-03
-8.594405594405598800e-03 -7.657219973009444548e-03
-1.036524822695035139e-02 -2.209724238026124134e-03
-1.234707903780067964e-02 -3.500712250712248712e-03
6.334586466165519070e-04 -4.060273972602737591e-03
-7.902280130293154112e-03 -5.914718019257220183e-03
-1.166475095785440320e-02 -7.186246418338107511e-03
-1.172406639004148349e-02 -3.465771812080535065e-03
-6.578864353312301530e-03 -6.012195121951217913e-03
-8.322033898305080876e-03 -5.505014326647561344e-03
-1.321400778210115451e-02 -2.409282700421940936e-03
-4.986577181208052753e-03 -4.088394062078267409e-03
-5.167279411764703380e-03 -2.673944687045121896e-03
-6.395189003436419460e-03 -5.942580645161287499e-03
-1.331603773584905635e-02 -7.090209790209787456e-03
3.933333333333338157e-03 -1.415430267062313960e-03
-4.629084967320252868e-03 -4.268824306472920882e-03
-1.089323843416369411e-02 -3.461999999999995463e-03
-8.797959183673459416e-03 -4.831521739130435755e-03
-1.256994047619047240e-02 -5.531735751295334402e-03
-1.161224489795917650e-02 -1.109243697478990787e-03
-6.456521739130432862e-03 -1.230551626591230375e-03
-1.012079510703363383e-02 -4.444986072423396870e-03
-2.749999999999991600e-03 -5.213254593175850084e-03
-8.428333333333332816e-03 -5.889466840052010911e-03
-3.930501930501928420e-03 -3.052461139896372935e-03
-1.116085271317829135e-02 -5.465073529411762672e-03
-5.071428571428564409e-03 -1.258783783783782749e-03
8.045112781954902401e-04 -1.999278499278498052e-03
-9.017374517374511164e-03 -6.653417015341702746e-03
-2.067948717948718540e-02 -5.964477211796246486e-03
-6.650709219858150223e-03 -1.671014492753621723e-03
-7.342205323193906619e-03 -1.710227272727272117e-03
4.101562499999984127e-04 -4.860817941952503760e-03
-2.295719844357971013e-03 -9.434782608695650372e-03
-1.078832116788320042e-02 -5.496749024707406686e-03
-5.276632302405494593e-03 -3.614093959731543015e-03
-1.175874125874125202e-02 -9.533112582781454875e-03
-9.947784810126572910e-03 -3.132554945054943658e-03
-6.376893939393935701e-03 -5.320363164721142804e-03
-4.616666666666663019e-03 -7.937062937062930442e-04
-1.122772277227722035e-02 -6.639999999999995732e-03
-1.245098039215682822e-03 -3.565185185185182955e-03
-3.674061433447093922e-03 -3.948924731182794357e-03
-7.432314410480335247e-03 -1.102841677943160154e-04
-8.762135922330088061e-03 -5.573359073359072241e-03
-1.450464396284829524e-02 -6.440225035161741517e-03
-1.230419580419579370e-02 -5.896301188903562557e-03
-9.502695417789749216e-03 -5.071059431524544553e-03
-6.831417624521066156e-03 -4.561959654178671282e-03
-1.628114478114478861e-02 -2.197333333333331522e-03
-1.111879432624112915e-02 -1.275675675675673384e-03
-9.891143911439111494e-03 -7.917843388960203385e-03
-6.166030534351141755e-03 -2.074452554744524255e-03
-6.335227272727275358e-03 -3.481627296587924952e-03
-8.313725490196070475e-03 -5.538216560509553153e-03
-1.401296296296295277e-02 -5.898110661268555349e-03
-8.346830985915489401e-03 -3.674791086350972982e-03
-1.317736486486485552e-02 -6.383580080753703014e-03
-1.776356589147286280e-02 -3.764951321279553630e-03
-8.388086642599268394e-03 -5.356191744340877726e-03
-1.488278388278387911e-02 -3.063524590163933543e-03
-4.625984251968494332e-03 -2.656767955801102310e-03
-5.288461538461531816e-03 -6.932058047493401196e-03
4.822183098591554043e-03 -4.004115226337449582e-03
-9.766666666666661348e-03 -3.406911142454155991e-03
-1.073883161512026452e-02 -5.499999999999999681e-03
-8.712230215827336532e-03 -9.714917825537291302e-03
-8.658730158730153920e-03 -5.836849507735564603e-04
-1.773893805309734867e-02 -5.529329608938546650e-03
-8.236749116607766652e-03 -4.708217270194985093e-03
-5.064685314685317061e-03 -9.307298335467348652e-03
-9.972014925373126615e-03 -6.485207100591713555e-03
-1.134717607973421104e-02 -4.286472148541111207e-03
-1.725737704918032384e-02 -3.396716826265390021e-03
-1.295454545454544429e-02 -6.517786561264823052e-03
-8.446096654275090862e-03 -7.190179806362376712e-03
-1.444150943396225323e-02 -1.302800466744455810e-03
-1.250563909774435323e-02 -3.162273476112025406e-03
-1.226480836236932583e-02 -2.102941176470585639e-03
-7.219298245614032446e-03 -6.181358381502887085e-03
-5.624045801526715918e-03 -1.213793103448276671e-02
-6.514836795252220390e-03 -5.412280701754383985e-03
-8.787692307692305388e-03 -4.906743185078909532e-03
-4.745487364620934630e-03 -3.560582822085889883e-03
-6.973437499999993530e-03 -2.783284023668637815e-03
-1.011131386861312785e-02 -2.583446404341925486e-03
-1.755799999999999375e-02 -1.670422535211266548e-03
-1.925806451612902676e-02 -7.223537604456822629e-03
-1.203296703296694720e-03 -1.523566878980891397e-03
-8.939215686274497655e-03 -7.081336696090792353e-03
-8.316433566433561325e-03 -2.598039215686274300e-03
-7.023305084745757806e-03 -3.460729312762973568e-03
-1.022388059701492130e-02 -3.851092896174861287e-03
-8.014440433212990933e-03 -4.848191214470284373e-03
-9.670634920634912923e-03 -7.553243574051400448e-03
-1.023321554770316964e-02 -3.863453815261043336e-03
-1.043958333333332503e-02 -6.376230661040783836e-03
