1.615751954170258553e-03 6.549906681628297946e-04
2.056329870510111880e-03 6.284745967581002518e-04
1.422245055556635614e-03 6.493807864022974139e-04
1.756779168940393989e-03 6.440176568144287839e-04
2.156517598950248062e-03 7.790332792100833782e-04
1.134914980666589055e-03 6.982094553245846592e-04
1.467165705180392471e-03 6.336834632848859427e-04
2.131450068055434129e-03 6.160512782371459434e-04
1.255586210808601420e-03 6.351223744002642722e-04
1.403827615592288585e-03 6.353323521677685338e-04
2.295461163699725592e-03 7.481377291472058938e-04
1.735228979368234632e-03 6.296438100194559585e-04
2.119076850773910208e-03 6.575591253059581524e-04
1.327828519549472969e-03 5.552618359529572830e-04
1.649554039922893891e-03 6.719621299579443775e-04
1.501899522454961137e-03 6.614074147057287740e-04
1.643894725615263532e-03 7.323228100981530415e-04
1.321631349129108630e-03 6.517543698321005396e-04
2.398422681491580929e-03 7.060001313547071980e-04
2.303971262654755294e-03 7.925124676981629580e-04
1.219731038657502920e-03 6.167006739837238398e-04
1.798880775125753610e-03 6.766526724127845498e-04
2.237758748596193996e-03 6.721960991914464108e-04
1.272426108910705003e-03 6.386549857883427753e-04
1.578505838459452705e-03 6.124066797073124792e-04
1.625276046825435174e-03 6.645621983292880489e-04
1.586102882514098082e-03 5.686529412915270398e-04
1.210306351917537398e-03 7.150423620495939070e-04
1.572424337812754766e-03 5.812726789410394305e-04
1.979334236438664782e-03 6.712818106743256548e-04
1.618115490903492383e-03 7.584525228560513779e-04
2.256496610760630635e-03 6.190777785818385361e-04
1.746671233262796653e-03 7.266598772988063512e-04
2.081356564766405001e-03 6.267965658479543152e-04
1.551709360610419855e-03 6.557264742520657087e-04
1.678399858732037642e-03 7.525740835293481465e-04
2.443418533985953697e-03 7.578919442079813445e-04
2.160519715460748873e-03 6.495957583924566806e-04
1.898765924509338834e-03 6.393998878987951998e-04
1.270290393869764585e-03 6.851547997337365838e-04
1.800686890738495026e-03 6.360871029232669383e-04
1.097675101654803928e-03 6.475675805289640274e-04
1.674686481788811637e-03 7.195014377142574125e-04
1.378356162421510555e-03 7.271466345561958039e-04
1.929322691390008854e-03 7.435154397801328145e-04
1.742785719734366240e-03 6.509867210263560163e-04
1.562971174329853743e-03 6.829918782109998870e-04
1.835947769444625085e-03 6.419959153178780463e-04
1.531514976135621431e-03 7.194307377555016160e-04
1.755073897957003248e-03 7.750428882902656545e-04
1.926161893072167669e-03 6.091573920865717964e-04
1.505993577682810834e-03 6.189735656635800883e-04
1.605504699968826176e-03 7.008867912965881068e-04
1.575159571429653399e-03 5.838848313230170532e-04
1.688232120141002846e-03 6.270496211958884224e-04
1.456285684019545737e-03 6.499185240754210609e-04
2.226423151355854009e-03 6.985112193609795432e-04
1.969439730413680839e-03 7.897380862380952308e-04
1.437019863110811872e-03 6.672402124495125601e-04
1.721989499928552924e-03 7.616558532860775088e-04
1.700689859986203147e-03 6.764821543599183534e-04
1.789505022217453617e-03 7.325999745820497297e-04
1.651077830038539564e-03 6.970290289894582377e-04
1.547458710337419564e-03 7.579741998545785420e-04
1.628016995124145338e-03 6.530824597486741684e-04
1.357220029600214768e-03 6.535808094193972439e-04
1.979025847593464307e-03 6.811040987440235674e-04
1.885468715417339906e-03 7.391929621216705888e-04
1.955658326580844274e-03 6.923950904221846600e-04
2.094899306584301242e-03 7.231644214156668924e-04
1.343532075193230695e-03 6.312618393526820164e-04
1.413297307198898038e-03 6.092458384888083459e-04
1.443155356012577927e-03 5.812925892655005072e-04
1.781669578120735576e-03 6.223027704829730286e-04
1.669239269658911833e-03 6.823476407341463271e-04
1.271729066060247638e-03 5.786629988471332295e-04
1.606827905110196769e-03 6.695946562279325893e-04
1.472830679128599119e-03 6.078376684597998434e-04
2.204299824097399104e-03 6.911970549886051977e-04
2.104388633320840654e-03 7.383731303423802942e-04
1.758705312495257699e-03 6.855989221858970264e-04
1.652035236439619451e-03 6.402488873509468983e-04
1.728506262078807320e-03 7.339406869363805912e-04
1.509586092952448083e-03 7.409573926441995846e-04
2.047460594050743137e-03 6.423366751874817412e-04
1.609059361362717667e-03 6.681833244527759889e-04
1.489175152130044373e-03 6.736805138384864772e-04
1.808707920880652876e-03 6.288970426762791836e-04
1.920442269888297544e-03 6.618428199718185767e-04
1.896197950863888352e-03 6.468740015416922029e-04
2.165923324824365476e-03 6.777776584160107986e-04
1.659184031350496814e-03 7.072124897064095694e-04
2.330488609050467095e-03 6.721597348843217712e-04
2.013349675372695918e-03 6.805188417360006356e-04
1.477581374832340026e-03 6.136488153290630028e-04
1.707165218452142514e-03 5.395603234291786393e-04
1.625633666855191969e-03 6.005552178826679749e-04
1.359288382207444893e-03 6.476326878409844560e-04
1.839648595348257389e-03 6.617138378507690958e-04
1.499117485504264944e-03 6.769325132820442443e-04
1.952537457084218631e-03 6.084276171344738752e-04
1.628899091197338368e-03 7.642693579977525740e-04
1.517403868548440702e-03 7.152953220730829537e-04
1.160011560757050458e-03 6.117368223545390513e-04
1.704005445872069056e-03 6.906701175509664644e-04
1.364815853339626951e-03 6.053644201332133209e-04
1.955600389312268667e-03 7.479531572813961178e-04
1.217598421441917680e-03 6.389311970771271044e-04
1.465725376412537178e-03 6.032075182933466359e-04
2.011622167875190548e-03 7.295172892355620978e-04
1.526056484875058534e-03 6.803913710366815476e-04
1.674566966154113906e-03 7.323867413141997140e-04
1.899569271207592232e-03 5.559060844865288840e-04
1.727401190699944271e-03 7.050788054639914445e-04
1.892717813046768290e-03 7.181174835417679283e-04
2.267637198765431929e-03 6.326891182648402764e-04
1.880762234629955671e-03 6.472075949030905604e-04
1.683483386768658491e-03 6.168629253032097354e-04
2.432876736535220449e-03 6.817838518979045829e-04
1.717276981176152698e-03 7.787969621620416654e-04
1.648275908620057710e-03 6.246817797932655274e-04
2.108712046055258131e-03 6.013414985825368299e-04
1.792924348390008676e-03 6.339372038044069433e-04
1.729618269160803495e-03 7.212916576126724225e-04
1.572655130681327798e-03 6.888718118226557288e-04
1.456660624165088350e-03 7.448531719347312825e-04
1.778991317276180321e-03 7.627450423165188899e-04
1.731393851246740972e-03 6.618184711658539436e-04
2.348619781544549704e-03 5.981446088425997065e-04
2.166698577657181959e-03 6.065386856792163127e-04
1.774824181285743077e-03 5.806786309675506137e-04
1.614898008393170952e-03 5.754474875598386205e-04
2.190587971238810647e-03 6.365200222820308323e-04
1.400035514885129102e-03 7.381991820771143832e-04
1.256333106639369313e-03 6.590620889331344837e-04
1.991922076783557514e-03 7.961566217970726103e-04
2.378570420058092900e-03 6.599352505665680938e-04
1.758096188609022288e-03 6.430452552514589332e-04
1.516449626643873953e-03 6.923568356385827269e-04
1.559126917851226101e-03 7.016853984165983930e-04
1.504334984960209714e-03 7.177743140017348944e-04
1.176201954541438062e-03 6.215500860541945966e-04
2.011157674529596637e-03 6.505442774004103383e-04
1.440399322303580719e-03 6.793423784487141954e-04
1.791311617223387276e-03 7.268133351303400188e-04
1.424220415496746731e-03 6.811488234544874499e-04
2.347357489582434925e-03 7.786613469417623650e-04
1.838275547166678394e-03 7.277839280772344967e-04
1.308714253579434028e-03 6.490992505719972742e-04
2.076560268860290666e-03 6.705290856166778134e-04
2.007500156985191943e-03 7.325211498523883941e-04
1.571086009730923716e-03 7.425770972668592962e-04
2.073868906268740587e-03 6.346440688162764254e-04
1.347773291773847080e-03 6.941098843760651555e-04
1.381601073945478092e-03 7.276978893929689088e-04
1.762274419320913367e-03 7.107878808593747497e-04
1.431784317045989253e-03 6.142162901415535803e-04
1.881552718697076122e-03 5.736599950592495339e-04
2.172499475373366584e-03 6.041978769717685355e-04
1.407204833765897693e-03 7.413437135778790706e-04
1.639994112508290965e-03 6.900739150934128612e-04
1.566015703320983729e-03 7.051984824846163668e-04
2.107075800536205388e-03 6.415432772566244043e-04
1.623777004613137422e-03 6.276897200220382623e-04
2.629956491544447640e-03 7.235180184578674303e-04
2.450595306340157091e-03 6.464496578247116987e-04
1.633426890033372195e-03 7.570333702254181943e-04
2.047219039257590096e-03 7.137210459266391796e-04
1.638501353536043646e-03 7.019540241723755489e-04
1.990727725310977806e-03 7.409488177908157055e-04
2.067135682980278128e-03 7.149092077011706160e-04
1.863199601625399300e-03 6.157472084630062278e-04
2.072208102960740924e-03 6.952910492826705089e-04
1.866969530900844561e-03 6.586291484872344292e-04
2.229607508015163560e-03 7.327007479206632022e-04
1.645003353089374495e-03 6.555607700708820798e-04
1.465060438545915745e-03 7.010633680876384192e-04
1.611212447572693638e-03 6.860878338907688747e-04
1.735373453749525056e-03 7.346634609404305554e-04
1.690436649081756247e-03 6.524107204383630156e-04
1.503983715707538776e-03 6.956647149069090886e-04
1.247024675706593332e-03 6.462125327458861012e-04
1.668087409189287877e-03 6.976211974064525610e-04
1.675139506377853679e-03 6.357494771049180876e-04
2.228456964792290083e-03 7.383484211992740257e-04
1.791779006765752526e-03 5.925369397805078150e-04
1.751200900364942607e-03 6.555462265503856712e-04
1.651836122655042432e-03 6.844319076757818601e-04
1.851224143534361969e-03 6.376760159293086514e-04
1.549883610189384427e-03 7.168051643169516931e-04
2.144798179341823353e-03 6.131658319970743594e-04
2.124079448297636931e-03 7.185852129464082201e-04
1.396874590988432009e-03 6.280926251997571074e-04
1.741664755021383711e-03 7.409778485985914383e-04
1.676366091671728682e-03 7.431401427037509326e-04
1.834360301524803763e-03 7.758259177713025924e-04
1.948112544684299507e-03 6.369393334600149123e-04
1.980415860083612530e-03 6.567835967967574967e-04
2.021710930289482948e-03 6.183134573816379898e-04
2.450757371664696871e-03 7.485033841962119260e-04
1.544836562594096912e-03 6.727928695157723909e-04
1.364486401993656069e-03 7.253204008192581020e-04
1.837340052234473281e-03 6.780041028288044539e-04
1.194851126972947810e-03 6.758811685849229608e-04
1.886134678491787741e-03 6.058783205047913421e-04
1.740755408186889751e-03 6.790069559729046888e-04
1.528179527567675696e-03 5.974718941110175640e-04
1.960138648716363771e-03 5.573997508249950395e-04
1.971722007834374613e-03 7.397144098236721086e-04
1.821269987150910419e-03 6.944593750815593715e-04
1.428315891472867411e-03 6.597071005917162084e-04
1.257526299162254127e-03 6.905260784549466496e-04
1.712681980170427864e-03 6.900939366781312385e-04
2.329082843930272567e-03 7.376021337242307614e-04
1.965716609523847792e-03 7.041650542243087230e-04
1.611510502296088429e-03 6.868607501465892346e-04
2.121277624704813458e-03 7.939896321697860731e-04
1.840036827973120159e-03 6.507693591703132179e-04
1.738531801442620142e-03 6.379997273944946687e-04
1.949623723835439441e-03 6.620990616044661889e-04
1.835690162442916822e-03 6.786178803777445125e-04
1.745168117208400170e-03 8.409041197065006369e-04
1.261424461593829488e-03 6.302788695732371594e-04
1.522850538183657867e-03 5.516687056190649726e-04
2.025409213844960119e-03 6.328939661555352822e-04
1.513877281850918534e-03 6.893246478247884446e-04
1.916421343827532167e-03 6.305222912789328364e-04
1.682184264300730803e-03 6.548135621005177903e-04
1.350076749755861529e-03 6.941386816281245632e-04
1.673339663706290698e-03 6.602952079830524176e-04
1.860386524870310523e-03 6.559220891898475368e-04
1.750191929982081260e-03 6.764241122384042400e-04
2.481641433646095303e-03 6.218632738220485371e-04
1.616662015090064228e-03 6.948613534526661834e-04
1.585728880988627326e-03 7.498411753549544126e-04
1.582140419962047885e-03 7.047351782342650825e-04
2.131578996649625534e-03 6.300028234267139159e-04
1.632629387243468870e-03 6.874870622306036719e-04
1.616085173299300435e-03 6.334051832240579667e-04
1.881029867505800042e-03 6.370864167666123561e-04
1.693779764612955924e-03 7.068422727414514460e-04
1.759327312586258510e-03 6.623747542581808400e-04
1.672552112874669790e-03 6.654591228226111035e-04
1.912349962390311577e-03 6.306018331386111083e-04
2.015763438227742999e-03 7.186610975828517343e-04
1.956835663771401210e-03 7.024277849835228876e-04
1.905447140195443362e-03 6.548781849068116643e-04
1.343093590937320409e-03 6.066394486781476582e-04
1.907516285028498142e-03 6.173447570306876252e-04
2.059075950945710252e-03 7.416365154679701189e-04
1.942369258028116448e-03 6.040952585312890644e-04
1.683442706023685100e-03 7.395265258917296932e-04
1.475420861420449585e-03 8.333256197528897359e-04
1.590855408636184312e-03 6.262808726074121099e-04
1.907927896656962455e-03 6.991280366940053970e-04
1.965060574263284739e-03 7.104529578419638194e-04
1.468145095702979956e-03 7.224849079356114763e-04
1.900532331804504795e-03 7.145279498214759852e-04
2.147458053666671460e-03 6.283056876225420317e-04
1.710575021670660044e-03 5.038660253234417520e-04
1.792409933149040043e-03 7.238752442299047638e-04
1.726265120997279951e-03 6.481357798642749246e-04
1.395726367877412255e-03 7.135286164800643200e-04
1.823619201624933394e-03 6.472925703035632130e-04
1.888714715174892502e-03 6.366822887906853357e-04
1.809674631867928471e-03 6.844959460361089596e-04
1.468968225802192232e-03 6.765070577329752128e-04
1.890269802901767401e-03 7.004083247697120117e-04
1.660717995042816511e-03 7.281535840011030573e-04
1.600905159437358838e-03 7.210922294811360255e-04
1.954097726724187464e-03 7.209017165346756975e-04
1.854236513095250958e-03 7.822551037742955099e-04
1.678704054201541522e-03 7.202518591855231692e-04
2.118861665676608115e-03 6.731270751706100062e-04
2.267964018361437288e-03 5.955668870259654387e-04
1.399891095714300530e-03 6.143229093449950736e-04
1.356088830410884889e-03 6.496286090627337003e-04
1.446442791956469628e-03 7.585961959033236729e-04
2.013285368220142819e-03 7.555113274088047634e-04
1.662660231513003696e-03 6.760836916143267471e-04
2.200445416203009215e-03 6.453452006701537475e-04
2.062895630844332421e-03 8.321512466426232582e-04
2.147680743855105885e-03 6.152179103529108271e-04
1.740982569716016627e-03 7.838243949086819498e-04
2.136718876772357965e-03 6.472806193206709965e-04
1.810841686787276672e-03 6.859311551335991932e-04
1.797367469963517773e-03 7.314388390782321876e-04
1.377710162495687785e-03 7.854567259846124017e-04
1.251725974259246385e-03 5.818763143005937404e-04
1.631084078238303732e-03 6.799079044238887483e-04
1.750710509337719944e-03 6.753241288222121622e-04
1.236079543967175728e-03 6.456991734966750470e-04
2.132707635880791344e-03 7.627032727813113115e-04
1.714499183942167241e-03 7.282842438336406109e-04
1.428340794949217729e-03 6.978985521627178567e-04
2.158240653251736630e-03 6.081419130917669951e-04
1.880619689495894448e-03 6.841291410333187129e-04
1.683952294564270390e-03 6.539861025607858827e-04
1.951402027186802156e-03 6.304895807464601723e-04
1.342967547743949839e-03 6.906901009893856797e-04
1.978701756760221572e-03 7.359618825374967871e-04
1.614732651716597155e-03 6.608690655060599044e-04
1.910639165162735268e-03 6.122764458188591826e-04
2.112884374411530628e-03 7.053569836723498198e-04
1.500549860035083624e-03 6.679939204175216853e-04
1.897508925356809631e-03 6.690745928441128561e-04
1.797554979310996264e-03 7.108739777557150381e-04
2.051464928039291053e-03 7.497073952964645712e-04
1.863289671266986185e-03 6.487205159288745833e-04
1.957584369172935337e-03 6.082257539118913559e-04
1.538800732918996000e-03 6.575309332741962340e-04
1.467685251623919006e-03 6.796015914931998522e-04
1.587313176386656935e-03 7.213386809468226623e-04
1.662850084385497076e-03 6.797921468425671037e-04
1.513941011102040279e-03 6.044208624322441534e-04
1.369573198303599684e-03 6.790461863764185200e-04
1.533573713356903160e-03 6.829570833346480883e-04
1.739156979231599185e-03 6.398419304285098879e-04
1.349140185653481278e-03 6.538794187377490160e-04
1.514491430305884645e-03 6.776116798224702913e-04
2.729381071524761282e-03 6.256965540615803826e-04
2.326264690931318432e-03 7.077420951866390895e-04
1.720091211022780611e-03 6.425270933344173936e-04
1.403206730931114620e-03 7.499530942673454832e-04
2.103748937141127189e-03 6.373403365565472999e-04
1.284352381941529508e-03 7.885594423810892090e-04
1.705433434110335692e-03 6.805280448019454791e-04
1.848617368105668441e-03 7.064854974876543393e-04
1.669730964602242178e-03 6.012832884403242336e-04
1.968439937552619954e-03 6.474134787605468353e-04
1.383149571561646503e-03 5.752327105441111359e-04
1.173432100402943415e-03 6.003077493669815639e-04
2.024214905374615431e-03 6.892128353959831033e-04
1.254590960704375082e-03 6.153090298744351471e-04
1.518649728676847331e-03 7.531897446252323793e-04
1.375510043328694075e-03 7.067208464304223711e-04
2.048655253929313694e-03 7.896762313243874945e-04
2.086017924511907040e-03 7.292517453333880947e-04
1.862418828010681520e-03 7.604232400213884868e-04
1.919438997071454787e-03 6.745476361030029039e-04
1.509962663388872157e-03 6.630437151035785534e-04
1.593565394853411598e-03 6.384185319091333554e-04
1.485203283029197562e-03 7.087306041900461647e-04
1.982893668941196168e-03 7.475299290996080450e-04
1.731760621810927991e-03 7.395127857205657622e-04
1.548635036157024669e-03 6.923910145853758675e-04
1.707105926997729006e-03 6.622265974313438965e-04
1.234854643030872329e-03 7.127701612296702882e-04
1.482763759959270433e-03 6.483318746888963287e-04
1.768076444191349220e-03 6.378584540544729930e-04
2.058176636121246492e-03 6.396360140014317004e-04
1.940295008957512550e-03 7.669790484773349832e-04
1.849511998379833096e-03 7.795631283233371350e-04
1.414469068037347687e-03 6.032662410419933115e-04
2.140098347411690995e-03 7.518853722557131136e-04
1.855183858437944259e-03 6.515441832089728354e-04
1.956407037769526940e-03 6.873524382549641267e-04
1.420893398873020012e-03 5.936291394609679792e-04
2.263569430157488620e-03 6.157159806912031273e-04
1.829907582525848713e-03 6.673621382705603776e-04
1.540817219867646973e-03 7.069757653754021485e-04
1.932498462828023461e-03 6.623766262151949353e-04
1.797321373297853945e-03 6.417418328077632156e-04
1.678682774340124924e-03 6.718563137916099643e-04
1.213063563746416421e-03 7.094090699810494220e-04
1.994422360285418288e-03 7.063209782481966138e-04
2.691183150317314789e-03 6.775458510122593517e-04
1.527829605322006791e-03 6.270265320821577764e-04
1.646358079477502380e-03 6.478294263084881247e-04
1.693162875756921201e-03 5.925851369928753420e-04
1.800083621254171219e-03 6.999860132189214979e-04
2.140005660741976703e-03 7.943670188398501775e-04
2.478634489943822884e-03 5.902878542395715439e-04
1.899810669021956798e-03 6.395882177046597087e-04
2.818054189167661094e-03 7.660578152937876691e-04
1.748170886729530360e-03 6.557587868752670851e-04
2.530709669008088854e-03 7.352511746087914265e-04
2.377986887735462299e-03 7.670580094425729582e-04
1.284767894475512566e-03 6.290954631653256253e-04
1.500973450019785389e-03 6.298088416530749642e-04
1.612388964257293342e-03 6.025901077932125770e-04
1.780230816223240739e-03 6.642228959260526502e-04
1.870936308085172951e-03 7.892142223838235918e-04
1.640020555555556266e-03 6.533939026629933394e-04
1.486181655054601538e-03 5.760806956247771548e-04
1.735046507803192795e-03 6.795019247252548095e-04
1.527455842667008049e-03 6.120203333182010685e-04
1.491929547821025000e-03 6.671234227504438527e-04
1.757173743293111851e-03 7.559619565160388818e-04
1.706120785162314277e-03 6.186373575697319679e-04
1.362374077839980518e-03 7.216211328381221023e-04
2.154412019533711534e-03 6.665528166351606960e-04
1.903161992254811304e-03 7.456283045454666688e-04
2.500018363216282690e-03 5.675662003380323303e-04
2.512633786539711193e-03 8.249199999313766530e-04
2.017008111560177584e-03 7.526369309614949548e-04
1.430681896890779146e-03 5.611834165895675675e-04
2.017157737414871244e-03 8.478391394504338104e-04
1.567931688944091502e-03 7.293929125764518368e-04
1.776234281122876946e-03 7.555022831084981429e-04
1.613679437345152089e-03 6.438192306455686265e-04
1.482019426769795719e-03 6.121920071268353728e-04
2.185535959734760583e-03 6.892591374415979336e-04
2.083726527631800385e-03 7.193939940920682403e-04
1.580497220408815700e-03 6.678010185152841258e-04
1.453597822669349792e-03 6.660350168327684034e-04
1.409188061924985125e-03 6.704211414582138869e-04
1.428410780200699585e-03 6.751599111351245337e-04
2.172108538274528100e-03 6.473156806264093776e-04
1.689021193421796777e-03 6.790713445732142039e-04
1.948405638002223810e-03 6.514868625158312752e-04
2.132955969556851652e-03 6.573790456956720004e-04
1.754582328430589339e-03 6.753381415700610577e-04
1.270303996010938843e-03 6.692366336898034583e-04
1.771252408865902576e-03 6.754721127878507685e-04
1.764747264545239985e-03 6.655562571207655244e-04
1.256968040486886430e-03 6.323239810339672346e-04
2.356201058435146520e-03 7.491627281380622630e-04
1.721869965700301630e-03 6.373625538045463168e-04
1.722437209814378818e-03 5.868415681377560800e-04
1.718286426348371396e-03 7.064462525482105397e-04
1.890599825613539960e-03 6.602738410322274345e-04
1.400496646136282488e-03 5.813984106116974271e-04
1.552338765767185451e-03 5.766541870179088753e-04
1.601493670547434692e-03 5.625753125246532376e-04
1.529198385036982825e-03 7.160504260239246646e-04
2.123662196711880411e-03 7.036793551788459930e-04
1.758366224625773416e-03 5.990020079908848182e-04
1.726945623290365413e-03 6.479486778042893363e-04
1.512184674467519129e-03 6.949897443975891660e-04
1.191290418173289846e-03 7.070008666765350636e-04
1.948145545456751032e-03 5.748344495842333188e-04
1.644278882139746552e-03 7.425576226800030717e-04
1.939811161413998323e-03 8.120813042670845970e-04
1.604138510540978162e-03 6.486186535793853850e-04
2.012415080436264891e-03 5.702903787022166023e-04
1.474873283217689127e-03 7.451245021999583799e-04
1.647583426621263480e-03 6.575136130757549624e-04
1.532121786955199360e-03 6.474817033251424733e-04
1.280763697076624371e-03 5.925209571436839979e-04
1.417251693758990808e-03 7.036747379766781921e-04
1.672174505460149009e-03 7.659430390099335705e-04
2.210347665954568493e-03 7.363201144156605914e-04
1.313366456916100064e-03 7.524285139731565425e-04
1.299263698366356218e-03 6.482268562610933984e-04
1.446020445001624643e-03 6.146013799358526286e-04
1.193665532199892883e-03 6.682990047052686381e-04
2.335139464143787605e-03 6.531231706557081261e-04
1.531265175604279135e-03 6.843661866064358699e-04
1.874255494487804671e-03 7.683625919761901540e-04
2.553651189161048902e-03 6.971471447359187373e-04
2.476145460986276404e-03 6.572191772899460809e-04
1.499643414682668568e-03 5.394913449752682024e-04
1.734782636870365940e-03 6.743557903075324874e-04
1.763565352626673879e-03 6.297273127595648390e-04
1.933745212551868852e-03 7.173173381292151417e-04
1.059506677419742903e-03 6.852810697808534458e-04
2.169867274688346524e-03 6.702510222752196094e-04
2.225643988418067685e-03 7.302631117587748532e-04
1.725545058980405399e-03 6.456453749955515676e-04
2.069353870219951125e-03 6.070765717273637072e-04
1.486302337306486671e-03 6.748914189437218904e-04
1.845922025013515622e-03 6.499960069558880296e-04
2.625215009069584680e-03 6.643101029319203529e-04
2.440075658583767699e-03 6.728082182437881672e-04
1.680277832085469956e-03 7.213301440911971518e-04
1.338624110883954860e-03 6.667077781469240650e-04
1.338975630785349145e-03 6.650873137274540331e-04
1.744394187798871095e-03 6.766593695489182955e-04
1.371386158893972678e-03 6.424634303582675956e-04
1.895333610115176610e-03 8.130257268211225907e-04
1.620782630925995992e-03 6.897340159417984524e-04
1.583375432333245306e-03 6.261735966637847284e-04
1.829277885793486116e-03 6.732574661865946665e-04
1.943193398799419663e-03 7.639318487005024826e-04
2.000123350182680948e-03 6.958042012745137197e-04
1.765028102845397863e-03 6.723056561722344894e-04
1.711579151573411990e-03 6.947895922417841701e-04
2.136633758488421138e-03 6.448988733901030558e-04
1.454430719272229063e-03 5.743224159824588141e-04
2.189832094190175254e-03 6.115469296466501635e-04
1.829500420202298918e-03 6.263065825676726811e-04
1.437699403104821406e-03 7.410313741240143887e-04
2.060316382185235252e-03 6.386269816894180095e-04
1.568786157132184616e-03 6.883264984350253050e-04
1.360867490609288851e-03 7.051611731600599059e-04
1.597606359239572881e-03 6.548635240473187720e-04
2.208067035134503569e-03 7.144852312658589487e-04
1.605189473302061744e-03 7.014119444896770982e-04
1.952603224255909870e-03 7.984710204440576128e-04
1.472786165890579719e-03 6.766150809232595069e-04
1.832443428785032876e-03 7.422201192160517765e-04
1.409650595977520945e-03 7.249915442927960807e-04
1.557470780303168685e-03 7.069056650102992917e-04
1.492608335816509235e-03 7.411705125376669102e-04
1.531366941031821844e-03 6.780113664147850803e-04
1.948609165384192253e-03 6.101979153455694546e-04
1.519870801440042357e-03 5.839972503141652822e-04
1.598729160994699899e-03 6.433723724914114329e-04
1.854643743155182578e-03 6.664178510611671637e-04
1.867650408114871754e-03 7.591782944186484250e-04
1.269237553471698693e-03 7.143245577860475072e-04
1.916102870940723226e-03 7.171632214698247295e-04
1.451075206370077732e-03 7.308933153444369070e-04
1.652093804941769150e-03 6.482201496254049724e-04
1.470347726180683831e-03 6.538802580701940335e-04
1.355384766346846501e-03 5.958287286228213268e-04
1.674108890244332569e-03 7.739103474121306883e-04
1.829876217992040029e-03 7.123544675956019990e-04
1.732438127271610341e-03 7.606878625861298194e-04
2.857557471468189728e-03 7.262890441508274963e-04
1.488728817517511946e-03 5.666295824128424804e-04
1.357099457761638340e-03 6.071297165067739230e-04
1.447803094462500866e-03 6.438411482496195345e-04
1.696542897300755935e-03 6.525064603506090495e-04
1.805626481420058395e-03 6.128854224004447789e-04
1.310213636956442627e-03 7.536634154725003814e-04
2.216778111712299545e-03 5.716213790476127633e-04
1.683231144864904888e-03 6.468325882582316938e-04
2.222779466888796102e-03 7.040927199008443615e-04
1.845465969430477209e-03 6.228492456912749142e-04
2.145472835106263486e-03 6.751733926227969536e-04
2.047051446646192940e-03 6.473753108747349726e-04
1.800006929605887755e-03 5.376947124113176744e-04
1.585005390903371746e-03 6.152513094240401369e-04
2.447912775194950336e-03 7.112252418908946924e-04
1.400854049819255263e-03 6.539821022117101252e-04
2.391807629495183544e-03 6.515137544797743865e-04
1.825274514997993680e-03 7.065551351530337167e-04
2.067606270276395059e-03 6.835228631898064089e-04
1.642748781940391424e-03 6.404418903179368364e-04
1.825599583875657256e-03 6.338056195600737979e-04
1.482255248180450831e-03 6.245235560625493967e-04
1.426771841158136706e-03 5.968421642256817620e-04
1.468269018893952936e-03 6.204836661118670691e-04
1.510234971874101434e-03 7.758912691875200548e-04
1.830346252837857044e-03 6.373897682138765508e-04
1.810750586321441128e-03 6.601973822479286847e-04
2.306260085400814105e-03 6.688116171702204781e-04
1.739691608729095800e-03 6.607884219639092787e-04
1.419227678090916002e-03 6.374232086890477310e-04
1.525340264907889707e-03 7.209467963061723470e-04
1.609093475064452211e-03 6.556678509434957572e-04
1.642554383669072053e-03 6.539539232359620506e-04
1.411416162213000383e-03 5.872205161534856804e-04
1.982791228516213138e-03 7.035409040887328092e-04
1.371487956281991754e-03 6.283744224474051938e-04
1.479609759106587270e-03 7.735266039797607024e-04
1.974598699272877601e-03 7.315902235380856728e-04
1.911652519569700861e-03 7.204541390028991812e-04
1.913155192834025374e-03 7.011208418566488004e-04
1.874767698609398035e-03 6.807018293908978935e-04
1.565430065399515481e-03 6.133128360792106104e-04
2.031554563115379065e-03 6.474414708699004813e-04
2.015816135545385815e-03 5.818672920133840859e-04
1.786316079055420229e-03 6.949870196000921575e-04
1.751392212206591978e-03 7.681667040765109917e-04
1.795363767145093017e-03 6.894587722793643712e-04
1.633319090976661147e-03 7.220506385957089872e-04
1.800422845903811497e-03 6.903955638436736885e-04
2.422695454643948674e-03 5.628737619317756777e-04
1.920816059333045524e-03 7.338461503652902269e-04
2.055098783700618718e-03 6.315141158922624870e-04
1.818964456096526603e-03 6.948876937003996843e-04
2.071801688200044112e-03 6.183250589937834638e-04
2.009138580923222877e-03 6.962064366544483797e-04
1.354287117394219588e-03 7.277422021257204301e-04
1.709201810536208717e-03 6.558052315054843521e-04
2.086790093472713770e-03 7.006759520907657060e-04
1.260075620073234769e-03 6.042907704850462641e-04
2.495824958391360850e-03 7.835058517211352302e-04
1.720856204515106664e-03 5.798662954105530693e-04
1.570625459518218588e-03 7.691076200207598796e-04
1.191528929669545631e-03 7.381921272734283780e-04
2.121284758569147791e-03 6.808272783315091588e-04
1.864146395992514506e-03 7.756560065432802423e-04
1.587656584560048160e-03 7.105118784251026644e-04
1.749727840369973012e-03 6.202198537429304964e-04
1.773591659680905964e-03 6.231263548423034322e-04
1.797981194286973807e-03 6.811131943418975102e-04
1.722759357372546842e-03 6.201441956686766727e-04
1.389499601482191080e-03 6.789431032872460465e-04
1.421476738976277382e-03 5.966851899257613265e-04
1.909631122045323459e-03 6.957352073034154876e-04
2.006992282779724961e-03 6.724920851119212117e-04
1.809506253139781928e-03 7.328413350040307271e-04
1.353678632511532386e-03 5.964442945459469967e-04
1.435253269400269720e-03 6.875913658035003213e-04
1.785839566155647757e-03 6.619608613392768785e-04
1.911278580240539839e-03 7.232723734202990869e-04
1.594271173711648767e-03 6.805662721317483040e-04
1.989767911859070815e-03 7.448308408805994537e-04
1.805079328997616275e-03 6.894239566667063456e-04
1.329412072932730686e-03 7.523629553110059917e-04
1.406269265018959607e-03 6.430112237292946124e-04
1.677042579868423143e-03 7.172376733263672276e-04
1.940898895916217011e-03 7.031266043144874384e-04
1.123051908161769438e-03 7.150634125253603826e-04
1.487080500611270752e-03 6.715888375891842978e-04
1.493120856659577384e-03 6.847849708979878965e-04
1.320626103167362982e-03 6.480363935090577504e-04
1.579717382684929115e-03 6.262909191245951681e-04
1.825784340599902883e-03 7.882553076230760679e-04
2.085372160125569755e-03 6.967958202621887375e-04
1.737975641135961705e-03 5.804582274781916159e-04
2.180027917488252219e-03 6.934052812988194354e-04
1.843067770238420236e-03 6.162675731927998515e-04
1.246955988693829393e-03 7.425205802325891748e-04
1.773309563602789045e-03 7.141958892971297934e-04
1.493874186157592232e-03 6.161696700132647747e-04
2.289417575244890972e-03 7.589336574604450738e-04
1.274835027692646557e-03 6.576295617070930175e-04
1.687158018730194279e-03 6.520604969910641759e-04
1.944717114288379862e-03 7.022229259639720155e-04
1.954833329858649080e-03 6.391031025859239371e-04
2.045551504659942794e-03 6.536562814343549509e-04
1.763906470861286791e-03 7.205555497860563095e-04
1.956273507722163484e-03 7.599966849474882463e-04
1.971119906055288865e-03 6.041942181798193269e-04
1.352761861104601971e-03 7.052023983352112124e-04
1.376865099907433575e-03 6.777888157086623148e-04
1.690632475602365939e-03 6.625475611593425020e-04
1.712778655682830600e-03 6.630067459102142926e-04
1.544725379326657155e-03 6.390220244417090141e-04
1.659943580667970616e-03 6.375674235852214940e-04
1.372260960757534440e-03 5.204378315058339182e-04
1.887435295907924056e-03 6.707742213963385032e-04
1.613780550467073171e-03 7.920555827668155496e-04
1.505250909400309041e-03 6.717032752858316221e-04
1.930425113896766303e-03 6.470093607364847763e-04
1.604432260835925812e-03 6.599757128237734600e-04
1.655730437441474108e-03 7.243818448389101631e-04
1.875345674992143176e-03 7.025895448869461015e-04
1.683334934998244282e-03 6.785265197015367305e-04
1.511988890572952974e-03 6.186554944544909876e-04
1.815744428425305861e-03 6.190241955534910717e-04
1.748013136809117721e-03 6.601834190802371516e-04
1.782434818841327050e-03 6.648389712819828545e-04
1.368050154606343565e-03 6.761059995137519082e-04
9.448213487320811753e-04 6.942799123509681147e-04
1.430459935843408220e-03 6.318744071867899706e-04
1.413693145901515416e-03 6.169376304542305072e-04
1.591903120622008456e-03 6.984074466587674368e-04
1.559841837935562261e-03 7.360708856240863462e-04
1.843466254527342764e-03 7.145812678292968751e-04
1.991127547115750795e-03 7.324535121332963715e-04
2.348457408292268893e-03 7.995738943391881388e-04
2.313562810667925060e-03 7.647947402940537698e-04
2.264224063190491045e-03 6.134895447665242568e-04
1.795219559227099115e-03 6.723386106520172056e-04
1.227965156702792585e-03 6.771894604359168486e-04
1.674221081639886734e-03 6.578213941398865835e-04
1.703140940948199037e-03 6.080930710980122231e-04
2.358161182226399880e-03 6.430170705957754954e-04
1.857699889970735327e-03 6.937254300757723750e-04
1.791254924308997767e-03 6.853929933600870581e-04
1.754797863498308227e-03 6.511931321320199497e-04
1.872705706218699088e-03 7.365462670145491754e-04
1.450393613538338098e-03 7.425464410371046932e-04
1.837339304105303122e-03 6.433351000364710562e-04
1.889512310660223116e-03 7.348897997491485963e-04
1.457007090797109378e-03 7.084650271872030376e-04
1.353962061951196564e-03 6.058215468170996152e-04
2.154086592619884957e-03 6.934557439309803426e-04
1.717421459426155114e-03 6.713883753045000189e-04
1.788235163640954084e-03 7.226765450199340276e-04
1.716507059087923719e-03 6.798110573131550902e-04
2.145615581234056567e-03 6.671942783433997297e-04
1.552964364046254073e-03 6.718302742493374290e-04
1.524535422286998594e-03 6.633632183396305938e-04
1.578663802578222745e-03 5.928084954273669981e-04
1.985630301722344539e-03 7.095705209419004818e-04
1.965002419018378570e-03 6.712595727848100387e-04
1.521567355725751735e-03 6.619427570477533695e-04
1.721305240337877651e-03 6.900368018463834451e-04
1.521412721572342874e-03 6.572498550002757066e-04
1.854793340466927851e-03 6.104640976685743068e-04
2.014640096001241946e-03 6.795000708100717643e-04
2.007244653244408261e-03 6.535897265454061874e-04
2.289547405228446568e-03 7.402051223350362714e-04
1.717713197417635460e-03 5.532126870584296550e-04
1.954534945713222102e-03 7.012636007326499693e-04
1.591249219264304288e-03 7.264366055793876429e-04
1.809201806360356390e-03 6.905045187617530516e-04
2.005532853916280975e-03 6.330837052007346095e-04
1.781713793158970017e-03 6.663540503680481352e-04
1.708631667241580299e-03 6.423569967281716380e-04
2.295773824416700790e-03 7.073296902927339201e-04
1.884391212427816023e-03 6.800418842807157528e-04
1.445083511047564511e-03 6.655418651726468116e-04
1.805287605227688099e-03 7.221144852540002223e-04
2.179045765580429027e-03 6.353594247335503592e-04
1.967834122954966857e-03 6.457105812883003407e-04
1.358922866683565664e-03 6.025873831668212112e-04
1.988019347353828584e-03 6.570442670474289492e-04
1.745960566365187564e-03 7.325267011383537015e-04
1.836241888147102912e-03 6.371994847255544768e-04
1.765354732382488651e-03 7.489681674585097620e-04
1.813102175061222059e-03 6.871280598346703791e-04
2.065297817710861055e-03 6.953142880250253160e-04
1.522646615608787800e-03 7.409798370289654617e-04
1.574773484779052636e-03 6.951866452869297740e-04
2.524752351020622624e-03 6.800968510206226126e-04
1.875272632002224302e-03 8.169115464018094578e-04
1.594422165037025349e-03 5.567221227159497611e-04
1.451037192046567958e-03 5.951055811271138392e-04
1.937358772051226037e-03 7.182301712551238376e-04
1.367953517488521096e-03 7.061891406075610465e-04
1.742379888420977473e-03 6.854605520306700228e-04
2.360429354631281632e-03 7.297413944439417070e-04
1.865947602484275538e-03 6.315075200813676307e-04
1.518441346935267989e-03 6.571997781306906537e-04
2.283216937937669611e-03 7.176190422751505720e-04
1.802119058761204049e-03 6.983779026325169330e-04
2.428331822325929291e-03 7.236354434290473122e-04
1.575340642479213004e-03 7.503441147014361856e-04
1.954706931094965950e-03 7.012631580390876057e-04
1.717075791995312847e-03 6.727879255360569690e-04
2.335321223165719856e-03 7.303039953077302944e-04
1.554992042005259563e-03 7.085932481019353553e-04
1.549368566426883882e-03 6.284228581025449751e-04
1.833866563050594832e-03 6.417360444966965392e-04
1.967769938351247687e-03 6.939253787578984929e-04
1.896066453399615449e-03 6.580966241839672579e-04
2.454454578930386280e-03 6.807720314460233638e-04
2.317293938757526792e-03 6.392986716719038093e-04
1.629589459998433305e-03 7.282750121368788661e-04
2.105820111097340963e-03 6.650860485562826467e-04
2.065763158714230968e-03 6.370990460844652573e-04
1.689184446092940623e-03 7.177306348859370912e-04
1.511609552267931386e-03 5.902338947035877048e-04
2.455018207681092593e-03 6.606363227881909602e-04
1.989334572472750348e-03 6.879722453611618544e-04
1.708775302248729784e-03 6.604960611111773162e-04
1.950610368355209156e-03 5.984808492330720778e-04
1.587747384884016615e-03 6.334176833935165236e-04
1.093023057344389044e-03 6.489402576555990902e-04
1.581778511037067745e-03 7.171095078725109274e-04
1.374677810772266529e-03 6.888710601762836321e-04
1.896528925872269450e-03 6.901197208346743911e-04
1.831229021444855630e-03 8.116000674328471701e-04
1.457362219867578594e-03 6.763652949317449942e-04
1.405105676487703771e-03 6.390769303632770106e-04
2.338306371001110107e-03 7.776708816440773510e-04
1.950289927642615516e-03 7.081840492893586676e-04
1.523680906090762446e-03 6.587602189562597951e-04
1.354831277344765560e-03 5.919335029364555020e-04
2.077974807232576583e-03 7.447306881561870703e-04
1.913044975629380048e-03 6.657950152837126137e-04
1.712377599146489753e-03 6.334769987005562861e-04
1.979399494303569172e-03 6.507704155096332701e-04
1.918682602075991606e-03 6.760867578765305261e-04
1.473633391110794810e-03 7.279366785725698702e-04
2.099376318971759182e-03 7.275767411534118240e-04
1.509040728088050908e-03 7.236326637888854975e-04
1.844151595746049100e-03 6.965190476163111120e-04
1.674649293499227585e-03 7.041690719802408188e-04
1.459603244957255941e-03 6.428747279263609914e-04
1.203970660830431345e-03 6.426589032862362267e-04
1.727744916626205302e-03 7.042859092416958473e-04
2.025092718370854594e-03 7.307765514312992072e-04
2.202393144958346947e-03 6.808498074921548199e-04
1.666106230892351776e-03 5.949783622750259718e-04
1.606436287246552864e-03 7.812173878505503533e-04
2.364604246380672559e-03 7.295609487848669439e-04
1.725259792062820751e-03 7.166675795809661614e-04
1.837322316779779231e-03 7.168520004418781153e-04
1.844731675197330183e-03 7.161043259943494213e-04
1.694631478061612694e-03 7.496209804116452016e-04
2.084019331484044096e-03 6.985872229976046194e-04
1.849816699484443027e-03 8.198503738237438842e-04
1.480306548734879827e-03 6.545673385422534716e-04
1.611837853545960118e-03 6.164294072493246932e-04
2.098125745516970370e-03 7.667164324169097565e-04
1.979921064858012562e-03 7.003915806667862162e-04
1.489100410516051203e-03 7.607504267960675959e-04
2.068240988307545446e-03 7.897899580583767152e-04
2.321465797989496517e-03 7.278614907681077960e-04
1.604305561709045043e-03 6.331752669303463517e-04
1.760967483636403496e-03 6.220879233445452544e-04
1.823123400011691583e-03 6.636923017643856296e-04
1.840212443515887135e-03 6.900946007244361611e-04
1.951107654516962648e-03 6.424653038265504485e-04
2.047015810132749632e-03 7.293050429189874536e-04
1.855180401947965690e-03 7.692229555561661642e-04
2.238909075541447528e-03 7.255862925917644715e-04
2.227039049887962353e-03 6.651480521378282974e-04
1.622084171836224702e-03 7.605858844876590410e-04
1.502575718145667200e-03 7.719144131994760006e-04
1.824103655733471307e-03 6.769100108203905588e-04
1.497147094219850342e-03 7.322155759550093073e-04
2.029492961116473228e-03 6.586168722860578353e-04
1.921960705724037053e-03 6.507645424420423121e-04
2.149293210979344275e-03 6.820104139959625496e-04
2.130589856851528106e-03 7.392513540630254402e-04
1.173354398958174590e-03 7.677697738364603654e-04
1.651329833473408988e-03 6.412711701418556893e-04
1.520776489319119237e-03 6.255434718753078143e-04
1.717402587927212157e-03 7.062624072513699241e-04
1.583688014595373717e-03 6.775712243037196629e-04
1.553842108677670319e-03 7.594543308998921325e-04
1.686157911509544903e-03 7.445614367818016201e-04
1.521367012344777359e-03 6.450129834191575600e-04
1.864577994120491296e-03 6.987262925203114585e-04
1.631329883822978284e-03 6.875450340366260748e-04
2.024279568193625319e-03 6.449635082081405261e-04
1.206494321922317592e-03 6.285706790228612209e-04
1.473483575721610617e-03 6.933805734383014603e-04
1.472567729328154006e-03 5.953394675531288767e-04
1.755902044777517788e-03 6.185846500464720933e-04
1.617696309048737621e-03 5.864453352515703200e-04
2.186284388975780549e-03 7.453788913626624912e-04
1.663357276764107582e-03 7.008834285920703807e-04
1.875689352820371705e-03 6.367390282634833405e-04
1.850293629067195720e-03 6.092301480143977148e-04
1.729048942147489538e-03 6.763858703448908261e-04
1.870631943591565980e-03 7.001387828752377246e-04
2.169649592705150641e-03 7.173890430259697486e-04
1.113620266162830118e-03 6.618235888353769109e-04
1.278923384538275089e-03 6.752152690099255065e-04
1.450685753109562295e-03 6.692004097693276306e-04
1.465482594706068835e-03 6.412347678027331428e-04
1.654354290915626031e-03 8.074137329089516165e-04
2.341667033218784461e-03 6.840071763506624112e-04
1.613006601608509699e-03 7.046772176616802538e-04
2.117551740659340351e-03 6.580423169435217334e-04
1.742967513339484633e-03 5.624866841544616611e-04
1.428291658937490662e-03 6.149822816492962535e-04
1.429330151890385826e-03 6.590433747431306225e-04
1.799644895806660171e-03 5.935950413556771678e-04
1.517021454524633117e-03 6.632047561407894420e-04
1.508920757018856421e-03 6.958003880133535428e-04
1.573656069589871942e-03 6.559059494546867763e-04
1.501170988417859084e-03 7.319106649060671665e-04
2.390031029650423102e-03 6.508403212341012456e-04
1.932285740552601829e-03 7.435552065414924782e-04
1.364364033062125375e-03 7.091942507814845680e-04
2.458921908839518597e-03 7.269095855647792577e-04
1.501878570456596784e-03 6.438246809522794618e-04
1.676475128675351377e-03 6.714227247795048282e-04
1.714253937606002604e-03 7.045965549236321524e-04
1.398584062694051148e-03 5.802239034921832404e-04
1.700038160254512638e-03 6.096842050964732104e-04
2.272202811773378194e-03 6.025708301042933266e-04
1.866956127721254707e-03 7.447286939141972099e-04
1.663262493059982370e-03 6.999508325476361563e-04
1.919425210269690976e-03 6.229371903348631615e-04
2.111175736206564752e-03 7.321282256626901073e-04
2.264189423706974673e-03 6.873129190047815983e-04
1.953878036304770426e-03 7.437080781211158472e-04
1.127026623218861006e-03 6.484713461511716018e-04
2.085833273807199181e-03 7.061344139962132593e-04
1.995263842778492551e-03 6.829505120459636661e-04
1.769892478412690229e-03 6.496544821758755590e-04
1.654898047969683263e-03 6.470236262157436904e-04
1.560393202841624553e-03 6.172564646427594354e-04
1.197986633658470589e-03 6.989011738316901808e-04
1.505334644315992803e-03 6.831525418560773898e-04
1.099490825026222312e-03 6.319168406353336404e-04
1.504546805089097437e-03 6.435660727756954474e-04
1.840270465603443357e-03 7.100185698238894397e-04
1.490038445917512503e-03 8.133797116549228504e-04
1.966578585974181580e-03 6.148222516740495507e-04
1.287150832535685933e-03 6.295144710188215658e-04
1.860876613671540690e-03 6.562383246041006120e-04
2.069888745085113595e-03 6.452460154036991852e-04
1.931021602423719629e-03 7.298745639502185944e-04
1.363438423816971772e-03 6.137302471888563460e-04
1.517693951718065114e-03 6.855849889473115619e-04
1.590191197782107446e-03 7.856631103035485513e-04
1.706333546176578989e-03 7.604053928657119894e-04
1.583057454452642746e-03 6.834148640924392294e-04
1.702455487347700244e-03 5.979962261518339661e-04
2.169970869524500377e-03 7.476626341433328547e-04
1.441758587345318230e-03 6.100080761107818392e-04
1.344098049531582129e-03 6.531624269296695600e-04
1.521042011806634023e-03 6.419895888521243241e-04
1.742554215787705304e-03 6.180982775106832463e-04
2.059177113944153301e-03 6.728461298268972272e-04
1.914785124159170586e-03 6.584498256359440230e-04
1.166852897146284469e-03 6.947846830989038791e-04
1.152723975336687311e-03 6.802773736276715184e-04
1.350422716430033782e-03 7.466526431501007690e-04
1.528571481862975355e-03 6.330896322166424100e-04
2.870170764284685899e-03 7.189305705065250542e-04
1.509843012642856242e-03 6.539293922581087323e-04
1.752966004485552454e-03 6.458118753211963175e-04
2.160960054907900673e-03 7.520458371343349564e-04
2.358355429446719852e-03 6.999511565004641524e-04
1.452596653312461647e-03 6.623457222820230928e-04
1.668932854443445609e-03 6.372675817356229528e-04
1.547271998554058253e-03 8.348321493493027603e-04
1.404202821579965312e-03 6.307832160930062224e-04
1.716132914519327441e-03 7.397307222314237216e-04
1.997662434084620988e-03 6.949460978808020932e-04
1.495032964974142347e-03 6.216136400058122624e-04
1.771948822575050361e-03 7.057631422189257486e-04
2.171820545000543914e-03 6.261878495961107488e-04
2.145047452159189617e-03 6.376154178775875810e-04
2.327977002730518673e-03 5.879092249527411796e-04
1.930413193646962145e-03 6.512833646538791462e-04
1.182465779001759748e-03 5.730607931170087193e-04
1.402469983010118122e-03 6.877182197333671669e-04
1.561701302850436544e-03 6.743098928557623040e-04
1.946134135563533677e-03 7.137828342773015842e-04
1.624090770497439414e-03 6.892366622478186215e-04
1.968743302151446453e-03 6.625345188206926755e-04
1.903363253000802746e-03 5.609756445787346954e-04
1.704773688897802224e-03 6.394875816267770125e-04
1.462033080625924726e-03 6.380654929935161788e-04
1.809306273815582296e-03 6.604789058999556775e-04
1.654260250990910192e-03 7.104408223493652611e-04
1.431728128501478505e-03 5.802811613812970887e-04
1.509271456595412267e-03 6.248940541462633981e-04
1.892221326844058900e-03 6.126698857925058986e-04
1.977777070055056815e-03 6.702259258751638513e-04
2.051572940220121582e-03 7.151251314360790833e-04
1.960047869152867651e-03 7.932097741758995088e-04
1.442543764334347891e-03 7.064384504993723862e-04
1.419747926412288528e-03 6.740577028695605554e-04
1.481111164644381044e-03 6.768010891819250694e-04
2.159502332525959668e-03 6.959684314270573159e-04
2.242487747903907681e-03 7.841736651923211354e-04
1.628756164235746831e-03 6.819654607577611350e-04
1.657804122105963930e-03 7.697091938099128198e-04
1.662667761486640722e-03 5.597310037905930003e-04
1.621477689983905589e-03 6.163461494421571462e-04
1.486370382791226113e-03 8.002204769763746625e-04
1.800306539020643873e-03 6.655508733416425982e-04
2.256365770670652488e-03 6.305916916485413987e-04
1.679677292657269809e-03 6.646300227624333612e-04
2.187726477851295506e-03 6.305036311929112288e-04
1.730247678785917309e-03 7.128066526350933935e-04
1.043600377700367940e-03 6.312755632176513801e-04
1.208387375340452298e-03 6.900764723207080146e-04
2.161436251914970307e-03 6.933104362577592345e-04
1.691810907647245095e-03 6.665336262701352212e-04
1.928316818474427354e-03 6.789777044634376585e-04
2.287283050912704806e-03 7.697305377043394325e-04
1.994987802904506918e-03 6.851840661442671785e-04
2.008004949474802032e-03 6.568474418295422532e-04
1.962184396359553315e-03 7.697616388844700586e-04
1.791994898083939993e-03 7.196492492306929894e-04
1.859925329040405285e-03 6.600205549399004419e-04
2.212976881651517597e-03 7.141507061029289324e-04
1.987293781175478256e-03 6.734559104504050583e-04
1.801759937361305545e-03 7.382549753511752962e-04
2.113189000592576895e-03 7.415880423014600256e-04
1.886494225878540326e-03 6.098555767306934432e-04
1.547433426545108447e-03 6.697851392854938359e-04
1.572563705446494752e-03 6.508568392384209492e-04
2.150125004367272729e-03 7.192193953929140477e-04
1.942332643936402203e-03 6.647293389477403969e-04
2.025654553270781182e-03 6.325689405168448713e-04
1.973654614342117575e-03 6.715535896882523018e-04
1.601524679988876191e-03 6.654137285738327820e-04
1.653091857269712445e-03 7.416466861736555408e-04
1.906569741164757274e-03 7.239650745241919642e-04
2.323695234488807899e-03 7.399259705810747132e-04
1.278360173534637267e-03 6.395905710052792945e-04
1.566774996079908170e-03 6.812599034232305704e-04
1.485246901220082030e-03 7.752397363170840687e-04
2.368356317608108063e-03 6.618632478512353600e-04
2.157618117846079285e-03 6.123334095965831661e-04
1.845668311920154380e-03 6.633315741152767718e-04
1.476202812525000433e-03 6.363238910243191595e-04
1.770517871869212992e-03 7.277618906721519719e-04
1.479618976419184908e-03 6.906709739565386821e-04
1.739556170735348127e-03 7.510679078181228775e-04
1.657555973855766220e-03 7.227717489447345539e-04
1.854445302083305991e-03 7.577637388757080695e-04
2.053196283261826075e-03 6.370406838942443625e-04
1.975076175815312050e-03 6.825516655849829528e-04
1.892826109511193313e-03 6.219916336155717007e-04
1.898812728386542860e-03 6.125921786266487565e-04
1.108870406418931360e-03 6.124719304129954116e-04
1.736124533693214752e-03 7.568476623518275185e-04
2.019640741728476446e-03 6.275606360946746429e-04
1.451332217048248137e-03 6.767362371674381883e-04
1.894970993437265555e-03 6.157901111685616180e-04
1.303141886889183036e-03 5.913278765133613479e-04
1.812748514007222079e-03 6.484272257655014854e-04
1.648201506308081578e-03 6.151133103395319901e-04
1.748138768692812954e-03 6.685880179033574155e-04
2.046030808918214428e-03 6.744346207275682100e-04
1.588501953745481005e-03 6.865434089979037579e-04
1.775735485409616222e-03 6.775604414183773391e-04
1.604702109994297909e-03 6.209961823146001184e-04
1.895831357448993747e-03 7.138189503472998397e-04
1.980502045981857948e-03 5.894416743171367523e-04
1.183900875049465930e-03 7.537049528796064971e-04
1.259101526389265176e-03 6.560880993612488131e-04
1.700999009393491324e-03 6.444418146843086670e-04
1.785848590457186219e-03 6.783501574087535480e-04
2.027461590253493151e-03 7.073606000337158330e-04
1.174580185440109170e-03 6.302047443815684147e-04
1.843860450715572837e-03 6.830661937569504480e-04
1.880576896109197602e-03 7.442654119501138088e-04
1.749307736133099431e-03 7.239773395356628206e-04
1.803317765446205796e-03 6.508469399449530977e-04
