3.603333090817001285e-03 7.858830885298228198e-04
2.478911368831921910e-03 8.505693891879029548e-04
3.197149139271304383e-03 8.460163603119148518e-04
2.349418974343011907e-03 8.264305379960669266e-04
3.868028757941013689e-03 8.331375781915228334e-04
3.063412664754295613e-03 8.494991623358412545e-04
2.686666269718734640e-03 9.735874017848608489e-04
3.365783223638064026e-03 9.186026444748648847e-04
2.579271636565928609e-03 8.465620685576909134e-04
3.197814051740782877e-03 8.732588275601856553e-04
2.923251702564082840e-03 6.527626893115603957e-04
2.859572193617491292e-03 8.859961900025732509e-04
2.447715733776000945e-03 8.454708857155538186e-04
2.603352771978270121e-03 9.034086319615030605e-04
2.830475786831919763e-03 7.473028379535581397e-04
2.964434323485347616e-03 9.460861219750137021e-04
3.133240311246876606e-03 8.869605450206529632e-04
3.043342987754877552e-03 7.846167744185317131e-04
3.800860169807972026e-03 8.649180427086958483e-04
3.147624327360505365e-03 8.472638535001429660e-04
2.999580420637063330e-03 8.044652032457596082e-04
2.971766598322216676e-03 8.441401714218697058e-04
3.043680177677688097e-03 7.581922390811974199e-04
3.106522488565125004e-03 8.941778854466651133e-04
2.712443182708120914e-03 9.189315728010002092e-04
3.717292290258225086e-03 8.896950071300967775e-04
2.292540217235130087e-03 7.757202740884237575e-04
3.623718565621699382e-03 8.512954108597942798e-04
3.542719224365529357e-03 8.919653803105757721e-04
3.631927735828430377e-03 8.316658437991925057e-04
2.699919755678007426e-03 8.271699801751327850e-04
3.121522066062545897e-03 8.459928101101652029e-04
3.365243603507765864e-03 8.663408538509380363e-04
2.918275383287718960e-03 8.998768090905996143e-04
3.048616236088228047e-03 9.032350848751024511e-04
3.336687207218588282e-03 8.427333337169435343e-04
3.065537960242787751e-03 8.231411599009043649e-04
2.736494648960040993e-03 9.513391986893091935e-04
2.876843780543295384e-03 8.966501641965618670e-04
2.854956464002692679e-03 7.835163498086886863e-04
2.642719366289271021e-03 8.875068849336922253e-04
2.262383590212186605e-03 8.750787084239942167e-04
2.482683454121649858e-03 9.173109061315634031e-04
2.595783178962898265e-03 8.633126596177522144e-04
3.162455210798085798e-03 9.029399458895573903e-04
2.630671671817534987e-03 8.626896411411881342e-04
2.331345234561551464e-03 8.320236414178207524e-04
2.726098401736070775e-03 8.386527470784428976e-04
3.270090952826480279e-03 7.511756699282603035e-04
2.416964200100713521e-03 8.866153257248214582e-04
2.712572381423064040e-03 7.930729857392525110e-04
3.531903045806786615e-03 8.020108430095820905e-04
2.909522167650801985e-03 7.938363303393447664e-04
3.591490178298328059e-03 8.424308371775461688e-04
2.937521712545034924e-03 1.004937794262446846e-03
2.473421197062737175e-03 7.627214416165567501e-04
3.726815849054777516e-03 8.680624408497058728e-04
3.148704525839690800e-03 8.798036911325492681e-04
2.638470641917420225e-03 8.178029537803929499e-04
2.621943245475540345e-03 8.680225967413624649e-04
3.354055598616133109e-03 8.547518888507199715e-04
2.194815592006823472e-03 8.455576193973130981e-04
2.781742597686000327e-03 8.592144238699821537e-04
3.107523348359866617e-03 8.978265323221306087e-04
2.519322470490509887e-03 7.525864526498975658e-04
2.489170803630428880e-03 7.924664296272389752e-04
3.568354258181969003e-03 8.775218177292624802e-04
3.365883323488179889e-03 8.145142318751868180e-04
2.765062407207466953e-03 7.778356270260922307e-04
2.717436057833580530e-03 7.514517069745937613e-04
2.566610675334505751e-03 1.032001424745742973e-03
2.731861362467844726e-03 8.183743773145876364e-04
2.621121816619650935e-03 8.980652916929648955e-04
2.127350919039123090e-03 8.323157343498986281e-04
2.707793049871371361e-03 8.125510149370057406e-04
2.622789769256876451e-03 8.387520730008389980e-04
3.384288490089089156e-03 8.627191693626776008e-04
2.558969846291838605e-03 8.364817974877153265e-04
2.476336138835096620e-03 9.424372590702946931e-04
2.339382795499554777e-03 8.141844450796617344e-04
3.502496278691499040e-03 8.491737562656124670e-04
3.102011266263220678e-03 8.315392169557213548e-04
3.474658043251694153e-03 8.746144443021896695e-04
2.552914168445320937e-03 8.185820547665167242e-04
3.103793042187847490e-03 9.085158864660035057e-04
2.301771079441273203e-03 7.833612992986458681e-04
2.273890522709313966e-03 8.378132118179138724e-04
2.359298002870549842e-03 8.226908921833243427e-04
3.520852346047345822e-03 8.868845725880968381e-04
2.925162390590076589e-03 7.835891881474288520e-04
3.288916745807809842e-03 8.480577169861650347e-04
2.478987533447532879e-03 7.070622089294667728e-04
2.829807681091767776e-03 7.651157664593843727e-04
3.210701751833042704e-03 8.608644609391758558e-04
2.605624370156356048e-03 8.253265016855278972e-04
2.302667187138997002e-03 9.401113070732227371e-04
3.157626876668897381e-03 9.191093955524631647e-04
2.459106763676794077e-03 9.167562655944762242e-04
3.031004386064605101e-03 7.322212849215146806e-04
2.901583037391176640e-03 8.279601905247992600e-04
2.847514429051031890e-03 8.141997168481008868e-04
2.854428715826753341e-03 8.254797811527328326e-04
2.901220908698383828e-03 8.677703971529456429e-04
2.970244075905550864e-03 8.921189031740907587e-04
2.958256263999999632e-03 9.421279745263157245e-04
2.864348419841231726e-03 7.230809673052012929e-04
2.403162007638821786e-03 8.035061681743162166e-04
3.285668446684320877e-03 9.311472863299695077e-04
2.328867986870151226e-03 8.948222611923192706e-04
3.098895369863635327e-03 7.745778705865973132e-04
2.656285898899993919e-03 9.424665583415181873e-04
2.374119968320135502e-03 7.995382160725270863e-04
2.935082565168696880e-03 1.028021356112937806e-03
3.066027054264137269e-03 8.481388085243430882e-04
2.797724309798466525e-03 6.697735283864827060e-04
2.401163184697956143e-03 7.656544033620051991e-04
2.218771280239301841e-03 8.554234459451472497e-04
2.930279786648794325e-03 9.054422327539973997e-04
2.285518351042905086e-03 7.917341597510341167e-04
2.745225387628061169e-03 8.053102489163269486e-04
2.665221013978716358e-03 8.728788802108715297e-04
3.430208454035701526e-03 9.162405911644245105e-04
3.068738290737120251e-03 8.117352588728214604e-04
2.520073389498903027e-03 8.510438328256306195e-04
2.712288957167067159e-03 8.214901403324102128e-04
2.511083983238084159e-03 8.698879477875670315e-04
3.031413605629246569e-03 7.610709789825912579e-04
3.339829750385720029e-03 8.898081649137756311e-04
3.854762111472518574e-03 8.235953759432092800e-04
3.352055889289307176e-03 8.028576835426840712e-04
2.778504063619162238e-03 8.226686976596476412e-04
3.285933526820413245e-03 8.233573069034019276e-04
2.431810755823648855e-03 7.661740544235954046e-04
2.656720985702924233e-03 9.062558706293185468e-04
2.534895267509408839e-03 8.260576279366982399e-04
3.392033360458530673e-03 8.380148600371488008e-04
3.290114350027567493e-03 7.563687746458529898e-04
2.442508255950498128e-03 8.102702181518659083e-04
2.745400549712598195e-03 8.697843250229297593e-04
3.584958229091502347e-03 8.709093153734997822e-04
3.517645293040779809e-03 8.365117982068245991e-04
2.876641818417949824e-03 8.636039478736965303e-04
3.154382679231590089e-03 8.477589132126468838e-04
2.581210398891380878e-03 7.679114349930493124e-04
2.305072098242366956e-03 9.782705450766676636e-04
3.116514928933814335e-03 8.684154462603539595e-04
3.519669700472245755e-03 8.587014892653472209e-04
2.587258152869480361e-03 7.603018355240424332e-04
3.111725708010305413e-03 8.630633174443231746e-04
2.270873241340613802e-03 8.341698152653046492e-04
2.428756066230070270e-03 8.139754833072452298e-04
2.909148096542074104e-03 8.848569023157443116e-04
2.329084391372359363e-03 8.770609939029475012e-04
3.102201348936605048e-03 9.168603530752901694e-04
3.256825457739977083e-03 1.009667271819400221e-03
2.451585537984774833e-03 9.478808430208038923e-04
2.820177291372682592e-03 7.205423379178507249e-04
2.986919811206939935e-03 8.838081645806860264e-04
2.380859648928313789e-03 7.167488797341593429e-04
2.646202976034412423e-03 9.048469380040433108e-04
3.226449755100905571e-03 8.296568306399953845e-04
3.477271959107442433e-03 8.826239782906573818e-04
3.360700426763290824e-03 7.610742118229981996e-04
2.179427062917401164e-03 7.486724832595365855e-04
2.410303088185471003e-03 8.266982120816290108e-04
3.225281446041557837e-03 9.195704414528992803e-04
3.079534318799862901e-03 7.958497352697120348e-04
3.285833349366047967e-03 8.676720026745295394e-04
2.265612576683429923e-03 9.862868565460093141e-04
2.722964298159969397e-03 8.153613955310286265e-04
3.206838028637905031e-03 8.136078513329403870e-04
3.348437517593242253e-03 7.430499539979928741e-04
2.588593292698199155e-03 8.570316215270289140e-04
4.070431855751671137e-03 9.414096318541240746e-04
3.553868501758261633e-03 8.119692303943675969e-04
3.351317562321122316e-03 7.629494400503805370e-04
2.607747687816933287e-03 7.039585358470382614e-04
3.177611108677713420e-03 9.564954549413488306e-04
2.978139184814374181e-03 8.643986938212292566e-04
2.238001881947081651e-03 8.247896190189880124e-04
3.460550366046782900e-03 7.832045832185010725e-04
2.727949714128118531e-03 8.105475944544224308e-04
3.762760786332453120e-03 8.057286534502966068e-04
2.610595006954772972e-03 8.340626746516010756e-04
3.089339416490269330e-03 7.093121925357834603e-04
2.570209892873723690e-03 8.026717061426919811e-04
3.655363984230055110e-03 9.242329931972789606e-04
2.418303895085056106e-03 8.447335517731056854e-04
3.571623137966921640e-03 8.527610997874201376e-04
2.318311539787327232e-03 9.220066902163488731e-04
2.261547809768818008e-03 9.741002456404261730e-04
2.882236782132771569e-03 7.192238071064551916e-04
2.389079602083020708e-03 7.528204824407134284e-04
3.020096800345732722e-03 8.672593762716482779e-04
2.773241288873322906e-03 6.711678195573750555e-04
3.185394855587154756e-03 9.763380016041628634e-04
2.830257963994357515e-03 9.190537634523527396e-04
2.710775598814773278e-03 9.387153236945757146e-04
2.966776246806785040e-03 6.572110182182562153e-04
3.433267151325451131e-03 8.770800770220461015e-04
2.740267174339719534e-03 8.360263080831521103e-04
2.887553610456071711e-03 8.327551097143890682e-04
2.747318087381163398e-03 8.092602953029435706e-04
3.028850810786997902e-03 7.367619242839669111e-04
3.122543579444807867e-03 8.883170263247379753e-04
2.657280229490912964e-03 7.301670421252646386e-04
3.169912868559154710e-03 7.881245144899558111e-04
2.468620491559970608e-03 8.598381071169957507e-04
2.909639933295908327e-03 8.675611763385809817e-04
2.503640281715349084e-03 8.391407277041117510e-04
3.962900153106219646e-03 8.899404776626931250e-04
2.773115402521500548e-03 8.852381323213513557e-04
2.890671907105056473e-03 8.778673529380292282e-04
3.634128053257864189e-03 9.083096784495143898e-04
2.702579364294089345e-03 8.165707365395814647e-04
2.748130009359872356e-03 8.045464412952845531e-04
3.164784880073798906e-03 9.167430771905413136e-04
3.617198887197754786e-03 9.122393051885181389e-04
2.711250263441320092e-03 8.655112879771287033e-04
2.597072926987259705e-03 9.225731620402985965e-04
2.600909026825180305e-03 7.406263562181106524e-04
3.284924930583774366e-03 8.760041251531746048e-04
3.489716782972455446e-03 8.867018483531567598e-04
2.636464933802820914e-03 8.919292649796265295e-04
2.662956335248391725e-03 7.649120330395563043e-04
3.958205773473159016e-03 9.903644319841594691e-04
3.378035151909722367e-03 9.150754695666836079e-04
2.836722613099433056e-03 9.719613063334022482e-04
2.727131760161473524e-03 7.887635303637048276e-04
1.994978824862057246e-03 7.040337116616936187e-04
2.982078098988168342e-03 8.543484941379559218e-04
2.986878836803518074e-03 8.637584236382508419e-04
2.561024601770958437e-03 8.739557571689437988e-04
2.564405929278622005e-03 8.020196633968763389e-04
2.663332839187327727e-03 8.309597651465604065e-04
2.780693113261328581e-03 8.502716991096548153e-04
3.341290875302150437e-03 9.005647358785958713e-04
2.628074862224342913e-03 8.625351982943109787e-04
2.375842918363641181e-03 8.869404726777319319e-04
2.952428179488489606e-03 8.913079521903146969e-04
2.798684183437280190e-03 7.783468615107918143e-04
2.055557742479685764e-03 8.240702097573508007e-04
2.862794880416890970e-03 8.841396489945363207e-04
2.693221325262090682e-03 1.029993820482804842e-03
2.889108879688931982e-03 8.947470284721555046e-04
2.567795708912841510e-03 8.728930192271503819e-04
3.125320770619091984e-03 7.987432716045519791e-04
3.158890480237802351e-03 8.866625272394812159e-04
3.378123977264589801e-03 8.836879752968690611e-04
2.814023698168406900e-03 9.649385456397771045e-04
2.839013273498454393e-03 7.720498717250396130e-04
2.793473264691690751e-03 8.502717262748095981e-04
2.537411182601826722e-03 8.275201176594804576e-04
3.681954303224974513e-03 7.756370949988233973e-04
3.293917425524417724e-03 9.530071269865415806e-04
2.950255556889869006e-03 7.717654484887839740e-04
2.457734874148558707e-03 9.125590164074757083e-04
3.333277901255163756e-03 7.415748780655222541e-04
2.616887195853011792e-03 8.606153333697000220e-04
3.432926479928860748e-03 8.560052904466966019e-04
3.503964943357812476e-03 9.058487889156634871e-04
2.683210855190123253e-03 8.021475540105830852e-04
3.712731240041455393e-03 9.123296624298746519e-04
3.385515208415873500e-03 7.604932300261996918e-04
3.031701514347623014e-03 8.537252148703839121e-04
2.659962604972955068e-03 8.237709893108183072e-04
2.408245817463855118e-03 8.905860842092395849e-04
2.294360905363156469e-03 7.997245581827758546e-04
2.349070676441480498e-03 8.417130413578570360e-04
3.042796903562228900e-03 9.020913589375169090e-04
2.623604283746555632e-03 9.029232941632231056e-04
2.336275957651493766e-03 9.597193503415686264e-04
3.103074264343147568e-03 8.508444855860255052e-04
2.570131215542206284e-03 8.560866450004724548e-04
2.924733152173096713e-03 8.733417759344036697e-04
3.744275829496574760e-03 6.891548039865407361e-04
2.815588156714876264e-03 7.989764097407729563e-04
2.208991945553164839e-03 7.542576456443181050e-04
2.293568260189845533e-03 8.357151364938534416e-04
3.163667062587029091e-03 8.767609620705990505e-04
2.636005883200052448e-03 7.587827340655251083e-04
2.427531297430259808e-03 8.436307377499394251e-04
2.638033868535371359e-03 9.100958860017188028e-04
3.332989917070210747e-03 8.477861557525468231e-04
2.698336206327991114e-03 7.979065661000459908e-04
2.937047533133622674e-03 8.492527761003755820e-04
3.314323058710840538e-03 8.016052610017439196e-04
3.499162444047718406e-03 8.726617559916166915e-04
2.000757168946351843e-03 7.316557984507016067e-04
2.694474444017684253e-03 7.776023792216477494e-04
3.429495655851063415e-03 8.029954039693589733e-04
3.017714290397022301e-03 9.352583448191205320e-04
3.133417244239380776e-03 9.499556393832913693e-04
2.412838067615792788e-03 7.460656510738619988e-04
3.002252317179825766e-03 8.371960975178009213e-04
2.999091251330991779e-03 8.542709741084008939e-04
3.395713424938180854e-03 8.901878647785757548e-04
3.009704605731793048e-03 7.317136126283443681e-04
3.475347663237004104e-03 9.000614189522917639e-04
3.268499250245081832e-03 7.929817467641909600e-04
2.563771731102569389e-03 8.174208763843026021e-04
3.038022956406646186e-03 1.027694358391758548e-03
3.847772282037145112e-03 9.460022783742972870e-04
3.330659370787479416e-03 9.975554065258993280e-04
3.371195411863223221e-03 8.294041985809773483e-04
3.039206743489159153e-03 8.949125303117617209e-04
3.241698467443938914e-03 8.623388471983923142e-04
2.709590658749887974e-03 7.428371798064960707e-04
2.497267802677663982e-03 7.333739458733126715e-04
1.964031621969672577e-03 7.946745760586252684e-04
2.414920029731487325e-03 7.892103053076362021e-04
2.423719620435918747e-03 7.122399961796515005e-04
2.821227707996080102e-03 9.346471630060145409e-04
3.214027008235103514e-03 9.192949060054684271e-04
1.904032566141242557e-03 8.564759780820997833e-04
3.008495115296215636e-03 9.317209087755194945e-04
3.132694651054356363e-03 7.758305565883924851e-04
2.859785611635734352e-03 8.755757009819405351e-04
3.244423557845964052e-03 8.986278667878582187e-04
2.840554915141248714e-03 9.450904515469183385e-04
2.826758032986772563e-03 6.948870860401522602e-04
2.873785217453731031e-03 7.922873349801979031e-04
3.284255561863723329e-03 8.239192703774325709e-04
2.329352922992140862e-03 8.983522926269997197e-04
2.819967269485471745e-03 8.310505456384520168e-04
2.971863653622150696e-03 8.796469562337338923e-04
3.320820989865822057e-03 8.446503935673359059e-04
3.198128123032412985e-03 1.019393734054065311e-03
3.560164777635710376e-03 8.434042944847328950e-04
3.117199420658516452e-03 8.014549149978356926e-04
2.808176807237018884e-03 9.385318869154186472e-04
2.901355023771388496e-03 7.862136453252741367e-04
3.318840928702566657e-03 8.347108140229617850e-04
2.635315529170217247e-03 8.418740892832264795e-04
2.822437205161976940e-03 8.796159598438269651e-04
2.995570003782245267e-03 8.676822314223787014e-04
2.617613984232007064e-03 8.192622541047314688e-04
2.800600030029991826e-03 7.707613775477223763e-04
3.040159686622841660e-03 7.262483131555108303e-04
3.527363814470283691e-03 8.405731711318796670e-04
3.524461112121121849e-03 9.524950358618172394e-04
3.097793740707598283e-03 7.677044633183220971e-04
3.257210903811987891e-03 8.692910441716727304e-04
2.336267323857615583e-03 8.609153628036514535e-04
2.727485764570312422e-03 7.555098904444368466e-04
3.325276294405909647e-03 8.434370725248717914e-04
2.875518090810423068e-03 8.920262381797245061e-04
3.491717902017498106e-03 8.303111453754468416e-04
3.645177232223912288e-03 8.329546177947926532e-04
3.312474415461298324e-03 8.677774025909885643e-04
2.569973027879443681e-03 8.337909296713380113e-04
2.714387990563432457e-03 8.462405835059495611e-04
3.402298899304777996e-03 8.722451820267218287e-04
2.092922283360128862e-03 8.512987036303193812e-04
3.375200795412750497e-03 8.113706027764695317e-04
2.745176550321005559e-03 7.613152336827959171e-04
3.312649588315339563e-03 8.621547345651125798e-04
3.290025219050751737e-03 8.269260417943169938e-04
3.041940711676125071e-03 9.617399377639152154e-04
2.850066896284105585e-03 7.638878001061608905e-04
2.585123504564681637e-03 7.942107481352083526e-04
3.052584272107995104e-03 8.279166808765446453e-04
3.812042817093100073e-03 8.489301048222966948e-04
2.794063503181808128e-03 9.807703853453454256e-04
3.087253345425338379e-03 8.092452985766697849e-04
2.329532054226204300e-03 8.406017672354666303e-04
2.844176254192211026e-03 8.296788153432903138e-04
3.480735701398992264e-03 9.197303833593683435e-04
2.423371010820773216e-03 8.121125869499042950e-04
3.357597064290631771e-03 8.601789217353231209e-04
3.556609893929674280e-03 9.806536712152415410e-04
2.883205047573981009e-03 9.226812298288311620e-04
2.223662468694221836e-03 8.867991985743358665e-04
3.206912368944097626e-03 8.205727982930297601e-04
2.099305048069801706e-03 8.120661567348254903e-04
2.885267487968698388e-03 8.902680738215181747e-04
3.198275971273827414e-03 8.360948118535374216e-04
2.798879665196697848e-03 8.735718648791995777e-04
2.752750408975919091e-03 9.143069876975820718e-04
2.421798875296462660e-03 9.211742876044434888e-04
2.948253978117528016e-03 9.856514464353172481e-04
2.622423999581045134e-03 7.999295027852696945e-04
3.036254064309172086e-03 9.771048948784728794e-04
2.710060740809796132e-03 7.993726984199427728e-04
3.100081874703210227e-03 1.000409125651074678e-03
3.631257883456218919e-03 9.296521770270326770e-04
3.638125594384163282e-03 8.487194047238343650e-04
2.831968642882808865e-03 8.851172259846885795e-04
3.179423299267461738e-03 1.008506547874621698e-03
3.304207227771309603e-03 9.263610285334528387e-04
2.241502471830954333e-03 8.948004085103150509e-04
2.799770488744591709e-03 7.990913518674127398e-04
3.105129361812985697e-03 7.990117026597728933e-04
3.293167381956869401e-03 8.308084371727310043e-04
2.950374647791232947e-03 1.001717067217608274e-03
2.504905572378614970e-03 8.307511503032948908e-04
2.662516953271239911e-03 8.559828798026691181e-04
3.051697707540464936e-03 9.115983235223680840e-04
2.584293342754150243e-03 7.932988053450113885e-04
3.371812822111111465e-03 8.092873274383561655e-04
2.775859973752571944e-03 9.440566382862463149e-04
3.106459260424400577e-03 9.236271765490232290e-04
3.477840661730713032e-03 9.800925621510901166e-04
2.452864318124931258e-03 7.871096451158975799e-04
2.373260956702645356e-03 7.700552135018576445e-04
3.253322165103232633e-03 9.498194278615868392e-04
2.820441721787747547e-03 9.302717234746561443e-04
2.522893822450046446e-03 8.681826511394171277e-04
2.862015000311148982e-03 8.647180583170283952e-04
2.840494943444161601e-03 8.361576436462202222e-04
3.007687343626630830e-03 7.724408460687599712e-04
3.082602688961387765e-03 8.885113908106153464e-04
2.650603231378831966e-03 9.002031211369046796e-04
2.620486244311740105e-03 9.731895509828043670e-04
3.333484635644986139e-03 8.719084093510732353e-04
3.521484158441681722e-03 8.325920448218394367e-04
2.279241953356980592e-03 8.610724097773531614e-04
2.421266965555718322e-03 7.673330215207942954e-04
3.519152131479692368e-03 9.971912580789131942e-04
2.850464281403818686e-03 8.811262932938157544e-04
2.907193328302869889e-03 8.030355090776205651e-04
3.151711595661641288e-03 8.478914318631754600e-04
3.700924694987815095e-03 8.522585948706724130e-04
2.008720081096226819e-03 9.455361831898524694e-04
2.939806906752012120e-03 7.576466657450544109e-04
3.003360241828584125e-03 8.675545786224526674e-04
3.301520056180159545e-03 8.447095734239220806e-04
2.532871208898678211e-03 9.179244782683919877e-04
3.400174988081118826e-03 8.849236034946196452e-04
2.895977867023865563e-03 9.091300355785777000e-04
2.939958567675396168e-03 7.749304951624754302e-04
3.487558427239253068e-03 9.690596043901358999e-04
2.550293742418800833e-03 8.519977849948681074e-04
2.580979746884754737e-03 1.016366120535338539e-03
2.329745710174236078e-03 7.369986195368877138e-04
3.617684464791358096e-03 7.922776653348841689e-04
2.713910361854498989e-03 9.424047191583551390e-04
2.663160202671506667e-03 8.781857491037682421e-04
3.167940644289497353e-03 9.564620822753495564e-04
3.106427491107656858e-03 8.838702914094413157e-04
2.303484348424536358e-03 9.579390572846102061e-04
3.132528814377665873e-03 7.595667503779341984e-04
3.315504120508876683e-03 8.833222320958714633e-04
2.845289813285095930e-03 8.737952871096758964e-04
2.903608729871566194e-03 7.833668757140013891e-04
3.833781210318533503e-03 8.289810511408015649e-04
2.235649731099449786e-03 7.379264436123311906e-04
2.700778674163717072e-03 8.372155747917636509e-04
2.560118000205618190e-03 8.107113547904946016e-04
2.909515740347258864e-03 8.396540846795578616e-04
2.772049346299126481e-03 8.711953379323551230e-04
2.763687255355328377e-03 8.327856901956993702e-04
2.934045159557801576e-03 8.458829536682262607e-04
2.891200302881075275e-03 7.576157237809308083e-04
2.951013102302769715e-03 8.618237326446508443e-04
3.102101945192569949e-03 7.966517843419711458e-04
3.157730101851522961e-03 8.440656068723547409e-04
3.674775870915972069e-03 9.094200897834213426e-04
3.110034501888797251e-03 9.274065117546902506e-04
3.134924619326923817e-03 7.992176230003513555e-04
3.201694433363380058e-03 9.397620003853437943e-04
3.099884935155062995e-03 9.215726350894444183e-04
2.981800846845590342e-03 8.536107028106977492e-04
2.974806548437135528e-03 9.690507358626602487e-04
2.972371762257273054e-03 7.574288976226558777e-04
3.264551330048103515e-03 8.322408535319173861e-04
2.909159954882688682e-03 8.630497276099611701e-04
3.016276052909908252e-03 7.921711946893804368e-04
2.537652085765431699e-03 8.439343530264732489e-04
2.569186143969596874e-03 8.228683176149178017e-04
2.872360452713661715e-03 9.202494977905013558e-04
2.477482308487120432e-03 8.933941899063544681e-04
2.146552638899176108e-03 8.341744605371699496e-04
2.267150376421533595e-03 7.185059852677895889e-04
3.411393558441838756e-03 7.893688051327030566e-04
2.725837957906527154e-03 8.939268686549009047e-04
3.388448662165102331e-03 1.023150195749068445e-03
3.368208240656118437e-03 9.310222238576655769e-04
3.084476705723190448e-03 9.761346905591113338e-04
2.903378586762352977e-03 9.303633466957930828e-04
2.687921836005744466e-03 9.867060489044965094e-04
2.065042804042514866e-03 8.886045025243537046e-04
2.977283720659754801e-03 7.358783446220831803e-04
2.082131468450841138e-03 9.137264930564282725e-04
2.668409039562536899e-03 8.225071348687417079e-04
2.953643738476110277e-03 8.798905384950014450e-04
3.343656581455758947e-03 8.659690217967628157e-04
3.014002918978876504e-03 7.943404403952095995e-04
2.496157941667106420e-03 7.624656179031234554e-04
3.233584410404167966e-03 9.926181832569172525e-04
2.327572066572254628e-03 8.198260372476610719e-04
3.093848581467681901e-03 9.044388671336328319e-04
2.327868988282775359e-03 7.594065152125968826e-04
2.369922186661762003e-03 8.292021870807619269e-04
2.440074852416166274e-03 6.920149345803398942e-04
2.453988691738637987e-03 8.795452099630032784e-04
3.066656050135402409e-03 8.254365852081951924e-04
3.546330841054632938e-03 8.662434591383038132e-04
2.778801073685788822e-03 7.915797839061073900e-04
2.541532383953879100e-03 8.608787916970781547e-04
2.605340637851396527e-03 8.908952218218356943e-04
2.783007435121623296e-03 7.579567409276093647e-04
3.419539327181027148e-03 9.273771821505998958e-04
3.084180037799046179e-03 8.347873631446145600e-04
2.375661658338318587e-03 9.992162651331676273e-04
2.593744085668221473e-03 8.563752136748712393e-04
3.032641838640581441e-03 7.792156832068126157e-04
2.135956161828714110e-03 9.686801558763319994e-04
3.268437884138700959e-03 1.041760958360747830e-03
3.318144200143292432e-03 7.927716788079514207e-04
3.038974862511004300e-03 9.117819951512831731e-04
2.600708846596572546e-03 8.831965623755847318e-04
2.624076046440099522e-03 8.137038760006856577e-04
2.330555105400951201e-03 7.787030061643105457e-04
2.549538276483771706e-03 8.392946774430856552e-04
2.404647082396763665e-03 8.322778122303120616e-04
3.061091759047613551e-03 9.405569575320690953e-04
2.592783226848349547e-03 8.631924282447931817e-04
2.995707204607256282e-03 8.977786106907592557e-04
3.419741714544663035e-03 8.803624265450493746e-04
3.611987002117339821e-03 1.001299773015173122e-03
2.816122564693599936e-03 9.485127501206454910e-04
3.514256521891832592e-03 7.891324266583910237e-04
2.465785776020404038e-03 8.378586531432804813e-04
3.308492459318009959e-03 8.178840645861996201e-04
3.110764553023605446e-03 8.118448564211736039e-04
2.669041411363136732e-03 8.386476326537469720e-04
3.001789784978295406e-03 8.822312334248766808e-04
2.807929497670842711e-03 7.572930068594986748e-04
2.222101547262744000e-03 8.614086041316844876e-04
2.794617935750011006e-03 7.663879170288129044e-04
3.311798200114929747e-03 8.957783724269816842e-04
3.590943334957135899e-03 8.924440993174810469e-04
3.080208310551218499e-03 7.500560034605001456e-04
2.734692341092654060e-03 8.644551610910493301e-04
3.119815714569548672e-03 8.839166335276184934e-04
2.157353420791813161e-03 8.168845810491494764e-04
2.307114691981265991e-03 8.392028926638059848e-04
3.171423216856284703e-03 8.588049148939307011e-04
2.757563280712199347e-03 8.162499225144566545e-04
3.358086755174877203e-03 9.132281280102152532e-04
2.806986841912666782e-03 7.871922687881956204e-04
3.085636492115911931e-03 9.273046315110403982e-04
2.972855461001209371e-03 7.653885916362536445e-04
2.912344513095210287e-03 8.761527855801437385e-04
3.027059415990824599e-03 9.437695395313345495e-04
3.118381582511661233e-03 9.718123334029761919e-04
2.466636625230825795e-03 8.485721607843814884e-04
3.073157556147853436e-03 8.371577606376513292e-04
1.941306657142200312e-03 7.614434744679998224e-04
2.800669705440529331e-03 8.700687254296875575e-04
2.897481736489557636e-03 8.539661436982854239e-04
3.408082844094425645e-03 7.811705796918663172e-04
2.767425399825113128e-03 7.690311015694051115e-04
3.418496050477751354e-03 9.103522915430768041e-04
2.443859443061657290e-03 8.326336809533947409e-04
2.714797338318618476e-03 7.779024380337177169e-04
2.603093538895225219e-03 8.482143743975684158e-04
2.814503287175130781e-03 8.134937524845543616e-04
3.189719153830594678e-03 8.287565440619730365e-04
3.142823537784351657e-03 7.763386770111703299e-04
2.566341173115778852e-03 9.430049721991451894e-04
2.361169405555171678e-03 8.726235543745981989e-04
2.335359563461780232e-03 9.829905491024865626e-04
2.404282476004057992e-03 8.233808995698684323e-04
3.230287761814026881e-03 7.625639432195554764e-04
2.865695994872863046e-03 9.243144980852837115e-04
3.152737702024781263e-03 7.559544070056244949e-04
2.857262783931033973e-03 8.103747853897135412e-04
3.272119818772264380e-03 7.417872320857597269e-04
2.800781594262042370e-03 9.275644327177657786e-04
2.703300031172736761e-03 8.312672825061880478e-04
2.411368079204195825e-03 8.028380734450830773e-04
3.160202607953113176e-03 8.477493013069199159e-04
3.620968058390607903e-03 9.084648439382310339e-04
3.479970982514906438e-03 8.592519971342127676e-04
3.502962230215826960e-03 9.342768595041319813e-04
3.306838266513704647e-03 8.034423049752445175e-04
2.951327664801347336e-03 7.536174749279301449e-04
2.093900829912845145e-03 9.462658852446776455e-04
3.403117415080746892e-03 9.144558180154235176e-04
3.758823886525485946e-03 9.231787503660262347e-04
2.916153232105560354e-03 7.477882275621705946e-04
3.169844800915577569e-03 8.149604936112497377e-04
2.472048050502538043e-03 9.425346228340082981e-04
2.692342052321318631e-03 9.172241527407036694e-04
3.167430436234954568e-03 7.617976250826343464e-04
2.502542974668108336e-03 8.044099480820470762e-04
3.448331240541690525e-03 9.024335032150851725e-04
2.963632719494344644e-03 8.840126553850982888e-04
2.817469975146351651e-03 9.219433322141696316e-04
3.486591219635517928e-03 8.576712328352383485e-04
2.333713317508897926e-03 9.229262871331971214e-04
2.722638149286586880e-03 8.848302327447086753e-04
3.110268151689821962e-03 8.746830826043017768e-04
2.581733969759687167e-03 7.613852274401800273e-04
3.294372758001088385e-03 8.800423773866006358e-04
3.593135598643468903e-03 9.436228867387623596e-04
3.270748396538168158e-03 9.418247565460535200e-04
2.397413566893590378e-03 9.143293645849988761e-04
2.453572240245646078e-03 8.854234469824324950e-04
3.074318784259264230e-03 8.851835944869100017e-04
2.880456674567570194e-03 8.417470568268208128e-04
2.565696150751107900e-03 8.365883516712103616e-04
2.812569415175513766e-03 8.288185471359908567e-04
2.604971614084927202e-03 8.510239647063994137e-04
2.722528413933635733e-03 8.440666962153381804e-04
2.941369267985852794e-03 8.921863825017467466e-04
2.630714573846248874e-03 8.065392020232632414e-04
2.126374510215510352e-03 7.843511228390580162e-04
2.654676438089365043e-03 8.318448657069467617e-04
2.941083527132312345e-03 9.888231705773816490e-04
2.907534450286926916e-03 9.642834948101744116e-04
3.655042557010997496e-03 9.301233534343711102e-04
3.102552129591802307e-03 9.747380396497441583e-04
3.527394088476723012e-03 9.413768043242819357e-04
3.025273455161942623e-03 8.956571112303707326e-04
3.014354887482876590e-03 8.115031545660521088e-04
3.416569915269796528e-03 8.335067479908972194e-04
2.283657191770020137e-03 9.575602929655344141e-04
2.343666426557465023e-03 8.418688627951181848e-04
2.427969570290133567e-03 7.543107008567539323e-04
2.748172807254577535e-03 7.698590155993056093e-04
2.489754074344643995e-03 8.464855533806287663e-04
3.323911639367310971e-03 8.703574371165319779e-04
2.393611390976969032e-03 7.782071989459769324e-04
2.939366683948251881e-03 8.383776062367479355e-04
3.519582160894841119e-03 7.523297157018871183e-04
2.826303562257272920e-03 9.704543123377095586e-04
2.696435897187351820e-03 8.790313355759786333e-04
3.428637169200467877e-03 8.434444857645019165e-04
3.011038960430855241e-03 8.375759509502620197e-04
2.529664134651919867e-03 8.399596039699443011e-04
3.318044280598268607e-03 9.576327520402163783e-04
2.740000882966062493e-03 7.854890674521565995e-04
3.320981571085501131e-03 8.417245439021579789e-04
2.257790198969487558e-03 8.349471526809154913e-04
3.252338146546546616e-03 8.441643110490375506e-04
2.911414171790251051e-03 9.874214728980070400e-04
2.720717892183803065e-03 8.128318105793694379e-04
3.439624230656490068e-03 8.363296753916113664e-04
3.229255911315054989e-03 7.701784747757916497e-04
2.563252351831405828e-03 8.068598355729952832e-04
3.107402655655196362e-03 7.691149135255505569e-04
2.141391104878034076e-03 8.550290556123150889e-04
3.191025122606963756e-03 8.779912535703087969e-04
3.247909360878221616e-03 8.200902912506143278e-04
2.552740313981054655e-03 8.556267978164802624e-04
2.937630983347661214e-03 8.402469135044672794e-04
3.108171530890881454e-03 8.550647510160640057e-04
3.121933976881503554e-03 8.100918776101014322e-04
2.337874958519324444e-03 9.642600076841149415e-04
3.047453929138619223e-03 8.612203638003881412e-04
3.405214519736030846e-03 9.413749475773419261e-04
3.377423496833310227e-03 7.745599014049644191e-04
2.898578228593254313e-03 8.813315419037059993e-04
2.292515896537707532e-03 8.564361655755548105e-04
3.784163440592549534e-03 9.137269155514976928e-04
2.433189469583672392e-03 7.697600337221018009e-04
3.325842998701018446e-03 8.329516303720313356e-04
2.778658616664396452e-03 8.532819569840187270e-04
2.553293282487485542e-03 8.364475311356438583e-04
2.711761889088963508e-03 8.014603810947774128e-04
3.583625006276834959e-03 8.387162273163176630e-04
2.929938951606874450e-03 9.354157283163489498e-04
2.546654593216026840e-03 8.513236546620072970e-04
3.136317610740699778e-03 8.658032010149069270e-04
2.642056696195897638e-03 8.023957859911335245e-04
2.506930652397827263e-03 7.798909136582609074e-04
1.720509484558284830e-03 8.155161372193491269e-04
3.154780550729444945e-03 8.524506040114136242e-04
2.385155004699239609e-03 8.587880442113595943e-04
3.287540891881126064e-03 7.672369408708439335e-04
3.307658520713252243e-03 7.446787635895212856e-04
3.658774351899673951e-03 8.575577045940021778e-04
2.597436836415671375e-03 8.828134887208377579e-04
3.309377165713730997e-03 8.282571347861039310e-04
2.267597451911064228e-03 1.012326919955174563e-03
2.553296753682439846e-03 7.796127931697185466e-04
2.738812016398434451e-03 8.448801542226695759e-04
2.693481403970426295e-03 8.373234246877907455e-04
2.918267892104399030e-03 8.447665859392984328e-04
2.699422073025765489e-03 8.599561815065845469e-04
2.852530532525509623e-03 7.522980325255097236e-04
2.910256801569601013e-03 8.993341838772412385e-04
3.049442965803483927e-03 9.294994019005982768e-04
2.923763749830257577e-03 7.808310654145404891e-04
2.004674195906432695e-03 7.486618529040405456e-04
3.171823550762565159e-03 8.626115530814690768e-04
3.535117224751600524e-03 1.019796717307691440e-03
2.413294927340108639e-03 8.189935217907881593e-04
2.648960792320154047e-03 8.658595015312236338e-04
2.876306074454701000e-03 8.541911952574885846e-04
2.387959022900142982e-03 9.257341030716361840e-04
3.232719158521607083e-03 8.369587335423393434e-04
2.986828869986009414e-03 7.532356058538531912e-04
3.187391194700797507e-03 8.833638682112891771e-04
2.770766309596234527e-03 9.035803851803128487e-04
2.648051378467688403e-03 8.328106312464389266e-04
3.144477112182892872e-03 8.694419647544661877e-04
2.658200182012344318e-03 8.471566374114039913e-04
2.639530138972748415e-03 1.007694956526989510e-03
2.527520906233370144e-03 8.993709133035060954e-04
2.837355735979675379e-03 8.933146158374702991e-04
2.753885477315857599e-03 8.639764939434661220e-04
2.989217680574519660e-03 9.855040640512414182e-04
3.346243542974287975e-03 7.613180302906320676e-04
2.653503787398070121e-03 7.471202381085173755e-04
3.367200695104839020e-03 9.847911036525343071e-04
2.707592249868537304e-03 9.882801977083685747e-04
3.208410697459852974e-03 7.507717147327824109e-04
3.523130315258602395e-03 9.287436358993572541e-04
2.475232208847466617e-03 8.544490380021065251e-04
3.184759122386956586e-03 8.572609273306668878e-04
2.952782541623169207e-03 8.781411841656854489e-04
2.701818312442094260e-03 8.340938061126328606e-04
3.126333020684601838e-03 8.191935116000465759e-04
2.753402615650908138e-03 8.577371695769414823e-04
2.503668539837816502e-03 7.327655570086433331e-04
3.208115227038843120e-03 8.806315454661786191e-04
2.789159627945696565e-03 8.655110057994634632e-04
3.040522383644557458e-03 9.743726702204808269e-04
2.399825503120239442e-03 8.532506425725735512e-04
2.932209532910980826e-03 9.704001766324344335e-04
3.589682796076167949e-03 8.070364283017007626e-04
2.888154579779061981e-03 9.364409851321541011e-04
2.721562629269568597e-03 8.947480661137980360e-04
2.981134692756802745e-03 8.718578628435391014e-04
3.253390605985831494e-03 8.472911581173159148e-04
2.219048627356588928e-03 7.925034515622284307e-04
3.230850130182837121e-03 8.093530104318303817e-04
2.483976344297491711e-03 7.919193096654560159e-04
3.031287222400049462e-03 8.729675255451820179e-04
3.039590985080694967e-03 8.738213819524387471e-04
2.591990295523300888e-03 8.297835325770399305e-04
3.104364105699827011e-03 9.387797135782845062e-04
3.316101743473958297e-03 8.414437486888872407e-04
2.312019039967463593e-03 8.340447954619687951e-04
2.466735340746190226e-03 7.545293796756298967e-04
2.765821025156201679e-03 7.186118158362310047e-04
3.003765402148074644e-03 8.519735113465690471e-04
3.152285037430601917e-03 8.164088012694758123e-04
2.673060887344486623e-03 7.883772860955924654e-04
2.237012229208377567e-03 8.286648580204058166e-04
3.088266632462599755e-03 7.662915167218586595e-04
2.725715348028893113e-03 8.562446485495733492e-04
2.691539619240154117e-03 7.001995217489428601e-04
2.360443721380050142e-03 8.314672576595165659e-04
2.586399634752589109e-03 8.135946621523933034e-04
2.661042310223934830e-03 7.844450847690050089e-04
2.956533343149584173e-03 9.099285153830587733e-04
3.066552287707111774e-03 9.222841095323714485e-04
2.636665231452008009e-03 7.539533954431536147e-04
2.778745096416693205e-03 8.081092457269307711e-04
3.710529483333779854e-03 8.475531223755625046e-04
3.448466013102857632e-03 9.144609793847764808e-04
2.538203943740856457e-03 8.048765989365386534e-04
2.689559963118622835e-03 9.052754249941640831e-04
2.936957947585502708e-03 9.921469677141030348e-04
3.665118586948552890e-03 9.071195551177226903e-04
2.669620271210280081e-03 8.236262533500592932e-04
3.017048737934085838e-03 9.072911313345590704e-04
3.292868931174112220e-03 9.433213776532454846e-04
2.717605340437191999e-03 9.348072223701337641e-04
2.611446201705534126e-03 8.536755311995697110e-04
2.760535278647089502e-03 9.219622432794869621e-04
3.239614732048160407e-03 8.043067697893244812e-04
2.892599661351739470e-03 8.375488371759159641e-04
2.603356524614036487e-03 7.504421950839161798e-04
3.591764906573263836e-03 8.547700679141172859e-04
2.180593479316636930e-03 7.672768574696730692e-04
2.668404941854087432e-03 8.551237695706791599e-04
3.127407119524035651e-03 9.350430408649092065e-04
3.180205548121809410e-03 7.727409441780716147e-04
2.160969287600327231e-03 8.706439339469077042e-04
2.148771039625140683e-03 8.375079063981767050e-04
3.018746056808160709e-03 8.579069582729025121e-04
2.825936599055457396e-03 8.851269091952623401e-04
2.954672649833093787e-03 8.529936470598034398e-04
2.861023738130001864e-03 9.271128226298705911e-04
2.471764074156739769e-03 9.298266507319070777e-04
2.548546464557434679e-03 7.974795580178275015e-04
2.992883582401563176e-03 8.210477383844698744e-04
3.400395718388702325e-03 9.784912153253922350e-04
3.660232655580013695e-03 7.912166619393174545e-04
2.393166053343210014e-03 7.795333511025582737e-04
3.248986094992541759e-03 8.712303326879909443e-04
2.704229621977190939e-03 8.512919736040581650e-04
2.932357835327097876e-03 7.215625147805932891e-04
2.754084942637533961e-03 8.334471155340723988e-04
3.336942445162374270e-03 8.750173410232961512e-04
2.452788475868312654e-03 7.610869550458965443e-04
2.181490340477321589e-03 7.880456470557858180e-04
3.684557055724233150e-03 8.451708222598938681e-04
2.110548562060299196e-03 9.185177302931614354e-04
2.893136338582617383e-03 7.928159897778036536e-04
3.393536182331635849e-03 9.725920357023001535e-04
3.161093148648455760e-03 8.124769955082936567e-04
2.996829743485409855e-03 8.255812370731497761e-04
3.155634080908151316e-03 8.068806076809452226e-04
2.411549255803436837e-03 8.945791041137296290e-04
2.409501529124655206e-03 6.969563703321259539e-04
3.028576988303535202e-03 8.301403990063072058e-04
3.455002795031578318e-03 8.677436201290604370e-04
2.582956158841168484e-03 8.617974978961701234e-04
3.425069155816594206e-03 7.670051750978074210e-04
2.806011792971386653e-03 7.902079830044725448e-04
3.276151177321304491e-03 9.259107569550457939e-04
3.062309934334696889e-03 8.704505305027365096e-04
2.605230452750980849e-03 6.981247803396630576e-04
2.964750626245458206e-03 8.661191701095139785e-04
2.942362015699083542e-03 8.528695808733057502e-04
2.441405273545618239e-03 8.315974588663985461e-04
3.783939750833356912e-03 7.964206362648924929e-04
2.305610810413851082e-03 8.655851738440101381e-04
2.499124155511808429e-03 8.367364859703058056e-04
2.470371027458890915e-03 9.339389475768616368e-04
2.805681655103804510e-03 9.150372328382336664e-04
3.014938778407832542e-03 7.565701288771390243e-04
2.606790123149683915e-03 8.627286383194383195e-04
2.497367151759327230e-03 7.238057772439981117e-04
3.274013017449714080e-03 8.331874288906987707e-04
2.913297545253381096e-03 1.020957412367142023e-03
2.720683959080874396e-03 8.079032580776952886e-04
2.215465725385488017e-03 8.701875667869086615e-04
2.683455650667650790e-03 7.392096482325858850e-04
3.150044238618621671e-03 8.081279517186147881e-04
2.850741026604677181e-03 7.967969594451730555e-04
2.593567563091506330e-03 9.006665721847876682e-04
2.661773669660067072e-03 9.282470306059751024e-04
2.802441978088396866e-03 9.353151920180849573e-04
3.443936472859196116e-03 8.338234496838254706e-04
3.319000397392092225e-03 8.335844192526387433e-04
3.868075598356221240e-03 9.512886605275326299e-04
3.058951859595146656e-03 7.251329799008453302e-04
3.459630352217641334e-03 8.021439048913512563e-04
2.809279777091964591e-03 8.345042615195741352e-04
2.807449244983749922e-03 9.160358787492343426e-04
2.845246356780581701e-03 8.015677507199757586e-04
3.206521563817596714e-03 7.394736472904989101e-04
2.204687476358408761e-03 9.326442552397661142e-04
2.660480327127917426e-03 9.185131852181032579e-04
2.076766818757503491e-03 8.712000873051861183e-04
2.923329562129324977e-03 8.869021801121725317e-04
3.267828625943335324e-03 7.993564480748944438e-04
2.988422419319019738e-03 7.373421062195416147e-04
2.651628295283756705e-03 8.507621656889408903e-04
2.704661957437398592e-03 8.258035748174253829e-04
2.424018609582483455e-03 8.427509977379169914e-04
2.671430812841217757e-03 8.596632377565179093e-04
2.359394011824575942e-03 7.851644153780466080e-04
2.972135059384865829e-03 7.940908399870025974e-04
2.937058981929724366e-03 8.749441612141442516e-04
2.682401798457835496e-03 9.177966989236325309e-04
3.119725063310288277e-03 7.668280592648397780e-04
2.671614269740117502e-03 7.178279090419930307e-04
3.049597953091031689e-03 8.087322404373922672e-04
2.719300557715491860e-03 7.343234630101475252e-04
3.058488276109418581e-03 8.523238510383683488e-04
2.608819339490683030e-03 7.335710171454982650e-04
2.776845337863151526e-03 8.002657464082421623e-04
2.493331904364773713e-03 7.969117610034803659e-04
2.548905957410526908e-03 9.887546039622516301e-04
2.583945409217319137e-03 7.824171170849927295e-04
2.591536310704743371e-03 8.803308106811399709e-04
3.044476585634126216e-03 8.940514757916852209e-04
2.924351265308294378e-03 8.856266445041611210e-04
2.446001839015685218e-03 7.920410758062917467e-04
2.941499159840369870e-03 8.958948321742180422e-04
3.271874528498210175e-03 7.811788696444918294e-04
3.499237796354913096e-03 7.903210111486544528e-04
2.174807684526366535e-03 8.890442589087175660e-04
2.766627192845064805e-03 9.115934718825599754e-04
3.251838326753275429e-03 8.887090855715460563e-04
3.297176266015106830e-03 8.017506003774470301e-04
2.303099527458517693e-03 8.451410295687426279e-04
3.113707908639993388e-03 1.003660013265628365e-03
3.422870679383146694e-03 8.087630134217442882e-04
3.438610981024623880e-03 7.746034604151942615e-04
2.346621980509570361e-03 8.027842129465259354e-04
4.060258579145628773e-03 9.301811537724949310e-04
2.931659219556952568e-03 6.841818861756200415e-04
2.551388835542327954e-03 8.942904003357859564e-04
2.819865853891796639e-03 8.618640869844415141e-04
2.719848267870393372e-03 7.630698797339487832e-04
2.933003206007383894e-03 9.201117625859963440e-04
2.089956315670689260e-03 9.326844265683131461e-04
3.288825689456713070e-03 8.561382762290223975e-04
3.075766073961592670e-03 7.066821041310316319e-04
2.484024768804497102e-03 7.014653766809774999e-04
2.428967354528735554e-03 8.224083482364714015e-04
2.805577626141798203e-03 8.800606303150781268e-04
3.635040333478054605e-03 7.579339751653854217e-04
3.845902313598526055e-03 9.594221360926485746e-04
3.242472473075589268e-03 9.072349066407009183e-04
2.058127843929611397e-03 7.884160321625671057e-04
2.488675825057456038e-03 8.823733305524637544e-04
2.549487556880914232e-03 8.130314990616350915e-04
2.111135209731286686e-03 8.287706598729230626e-04
3.103567177435607224e-03 8.718963456664232618e-04
2.975805658082212625e-03 8.915400624493348934e-04
3.312636622094228874e-03 7.301990391663213970e-04
3.412072517767318538e-03 8.017856114772038949e-04
2.781905859169082548e-03 8.406084425834014183e-04
2.870205076273875475e-03 1.015076127391560364e-03
3.424706527424443980e-03 7.554701718963308847e-04
2.872776950251049784e-03 7.872307642239215414e-04
3.131577206929636592e-03 8.208068954117862630e-04
2.738631327380526385e-03 8.113862326923296925e-04
3.077745648607136536e-03 9.351870208897456382e-04
2.732805805484884564e-03 8.925963074464933434e-04
2.869800005870113465e-03 8.937811215135757449e-04
2.558251683761150665e-03 7.538395507466312062e-04
2.601670510092315113e-03 8.433140476979736734e-04
2.990079458468981616e-03 8.505720209713879976e-04
2.879984983651939778e-03 9.504686462659219567e-04
2.805200740493585601e-03 9.064706109183787511e-04
2.204193924495404834e-03 8.831588208011784255e-04
3.238884054698585539e-03 9.175047384151103916e-04
2.631611138603603701e-03 8.691498002530018271e-04
2.872140570479357353e-03 9.007961348368748872e-04
2.741550678732398126e-03 8.562243837683694526e-04
2.578897993490889950e-03 7.452765706109819787e-04
2.607547153714979971e-03 9.016709875047809958e-04
2.871531499497094811e-03 8.991292684292276609e-04
3.461360380422975804e-03 9.271173136575162812e-04
3.177639977197068821e-03 8.810829777828856285e-04
3.376761726988452336e-03 7.791003079236402716e-04
2.475308606087112204e-03 9.031529357291926460e-04
3.063266251519859013e-03 8.410775843946878853e-04
2.817150630752793782e-03 7.518230813864517107e-04
3.707374063186691816e-03 9.822036357073657235e-04
2.740922527270484889e-03 8.977161536045794770e-04
2.331081672507670250e-03 8.687148343931140951e-04
2.445188593242126913e-03 8.758645299346353059e-04
1.999112252869418051e-03 7.494494621717441400e-04
3.590340214553229374e-03 8.154179957374418572e-04
2.070380733279165823e-03 7.788858257319770375e-04
2.487858248503052247e-03 7.212677007776391964e-04
2.732657761186369026e-03 8.477137471018614343e-04
3.608369744010359124e-03 8.720980607527362540e-04
3.230369664313684219e-03 1.014846374109866587e-03
3.051876932829851365e-03 8.499951478547371165e-04
3.812741073504241889e-03 8.222824243016382297e-04
2.286897757283915238e-03 7.780970610336007546e-04
3.034604293511776289e-03 8.624711678435349315e-04
3.006298739170557358e-03 7.322123975225395057e-04
3.553739561408813738e-03 8.848503887489047714e-04
3.006453036639734726e-03 8.809790440467333249e-04
2.998516981986040775e-03 8.390134207221723768e-04
3.002595884303208614e-03 8.660111014363168925e-04
2.905299554134172652e-03 9.714776907658052288e-04
3.495967165000432586e-03 9.244819320982716141e-04
2.884142838049506656e-03 7.791551145184247079e-04
2.189045061683657454e-03 8.313796341012488680e-04
2.737113417636321145e-03 8.078631983778691720e-04
3.055522776140883953e-03 7.471656267885301963e-04
2.889587089101166000e-03 7.061223842652475510e-04
2.674995754718413523e-03 8.716149773016216218e-04
2.402778857911673505e-03 9.574056543024365984e-04
3.552520820220740703e-03 8.528026429430113830e-04
3.526308864263692864e-03 8.261828550925844799e-04
2.710499246580638615e-03 9.084923264665487833e-04
2.988248440344593027e-03 8.360683917155365590e-04
3.798378862844905158e-03 7.770788994533612409e-04
2.588843031135205485e-03 8.201538488558960619e-04
3.176482878453270198e-03 9.018193345825776738e-04
2.927095996894464331e-03 9.967473221093631382e-04
3.335659763884731878e-03 8.394793157730973034e-04
2.861994146404076879e-03 7.210497123650755390e-04
2.437439424286295345e-03 9.628062721123829435e-04
2.921966435856664362e-03 9.004331881077336707e-04
2.565322816705653715e-03 8.153467172367477459e-04
3.051444936283522879e-03 8.545229008535312320e-04
2.542451354034747091e-03 8.377081740532187201e-04
3.604674624205849321e-03 8.687939565265685379e-04
2.706716945215329687e-03 7.825986762140817090e-04
2.952049572824596776e-03 8.561071950576973648e-04
2.711114740031223078e-03 8.693575961674208409e-04
2.825160405129901586e-03 8.003645366844026714e-04
2.842058518988151671e-03 7.065502465207021974e-04
3.038168908876226395e-03 9.138045135634845391e-04
2.882290258149489224e-03 8.665619877178732701e-04
3.169418126169938014e-03 8.477321313497560712e-04
2.604403375142133430e-03 8.855662411104372371e-04
4.538631767351545589e-03 9.132301806267407876e-04
3.219100705675481504e-03 8.212511399205482936e-04
2.896497564061352795e-03 8.464313341445885456e-04
3.387631268609439267e-03 9.321161314529386810e-04
3.158247650937828690e-03 8.401785170873032242e-04
2.768487481422655244e-03 8.701001299956432180e-04
2.666606819437207510e-03 7.941938795471573326e-04
3.127768635110412133e-03 8.729271886570050699e-04
2.804960055687363580e-03 7.211317529685044598e-04
3.537487696954407998e-03 1.045944972790499019e-03
3.116777438222270366e-03 8.151989706607495282e-04
2.850515964085251815e-03 8.566075771182365614e-04
2.538791926858735906e-03 8.017031248495199011e-04
3.604818305380630590e-03 8.099346827279319157e-04
3.502580095172946710e-03 6.777986307138093771e-04
