3.032116145464760961e-03 1.065577343587387118e-03
3.823868285479176989e-03 8.749851358710202713e-04
2.776122995378396251e-03 1.058557463518171446e-03
3.270157012079279515e-03 9.116267352074706575e-04
2.021095818370815655e-03 1.120077933380563516e-03
4.240618165754007560e-03 1.089123692912144763e-03
1.883418530607287693e-03 9.036363202667569957e-04
2.763548258135789439e-03 9.947180238960868365e-04
2.580921168681892582e-03 7.453666986736366511e-04
3.409657969209535944e-03 9.118693851871559819e-04
2.470471441716022391e-03 8.025442368796068373e-04
2.730897598404092262e-03 9.225463899682113684e-04
3.413173491544628600e-03 1.050281443271296753e-03
3.665770651427162699e-03 1.016373693164638421e-03
2.362069080448554129e-03 9.151041857394209399e-04
3.378184136621502527e-03 1.044450560037959519e-03
2.013371047968721787e-03 7.227284665179328554e-04
2.222208058266860776e-03 7.721720164353563370e-04
2.353514398313502967e-03 6.855346049616319092e-04
2.595797708002021108e-03 8.856477321332947850e-04
3.133304978411833273e-03 1.023343671479098578e-03
2.681449912776579392e-03 1.027147437388301098e-03
2.399558672002209941e-03 7.679170792409446573e-04
2.849624230827435545e-03 9.767764217507542753e-04
2.739277492984979693e-03 9.049537664740603350e-04
3.544173194374145106e-03 8.571377404990027224e-04
3.530835938137837776e-03 1.053756775895054246e-03
3.947300911800283654e-03 1.069786675395187564e-03
3.091233282274561019e-03 1.033287164889563512e-03
2.185716063561371752e-03 1.018759404781058439e-03
4.392874947224824356e-03 1.028677275088935765e-03
3.625656291698698720e-03 1.185302070233941983e-03
2.920011732181079789e-03 8.834154081697197279e-04
2.063653304098890095e-03 7.829124404993403202e-04
3.361823663610407839e-03 1.061059163378263006e-03
3.957922124399853268e-03 8.938097689400914710e-04
2.612301563577464243e-03 8.071543094215769334e-04
3.455414905177270346e-03 8.985875242248894711e-04
2.942017065283639068e-03 9.532600309570233394e-04
3.138359761108287793e-03 1.105185601444423410e-03
3.133278594626729124e-03 1.042979252834123514e-03
1.967333076009954770e-03 9.565911943763067337e-04
3.661784532344063755e-03 9.686379058224365386e-04
4.368762429431929245e-03 1.085528734100307553e-03
2.631439341953996976e-03 9.876007023938383408e-04
3.541502038149227025e-03 1.020447128991249820e-03
3.335606772896589252e-03 9.584400080864188690e-04
2.494696092421795283e-03 9.067780947072175569e-04
3.027978245070504868e-03 9.449252579757615178e-04
2.961352700900976142e-03 9.402083573949855623e-04
2.525533502180361909e-03 8.821963279657338026e-04
4.150374610449605005e-03 1.130391759645565106e-03
2.266887046610023982e-03 9.970161504497710055e-04
2.628902474141016181e-03 8.373332896490382621e-04
2.231350152264909448e-03 1.017630176003236778e-03
3.483800518274826705e-03 8.920627354693970792e-04
3.207484723750696123e-03 8.162891856929547097e-04
3.645129810279832804e-03 1.116110985265984486e-03
2.402555305513998443e-03 1.043091278898115003e-03
1.614137446768721057e-03 7.774303028778426676e-04
1.839135688029762926e-03 8.684381395797866618e-04
2.044208477008258897e-03 8.380880143076579938e-04
2.024102659822356754e-03 8.899508791354198735e-04
2.743623467802357770e-03 9.237940337560113582e-04
2.343979050219930152e-03 9.020403722584410897e-04
2.907763381087934921e-03 9.169200414178125353e-04
2.490945148750013226e-03 1.041561182085493477e-03
3.501796645545136605e-03 9.864407192307267282e-04
1.801261648614268379e-03 1.033715941263367317e-03
1.823703327214286135e-03 9.089664680552997974e-04
3.097877170637803549e-03 8.823028453881600393e-04
4.589704213627838515e-03 1.111394371378180519e-03
2.715341645400372924e-03 1.026791812095655685e-03
3.508731815407581910e-03 8.309642114918743688e-04
2.757708720553727570e-03 1.226960563168379582e-03
3.157990405678813301e-03 9.408546925553896382e-04
2.906211917713706367e-03 1.075116665188454324e-03
2.553102235343259006e-03 1.182822644450070822e-03
3.007542335323403794e-03 8.132623522152952669e-04
4.584255458122550933e-03 1.309496616189963257e-03
3.533126469333775551e-03 9.620798110704703501e-04
3.548446883957594861e-03 1.079919004280411893e-03
2.397216902885165261e-03 9.714190272694016390e-04
2.406463603590765655e-03 9.634498966942147682e-04
2.820374190739969016e-03 1.098532886356460170e-03
2.410273087712243387e-03 1.010228956990585035e-03
3.544317355572143731e-03 1.164828127646286467e-03
2.687046080328128923e-03 9.119605048949697623e-04
3.003059667456447080e-03 1.064362864325803324e-03
3.583460156251599884e-03 8.960191322563386537e-04
1.937356633198095189e-03 9.295528650386752868e-04
1.889090873827026966e-03 1.060366957448048231e-03
2.373760765101620446e-03 7.868893008098527559e-04
2.932354052129862356e-03 1.012484667741916575e-03
1.651689140520153695e-03 9.490688280201535964e-04
3.070659907681861853e-03 9.334630423055580812e-04
2.991287430433381671e-03 8.459714451312587251e-04
1.961823232023609653e-03 1.074571571258140911e-03
2.803046250360864862e-03 9.434745370664094927e-04
2.300460746100730074e-03 9.668278595181878160e-04
2.354974757507295301e-03 9.048944892669525276e-04
2.815583116203827351e-03 8.987660406165673540e-04
2.663476759759449489e-03 9.400417445713853083e-04
3.673123550360040020e-03 9.244720418150149596e-04
2.502222488343710648e-03 8.324910697129246509e-04
3.288334002569334898e-03 9.097839871533552067e-04
2.643925091159558295e-03 1.055777021834845061e-03
3.359338882081659792e-03 8.824930955465689567e-04
4.951771202371338214e-03 1.140672073245114744e-03
3.630852193843397014e-03 1.071924662515313367e-03
3.665753589228569909e-03 1.198837076803888025e-03
3.069663675054733719e-03 9.268081459646446618e-04
2.820798978918545412e-03 1.190371553652150782e-03
3.552724828369735379e-03 9.165880279718584180e-04
5.158746113647642156e-03 1.121921665118232308e-03
3.858758103577490228e-03 9.345135516664540435e-04
4.971847845461767161e-03 1.193406963862926043e-03
3.853336584011580156e-03 8.637482192763226967e-04
2.539430084692044249e-03 9.402876497111482086e-04
3.811409998897144231e-03 1.045101249499417757e-03
3.717424415359770438e-03 1.002856602704716750e-03
1.910786866904295783e-03 9.700338042262317533e-04
2.323019333483123446e-03 1.074543566219695549e-03
3.237716372446625482e-03 8.533656023047735736e-04
3.147741808389550519e-03 8.150432394085696790e-04
2.970210545268692215e-03 1.087117314277242976e-03
2.458474702682117343e-03 9.076911875140709690e-04
3.302456881627078688e-03 9.395009231469857343e-04
4.726110281139903405e-03 1.107830330270669723e-03
2.475327600479304991e-03 1.024497140938417268e-03
3.669131567520274220e-03 9.797635816014861870e-04
2.388746929505527420e-03 1.047835841138228946e-03
2.645673884883933784e-03 9.551216045724763562e-04
2.436426099151619423e-03 8.676360721088824217e-04
2.497287242125603799e-03 8.210737018496805503e-04
4.336152483079966022e-03 1.068518975226563422e-03
2.377310867414328399e-03 9.124514863356363633e-04
3.084627917233653122e-03 1.013924690641665200e-03
3.222923147115798210e-03 9.657418648730621601e-04
2.084567319170243030e-03 9.082469353151058876e-04
4.073558202590972337e-03 1.171440173664459487e-03
3.763556271174812139e-03 1.019145895829218261e-03
2.507282300991677329e-03 8.824203643172412763e-04
3.494968212347470109e-03 1.054481917154114498e-03
2.889212064940313487e-03 1.064477888155247135e-03
3.586377680263493507e-03 9.700533935208094892e-04
2.930263290610809080e-03 1.070474723001542394e-03
3.069057133868327916e-03 9.761403819688528301e-04
2.539240264194705075e-03 1.116083009497931006e-03
2.429811473992253036e-03 9.444557632727235315e-04
3.448912913743623024e-03 8.243685295563815121e-04
4.162917114340823621e-03 9.343856399865937013e-04
2.275247215095567432e-03 9.420562629509544482e-04
4.814291392592933046e-03 1.025590841529936499e-03
2.691521782745046835e-03 1.040740233777674587e-03
3.684694055094361442e-03 1.187237458495966945e-03
3.289612794120468087e-03 9.882885369112853237e-04
2.198427563708412174e-03 7.832586557820893315e-04
2.971307651079906857e-03 9.739748032906033696e-04
3.035682271995710727e-03 1.024906890558966322e-03
3.983960685075990660e-03 9.767477863242568243e-04
2.964768274462337844e-03 9.729448061828085536e-04
2.788907332447823368e-03 8.772025965716664106e-04
2.380349224385358738e-03 1.010317953056457481e-03
5.207389114776947263e-03 1.095022312062936872e-03
4.124425276529623992e-03 1.046488406772576709e-03
2.668213905182650197e-03 7.825737798494878869e-04
4.976430681660096861e-03 1.012621226495689832e-03
3.205965986767714271e-03 8.546158992783433900e-04
3.962328517231057667e-03 9.400286383202985071e-04
3.214599021763549572e-03 9.668923389077943098e-04
4.613635989660672468e-03 9.759947945605533049e-04
3.500413494950616478e-03 1.079490507996652563e-03
2.463684524892927139e-03 9.859961377324977672e-04
3.313912749955831832e-03 1.104615188718954507e-03
3.815050057628771932e-03 9.565167259416014565e-04
1.831855691996248569e-03 8.956177936558683749e-04
1.890316196303359160e-03 1.179066823123670451e-03
2.085401426904320236e-03 9.635330402663468217e-04
3.191463349113287610e-03 8.354502556328302848e-04
2.485925822201238890e-03 1.105899970985215440e-03
2.787341595569423243e-03 8.429495125571917404e-04
3.362889885435999676e-03 9.061549264951586401e-04
2.578996195551058485e-03 7.665906004223819971e-04
3.038605205668686721e-03 8.546039191447356949e-04
2.727806259904819175e-03 1.056012725422059931e-03
3.929949929441108568e-03 1.156504256578069594e-03
3.980864874321319094e-03 1.132766921812050631e-03
3.035531702055544508e-03 8.134097957272225753e-04
1.871194438853577896e-03 8.742635793375065851e-04
3.241354571202011148e-03 9.593556761772194198e-04
3.179671741898687249e-03 1.022422332084364609e-03
2.897173265220179868e-03 1.130539603346220707e-03
3.741839527353284147e-03 1.000256967194123334e-03
3.050676151633581988e-03 1.105428962350824993e-03
2.616267572546055950e-03 9.509675376365797237e-04
3.990839994889548714e-03 1.045456594717326113e-03
3.842659132150283343e-03 1.355637740878914239e-03
4.008824107507847484e-03 9.836724107183459406e-04
3.628835861817782463e-03 1.199259652088607332e-03
3.106477027316096717e-03 8.706632970684925624e-04
2.909164710543745910e-03 9.301526567430284031e-04
3.032306625147323034e-03 9.640687353192844110e-04
3.188700030325499098e-03 1.123081170443759099e-03
3.517490498564858088e-03 9.718846998432725337e-04
3.678490172926649534e-03 1.132578595364592449e-03
2.995442764941754106e-03 9.714399566447926189e-04
2.878920225886405591e-03 9.548001199040998931e-04
3.098114000475517531e-03 1.084426225426165244e-03
2.534234624420804351e-03 1.081912555087189733e-03
3.219133928807282712e-03 1.078647786326574452e-03
3.539170982296339224e-03 1.123473618116121054e-03
2.415385943104507178e-03 1.030750523871691452e-03
3.434374823118760238e-03 1.145216511430450189e-03
3.058818551608779527e-03 8.898678731975742748e-04
2.964172913999405402e-03 9.552599250768281517e-04
2.350236794396147293e-03 1.131958644167168791e-03
3.214624026588584326e-03 9.145651794424487432e-04
2.607916503455655257e-03 1.195486086599237491e-03
2.579591594827586060e-03 9.145519701086956242e-04
3.691024717047723495e-03 1.009234291987387306e-03
2.909087508896796535e-03 1.030503795518207403e-03
3.505764465339450756e-03 1.075565438919824212e-03
2.151165453715578151e-03 1.117149077864411540e-03
2.678748202175082124e-03 9.261283216841262973e-04
3.944015154535638126e-03 9.870977392574386156e-04
2.396683450982593864e-03 1.012903257485590902e-03
3.324172716786586053e-03 1.025902289516579307e-03
2.597329368443879790e-03 8.936383143123984669e-04
3.217006285155463597e-03 1.170361294630759648e-03
2.714392396653059290e-03 8.566606609433619719e-04
2.316893461985968135e-03 9.049305948267124871e-04
2.415354787326903091e-03 9.637280127881897368e-04
3.459269255827767016e-03 1.018528769045270706e-03
3.554989599098262038e-03 1.159162537187187350e-03
2.203342186810928333e-03 1.080568577794671550e-03
3.673541191693824662e-03 9.288398669714575040e-04
2.913099789424452614e-03 9.152715084461180524e-04
4.675213350893906057e-03 1.139577713872204530e-03
3.522357669351903597e-03 8.562710277079169357e-04
2.321745817107455975e-03 8.997888069723201281e-04
3.742251602410310695e-03 1.164851150925768145e-03
2.754652227418382966e-03 9.101504316792843104e-04
1.988656503379084613e-03 7.884236179835474832e-04
2.221055972683538306e-03 7.501770480873108096e-04
2.191581951206804900e-03 9.937047145388239276e-04
2.732571313969596027e-03 1.201284677062158237e-03
2.736108773377371375e-03 9.360173338800165501e-04
2.901341940377017564e-03 9.138600855150171140e-04
3.474150631035418432e-03 9.521108825650953771e-04
3.735470237856805282e-03 8.536236944550778302e-04
4.077669374097540184e-03 9.196461001949405439e-04
2.459149711921241894e-03 9.434848457137145214e-04
3.374966977648169095e-03 9.380406969587312986e-04
3.805114064169791074e-03 1.032672013735176945e-03
3.833027117057922952e-03 9.484056451835447569e-04
3.806708145998324334e-03 9.949642639209730580e-04
3.958206236742781332e-03 1.201916389910571200e-03
3.769799942816050818e-03 9.817524967445658522e-04
3.449262774295347705e-03 8.457621115606960222e-04
2.895653831052463160e-03 9.103255166653163475e-04
3.112809428496869299e-03 8.858759852945688592e-04
2.413494535116246856e-03 8.968354384984698630e-04
2.835856381175539363e-03 9.250507221001062329e-04
2.340143163703048770e-03 1.001482094525416727e-03
3.309226649322106247e-03 9.570660899159775647e-04
4.219382561619286487e-03 1.096806729391906548e-03
2.959153496125993543e-03 1.095665534520409495e-03
2.452087129232647083e-03 9.034569633940826806e-04
3.670911329928861801e-03 1.091745366826923089e-03
3.512105850857200843e-03 8.185816172200841533e-04
2.610616413938009368e-03 1.041898127626023551e-03
2.151402365721557814e-03 8.715813375456681359e-04
2.389113864992140849e-03 8.324363936165554570e-04
3.425700216938913720e-03 1.087358351859547432e-03
2.430931843539485548e-03 8.832398179443758232e-04
3.320536398435582938e-03 9.757378473452202067e-04
2.494512590021752321e-03 8.689574242349598328e-04
2.175567266377487121e-03 8.378969109113569525e-04
2.755167467542677089e-03 8.320640471184586381e-04
2.939916160320503284e-03 9.796586787238321329e-04
1.597080805772645726e-03 9.617141080471106615e-04
3.629129758786261289e-03 9.032326775384451768e-04
3.059175707994279871e-03 1.012481402082108682e-03
3.923058737529303355e-03 9.672105892179981004e-04
2.403594976062639350e-03 1.058884311253413622e-03
3.340721205367676479e-03 1.003990809985279764e-03
4.150094164823481258e-03 1.208803945532421504e-03
1.943169671990529427e-03 1.015273918402013423e-03
3.346127582696258387e-03 1.237087900956466979e-03
2.876487728981383992e-03 8.334251745279293777e-04
2.206397413680897396e-03 9.054153127302607589e-04
3.525228590230349013e-03 1.144588885122119681e-03
3.744763833618111083e-03 1.127102271003367585e-03
3.841340709553376503e-03 1.057705164169408033e-03
3.576490101709704338e-03 8.759150669155316062e-04
3.698919777417304308e-03 9.042552101146795291e-04
1.842852473912295766e-03 1.047731843987468985e-03
3.894344232258912727e-03 1.032562713493705197e-03
3.680290376836883003e-03 1.035770947178458372e-03
2.675765793059220812e-03 9.525014548239266968e-04
2.521358191609849968e-03 8.923764070900227791e-04
2.275228695443526784e-03 9.015838527861836467e-04
1.943151883397427858e-03 9.387595678568440684e-04
2.036767596009898210e-03 6.979417641164698503e-04
2.972367027616035391e-03 1.087263127936419693e-03
2.192381619234992467e-03 9.831149535001546935e-04
2.640185418356991165e-03 9.751651253534264832e-04
1.894533768270793015e-03 9.535989931604177839e-04
2.572523846362869283e-03 1.095187859815782662e-03
3.663652178607137641e-03 1.201157397061430616e-03
2.726308552458471535e-03 1.020181019441031463e-03
2.468360467118942657e-03 8.215889478614998419e-04
3.210812309496818319e-03 1.027361080249454290e-03
3.173090218647047888e-03 9.997676448312705581e-04
5.120377288386252120e-03 1.051419590833547937e-03
3.483707482664803474e-03 1.063509830500266456e-03
4.357040031920369517e-03 9.996456846878070627e-04
3.817312301368490281e-03 1.185044115368778231e-03
3.517218849573091471e-03 9.927753505872920475e-04
2.723654572090413069e-03 8.232237467476311672e-04
2.983016103309660532e-03 9.992320679354455351e-04
2.287542155730566511e-03 9.163267414278881279e-04
2.229377852585987755e-03 7.975706838073753566e-04
4.170596823349437612e-03 1.131245774606327989e-03
2.122934373804885849e-03 7.858883969878016759e-04
3.238078642109790389e-03 8.576646867353869335e-04
1.684192010902739586e-03 9.795427195810016852e-04
2.900326141110910229e-03 8.391409927662784110e-04
2.924400736089306872e-03 8.298667468227601679e-04
2.792346101222518018e-03 1.074853747835258092e-03
3.034600610159512036e-03 9.364786145037611639e-04
3.596752243659256335e-03 1.092602016693039989e-03
2.463696857322207612e-03 8.730190362543860470e-04
3.936099599054252579e-03 1.088145242742571701e-03
2.242618452242715107e-03 7.393316486582078486e-04
2.870798136219508689e-03 1.049851690742678633e-03
2.596307467393081658e-03 7.787630763119076640e-04
3.300420738887095695e-03 9.922615647408059101e-04
2.948243428330337909e-03 9.367154018325580785e-04
3.422114702494718618e-03 1.082399168556109990e-03
2.780221801061600988e-03 9.967286605145270813e-04
2.429920416259487726e-03 1.009229670357603354e-03
1.987228855258797548e-03 9.904955328675795791e-04
2.972668326709242484e-03 7.941429388695948758e-04
3.412310495167329878e-03 8.284800823491627903e-04
2.773090064840426621e-03 8.745816973540880297e-04
3.932731547171482676e-03 1.072047541838580965e-03
3.536145728355874832e-03 1.004657978667984923e-03
2.596456421757294478e-03 1.166077638041010172e-03
2.922203453348994583e-03 9.968378045707489837e-04
2.710868163680906461e-03 1.086864848942447259e-03
4.658574471023989305e-03 9.514272681591028026e-04
1.885582935748918035e-03 8.819762869072877770e-04
3.399938881318089606e-03 9.839206214628535077e-04
3.554218430592456703e-03 1.040570915612431570e-03
3.678651116807249433e-03 8.845134589558145081e-04
2.075076292280727749e-03 8.395678290717339476e-04
2.637892370278494252e-03 7.957489178975425724e-04
3.043962706002903158e-03 7.872061496407817922e-04
3.011131325622193496e-03 9.997408229334711974e-04
3.833135015778435517e-03 1.018654957665272734e-03
2.838046005795117309e-03 1.039932851031296571e-03
3.446857720313408965e-03 1.073921021504292738e-03
2.114297551974286381e-03 8.212479815474104002e-04
3.052663168065853500e-03 8.239353030705982720e-04
3.566462008191031031e-03 9.281466084162570728e-04
3.234578669624484440e-03 1.016796676797439422e-03
3.439099906277920914e-03 9.514044453395234914e-04
2.315294061050473130e-03 8.670384172248543717e-04
4.130982607394203567e-03 1.239991108191652652e-03
2.365772053947011282e-03 8.928884099720662713e-04
3.088984611314562253e-03 9.954874707916870798e-04
2.525908474997511262e-03 9.233187702789319050e-04
2.693610930139177847e-03 7.654496953750009307e-04
3.318576370070212486e-03 9.590317696925021711e-04
2.923426986855777888e-03 1.081251198255888573e-03
3.657195931512176226e-03 9.043718241623051931e-04
3.518356625964262022e-03 1.053727759234033244e-03
3.158207024395072015e-03 7.022353324976679089e-04
2.563545558236807013e-03 9.796972085188929841e-04
3.957712819737782377e-03 1.108985213055010749e-03
2.939847358051745144e-03 9.045495902456574065e-04
3.238497894169998365e-03 8.904275819495660691e-04
3.867241530867271578e-03 1.063975632309729523e-03
3.525136220793625465e-03 1.114652107339474812e-03
3.050691330189070436e-03 9.386263288238032776e-04
2.443351360520867790e-03 7.923529654844620922e-04
2.662072230502230720e-03 9.912404848488223352e-04
2.866033326264729245e-03 1.106225019606597989e-03
2.927553099218776697e-03 9.503054973850643718e-04
4.016949408814843650e-03 9.098037712376178671e-04
2.590997327972810634e-03 8.729815253941899554e-04
3.040469043749740880e-03 1.057838537839243375e-03
3.699136420357142761e-03 1.025930184056129263e-03
2.692183341154674291e-03 8.820358151354690864e-04
1.777919756322910100e-03 8.033279729336817009e-04
2.634289527144576416e-03 9.738532545848008334e-04
2.527389776363355659e-03 8.272023875666801099e-04
2.887875636134462631e-03 1.129197266759188493e-03
2.099266002415459999e-03 1.109149556737588568e-03
2.017905468062966817e-03 8.332847576804531002e-04
2.111429450389366164e-03 1.035820101218251892e-03
2.694374707460371783e-03 1.177762283281329550e-03
3.646355595365045887e-03 9.702902997605117232e-04
3.339073368576707043e-03 9.900261549920215745e-04
3.429394067536843844e-03 9.012425041132908401e-04
2.414338256789947193e-03 1.086783543890644998e-03
2.391286454881836471e-03 9.490783706197627534e-04
2.619972851798962020e-03 8.987770701526729680e-04
3.413798320163164649e-03 8.870464537201209945e-04
3.517204039384437021e-03 8.766844255660209782e-04
3.703437349081732666e-03 1.015596639258931934e-03
1.853982447266335843e-03 1.032285599857624917e-03
3.265761513772538673e-03 8.715970747702172497e-04
3.139482638016391318e-03 1.015274373504829533e-03
3.127161891665920183e-03 8.902148288243906960e-04
3.575859792958221029e-03 1.029121918132189228e-03
2.512182696826141017e-03 9.507289637104024633e-04
3.029693618248625441e-03 1.118286397954552577e-03
2.311420428847933087e-03 9.973900121209452151e-04
3.550694482726387147e-03 1.148233467275319155e-03
3.319546535672858976e-03 1.059276871484488144e-03
3.085871047954180137e-03 9.522833277348013775e-04
2.713432021925807520e-03 9.405010053968838402e-04
3.081544962571990294e-03 1.098055578194070438e-03
2.598848074644312389e-03 1.049647599639701298e-03
4.054118963370189829e-03 1.047297813548770220e-03
3.334813327051804315e-03 9.448652729320129555e-04
2.682143176208856214e-03 8.551526192385121121e-04
2.962988485898008194e-03 9.772495075270927478e-04
1.925531299758697105e-03 8.813756483336368823e-04
3.129356296952311937e-03 1.006217472826746511e-03
2.655318463030025174e-03 9.198059453107464492e-04
2.959632286548624040e-03 9.644736910054652838e-04
2.435235156375939545e-03 9.971934128391031320e-04
2.064802375062035813e-03 8.860796123288945236e-04
2.266352778105332026e-03 1.121410987103838757e-03
2.469389266954474371e-03 1.053892504364546939e-03
2.885908061111715911e-03 9.538264512110411443e-04
3.006859064927745219e-03 1.076138596252471146e-03
3.678205120787666257e-03 8.509654082349960144e-04
3.312023954119113454e-03 1.157396961684209035e-03
2.562945385535547130e-03 1.042323921753540846e-03
3.642233646151806902e-03 9.152787760219384958e-04
2.365760315477798571e-03 1.054354302004447460e-03
3.775226692793176141e-03 9.730647414823129877e-04
2.959826190261155825e-03 1.007799486273796815e-03
3.414459777856692149e-03 9.717596550065693735e-04
2.943390744594590134e-03 8.278337154846509508e-04
3.534896055806337027e-03 1.059349204709489822e-03
3.076302352967399609e-03 9.107661983620262683e-04
4.063048008821617575e-03 1.136265003705007673e-03
2.492548555898388331e-03 9.576435279654262533e-04
3.274590184236624187e-03 1.059307991577754801e-03
2.519050473712679435e-03 8.980029764973019224e-04
3.930016381309043953e-03 9.026416111175914608e-04
2.845453186142032735e-03 9.547125596068944909e-04
2.488132150628881000e-03 1.055593051529782464e-03
3.647582767943873764e-03 8.210395053540302940e-04
2.030432311915437039e-03 8.625624195835038862e-04
3.401814979340419057e-03 9.187564287011198072e-04
2.768985587006235569e-03 1.128505796510391413e-03
2.438591966811941205e-03 9.585650400553894336e-04
3.558720932717162645e-03 9.417878291469964237e-04
2.038309213734709052e-03 7.552659569269165856e-04
2.991906395731010367e-03 8.751624178984987587e-04
3.144074733424739084e-03 8.469676056866745455e-04
2.680832896488080565e-03 7.030488362846215849e-04
2.982593349545690532e-03 1.076291399165178178e-03
2.604203984302246727e-03 9.232694290078978907e-04
1.942049913229008202e-03 1.109224054627691060e-03
3.343061846079489058e-03 1.026248551644791699e-03
4.300223000338041814e-03 1.044233533199061172e-03
2.505132034566606714e-03 8.014592086475472903e-04
3.241320729112935617e-03 1.072461261420822520e-03
3.365614548403044609e-03 1.049929773189538880e-03
2.221372952010421120e-03 9.057197826841800877e-04
3.467588150693143040e-03 9.925184971197648000e-04
3.676255857152999421e-03 1.003281410832415144e-03
2.561761157695887237e-03 7.995282127147095410e-04
2.227109199891117233e-03 8.383341628027028919e-04
2.588157737407470373e-03 1.054700428013324648e-03
1.985418006277725814e-03 9.016812394887917421e-04
3.228794805911507342e-03 1.072932929915400508e-03
2.325435749253963822e-03 9.207908435869778313e-04
3.115516832991347806e-03 8.179481654655748179e-04
2.766630906552760335e-03 1.036311260950575431e-03
2.689759860860229789e-03 1.074915825093267436e-03
3.643948138099464308e-03 9.703210979790578188e-04
2.918521417923165134e-03 1.059809390273397031e-03
3.601297101073598541e-03 9.882434739146804797e-04
2.199628972638846113e-03 8.154014824311018976e-04
2.397333543641350009e-03 8.389145336264743459e-04
4.263542759748142376e-03 8.892931532165673477e-04
3.652342365385454794e-03 1.000952867678239419e-03
3.342386030772784202e-03 9.142154563138638794e-04
2.865627234534435640e-03 8.436626089753918294e-04
2.776247736899014381e-03 8.799091726224014072e-04
4.233204972149957716e-03 1.054324722747521049e-03
3.000762253972681995e-03 1.098555649628670059e-03
2.408089329666854121e-03 7.311742253958777599e-04
3.657689422634400993e-03 1.067691048546394071e-03
2.721910582189311645e-03 1.068728183685039093e-03
2.383575443998170885e-03 1.067733720877260409e-03
2.484688310502518316e-03 1.003927834263983795e-03
2.117319056521347817e-03 8.294473700918341070e-04
2.276084765871994996e-03 7.332862369205078289e-04
3.538429020456292096e-03 1.055407933192445153e-03
1.761237086776859268e-03 8.232322658402206270e-04
3.126987800895300075e-03 8.366818261830086517e-04
4.343726249723118063e-03 1.013254604242894326e-03
2.711878166802970339e-03 1.136762522303059238e-03
2.820670523734435109e-03 1.223914577255919922e-03
2.338076846011132373e-03 8.682796090346251534e-04
2.979917498401228604e-03 9.696329310563910585e-04
3.125644988333657007e-03 8.880842235163669040e-04
2.881461436024366010e-03 1.078729984503999000e-03
2.372136464992982870e-03 9.691189180958296534e-04
3.438024885220366221e-03 1.248700664942262216e-03
3.299392050512833449e-03 8.580001044871113846e-04
3.673972545740612165e-03 1.045692091205735865e-03
2.265552949248679331e-03 8.725493000809454681e-04
2.847398943100831054e-03 9.477432384695466498e-04
3.300434606705858823e-03 9.622037739353998332e-04
3.269918655189535568e-03 1.134247293738566793e-03
5.023909190807951050e-03 1.205336105614422800e-03
2.867670604659933349e-03 8.681204575066800043e-04
3.254292641534108597e-03 1.119454964265725406e-03
2.468317938177388027e-03 7.298966362799436157e-04
2.987380105673636058e-03 9.641601759095085695e-04
2.631277962022731884e-03 9.495682207663222419e-04
3.706335468153910875e-03 9.499062898721677547e-04
2.697205447264680849e-03 7.789617666656813502e-04
1.793801219453032385e-03 8.482478400367500114e-04
2.852489979224842858e-03 1.205723018938191201e-03
3.231268456374596348e-03 9.671544251597171283e-04
2.758334749045059792e-03 1.099230508011573215e-03
2.483009811385696042e-03 8.567819802404294440e-04
2.672613046474509903e-03 1.027004645131876287e-03
3.507062869254596715e-03 8.879212964328638902e-04
2.033010386571638874e-03 8.603577236204327421e-04
2.584685839340094150e-03 9.146749308064003586e-04
3.071933387163050533e-03 9.668387230474043137e-04
2.561779952180946208e-03 1.106147923431687486e-03
4.056144631824891260e-03 9.797534827998223474e-04
2.528580034376733988e-03 8.261606713605098738e-04
4.020088609430725289e-03 1.169422162342467417e-03
2.358777285025462269e-03 8.860858729539265906e-04
3.164143957646933444e-03 9.806938897121515383e-04
2.474592541850843125e-03 9.614527022114306145e-04
2.630208250376937697e-03 1.010364256473091169e-03
3.817471697880955514e-03 1.069401851268728023e-03
2.812366832926693067e-03 1.110191304608857624e-03
2.565184422023025334e-03 9.071377004241468764e-04
3.149867293811745537e-03 1.161432626530187976e-03
2.629171184210834546e-03 9.829898235398178055e-04
2.867818045336891636e-03 9.664342744737907656e-04
2.868684731501654206e-03 8.453272844765810645e-04
2.417185491409752380e-03 9.192064265357765282e-04
3.728996576624409726e-03 9.868385831643090248e-04
2.592781640575863786e-03 7.820577790894433058e-04
2.186741965278889664e-03 9.522926498565184063e-04
4.346140018429189671e-03 9.213797682502770361e-04
4.173915639503669901e-03 1.053327536502300437e-03
4.210314351893900894e-03 1.087107922262193615e-03
2.438457254559769742e-03 1.136437517475746405e-03
3.348330401886084363e-03 1.006008442595375139e-03
2.059300667378247303e-03 8.036558270917090480e-04
2.758936199809958970e-03 8.362137882044778535e-04
3.097605008012083855e-03 9.152762371189657620e-04
2.961745329481272563e-03 9.669408598144066391e-04
3.657529621790214444e-03 1.130821888006786112e-03
3.481146357645925095e-03 1.036872278960668898e-03
2.485779191067589728e-03 9.782746647540507476e-04
3.513134019094969751e-03 1.096313124954431369e-03
2.541567552435283935e-03 1.119211167777673863e-03
2.789540972103251269e-03 9.156865867344257757e-04
1.685707841085504243e-03 9.060152488800040944e-04
4.232147132552899552e-03 1.064932106592681718e-03
3.234277852091431080e-03 9.979354295760311383e-04
1.862305260719874806e-03 9.217670152353226462e-04
2.465272701626096755e-03 9.417506002464308889e-04
1.900778511687806812e-03 8.965469256436487712e-04
3.405637962975897361e-03 1.041191492799844239e-03
2.488222121087744002e-03 8.666555206711340584e-04
3.761893569061788237e-03 1.053364269813160305e-03
2.722011967240643357e-03 7.218888617140695229e-04
2.282001900252037929e-03 9.405485666470725066e-04
3.201589121631576249e-03 1.033002458132527236e-03
3.113372563346321949e-03 1.010898133178723349e-03
2.304449911961028042e-03 1.046592783362792654e-03
3.657418478729813991e-03 8.747055097151585712e-04
2.256233949098292862e-03 9.039914226885700571e-04
2.434478868356424429e-03 9.648017825451179466e-04
2.739973796158163416e-03 7.545507459016317919e-04
3.288673693355302630e-03 1.075275007711710713e-03
3.231438543537928313e-03 8.736311107116773861e-04
2.127116400127123785e-03 8.962930877985164418e-04
4.126109802705170762e-03 8.902783974004367662e-04
2.615899703467613243e-03 9.112807717569979243e-04
2.634891570284353043e-03 8.567974405811154982e-04
2.474781266491444046e-03 9.921858719417475658e-04
4.497951063074280206e-03 1.058748516547607403e-03
3.979079320264222210e-03 1.015611149584487623e-03
2.840948571585448067e-03 9.109628839160720335e-04
3.402141515761924508e-03 1.054659284206899443e-03
3.544426633214755196e-03 8.991575243774652072e-04
3.166963308306097302e-03 8.869476744724241095e-04
2.437805998371533368e-03 8.842910138207986121e-04
3.032291369251891976e-03 9.307722182713058269e-04
2.784647516208219303e-03 9.370273602181065356e-04
2.345089316129755908e-03 9.661063266026222217e-04
2.167093145520602223e-03 1.089808438422159740e-03
3.277672625024188359e-03 1.135545391907080530e-03
3.507932826756127165e-03 9.684239531831313232e-04
3.290097880049692915e-03 8.722382529568468816e-04
3.666595232095302536e-03 1.047436992266806378e-03
3.402706302358179426e-03 8.328443369993940044e-04
2.308523356314333766e-03 8.793807975217748842e-04
3.340115367445999246e-03 1.004295984211105728e-03
2.547900079920647435e-03 1.115187602187050998e-03
4.003530772672794606e-03 1.184589584277752697e-03
2.689305072037317425e-03 8.094166458278871309e-04
2.531304700953844727e-03 7.998312005219862563e-04
3.261189124312164570e-03 1.042411952265461612e-03
2.938413888161567691e-03 1.164704825595428957e-03
1.838664076833365461e-03 8.521341747314364022e-04
3.204858085871964586e-03 9.090454124201915662e-04
2.925407576043348966e-03 1.022545991895196758e-03
3.133294196357732167e-03 9.944591438319106292e-04
2.152414884050659564e-03 1.057532869790089045e-03
2.114970290320304126e-03 9.938753218300920567e-04
2.254994449937473746e-03 9.058770983754697989e-04
3.315560528092227881e-03 9.439016256434014807e-04
3.214862726599686422e-03 1.079475048438767416e-03
4.140358136960807511e-03 1.182368601893782041e-03
2.103782726335857566e-03 1.228649174483167125e-03
2.505489613418681802e-03 9.638643311408225936e-04
3.707482135329550309e-03 1.065584634510980929e-03
4.068116099867586516e-03 8.575813696171032553e-04
4.590635208802041657e-03 1.180423554620371436e-03
3.573101782497339896e-03 9.223253420794750874e-04
2.430589799644846793e-03 9.758921307778904838e-04
2.051313457149313117e-03 7.475795451479204639e-04
3.457765643385188239e-03 1.143305969362278440e-03
3.114382585381194214e-03 9.273002087418328893e-04
2.484375865247485677e-03 1.111985043802630156e-03
3.375756640153224422e-03 9.859044357333347341e-04
2.618365672037119632e-03 9.043372904572621494e-04
2.418059123772200135e-03 8.323878356669998707e-04
3.782792198766862443e-03 9.013554059459520434e-04
2.754756896811977676e-03 8.985614381556475926e-04
2.583825829700316361e-03 9.721139117751097670e-04
3.811666536977459472e-03 1.098465543034226818e-03
2.113903638542928912e-03 8.022128947118838550e-04
3.667547779144135229e-03 9.380296424185314034e-04
2.043457430916364049e-03 9.122603764830546080e-04
2.615245340705941741e-03 1.148277947733715139e-03
2.317362740215157726e-03 1.039265885770899490e-03
2.496928065302926516e-03 1.016181229859887316e-03
3.312378686063945608e-03 1.158319856590207288e-03
2.815513082938323700e-03 9.140637975020778376e-04
2.301802886864700096e-03 9.615658849419319622e-04
2.614712070696467716e-03 1.040472952211859894e-03
4.141330495678112629e-03 1.063809748349044603e-03
2.894827095566840022e-03 9.178570322719381645e-04
3.017971541302031779e-03 9.802613773880594541e-04
2.919349778111695205e-03 9.337728818724265684e-04
2.719602002137507836e-03 9.752412525755050623e-04
4.209788229779068934e-03 1.172091596427271174e-03
2.909957992239041273e-03 1.078216694405939114e-03
3.203585351923869499e-03 9.518046763153239446e-04
2.565654414377012849e-03 1.011222286925595902e-03
4.010848747729701090e-03 1.077827488567639855e-03
2.602719600815123213e-03 1.073366329073275434e-03
3.334676040777011501e-03 1.110058083880459791e-03
3.151546130885112939e-03 1.002006069826768013e-03
4.324275283169079151e-03 1.286883454033442087e-03
2.942661956866309339e-03 9.160797356825081672e-04
1.984263695872118174e-03 8.193813613636973144e-04
2.319429617947529974e-03 9.898976359655493190e-04
2.784304327417134670e-03 8.713627838165718519e-04
2.571489690523414643e-03 1.031578823858350039e-03
2.538798729319853304e-03 9.994021085438830124e-04
1.755587746898576700e-03 9.811513162201104116e-04
3.934542196756325716e-03 9.460896929130029097e-04
2.563674668354521194e-03 9.237791991885944444e-04
3.753193527416387627e-03 1.143155100078166540e-03
4.223999929646474367e-03 9.676492779128553854e-04
3.717588561237613210e-03 9.345200927691454376e-04
3.457562847139313954e-03 1.010428118969512474e-03
3.463290622049533789e-03 1.117604062866299963e-03
4.279668807170504408e-03 1.074735738196389272e-03
2.469616494175116625e-03 8.555098325027021486e-04
2.972685493472400180e-03 8.511437594806435828e-04
2.936007147333418495e-03 8.772595760478086539e-04
3.299118260037696426e-03 8.491254598274832182e-04
3.579711412846580884e-03 8.721335752326621555e-04
2.642145525803078852e-03 9.015374471870160394e-04
1.662633648691028360e-03 7.769799492901976806e-04
2.202916432459392591e-03 9.832451843144601744e-04
3.075160100422957236e-03 1.075508578349131366e-03
4.933058686613608565e-03 9.826764820026598259e-04
2.900362067698223842e-03 1.101276533829107212e-03
3.592863195177727238e-03 1.143626390568792603e-03
3.406816607247632397e-03 9.636145717756650162e-04
2.297545555555554047e-03 9.185402222222220940e-04
3.374105569458359013e-03 8.660371379111896865e-04
2.772257349649180896e-03 1.014489136539332937e-03
2.026193610571669097e-03 9.326490062551225264e-04
1.991796031536228161e-03 7.833189624198155787e-04
3.700494016803179860e-03 9.970851237474296063e-04
3.093489124660347631e-03 9.171956691562314998e-04
3.624389798538940263e-03 1.203849855571197114e-03
3.086212443972241419e-03 1.002103265789939168e-03
2.518961950800059028e-03 9.056850209774140736e-04
2.394453894416264522e-03 9.124920048798125819e-04
2.743601781129189135e-03 9.454887190120515829e-04
2.030387154704187212e-03 9.683310384435259328e-04
4.098529083979888209e-03 1.306261623041907747e-03
1.939482801119500350e-03 9.356932522307197372e-04
2.664805242608843296e-03 8.999892542105396818e-04
2.278811000980316467e-03 9.604156606198786241e-04
3.822908333416166499e-03 8.954386715137236698e-04
2.726579353507032483e-03 1.088056687404023899e-03
2.734756467358561653e-03 8.575393976572827977e-04
3.831074888301597495e-03 1.263024578336136104e-03
3.209503067730369325e-03 1.030524627487877957e-03
2.463515339212433639e-03 8.694239311119085229e-04
3.919804696952636919e-03 8.750700673886519865e-04
3.421958067710703915e-03 1.021622046737218504e-03
2.235965094875516212e-03 9.511835176764730625e-04
4.397949208078534393e-03 1.113913895578535823e-03
3.741480482837546574e-03 1.185318026205407077e-03
1.790094991836267300e-03 8.656408071320815341e-04
2.542346732531763128e-03 8.787180239134324443e-04
2.684293372222888718e-03 9.849420683680143104e-04
2.964762521683218886e-03 1.018468397838990722e-03
3.162806047445354280e-03 1.060344736209450998e-03
2.713262502608576425e-03 9.762718001411486686e-04
2.314479285214257956e-03 7.125247075224461994e-04
2.501285932311007702e-03 9.947335315145199291e-04
2.874720449078742388e-03 7.651745172841005124e-04
3.223368205516997844e-03 1.019249915759213101e-03
3.484843938572904781e-03 8.300497429906678179e-04
2.694707860320552390e-03 8.991549123373027011e-04
3.863098422430158701e-03 1.132333512336705520e-03
2.781046900095610584e-03 9.891042226017724998e-04
2.291127635755215840e-03 1.173086743359233594e-03
2.597009691501193495e-03 8.602352613757640156e-04
4.053461829573085096e-03 9.495352930399844713e-04
2.986400771081817052e-03 7.487941588892164544e-04
1.938509618201617220e-03 7.697366545687774671e-04
2.595740164860629081e-03 1.011415877559281853e-03
3.580137243975200449e-03 1.028115602118906185e-03
3.891491020161060715e-03 8.870519516645451567e-04
2.939622503020926803e-03 8.983972702141386057e-04
3.479936863572433495e-03 9.434833534439420345e-04
2.374141509406132913e-03 9.373087914564466909e-04
3.020736906717514433e-03 1.152174807633894391e-03
2.645094585200773868e-03 8.119200768965792112e-04
3.007725709742584304e-03 9.701014113085501675e-04
2.557165023565738469e-03 8.741998077342155423e-04
3.818713876925429896e-03 9.512993501643125446e-04
2.708113965574081902e-03 1.001612051876752058e-03
3.352548260116068775e-03 9.524359161371143698e-04
3.259103352967821811e-03 9.679749332988412313e-04
1.974090253117639221e-03 8.692048254073642512e-04
1.833446070179460194e-03 8.651535835849628138e-04
3.710317106454474011e-03 1.078933909733162085e-03
2.573571632879149453e-03 1.043441215512813745e-03
2.976207885574222271e-03 1.065214555037310041e-03
3.382123427463064845e-03 9.986491007640165962e-04
2.268180907222641044e-03 9.463516905030375671e-04
2.894632039179785565e-03 8.336641293266811113e-04
2.574102652862271610e-03 1.030587984586163160e-03
2.451202931055477489e-03 1.036607029560314853e-03
2.919362995756051831e-03 1.008522078401531772e-03
3.608566823921298058e-03 1.090540692492806673e-03
3.020991812414264548e-03 1.100627559768763532e-03
2.699931872995656700e-03 8.835563170768799112e-04
2.487943880585105540e-03 8.390615559851834519e-04
2.836894456246630281e-03 1.060847867879740258e-03
3.008121228669210188e-03 8.436076616161417713e-04
4.006914430335079512e-03 1.020250953391274020e-03
2.548997670673447662e-03 8.887059149961157095e-04
3.278895971364923813e-03 1.064812024495749880e-03
1.973681032610047608e-03 8.936322524093467858e-04
2.655605796646454651e-03 1.002473024644591308e-03
2.671756633667984795e-03 9.335057401323149746e-04
2.484413354093775554e-03 1.031134814647812490e-03
2.069241291120797917e-03 9.781868692491505531e-04
3.194727326360282185e-03 8.395780236219460915e-04
2.310840716873674774e-03 9.833903607496410990e-04
3.054168477426728260e-03 8.405312387221931022e-04
3.830787884041273340e-03 1.110810018118348888e-03
2.896274434990913412e-03 1.010957890905457091e-03
2.069913695579328125e-03 8.004663452684579244e-04
3.424139891127082804e-03 9.358909058770321183e-04
3.030062509530346334e-03 9.548402514817638928e-04
2.364387883166988238e-03 1.033573129531696654e-03
3.022339210047317402e-03 9.736888909758911618e-04
2.310748452825845886e-03 9.549432161982404979e-04
2.960590496067559783e-03 8.368452573951892706e-04
3.485572678787222326e-03 1.147743586144731823e-03
2.909883138931875380e-03 9.707602391640402254e-04
2.931818546415324543e-03 7.385853204978394667e-04
2.831876714615056030e-03 9.380237766652578914e-04
3.351903436471765675e-03 1.022595851233296148e-03
2.833712365536005928e-03 9.941630586279980204e-04
2.071220487308767476e-03 7.561954770637064433e-04
3.134102929438510252e-03 9.785733918798256246e-04
2.520724120229749562e-03 1.022763476872421860e-03
2.645317070345937303e-03 9.373029575179590107e-04
2.757573932645807947e-03 9.930665355279799482e-04
3.228998134793859085e-03 9.819938275724706365e-04
2.262632079044929554e-03 9.883694621923360627e-04
3.225198003888350012e-03 1.187713920391937758e-03
2.687876703213161814e-03 1.070257574464996645e-03
2.192839510085006164e-03 9.219566041020997582e-04
3.388775648638201431e-03 9.206858255089507732e-04
2.802621143782500594e-03 1.004844872688920223e-03
3.234667024056278335e-03 1.042894163397690283e-03
3.154047355058017376e-03 1.026077938131459257e-03
2.950332260300737083e-03 1.045013401066902364e-03
3.468595505823453100e-03 1.099001582980533047e-03
2.914112600144032512e-03 9.358184441611262176e-04
3.270675378191945440e-03 1.086170072900565810e-03
4.376148320840841585e-03 1.186465091346466895e-03
3.678060181173816758e-03 1.049463251035524444e-03
4.798660003427926944e-03 9.738691384065214151e-04
2.262921523263241533e-03 7.622690469493947733e-04
3.508163480349304943e-03 1.029037356069446938e-03
2.832884403306732118e-03 1.129218353038093960e-03
2.271158938324619944e-03 1.200153910944531856e-03
2.766015523895461875e-03 8.453896984224670971e-04
2.668955014741195009e-03 1.158588595549810531e-03
3.307624012296255054e-03 9.076066072641383181e-04
2.573555875815573650e-03 8.819682116185739110e-04
4.191403874889223363e-03 1.082619130641820221e-03
2.699398605646752790e-03 8.097000469884518695e-04
2.956877123706388999e-03 8.137461034718732793e-04
2.474999252545028589e-03 8.781932534787352746e-04
3.952827628646117704e-03 9.830473756471838458e-04
3.673501636558089683e-03 1.001267214390936123e-03
2.598808390133846430e-03 9.454213743224886956e-04
2.102956633155888839e-03 9.211898039227553979e-04
3.099689841899704989e-03 8.193020024664126504e-04
4.529300306705771884e-03 9.251717654007309910e-04
3.281734739248858002e-03 9.576926113714981370e-04
4.523513315980992079e-03 1.313592550391364140e-03
2.652409093515154925e-03 8.523445197153084376e-04
3.936084196828539862e-03 1.031656154334949487e-03
3.958921818055069659e-03 1.066275140019453706e-03
4.286856389672793512e-03 1.123607561087180398e-03
3.506173824018911714e-03 9.970881460756538840e-04
3.160820227863296323e-03 9.954988448917217320e-04
2.426201405793194845e-03 8.379405263543421821e-04
3.230802741504764774e-03 9.464062772586901871e-04
3.493325531542549375e-03 9.591968581473018585e-04
2.977406585049843790e-03 9.888401521147580173e-04
2.921804714141291743e-03 8.319594214292231780e-04
3.073480762257007910e-03 8.320340357648987970e-04
2.755487650189467411e-03 1.055887059233660656e-03
2.543716804336009375e-03 7.803849179610634597e-04
2.656367460827720791e-03 1.037706060453032555e-03
2.767462052913760660e-03 9.183097248263507066e-04
2.790521405239749543e-03 1.063290203659921331e-03
3.444135106286418113e-03 1.034951388798455336e-03
2.874943799449869181e-03 8.714636536449578766e-04
2.278308729050908341e-03 9.471396481081568227e-04
3.512617609502172254e-03 9.006820972856188854e-04
2.968819904036191538e-03 9.320339519139384877e-04
2.462495402146971848e-03 9.815180873321586660e-04
3.315309062836117610e-03 1.257734797299581543e-03
2.825350304439715535e-03 1.009576822837824663e-03
2.346897819043661584e-03 9.182601467862866376e-04
2.600737734542150729e-03 8.740547486741759081e-04
3.529739366677895566e-03 1.021184260455657977e-03
3.059713903708013733e-03 8.518901937602326889e-04
1.905247676873760921e-03 1.031535739228471495e-03
4.298123133467476702e-03 1.214008259746250477e-03
3.425425667722951754e-03 1.036477440772597732e-03
2.903590840017525754e-03 1.035008012247353544e-03
3.942402025972671295e-03 1.108844023857849829e-03
4.005399125384483811e-03 9.353567430356504037e-04
3.066257890459440309e-03 1.101797608762972820e-03
2.014796289962968254e-03 1.012360452739277184e-03
2.330692968394611122e-03 1.232864448650969206e-03
3.950961387447542161e-03 1.022265194684721318e-03
3.099226427609790956e-03 1.025485303349436524e-03
2.698999434658761777e-03 8.786673574440573937e-04
2.931942704907076168e-03 9.453694811111515092e-04
4.578641698624028034e-03 1.088615256742929242e-03
3.693974648135715712e-03 1.127843409914978381e-03
3.562169005222192483e-03 1.234143604115690894e-03
2.336223260657513921e-03 9.404442952356610293e-04
3.750821513065001611e-03 1.039481340772455261e-03
3.018953108233087858e-03 1.005385034240953955e-03
2.669958026155851410e-03 9.254301833056814870e-04
3.536440064353032521e-03 1.045954519046373354e-03
2.261330738636363209e-03 9.143409487051790087e-04
3.209258365396111794e-03 1.031426879996194187e-03
2.887870067253914524e-03 1.116867464895537117e-03
3.489614009422676872e-03 9.070714057440368554e-04
2.021634832796861871e-03 7.663616879084271787e-04
2.719868179856201398e-03 8.405727066345181943e-04
3.692410674081400643e-03 9.768835217337944101e-04
1.838614734430962360e-03 9.513846116570302521e-04
2.968809596131811220e-03 7.727387837214809690e-04
3.134794154383962854e-03 9.921479601678734588e-04
4.577251072863467926e-03 1.053272752263583519e-03
2.858224531769528072e-03 1.128018772817684142e-03
3.361292773776843913e-03 1.200261962302026468e-03
2.552869654461919265e-03 9.358575233994782805e-04
3.091792310454764218e-03 1.049251529009130081e-03
2.841310906639248155e-03 9.015167281522495349e-04
2.235291855697684512e-03 1.226088230640244060e-03
3.900426872561894073e-03 1.088263900860650954e-03
3.692678116488553632e-03 1.153181917562478339e-03
3.780553169725303989e-03 1.107272519966616279e-03
3.349453633957090448e-03 9.898694312745269334e-04
4.918310640589467278e-03 1.298729205720949159e-03
2.564361439150903820e-03 7.301109139408170842e-04
2.433436793579593291e-03 8.855570666043210493e-04
3.474486503634475858e-03 1.105051170443703979e-03
2.236638042042056896e-03 1.025851652114187018e-03
2.227954639927511027e-03 9.558703016856404935e-04
3.253597629423987322e-03 9.895561172833895400e-04
3.014247749316005358e-03 1.075670201563195096e-03
2.423395564932548287e-03 9.377591333521712426e-04
3.152590388711662937e-03 8.779607234396961729e-04
2.674302082448046149e-03 9.836194472887197643e-04
2.902930708597753137e-03 1.030587537729406485e-03
2.545478204013649614e-03 8.965354451767835195e-04
2.711839738117625791e-03 1.071502495353542040e-03
3.665915030930261016e-03 1.046983236327240141e-03
3.420092132521874995e-03 9.440024063531036102e-04
3.675684037838211106e-03 1.034196806865035319e-03
2.728248497233269274e-03 9.744981810740187007e-04
2.483367638257717724e-03 9.716190849521880342e-04
2.815082701108344992e-03 1.115678230756184065e-03
2.136320979775882100e-03 9.522941212488984135e-04
2.522998879271954546e-03 9.397944067948906140e-04
3.061362218161152535e-03 9.979476985606517119e-04
3.440319565546005702e-03 1.198638954171597770e-03
1.937682588445101923e-03 7.706538682070065548e-04
2.145810926360328455e-03 6.662187890041842498e-04
3.403363182714186624e-03 1.228932474252580421e-03
3.774984250763007473e-03 9.497849380606144956e-04
3.250788608955919659e-03 8.638544885806683817e-04
1.963731323703645729e-03 1.058955470198983577e-03
4.873684404560810722e-03 9.776453624574831577e-04
2.340817324127269106e-03 9.445671346971294246e-04
3.729460836963261264e-03 1.253932031041149388e-03
3.551985009605291947e-03 1.024246993671687608e-03
2.143545634607784897e-03 8.827348009228554171e-04
2.656770583730514151e-03 1.013407592328286052e-03
2.581190825105860506e-03 1.074293655192440052e-03
2.076491281302305855e-03 1.054595108893676162e-03
3.485147175949955198e-03 8.712409790408744267e-04
3.378499824069242617e-03 9.897865731362854875e-04
3.334965052965743401e-03 1.198136770137460784e-03
2.720409621251432698e-03 9.563328966344610731e-04
2.989071566205561432e-03 8.272160370350039454e-04
2.522332406590434891e-03 9.137332408259925178e-04
2.641075973046256957e-03 9.619314975217803550e-04
4.391998687322086654e-03 1.079982188039447892e-03
2.595516351924469136e-03 1.071935605177101345e-03
2.530280089141264451e-03 8.464228424498663724e-04
3.355529352461236303e-03 1.002992241768672866e-03
4.773323997855914540e-03 1.128982996627413138e-03
3.382133109030009688e-03 1.210051146881019899e-03
2.823203307659800237e-03 8.850185737004887020e-04
2.174187227881724076e-03 9.097557601204108889e-04
2.232332076830653884e-03 1.209921411810332015e-03
2.561127516076540725e-03 9.286435024710979792e-04
2.882211383502824523e-03 9.270914615700157199e-04
3.267594029648811151e-03 1.181077968493899656e-03
2.517644159564656064e-03 8.600612283654185527e-04
2.601953339893893578e-03 9.023106479653829814e-04
2.931651158210540550e-03 9.694223869900369696e-04
2.718859054387387075e-03 9.462006600382075888e-04
3.198310879799162992e-03 9.385072493255249525e-04
2.744480201703881125e-03 1.118154571710568753e-03
2.556568629167296769e-03 1.113797377293234336e-03
4.331750870610240681e-03 1.220540477899267895e-03
2.762737673464302039e-03 1.166508907369880749e-03
2.454974864465405901e-03 8.809285123841185386e-04
2.967424147001429448e-03 1.007765027103470819e-03
3.945363411220978618e-03 1.147261938000546056e-03
2.976985592943385932e-03 9.332422075405409937e-04
2.819433786437456051e-03 9.971185458527986878e-04
3.083593220773634107e-03 8.642113782486493447e-04
2.763914224301179320e-03 8.808041891140165527e-04
4.168258536222222213e-03 1.006498804515933675e-03
2.725583118016938408e-03 9.661651799301291220e-04
2.273881684357875656e-03 7.736692111597894645e-04
3.703504421752208935e-03 9.778924681758877687e-04
