-1.747894736842105223e-02 9.740259740259745672e-04
-7.748618784530373477e-03 1.746969696969701480e-03
-3.354922279792740391e-03 1.517492711370263319e-03
-1.129320987654320110e-02 -1.295336787564763798e-04
-8.381081081081077910e-03 6.145833333333333010e-03
-9.955621301775137433e-03 -2.833819241982509125e-03
5.152671755725212821e-04 -8.159609120521152696e-04
-5.067567567567477860e-04 1.997023809523810946e-03
-4.865625000000000158e-03 1.381849315068493095e-03
-2.298780487804867514e-03 3.007122507122507275e-03
-5.435374149659850246e-03 -1.151006711409394926e-03
-9.605726872246690001e-03 -1.081180811808116768e-03
-5.051630434782608016e-03 -4.387900355871887648e-03
1.428571428571474757e-04 -2.629870129870126236e-03
-1.431632653061224586e-02 1.053191489361704567e-03
-1.491206030150753030e-02 1.975683890577694974e-05
1.444444444444444552e-02 1.533333333333334898e-03
-3.967005076142123866e-03 -2.979853479853480924e-03
2.757847533632329091e-04 2.981865284974092277e-03
6.872282608695660239e-03 1.704081632653062185e-03
-5.866459627329187812e-03 -1.461852861035420077e-03
-5.342465753424655364e-03 -4.408794788273617989e-03
-9.336734693877514219e-04 8.862179487179480761e-04
-8.376760563380280383e-03 2.512195121951220442e-03
2.118589743589745483e-03 1.317934782608699026e-04
4.770992366412217349e-03 5.591715976331340784e-04
-7.412587412587341457e-04 1.120165745856353465e-03
-3.188442211055275786e-03 -1.058103975535168830e-03
-2.799999999999986961e-03 1.353372434017597291e-03
-8.537037037037033954e-03 2.268370607028760992e-04
-5.473856209150319493e-03 -1.044540229885057006e-03
-1.003963414634146192e-02 -1.050000000000006549e-04
-1.156874999999998876e-02 3.771626297577849334e-04
-6.738235294117640370e-03 4.226688102893893205e-03
-1.174418604651159860e-03 9.557377049180319469e-04
-6.741935483870891170e-04 -9.141914191419150395e-04
-6.476683937823811670e-04 2.097264437689954047e-04
8.445945945946366543e-05 1.561746987951809044e-03
-1.577717391304347960e-02 3.162251655629130993e-04
-7.891566265060214911e-04 -6.481481481481637420e-05
-6.169934640522876240e-03 9.379947229551457728e-04
5.917682926829277018e-03 3.453448275862070621e-03
-8.137499999999985023e-03 3.339222614840987565e-04
8.478260869565228466e-03 2.779239766081872173e-03
-6.317919075144500830e-03 1.052380952380952859e-03
-3.834285714285706748e-03 5.349544072948333052e-04
-1.014321608040200107e-02 -1.738938053097341613e-03
-8.280898876404482051e-03 6.253644314868831138e-04
-1.215652173913042353e-02 2.608312342569269610e-03
2.644578313253016268e-03 -3.263380281690140584e-03
-1.231052631578945754e-02 1.590361445783133919e-03
3.124324324324327315e-03 6.707430340557277160e-03
-1.183467741935483736e-02 2.114035087719299058e-03
-1.346153846153829564e-04 3.128881987577639915e-03
-2.339416058394149303e-03 3.869146005509642178e-03
-1.230124223602484072e-02 2.222049689440995426e-03
-8.930481283422428852e-04 6.791044776119405926e-04
-9.865030674846616415e-03 2.161094224924013131e-03
-5.417475728155337830e-03 1.714071856287427854e-03
-6.404999999999988827e-03 3.907012195121952955e-03
-9.835570469798651447e-03 2.720994475138119621e-04
-1.576415094339621986e-02 3.754601226993867051e-03
-1.066296296296295743e-02 2.224928366762178068e-03
-6.415662650602410415e-03 -1.161616161616175249e-04
-6.409090909090900748e-03 4.815614617940200924e-03
-2.101449275362288660e-04 2.006172839506161875e-04
-1.321195652173912626e-02 -1.730769230769229521e-03
5.173076923076927805e-03 4.144200626959248200e-03
-4.877094972067028654e-03 2.688709677419355050e-03
-3.647435897435893047e-03 3.481481481481482534e-03
-5.136125654450256206e-03 -1.852769679300289400e-03
3.260606060606066267e-03 1.766101694915255069e-03
-5.557065217391302797e-03 1.621776504297994543e-03
-3.899999999999951682e-04 3.250000000000002019e-03
-4.551282051281994845e-04 -4.472934472934485652e-04
-1.437500000000000409e-02 -7.396959459459459887e-03
-1.080312499999999329e-02 1.148867313915860784e-03
-8.428124999999998118e-03 -3.030303030302843885e-05
-1.022680412371133364e-02 -3.161064425770308221e-03
-6.449438202247184324e-03 2.658064516129032655e-03
-4.079470198675492695e-03 -8.524844720496884331e-04
-2.601604278074861297e-03 1.509933774834437475e-03
-7.503184713375795484e-03 -5.886426592797765027e-04
-1.664516129032251679e-03 3.961942257217845528e-03
-7.904761904761904018e-03 2.943786982248545406e-04
-1.542894736842104382e-02 2.292569659442726063e-03
-1.480392156862738373e-03 2.151006711409395814e-03
-3.480519480519478001e-03 7.102564102564118886e-04
-1.328285714285713966e-02 -3.039867109634550053e-03
-7.580110497237566372e-03 1.167173252279635632e-03
-1.078212290502792228e-02 1.957478005865102583e-03
-1.763636363636355685e-03 2.752212389380532566e-03
-3.441489361702120778e-03 2.518518518518519326e-03
-2.147239263803631777e-04 -7.776243093922648262e-04
-3.264331210191076874e-03 2.247813411078717055e-03
-7.835526315789464666e-03 -1.615384615384613583e-03
-5.601156069364163215e-03 1.139318885448917370e-03
-7.137426900584786099e-03 6.184210526315815680e-04
-5.020725388601026545e-03 5.465976331360947356e-03
4.374172185430470414e-03 -1.862654320987655121e-03
-7.875796178343939455e-03 4.411764705882425061e-05
-4.999999999999918789e-04 -4.173437500000000064e-03
-8.164285714285708997e-03 -6.360544217687073322e-03
-7.169642857142856200e-03 2.611570247933886219e-03
-5.825657894736839017e-03 2.816666666666669139e-03
-7.234285714285706992e-03 2.524916943521597970e-03
2.149390243902452643e-03 3.827823691460055609e-03
-1.664556962025317242e-03 -5.163793103448277577e-03
-5.288819875776385598e-03 -5.347682119205287871e-04
-6.120481927710840972e-03 1.594476744186048341e-03
-9.649681528662337445e-04 -2.246130030959754987e-03
-4.035928143712568146e-03 2.739130434782609865e-03
-6.733128834355828901e-03 3.664772727272730488e-03
-5.268181818181812484e-03 3.959090909090908633e-03
-5.274418604651160206e-03 3.217125382262996363e-03
-6.847560975609749169e-03 6.628521126760562182e-03
3.189655172413853493e-04 7.292993630573250735e-04
-1.656089743589743077e-02 -1.121495327102812551e-04
-5.481481481481378926e-04 -4.403508771929824303e-03
-7.775641025641024696e-03 1.811178247734140153e-03
-1.805688622754490075e-02 -1.297256097560974810e-03
-4.025773195876286396e-03 4.479104477611939826e-03
-4.838607594936704046e-03 3.686708860759518478e-04
-1.705729166666660954e-03 1.522727272727272818e-03
-7.955958549222789597e-03 -8.458083832335308236e-04
4.371527777777780600e-03 7.266009852216888344e-05
-1.696551724137930484e-02 -2.659574468085077695e-04
-1.145086705202312191e-02 4.555393586005829394e-03
-1.066208791208790585e-02 4.502976190476191791e-03
-6.049180327868843542e-03 -4.985074626865648728e-04
-1.322058823529411072e-02 1.689003436426118453e-03
-1.133240223463686212e-02 -1.851851851851442330e-06
-1.266091954022987957e-02 1.665000000000002632e-03
-1.209558823529410278e-02 1.622535211267608045e-03
-3.659509202453982424e-03 8.513513513513515244e-04
-2.973282442748081955e-03 7.398753894081015487e-04
-1.370967741935477961e-03 5.364457831325299825e-03
-1.060714285714285145e-02 -3.310397553516819698e-03
-9.002512562814066893e-03 8.650000000000012930e-04
-5.512269938650301779e-03 -1.723404255319148197e-03
2.794871794871914153e-04 1.760869565217391096e-03
-3.220670391061445943e-03 2.695238095238095162e-03
-1.088607594936701799e-03 -3.226744186046512212e-04
-8.580838323353287209e-03 1.234375000000000880e-03
-9.595930232558136722e-03 2.673267326732672389e-04
-1.330124223602483467e-02 -3.545961002785516861e-03
-7.407407407406900446e-05 4.036549707602340824e-03
1.303030303030384962e-04 6.182965299684548130e-04
-8.135294117647049600e-03 1.004587155963303832e-03
9.448275862069054716e-04 4.105263157894732174e-04
5.803370786516857255e-03 1.284256559766765822e-03
-3.915343915343869117e-04 2.098214285714286153e-03
-5.473933649289093248e-03 2.484756097560978250e-03
-4.785714285714278565e-03 2.195592286501378294e-03
1.103515625000005967e-03 7.155737704918034223e-03
-2.707182320441927042e-04 3.616504854368933226e-03
-1.266326530612244330e-02 5.081469648562299268e-03
-2.790441176470596224e-03 1.405325443786983582e-04
-8.722602739726028134e-03 4.308259587020648283e-03
-4.363636363636357735e-03 1.108761329305136319e-03
-3.804812834224593782e-03 2.266975308641976626e-03
-8.555900621118004215e-03 2.409638554216868549e-03
3.502673796791518058e-04 1.587579617834396044e-03
-2.298850574711528964e-05 -7.235915492957748722e-04
2.180451127819549566e-03 -3.358208955223876023e-04
-1.390789473684210867e-02 -2.620795107033637578e-03
-7.431216931216923054e-03 9.375000000000156049e-05
-9.797927461139891575e-03 1.834862385321103188e-03
-5.935897435897429138e-03 3.839050131926133747e-04
-5.126943005181340725e-03 1.456310679611652701e-03
-5.442424242424236461e-03 -3.982428115015975573e-03
-1.244642857142856662e-02 -4.708454810495601669e-04
-5.500000000000002283e-03 8.824362606232305766e-04
-5.113636363636340186e-04 2.592741935483872627e-03
-3.399999999999990270e-03 3.410493827160496032e-03
-4.554187192118223579e-03 2.172205438066464149e-03
-1.421283783783783110e-02 -3.730061349693255483e-03
-2.914285714285710406e-03 -1.923076923076902746e-04
-2.163888888888878832e-03 3.421052631578947508e-03
-4.059748427672951916e-03 4.711246200608090647e-05
-5.778301886792448945e-03 -6.833860759493670840e-03
1.363095238095243973e-03 5.935754189944144081e-04
-2.751396648044690096e-03 -3.441558441558444158e-04
3.208092485549133947e-03 2.099025974025974916e-03
3.834375000000006615e-03 3.639925373134326406e-03
-5.418269230769227375e-03 2.177811550151976909e-03
-9.849624060150276219e-04 -8.284789644012939634e-04
-6.898351648351643689e-03 3.692028985507248267e-03
-9.731958762886593062e-03 1.756227758007118623e-03
-2.161016949152533891e-03 -1.393274853801169206e-03
-1.194082840236685567e-02 -1.800940438871470855e-03
5.925925925925929968e-03 3.860501567398121232e-03
2.312865497076033432e-03 -1.411042944785276644e-03
-1.223756906077339132e-03 9.384858044164060692e-04
-5.050264550264544489e-03 2.117554858934170108e-03
6.117318435754194941e-04 3.545602605863191342e-03
-1.487192118226601280e-02 -3.348265895953757374e-03
-1.330254777070063316e-02 -1.186006825938565453e-03
-1.241847826086956048e-02 3.077669902912623899e-03
-6.130813953488362632e-03 4.253846153846155796e-03
-7.843749999999994824e-03 3.825203252032523434e-03
-3.263803680981588410e-03 -8.130311614730868297e-04
-1.060591133004925267e-02 -1.772307692307692603e-03
-8.026162790697677352e-03 9.660574412532776337e-05
-2.373762376237618932e-03 1.149700598802395283e-03
-5.413157894736835007e-03 5.775075987841964869e-04
-6.901197604790412603e-03 -7.044025157232694512e-04
-7.615384615384531526e-04 3.112215909090912131e-03
-1.816549295774645689e-02 -9.876160990712067218e-04
1.906392694063930703e-03 2.096610169491524601e-03
1.111731843575427528e-03 2.394136807817588263e-03
-7.692982456140346099e-03 -1.425925925925924887e-03
5.353932584269666117e-03 8.575667655786341605e-04
-3.893617021276591424e-03 -3.830275229357799852e-03
4.478395061728399767e-03 1.568627450980405482e-04
5.255102040816444619e-04 3.464174454828661265e-03
-4.046703296703294331e-03 3.487460815047025049e-03
-9.314102564102554049e-03 -4.364161849710965625e-04
-4.206896551724133293e-03 2.366666666666682542e-04
-9.426605504587085666e-04 2.192953020134229443e-03
-8.795731707317070575e-03 3.075384615384615678e-03
-2.031249999999960062e-04 4.493865030674842323e-04
-3.538461538461535900e-03 -4.856115107913681287e-04
6.149681528662425192e-03 -1.713888888888890662e-03
-1.202542372881355154e-02 2.707246376811593604e-03
-2.756281407035173978e-03 2.544973544973546178e-03
-8.404109589041091830e-03 7.916666666666682733e-04
-2.957746478873199154e-04 -7.967836257309917790e-04
-5.180272108843536269e-03 4.895209580838321209e-04
-4.196428571428522107e-04 2.155228758169933003e-03
-8.536144578313246967e-03 3.261437908496732114e-03
-1.296815286624202444e-02 -4.204892966360836083e-04
-2.375886524822657839e-04 2.268392370572207620e-03
-3.784313725490188410e-03 -6.785714285714284462e-04
1.169444444444444481e-02 4.644345238095237346e-03
-4.916107382550340653e-03 8.512747875354114042e-04
5.320945945945951445e-03 -3.857812499999999697e-03
-5.235668789808911594e-03 -7.622699386503072093e-04
1.494475138121556610e-03 1.610921501706485352e-03
8.666666666666707469e-04 3.045741324921136250e-03
8.730158730158707925e-05 4.633426966292135234e-03
-2.696078431372542911e-03 -1.473293768545992340e-03
-5.429729729729725757e-03 9.944598337950137732e-04
-1.341666666666666355e-02 7.351916376306623022e-04
-3.581249999999992859e-03 -5.810439560439552113e-04
-9.195187165775392177e-03 7.886178861788642599e-04
1.689944134078216493e-03 7.443365695792876621e-04
-1.127202072538859186e-02 1.295527156549520836e-03
-6.027950310558997590e-03 -1.675141242937852343e-03
-8.734285714285703120e-03 1.320000000000002812e-03
3.136612021857927354e-03 1.948844884488449202e-03
4.556410256410261400e-03 -1.362537764350451675e-03
-4.113636363636359247e-03 -6.060171919770767409e-04
-2.261682242990649839e-03 -5.089820359281445198e-04
1.444444444444444378e-03 2.424679487179486753e-03
-9.386503067484637270e-04 5.566993464052288031e-03
-1.288624338624337964e-02 1.792168674698803787e-04
2.776162790697676158e-03 2.595015576323987227e-03
-1.842758620689654431e-02 -9.368421052631573619e-04
-7.032967032967032094e-03 -1.159459459459459465e-03
6.824999999999999470e-03 2.058108108108107435e-03
-1.739726027397252685e-03 2.531343283582091971e-03
-7.437106918238996743e-03 3.023738872403562358e-03
-8.484567901234566292e-03 -4.688427299703263945e-04
-1.144594594594594041e-02 1.851910828025479143e-03
2.605128205128216454e-03 -3.506430868167201807e-03
-1.106185567010308825e-02 8.112947658402209399e-04
-5.559523809523807605e-03 -1.847962382445140746e-03
-1.138961038961038529e-02 1.503916449086163112e-03
-1.189687499999999079e-02 -1.162889518413597056e-03
-5.765486725663710767e-03 1.862804878048782576e-03
-8.860730593607301156e-03 -2.846491228070173029e-03
-1.485026737967913742e-02 2.152173913043480945e-03
-1.221698113207545996e-02 2.959183673469398626e-04
-5.093478260869559703e-03 -1.621311475409835043e-03
-2.006730769230768291e-02 -1.646884272997031166e-03
-7.847999999999986931e-03 2.112244897959182806e-03
3.698598130841132189e-03 -9.122257053291519787e-04
3.151515151515156890e-03 3.842356687898088215e-03
-1.285465116279070272e-02 8.934210526315816388e-04
-5.891959798994973047e-03 2.777941176470587192e-03
-2.021276595744673013e-03 1.348529411764708488e-03
-1.654285714285711872e-03 2.897832817337460225e-03
-2.999999999999994425e-03 1.242424242424243659e-03
-4.960227272727265463e-03 6.534090909090930566e-04
-2.109890109890104944e-03 -8.526011560693456839e-05
2.013513513513512723e-03 5.344827586206890233e-04
-4.054761904761896088e-03 1.154761904761906263e-03
-1.618918918918912540e-03 6.878698224852070270e-04
-8.297872340425480530e-04 2.333969465648854519e-03
-1.298089171974522484e-02 -1.372549019607844463e-04
-6.109090909090912104e-03 6.731023102310234978e-03
-2.966463414634141170e-03 1.788515406162467444e-03
-1.284615384615377543e-03 1.048589341692790109e-03
-4.631284916201114377e-03 1.116147308781871659e-03
1.421875000000002564e-03 -2.972222222222232427e-04
-2.992187499999997887e-03 3.052013422818794855e-03
-4.156069364161839655e-03 3.022184300341296780e-03
-8.617834394904450718e-03 -1.134408602150536191e-03
-1.115506329113923750e-02 -1.269841269841267889e-04
-8.106164383561638084e-03 4.536544850498339283e-03
-5.733870967741931148e-03 2.132218844984803442e-03
-1.017512690355328736e-02 6.352739726027389075e-04
-9.887179487179480197e-03 8.742331288343549445e-04
-1.062011173184356991e-02 5.000000000000114758e-05
7.903225806451676756e-04 -2.876623376623378345e-03
-1.412025316455695761e-02 4.097345132743361942e-03
-5.903314917127068517e-03 8.522099447513817663e-04
-6.464968152866236786e-03 1.686390532544395368e-04
-4.217948717948708307e-03 2.552219321148826384e-03
-3.115384615384610145e-03 3.027220630372494826e-03
-4.475806451612904767e-03 2.799689440993789399e-03
-3.442622950819623556e-04 7.658450704225333886e-04
-8.412903225806444077e-03 3.592063492063493190e-03
-8.022598870056485768e-03 2.030487804878050150e-03
-2.729999999999991982e-03 1.269794721407626649e-03
1.538235294117658173e-03 -3.418461538461537753e-03
-1.391133004926107392e-02 2.745098039215738799e-04
-6.322784810126577497e-03 1.791071428571430280e-03
1.552631578947372528e-03 7.909604519774028272e-04
-7.074074074074071170e-03 2.133823529411765698e-03
5.553072625698334333e-03 2.549206349206347907e-03
-6.614583333333295479e-04 1.455592105263158343e-03
-1.846093749999999298e-02 -1.076452599388378001e-03
-1.193548387096775862e-03 1.269035532994923325e-03
-5.370833333333336831e-03 7.127659574468087631e-04
-8.122093023255803901e-03 3.845697329376856870e-03
-3.467032967032961620e-03 1.955521472392638023e-03
-1.123529411764705686e-02 -2.824786324786323407e-03
-1.327142857142856770e-02 2.462006079027357123e-04
-4.630653266331654846e-03 -2.045058139534882986e-03
-9.214285714285706114e-03 1.881028938906752560e-03
-9.429411764705887544e-03 1.004189944134080761e-03
-4.431137724550786045e-04 1.360627177700348247e-03
-2.958579881656787426e-04 3.255737704918035703e-03
-1.049734042553191436e-02 -1.188709677419353284e-03
-2.025568181818175259e-03 2.506514657980457497e-03
-8.509677419354835792e-03 1.671474358974359186e-03
1.422222222222228796e-03 -3.093841642228749951e-04
-4.543604651162788319e-03 1.687086092715232811e-03
-1.313448275862068304e-02 -1.137380191693290700e-03
-4.445812807881770537e-03 -5.383333333333335888e-04
-1.604032258064515271e-02 1.480994152046784468e-03
-9.635416666666472840e-05 4.582172701949869566e-04
-7.283950617283943552e-03 -2.613981762917934261e-04
-1.146411483253587972e-02 -2.658415841584157741e-03
-5.097014925373123152e-03 2.990033222591542339e-05
-9.052486187845298557e-03 2.255131964809385658e-03
-9.473282442748085994e-03 1.431666666666665724e-03
-2.111842105263157798e-02 -2.002762430939214759e-04
-1.322894736842104325e-02 3.178461538461541027e-03
-9.346889952153098272e-03 3.906705539358626455e-04
2.445595854922287538e-03 -1.172638436482083052e-04
-1.045893719806764320e-03 7.904191616766475430e-04
-1.129276315789472587e-02 5.586510263929622125e-04
3.489795918367350445e-03 8.944281524926682957e-04
-1.007105263157894240e-02 6.631097560975627572e-04
5.235602094241045585e-05 2.360119047619047960e-03
-1.021069182389935937e-02 3.475778546712801880e-03
-5.486559139784945999e-03 -7.087087087087075559e-04
-7.737804878048776085e-03 -5.016717325227966484e-03
-2.640624999999997141e-03 -6.053370786516848370e-04
1.893939393939462785e-04 -1.505524861878452560e-03
5.823699421965326285e-03 1.729166666666668130e-03
-6.772151898734109395e-04 -7.790697674418587239e-04
-5.275862068965515676e-03 1.792035398230089512e-03
2.302631578947371242e-03 -7.322946175637373234e-04
-1.590522875816992657e-02 4.391238670694865530e-03
-6.661375661375654525e-03 3.803405572755418334e-03
-3.245454545454537921e-03 1.263975155279503963e-03
-1.019871794871794225e-02 1.381428571428572295e-03
-7.463768115941974302e-04 -3.499999999999998772e-03
-1.079210526315789453e-02 -4.217105263157892685e-03
-6.049751243781086377e-03 -1.616161616161614317e-04
-1.552795031054936755e-05 4.429230769230769506e-03
-3.825949367088606404e-03 1.904088050314467614e-03
-6.999999999999991472e-03 -3.114478114478104898e-04
2.049079754601230985e-03 -3.882521489971335962e-04
-1.030769230769229723e-02 -6.734006734006723520e-04
-5.936868686868682250e-03 5.633522727272726599e-03
-1.876373626373627635e-03 4.940217391304348518e-03
-6.003067484662570445e-03 -2.202346041055718278e-03
-9.698324022346365564e-03 -2.021943573667697714e-04
-2.849431818181817795e-03 7.848837209302346723e-04
-3.339473684210519759e-03 1.020588235294117964e-03
-7.486842105263154593e-03 -2.551724137931032921e-03
-7.483974358974352856e-03 -2.088948787061995199e-03
7.607843137254910112e-03 1.187500000000001272e-03
-9.324404761904754244e-03 4.247557003257330932e-03
-3.505617977528083153e-03 7.492997198879565749e-04
-1.143296089385473918e-02 1.791086350974932170e-03
7.457142857142844486e-04 5.080645161290323064e-03
1.744444444444451020e-03 -9.005847953216359779e-04
-9.951807228915657277e-03 -9.051724137931010884e-05
-5.799492385786798182e-03 1.279503105590062279e-03
2.417948717948718764e-03 5.296116504854371000e-03
3.156249999999992287e-04 4.148264984227148055e-04
1.219135802469135509e-03 6.615384615384638407e-04
-2.311881188118806996e-03 6.267123287671234151e-04
2.067415730337082442e-03 8.372483221476516172e-04
-5.628048780487799468e-03 1.732522796352584365e-03
-3.958333333333332801e-03 3.164556962026724419e-06
2.085164835164837489e-03 -1.210242587601077866e-03
-9.539772727272714456e-03 -5.942492012779538669e-04
7.755102040816337335e-04 1.372781065088758386e-03
5.908108108108107125e-03 2.940771349862256797e-03
-9.815476190476190438e-03 3.929440389294406796e-03
-4.426035502958574133e-03 9.672413793103437456e-04
-7.654639175257698519e-04 -1.135179153094461636e-03
-8.138235294117644042e-03 4.834183673469397038e-04
-9.002890173410401861e-03 -2.081790123456789959e-03
-2.463942307692305010e-03 6.013071895424849326e-04
-3.366477272727269685e-03 1.152818991097924982e-03
-4.912162162162161602e-03 -4.195467422096314965e-03
-4.119186046511623921e-03 5.762738853503184683e-03
-9.138157894736834153e-03 -9.667721518987352006e-04
-1.403355704697985436e-02 2.969696969696998990e-04
-3.481012658227042956e-05 1.410256410256596528e-05
-5.569444444444440236e-03 2.846026490066227814e-03
-1.549687499999999329e-02 2.441275167785235053e-03
-2.216763005780346754e-03 6.290322580645156840e-04
1.311855670103099320e-03 2.039808917197454864e-03
-6.999999999999991472e-03 8.003194888178911861e-04
-3.570987654320988310e-03 -5.166163141993942737e-04
2.764705882352944295e-03 -3.307339449541285992e-03
-1.628742514970058994e-02 -6.449044585987261232e-04
-1.984615384615376343e-03 6.661721068249257813e-04
-6.310945273631834301e-03 2.312138728323701303e-03
-5.617977528089867535e-04 1.103343465045593949e-03
-1.235632183908045960e-02 -1.633333333333332991e-03
-8.611111111111080692e-04 1.561919504643964791e-03
5.655737704918089052e-04 2.157088122605363943e-03
-8.431428571428572355e-03 3.286567164179105861e-03
-7.806122448979591760e-03 3.830083565459611178e-03
-1.201999999999999943e-02 -2.454838709677420548e-03
-1.149401197604789891e-02 -2.279411764705867923e-04
-1.053664921465968275e-02 1.284615384615386650e-03
-9.601648351648341476e-03 6.501597444089471161e-04
-1.271890547263680900e-02 1.930463576158939886e-03
-5.455782312925173787e-03 2.233644859813084353e-03
6.007092198581569058e-03 7.208588957055167307e-05
-7.754143646408835112e-03 1.405063291139241419e-03
3.315217391304351412e-03 -1.919003115264797128e-03
-4.158192090395474751e-03 4.272997032640951957e-04
3.333333333333366832e-04 -2.460000000000001248e-03
7.820512820512824301e-03 2.688291139240507350e-03
-8.904761904761894498e-03 9.321533923303838018e-04
-6.553370786516851849e-03 -7.567975830815701398e-04
-7.463190184049066540e-03 -9.839743589743579245e-04
2.427419354838716674e-03 -3.578671328671332186e-03
4.657894736842112596e-03 1.909495548961424915e-03
-1.196188340807174608e-02 1.236263736263742768e-04
-6.449704142011801087e-04 2.081944444444445725e-03
-1.056209150326797332e-02 1.932024169184291210e-03
-1.097222222222220961e-02 7.948402948402962746e-04
-6.931034482758611712e-03 -8.849557522120359793e-06
-1.063428571428571591e-02 4.970326409495550487e-04
-5.811594202898543240e-03 3.338278931750740443e-03
-1.068027210884353248e-02 -2.784539473684211151e-03
3.394285714285728145e-03 1.664652567975830185e-03
-1.977611940298503335e-03 1.789062500000002890e-03
2.584541062801977798e-04 2.394389438943894059e-03
-4.537142857142854174e-03 -2.368421052631591308e-04
3.873134328358213748e-03 -9.900990099009903279e-04
-9.926035502958575549e-03 3.477272727272730322e-03
3.526470588235297576e-03 2.717717717717730327e-04
-6.090643274853793990e-03 2.734276729559748879e-03
-1.364110429447852775e-02 -1.591379310344826414e-03
-3.641025641025637943e-03 2.734890109890112438e-03
-8.575129533678717882e-04 1.454861111111112066e-03
-1.101685393258426335e-02 3.258258258258260251e-03
-1.293750000000000282e-02 -4.362880886426578919e-04
-3.242857142857131971e-03 1.831250000000000846e-03
-7.550955414012741444e-03 -1.401869158878328663e-05
-6.436708860759493382e-03 -4.495268138801248128e-04
-1.367407407407406593e-02 3.546610169491528838e-03
-1.820652173912975624e-04 -7.677966101694915987e-04
-2.512422360248451995e-03 1.557189542483661130e-03
-2.406626506024086599e-03 -3.030303030302822879e-05
-8.773936170212761829e-03 -4.797507788161994445e-04
1.003374233128834572e-02 5.152439024390242407e-03
5.459854014598548161e-03 -2.268750000000000801e-03
-1.068926553672315885e-02 2.431147540983607993e-03
-6.985795454545445059e-03 4.221153846153848435e-03
-1.539527027027026533e-02 1.746913580246913346e-03
1.007428571428571965e-02 -1.247326203208556092e-03
-1.629699248120300079e-02 2.736918604651166018e-03
2.935185185185188242e-03 1.908719346049049135e-03
-8.112021857923498377e-03 -3.387096774193544156e-04
-6.645454545454535997e-03 -4.860128617363344491e-03
-2.933333333333325559e-03 -7.835365853658530534e-04
4.321969696969705198e-03 9.354838709677610763e-05
-7.288732394366196840e-03 -6.296829971181550859e-04
-1.566666666666666555e-02 2.551987767584099932e-03
-9.011363636363624655e-03 2.837837837837839210e-03
1.414746543778815742e-03 4.304545454545455861e-03
-6.949275362318835941e-03 4.430029154518952579e-03
-1.251234567901233878e-02 -2.839673913043476786e-03
-4.823369565217386010e-03 -6.885245901639328427e-04
-8.771739130434778181e-03 2.462006079027359833e-04
-2.817733990147780389e-03 7.390670553935863550e-04
-8.275956284153007658e-03 2.180821917808219938e-03
-1.155194805194804941e-02 -1.177710843373493653e-03
-1.182515337423312336e-02 7.403846153846171431e-04
-3.457142857142755390e-04 1.873350923482851359e-03
2.568181818181819280e-03 1.887719298245611743e-03
-1.243786982248519871e-02 9.887820512820520713e-04
-3.206632653061219310e-03 -3.568027210884356509e-03
-8.167567567567557765e-03 1.083333333333333717e-03
-9.275974025974017406e-03 3.253086419753087408e-03
-1.187016574585634740e-02 -8.717105263157806042e-05
-1.389062499999999499e-02 1.454177897574126426e-03
-8.220994475138111712e-03 5.885416666666664666e-04
-5.855769230769227764e-03 2.286111111111111590e-03
-3.195783132530115138e-03 -3.453068592057762301e-03
3.994082840236775375e-04 5.315286624203824709e-03
-1.377688172043010570e-02 1.621739130434783497e-03
-7.256218905472632680e-03 9.136986301369899024e-04
3.497175141242942192e-03 1.950331125827815641e-03
-1.303915662650601340e-02 -1.188034188034188835e-03
-6.332417582417575880e-03 2.141914191419145262e-03
-9.770949720670388944e-03 4.454682779456192038e-03
-1.399999999999999335e-02 1.648936170212766342e-03
4.734972677595625928e-03 4.528875379939214011e-04
7.582781456953648774e-03 7.492668621700888541e-04
-1.299999999999999767e-02 -1.106012658227849580e-03
-2.304597701149419149e-03 6.246527777777780531e-03
3.734482758620699585e-03 -2.744776119402984882e-03
1.623684210526321224e-03 -4.347181008902069495e-04
-6.394736842105261214e-03 4.757440476190478475e-03
-1.312777777777776947e-02 7.514619883040954971e-04
-7.573529411764699446e-03 -3.481012658227908285e-05
-2.970414201183422566e-03 4.261538461538475343e-04
-6.335294117647051818e-03 3.503322259136213909e-03
3.582089552238807741e-03 -1.153061224489794739e-03
-1.620673076923075800e-02 -1.843076923076922974e-03
3.791428571428582736e-03 1.821180555555555487e-03
-1.227469135802468879e-02 1.081185567010311882e-03
1.127167630057804119e-02 8.932835820895523513e-03
-6.549999999999908760e-04 1.611764705882354426e-03
-1.407407407407396073e-03 -2.331683168316832019e-03
-7.924083769633502930e-03 4.586666666666678227e-04
-8.886075949367085169e-03 2.325000000000001978e-03
-2.148241206030145588e-03 -1.703470031545738792e-04
8.121019108280258178e-04 -5.064724919093862698e-04
-9.818840579710053085e-04 -2.828908554572268953e-03
-1.573850574712642655e-02 1.644628099173552375e-03
-3.871428571428564731e-03 2.053412462908011955e-03
-2.510752688172034758e-03 -3.689839572192502352e-04
5.695266272189350096e-03 3.174626865671642713e-03
-1.074285714285706447e-03 1.107594936708859506e-03
-3.425925925925901402e-04 1.914492753623187353e-03
8.740458015267186381e-03 4.581730769230769364e-03
-7.571856287425142787e-03 -1.085470085470085925e-03
3.640243902439034562e-03 2.734513274336283339e-03
-4.067073170731699654e-03 -1.650165016501518929e-05
-1.506289308176099288e-02 -2.574018126888216046e-03
-9.603030303030297282e-03 2.479472140762465845e-03
-4.274853801169585001e-03 1.617231638418080777e-03
-1.311708860759492473e-02 3.053191489361702874e-03
-2.844086021505369977e-03 1.435933147632313406e-03
-2.912698412698408023e-03 3.350453172205438042e-03
-8.101123595505611841e-03 3.447761194029860679e-04
-8.343373493975903867e-04 3.709302325581393268e-03
-1.863636363636355731e-03 1.745689655172416675e-03
-6.783105022831046292e-03 3.864161849710981769e-03
-2.845177664974614818e-03 -4.190751445086690640e-04
-9.724999999999988862e-03 3.017241379310331450e-04
-9.232824427480914101e-03 6.661490683229827911e-04
-1.171333333333332387e-02 -5.936599423631107927e-04
-5.790960451977394041e-04 2.085626911314983692e-03
-1.768421052631575802e-03 1.264615384615384646e-03
-9.433701657458562484e-03 2.117187500000001447e-03
-1.093670886075948957e-02 -4.315286624203807883e-04
-1.934375000000000330e-02 -2.367781155015197519e-03
-8.259146341463413296e-03 2.444444444444446134e-03
-1.428176795580103284e-03 7.961876832844584856e-04
-1.296153846153845837e-02 2.516272189349114900e-03
6.907035175879400191e-03 -2.669753086419753268e-03
2.920212765957456904e-03 -8.492063492063478937e-04
-6.324840764331206809e-03 4.830815709969788277e-03
-1.275956284153004390e-02 -1.307692307692304634e-03
-1.528197674418604012e-02 -1.869496855345911075e-03
-1.006353591160220884e-02 1.470501474926255150e-03
-2.020689655172408072e-03 1.018333333333333330e-03
-1.104663212435233292e-02 -1.741379310344825290e-03
-2.179144385026729729e-03 1.597222222222251047e-04
-9.244186046511627605e-03 -2.099348534201955253e-03
-1.382440476190474957e-02 2.608626198083069652e-03
-7.177852348993283248e-03 2.963607594936709753e-03
-1.005454545454544449e-02 3.327089337175793450e-03
-3.642857142857135189e-03 4.634740259740257988e-03
-2.088235294117606489e-04 1.966480446927374066e-03
-1.145114942528735122e-02 3.126822157434405811e-03
1.259493670886080831e-03 3.119266055045871928e-04
-4.465714285714283797e-03 6.158357771261137466e-05
-1.009714285714284968e-02 1.782407407407408115e-03
-8.278145695364219972e-04 3.068767908309455016e-03
-1.137640449438196170e-03 3.398860398860399645e-03
-5.618721461187208346e-03 2.883050847457628661e-03
-9.062162162162157308e-03 1.411042944785275994e-03
-6.177325581395342463e-03 -1.397959183673468629e-03
6.509146341463427354e-03 1.678832116788318710e-04
-1.468844221105527169e-02 1.753048780487806435e-03
-1.237113402061855438e-02 -3.002976190476190025e-03
-8.662436548223339042e-03 -1.835463258785943264e-03
-4.766666666666659509e-03 1.108562691131499038e-03
-9.870466321243519248e-03 1.235127478753543680e-03
7.073170731707415513e-04 1.721843003412970672e-03
-4.907514450867045061e-03 1.364197530864199323e-03
-9.394409937888191856e-03 9.772079772079782841e-04
-3.364963503649634046e-03 3.763157894736851063e-04
-7.008108108108102204e-03 4.606060606060611998e-04
-1.114525139664791775e-03 1.094999999999999186e-03
-1.972499999999999948e-02 1.221333333333334036e-03
-1.616032608695652795e-02 1.173913043478260225e-03
-1.387215909090909124e-02 -7.770700636942690824e-04
-4.592039800995014256e-03 1.407407407407409300e-03
-6.246794871794868892e-03 3.042151162790698773e-03
1.105263157894742629e-03 1.945337620578778360e-03
4.479865771812091210e-03 -8.222222222222209335e-04
-1.322289156626505098e-02 2.325806451612904332e-03
5.243315508021399382e-03 -1.426045016077168810e-03
-4.030373831775698953e-03 -1.062330623306230850e-03
-5.122222222222215515e-03 2.780386740331493300e-03
-1.038304093567250959e-02 -1.833855799373039237e-03
-4.864864864864827752e-04 1.887362637362638429e-03
-3.159638554216857940e-03 8.121019108280385301e-05
-7.341040462427723783e-04 2.590116279069768108e-03
-1.044680851063829394e-02 -2.666666666666456256e-05
-4.809782608695647131e-03 -1.645547945205477931e-03
-3.779999999999995603e-03 9.971988795518221382e-04
-8.734848484848480726e-03 3.567114093959732057e-03
-1.010714285714285447e-02 2.168750000000001406e-03
-1.155813953488371397e-02 1.704545454545458745e-04
-8.712290502793290647e-03 3.835593220338985761e-03
-8.945578231292411258e-04 -2.413793103448206369e-05
-3.609467455621293182e-03 -1.210606060606059372e-03
2.057692307692321997e-03 8.271812080536927302e-04
-4.196629213483144688e-03 -2.876344086021485262e-04
1.677215189873436764e-04 1.381578947368421618e-03
-1.049447513812153815e-02 2.253968253968252535e-03
-2.134615384615375869e-03 8.647798742138372617e-04
-8.456790123456732087e-04 4.334293948126803110e-03
-4.430041152263365992e-03 1.219696969696972173e-03
-5.964912280701730905e-04 1.124590163934426545e-03
-1.019252873563217601e-02 4.017857142857263945e-05
-1.165584415584415556e-02 1.532670454545454744e-03
-5.453431372549013244e-03 -1.929447852760737608e-03
-1.300797872340424613e-02 4.093837535014004797e-03
-1.013414634146341149e-02 3.166666666666668756e-03
-1.204678362573097022e-03 1.008116883116883314e-03
-7.173728813559318747e-03 4.086455331412106214e-03
-7.758152173913028873e-03 3.249146757679179012e-03
-8.146706586826342814e-03 2.614779874213836106e-03
-1.191712707182320495e-02 -1.627877237851660039e-03
6.666666666666715233e-04 6.211419753086420623e-03
1.278481012658231816e-03 -1.888544891640864037e-03
8.165517241379319918e-03 2.021103896103896170e-03
-8.346590909090902469e-03 -4.873949579831927622e-04
-4.913793103448273018e-03 6.732704402515724690e-03
-1.793065693430654847e-02 1.765306122448980115e-03
7.484276729559786708e-04 1.691950464396284022e-03
-4.178571428571421255e-03 -1.063049853372433204e-03
7.618902439024393541e-03 2.290462427745664897e-03
-4.081871345029231685e-03 -6.751497005988033604e-04
-1.313380281690140414e-02 -3.163716814159289910e-03
-1.107837837837837361e-02 3.054794520547960421e-04
5.883333333333344572e-03 6.132302405498280852e-03
-3.231249999999989773e-03 6.702127659574478582e-04
2.124161073825506750e-03 -2.865963855421685760e-03
7.193750000000007430e-03 4.527687296416939462e-03
9.544117647058834863e-03 1.870550161812296538e-03
-8.733870967741936414e-03 2.812661498708010806e-03
-8.366310160427806522e-03 1.091304347826086265e-03
9.396984924623249212e-04 6.681957186544344729e-04
-1.746987951807163714e-04 -3.686708860759491915e-04
9.023668639053275238e-04 1.597560975609754914e-03
5.848387096774202397e-03 2.357344632768362813e-03
-1.950934579439242552e-03 1.054421768707483999e-03
-2.697674418604635495e-04 -3.259365994236312382e-03
-7.695767195767193314e-03 3.147975077881623798e-03
6.023809523809528499e-03 2.671428571428568956e-03
-5.027343750000001429e-03 -4.512534818941486467e-04
7.952380952380986353e-04 6.756410256410255027e-03
9.409326424870471245e-03 -3.588039867109647113e-04
-7.639705882352939084e-03 6.304761904761906760e-03
-1.051818181818181715e-02 2.093548387096774537e-03
-3.766272189349101698e-03 1.551886792452831804e-03
-6.942424242424243865e-03 -7.884012539184957020e-04
-1.255029585798817307e-02 8.598265895953769193e-04
-3.124999999999994102e-03 2.153846153846157119e-04
-1.060248447204968289e-02 -1.227138643067847467e-03
5.932642487046680020e-04 1.460486322188449520e-03
-7.584337349397584672e-03 3.219020172910664040e-03
-5.555555555555286126e-05 -3.874213836477984584e-03
-1.005921052631577987e-02 3.604719764011799291e-03
-1.255699481865284357e-02 -4.607843137254880777e-04
-1.006249999999999679e-02 -1.163538873994636414e-03
-6.359999999999992396e-03 2.364093959731545375e-03
-1.802395209580830594e-03 1.179715302491104014e-03
-1.285989010989010278e-02 1.335866261398176548e-03
-1.810606060606059775e-02 -1.990625000000000640e-03
-1.883615819209039088e-02 -3.816293929712461647e-03
7.932692307692315939e-03 2.996996996996999316e-03
-6.240853658536583103e-03 8.117816091954044343e-04
-1.570422535211267109e-02 1.888709677419353819e-03
-8.548484848484846910e-03 -1.797839506172838530e-03
-3.821839080459762603e-03 -5.802884615384616869e-03
-1.810377358490565525e-02 -3.741641337386018406e-03
-9.611111111111116925e-04 4.074193548387098143e-03
-1.561688311688302650e-03 3.914634146341463422e-03
-1.305027932960893360e-02 2.036684782608697442e-03
-1.617119565217390448e-02 4.097826086956518100e-03
-1.293870967741935288e-02 -2.708333333333322909e-04
-1.439095744680850449e-02 -2.898176291793312306e-03
2.236842105263280413e-04 1.564144736842105294e-03
-8.392638036809806079e-03 3.256716417910450814e-03
-7.797752808988753399e-03 -2.960132890365449639e-03
6.251677852349001030e-03 -5.474683544303784490e-04
2.965437788018435248e-03 1.180952380952379754e-03
-7.613496932515331425e-03 1.108832807570978322e-03
5.834254143646415598e-03 2.613114754098361595e-03
-3.056962025316447597e-03 -3.343195266272180389e-04
-1.035757575757575294e-02 -1.601671309192184592e-04
-6.632432432432429012e-03 -1.775147928994083568e-04
-6.987499999999995451e-03 7.500000000000006661e-04
-2.468085106382971079e-03 8.872403560830881145e-04
-1.582770270270269369e-02 2.214899713467050838e-03
-9.022988505747127352e-03 -5.015243902439016918e-04
3.310426540284365851e-03 3.714285714285715540e-03
-1.015161290322581789e-02 2.356230031948881431e-03
-1.010106382978723412e-02 3.704545454545456890e-03
-4.295580110497232255e-03 1.531157270029675707e-03
-5.003164556962019956e-03 -1.169871794871799438e-04
3.190355329949241293e-03 2.174825174825176493e-03
-3.594285714285707853e-03 6.527331189710612602e-04
-1.159420289855060942e-03 3.908955223880597636e-03
-4.151658767772506940e-03 2.098101265822783709e-03
-1.596460176991148366e-02 8.957597173144876343e-04
-7.925133689839568285e-03 7.641242937853121898e-04
-2.910447761194030151e-03 -9.237536656891497762e-04
-5.956081081081071767e-03 6.666666666666774051e-05
6.335365853658538743e-03 -2.708469055374591438e-03
-2.552743902439024229e-02 1.242469879518073124e-03
-4.844594594594592123e-03 2.817109144542785334e-04
-1.721604938271604698e-02 -2.656923076923077554e-03
-9.412698412698405556e-03 1.925605536332181079e-03
-1.252941176470587573e-02 -1.674846625766868461e-03
6.981132075471756151e-04 4.439814814814814839e-03
-4.634285714285710581e-03 -3.349662162162159347e-03
-1.962264150943381514e-03 3.807162534435261456e-03
-1.043014705882352837e-02 2.418639053254436223e-03
-9.695530726256977247e-03 -6.597633136094675560e-04
-6.520467836257303265e-03 8.657243816254416502e-04
-4.867977528089872941e-03 1.100000000000004620e-03
-8.996753246753244268e-03 -1.739655172413792118e-03
-1.273703703703703803e-02 -2.829113924050631439e-03
-1.084848484848482345e-03 3.672025723472670429e-03
5.714659685863878250e-03 -7.868098159509202957e-04
-3.676136363636361027e-03 3.376358695652172028e-03
2.515060240963853857e-03 7.909604519774005504e-04
-8.073684210526309302e-03 1.992977528089889469e-03
-3.663594470045983958e-04 -9.756944444444429860e-04
-3.734104046242772007e-03 1.343930635838152220e-03
1.141104294478525972e-03 8.433242506812005206e-04
-7.748717948717934526e-03 2.490963855421687596e-03
6.346938775510214091e-03 9.660493827160498981e-04
-1.288135593220328910e-03 -1.290209790209790241e-03
-2.146496815286620674e-03 1.029649595687330728e-03
-4.211055276381906951e-03 5.636645962732926389e-04
-1.781249999999880260e-04 1.837243401759531582e-03
-6.775568181818176008e-03 1.267123287671232962e-03
-5.520958083832331990e-03 3.821525885558583156e-03
3.161458333333332094e-03 1.330275229357819424e-04
-2.624161073825500255e-03 3.565459610027854609e-03
-9.879781420765024191e-03 1.569277108433736597e-03
-1.125138121546960003e-02 2.681944444444445564e-03
-2.313559322033894097e-03 7.491525423728823910e-04
-1.122699386503064152e-03 -3.176795580110304817e-05
-8.566350710900462115e-03 2.505067567567568609e-03
-8.278688524590164036e-03 -2.796969696969695777e-03
-1.066037735849056055e-02 -1.655128205128204204e-03
-6.797945205479453447e-03 2.364779874213836751e-03
-7.053571428571358323e-04 -2.239436619718295049e-04
-8.184931506849311977e-03 3.714876033057848762e-03
6.934640522875817892e-03 1.976351351351351981e-03
-6.199367088607590781e-03 -3.044692737430165861e-03
1.254285714285716027e-03 -2.437853107344634725e-03
-6.920689655172397071e-03 1.503076923076926419e-03
-6.680379746835440891e-03 9.019886363636389192e-04
-5.108040201005021978e-03 1.996913580246915520e-03
-1.312732919254657599e-02 5.787172011661815543e-04
-8.803571428571421026e-03 -2.842465753424645229e-04
-4.636111111111110815e-03 1.057993730407523003e-03
-3.148351648351637756e-03 3.480056980056986556e-03
-4.440828402366855943e-03 -2.073863636363633401e-04
-7.870165745856347317e-03 1.720059880239523326e-03
4.103550295857985759e-03 -6.295681063122920322e-04
-2.054577464788731600e-02 -5.172697368421054487e-03
6.634730538922158777e-03 -1.515290519877676148e-03
-1.693428571428571075e-02 3.149171270718234485e-04
-4.415789473684204533e-03 2.925465838509314423e-03
-4.407303370786510438e-03 6.158839779005524304e-03
2.259259259259265538e-03 -4.261363636363625315e-04
-3.761083743842357635e-03 7.763975155279498244e-04
-2.945312499999994376e-03 -2.060606060606056885e-04
6.406832298136658915e-03 3.410060975609756091e-03
-1.925449101796406631e-02 2.871681415929206067e-03
-6.480225988700565910e-03 2.069252077562327811e-03
-6.578947368421017789e-04 -2.120000000000000790e-03
-6.420529801324502753e-03 3.759052924791086731e-03
-1.037956204379562875e-02 1.689801699716713930e-03
-2.312925170068013455e-03 1.881250000000002712e-03
-1.014379084967319440e-02 7.142857142857139598e-04
-8.630813953488363985e-03 -1.120634920634920638e-03
-8.099358974358971189e-03 3.767142857142859094e-03
2.543243243243250781e-03 -1.279069767441869197e-04
-1.244767441860464112e-02 2.101139601139603505e-03
-7.520710059171589398e-03 -1.674922600619194483e-03
-1.241525423728812375e-02 9.937694704049864804e-04
-1.779378531073446540e-02 -1.235294117647058824e-03
-1.669186046511627469e-02 -2.039145907473307023e-03
-1.277319587628865209e-02 2.421383647798781293e-04
-8.626760563380275401e-03 -2.498498498498498595e-03
-5.052631578947361542e-03 6.888544891640862190e-04
-3.325581395348831126e-03 3.263071895424837776e-03
1.082352941176476348e-03 3.717948717948718271e-03
-4.249999999999991632e-03 -9.681440443213294765e-04
5.480769230769324792e-04 1.856060606060605869e-03
6.398203592814375590e-03 -1.087423312883434344e-03
-2.446236559139780119e-03 5.640668523676905383e-04
-6.160112359550564375e-03 -2.641304347826086210e-03
2.768817204301143625e-04 5.693498452012385816e-03
-8.470108695652164843e-03 7.094594594594596940e-04
-1.301086956521739155e-02 3.434782608695651548e-03
-5.638297872340422567e-03 9.410828025477706305e-04
5.769230769230797957e-04 3.632587859424918006e-03
-1.948186528497406833e-03 3.101045296167248035e-03
-8.918300653594762178e-03 -2.466876971608831810e-03
-7.244505494505486948e-03 1.858090185676395441e-03
-1.289166666666666239e-02 -8.548387096774098456e-05
2.833333333333363352e-04 -4.909090909090906788e-04
5.540880503144652441e-03 -2.169811320754727255e-04
-8.385542168674688102e-03 2.321212121212122385e-03
-3.913690476190463848e-03 5.096551724137930554e-03
-6.267605633802708978e-04 -2.364197530864198260e-03
-4.886597938144326449e-03 4.021084337349427979e-04
7.328042328042337758e-04 2.136950904392766280e-03
4.335616438356174746e-03 -3.162251655629139124e-04
-1.078612716763005172e-02 1.111111111111111761e-03
-1.309714285714285407e-02 2.594801223241590456e-03
-1.744736842105263155e-02 -1.609826589595374658e-03
-1.072543352601155325e-02 3.630914826498425532e-03
-1.884393063583806021e-03 3.062865497076025425e-03
-8.891566265060234231e-03 3.650280898876406138e-03
6.957575757575759634e-03 -4.066265060241155602e-05
-3.642105263157893128e-03 5.540540540540533389e-04
-1.067613636363635814e-02 -3.269754768392380906e-05
3.996913580246910791e-03 4.099678456591633689e-04
-4.789795918367342580e-03 6.483180428134557383e-04
-1.066176470588234455e-02 1.018055555555555684e-03
-2.732240437158463871e-03 4.060702875399361741e-03
8.958333333333465612e-04 2.698214285714286859e-03
1.909090909090916917e-03 -9.574175824175797794e-04
-3.484276729559737402e-03 1.428362573099417393e-03
4.769444444444449413e-03 -1.927710843373493072e-04
-5.003124999999998025e-03 -2.612951807228916599e-03
-4.570312499999995386e-03 -7.058823529411765172e-04
-9.375690607734802479e-03 -1.199728260869564614e-03
-1.059444444444443412e-02 -2.353932584269661718e-03
-1.028688524590163668e-02 2.484126984126985762e-03
-3.908045977011370318e-04 1.567307692307692932e-03
-1.106951871657753730e-02 1.993399339933995748e-03
-1.054368932038834104e-02 3.947214076246332269e-03
-9.212707182320438795e-03 -3.223183391003457167e-03
-9.258974358974348187e-03 2.308955223880601246e-03
-1.835185185185185530e-02 1.464497041420120089e-03
-1.185493827160494403e-02 -9.559228650137730670e-04
2.605769230769233984e-03 1.478552278820374722e-03
-4.221105527638097229e-04 3.463768115942041873e-04
-6.778378378378379678e-03 -5.851063829787224706e-04
-7.548780487804880417e-03 -3.216480446927375610e-03
-6.830246913580246063e-03 3.595567867036008562e-03
-4.184971098265890220e-03 2.091569767441861516e-03
-4.472677595628414202e-03 1.304281345565750511e-03
-1.269086021505376125e-02 -2.909638554216867259e-03
7.166666666666713292e-04 -1.724999999999999103e-03
-7.229299363057278046e-04 2.294285714285713550e-03
-6.445783132530115639e-04 1.905120481927712744e-03
-5.228658536585358355e-03 -8.163265306122444945e-04
-1.048048780487804456e-02 3.688953488372092790e-03
-5.199999999999995424e-03 2.980555555555557470e-03
-6.370860927152310546e-03 2.416918429003018706e-04
-5.569930069930062455e-03 1.883647798742139282e-03
-7.542328042328030890e-03 2.816666666666669898e-04
-4.486559139784941641e-03 2.837878787878789829e-03
-1.462903225806451608e-02 -3.474285714285713610e-03
4.530555555555559367e-03 3.613293051359514358e-03
-1.154761904761904268e-02 6.209439528023612005e-04
-3.777142857142852181e-03 6.508875739645181432e-05
-9.023936170212767255e-03 2.612804878048781941e-03
6.155737704918048080e-03 -1.441087613293050209e-03
-5.836666666666666219e-03 2.080357142857142908e-03
-7.194444444444442546e-03 4.449035812672177004e-04
-4.686224489795914015e-03 3.402555910543130727e-03
1.639534883720930418e-03 4.792834890965734507e-03
1.446927374301685111e-03 1.237704918032788088e-03
-1.102857142857135249e-03 5.989263803680985356e-03
-7.598639455782302439e-03 3.107352941176471251e-03
-4.349650349650346914e-03 2.127831715210355950e-03
6.725146198830837796e-05 -2.412052117263844934e-03
-1.330882352941176010e-02 8.714285714285717162e-04
-1.619718309859147481e-03 2.643055555555557344e-03
-5.095959595959593039e-03 5.511508951406659433e-04
1.485465116279074092e-03 5.028901734104055873e-04
-7.831168831168825936e-03 1.199059561128528340e-03
-9.658974358974352706e-03 7.542372881355921500e-04
-7.032679738562083033e-03 7.928813559322032967e-03
3.181818181818185827e-03 1.856145251396651343e-03
-7.456395348837199788e-03 1.045189504373178827e-03
4.726190476190485386e-03 1.302931596091238006e-05
2.489417989417992694e-03 6.207482993197264076e-04
-3.749999999999989887e-03 3.735109717868338036e-03
4.629251700680277713e-03 1.352011494252873839e-03
-3.035714285714272674e-03 -3.292358803986710544e-03
-1.575465838509315999e-02 9.440104166666688423e-04
-5.242514970059878980e-03 4.043596730245233202e-03
-6.394285714285715197e-03 1.023255813953488635e-03
-7.603571428571430021e-03 2.129283489096572748e-03
-3.817948717948709859e-03 -7.691082802547745834e-04
-1.742279411764705022e-02 -2.368644067796609083e-03
-4.282857142857136000e-03 1.923753665689149689e-03
-5.252659574468078810e-03 2.765432098765434159e-03
-5.843749999999996517e-03 6.110810810810811226e-03
-1.078571428571423532e-03 2.766881028938905640e-03
5.114285714285715309e-03 4.657980456026064500e-04
1.909090909090918869e-03 3.013931888544892253e-03
2.461748633879793854e-03 -2.792079207920787186e-03
-1.091420118343195203e-02 3.264062500000000470e-03
-7.502551020408151396e-03 1.886503067484662267e-03
-6.999999999999999278e-03 2.194189602446483794e-03
-9.083815028901723321e-03 3.097972972972972642e-03
1.117816091954023381e-03 3.234848484848484515e-03
-3.923566878980889669e-03 2.511326860841423675e-03
-1.899746192893400284e-02 -1.001567398119119568e-03
2.055000000000009076e-03 1.361538461538462424e-03
-4.761627906976741154e-03 -2.576086956521738119e-03
3.470414201183436020e-03 2.266862170087976820e-03
-4.401898734177216860e-03 2.533692722371967947e-03
-1.324496644295300452e-02 7.150349650349659180e-04
3.173913043478263519e-03 2.479876160990714465e-03
-1.673684210526313982e-03 4.639889196675900732e-03
-1.775147928992869194e-05 4.107692307692309376e-04
-2.436241610738254255e-03 5.371900826446280100e-03
-5.748520710059161661e-03 -1.036023054755042146e-03
-1.879651162790696786e-02 1.783132530120483091e-03
-1.143575418994413270e-02 3.858904109589041207e-03
-1.118103448275860508e-02 -1.700657894736841858e-03
-2.816993464052287757e-03 -1.033333333333333152e-03
-1.359554140127386922e-02 -3.776435045317220541e-04
-6.249999999999989071e-03 -4.134493670886074494e-03
-7.447368421052617468e-03 -1.440251572327044512e-03
-1.968085106382933176e-04 -9.244712990936557184e-04
-5.099999999999929893e-04 -7.410179640718564820e-04
-2.088268156424580649e-02 2.939705882352941502e-03
-1.489130434782607801e-02 1.903553299492389975e-03
-1.359687499999999091e-02 1.399361022364218774e-03
-1.683793103448275735e-02 2.208955223880606025e-04
1.064552238805970864e-02 1.483002832861191663e-03
-1.556862745098038479e-02 3.865546218487404687e-04
-8.041666666666665714e-03 -6.661442006269579965e-04
1.335164835164844846e-03 2.294378698224854799e-03
-2.352601156069358563e-03 6.294498381877054651e-04
-9.972081218274107817e-03 1.833333333333335251e-03
-7.301169590643266649e-03 2.897058823529425741e-04
-5.792817679558007540e-03 5.011551155115511087e-03
-7.216931216931216260e-03 2.048286604361371135e-03
6.930232558139568996e-04 -3.099999999999998156e-03
-1.440909090909090438e-02 -1.250000000000000026e-03
-3.845360824742267893e-03 1.621621621621618015e-04
-1.036451612903224739e-02 2.715434083601288295e-03
-1.333333333333333072e-02 -3.848238482384797932e-04
-9.438311688311685002e-03 2.892156862745098780e-04
-8.566860465116276149e-03 8.982558139534885244e-04
-7.107843137254892321e-03 9.866071428571417199e-04
-5.744117647058816223e-03 4.534534534534535345e-04
-5.996774193548382037e-03 3.190553745928338680e-03
-2.604838709677410966e-03 5.699088145896673589e-04
-5.901442307692301124e-03 3.208823529411766566e-03
-1.205645161290321184e-02 -2.374999999999996038e-03
-6.460106382978716630e-03 -1.241791044776119780e-03
-1.582986111111110705e-02 3.884012539184954118e-03
2.316091954022992273e-03 5.865740740740740811e-03
-1.806291390728476109e-02 -1.211143695014661520e-03
-2.727272727272724451e-03 1.281249999999998753e-03
-1.038679245283018714e-02 -6.331360946745558105e-04
-9.624999999999987732e-03 3.073654390934846010e-03
-1.040414507772019839e-02 -3.890282131661441847e-03
-8.696808510638287179e-03 1.358255451713396558e-03
