6.242105263157902983e-03 2.474308300395258297e-03
-4.287564766839372168e-03 1.311619718309860140e-03
1.560597826086956852e-02 1.353503184713376580e-03
1.466999999999999554e-02 1.714057507987223634e-03
1.273703703703703803e-02 -1.286184210526316761e-03
6.568322981366457418e-03 1.797297297297298542e-03
2.568269230769231262e-02 5.177083333333339955e-03
-6.847058823529404877e-03 3.680722891566265680e-03
1.067482517482517754e-02 -1.525270758122743847e-03
1.001910828025478171e-02 1.441901408450704889e-03
1.159693877551020227e-02 2.081761006289309466e-03
6.690217391304357011e-03 8.697318007662861771e-04
-8.379629629629596274e-04 8.273121387283239800e-03
5.223163841807906653e-03 -5.242718446601938751e-04
4.889937106918250745e-03 2.341137123745845193e-04
3.024193548387104063e-03 3.858870967741937288e-03
3.038888888888898257e-03 6.870437956204382239e-03
1.233552631578947387e-02 2.728295819935693499e-03
1.382057416267943283e-02 2.962655601659749168e-03
-7.755747126436778917e-03 5.890060240963853819e-03
7.859375000000008715e-03 7.882736156351780694e-04
-1.456521739130431673e-03 2.798571428571426743e-03
6.110389610389611176e-03 7.074509803921566996e-03
8.147239263803687792e-03 4.537102473498237469e-03
1.518421052631578790e-02 3.272875816993464377e-03
2.354651162790698249e-02 8.513931888544902992e-04
2.282485875706215250e-02 7.625448028673836691e-03
1.833125000000000726e-02 4.338596491228072227e-03
1.315745856353591099e-02 -2.498338870431892483e-03
-6.691919191919233926e-04 3.146757679180893410e-03
-1.404255319148937833e-03 4.068181818181819745e-03
4.270000000000009899e-03 3.522260273972601698e-03
1.425165562913907440e-02 4.620071684587816023e-03
7.061290322580644936e-03 -1.389891696750900931e-04
7.831210191082807470e-03 2.563157894736840543e-03
-1.285294117647062207e-03 5.654220779220783116e-03
1.254878048780488052e-02 -2.446483180428115755e-04
1.740236686390532472e-02 -7.324840764330977413e-05
7.713513513513516398e-03 2.824468085106382562e-03
1.595398773006135792e-02 1.244604316546763260e-03
-3.857868020304561826e-03 4.024291497975709432e-03
1.566298342541443166e-03 5.416107382550334158e-03
7.040865384615382395e-03 1.226315789473685384e-03
1.425888324873097156e-02 1.598684210526315737e-03
7.734285714285716110e-03 2.157738095238139722e-04
-9.406249999999994477e-03 -2.706185567010308771e-03
1.527044025157233212e-02 2.117187500000001013e-03
1.386000000000000253e-02 1.221666666666667124e-03
2.118918918918924043e-03 -7.140575079872191677e-04
6.834146341463417582e-03 2.806513409961687057e-03
1.690163934426229184e-02 2.341911764705887494e-03
2.154761904761904809e-02 6.121076233183857023e-04
1.091916167664670929e-02 4.251908396946570655e-03
1.308000000000000308e-02 4.237762237762240404e-03
3.591397849462369448e-03 5.526978417266187847e-03
-1.466257668711651915e-03 -2.192460317460314789e-03
5.965909090909600547e-05 8.433673469387755264e-03
3.070000000000005017e-03 1.707903780068728995e-03
3.084541062801936500e-03 3.262295081967217752e-04
7.329787234042552634e-03 2.974916387959871018e-03
2.476562500000001766e-03 2.055194805194805133e-03
1.019161676646707440e-02 2.611940298507713705e-05
-7.890052356020938254e-03 3.412313432835825493e-03
-3.458064516129030850e-03 4.042517006802720525e-03
-1.014197530864196888e-02 3.908950617283953564e-03
1.378235294117648342e-02 2.135888501742161123e-03
1.544976076555024634e-02 3.931208053691273054e-03
1.186029411764706436e-02 5.068027210884356107e-03
1.062452830188680315e-02 7.327715355805242310e-03
7.331360946745566799e-03 -7.536764705882217094e-05
1.470882352941177938e-02 2.757053291536053739e-03
-3.017647058823521612e-03 2.852941176470590208e-03
1.174260355029586346e-02 5.800000000000000468e-03
3.126265822784811410e-02 -3.336092715231784526e-03
1.608009708737864404e-02 1.161764705882353246e-03
1.159162303664921893e-02 2.481308411214955094e-03
8.288770053475946536e-04 3.238486842105264916e-03
1.329117647058824549e-02 -2.146953405017923335e-03
1.848000000000000337e-02 1.436877076411963161e-03
9.492990654205609585e-03 7.329153605015677024e-03
-3.997058823529405641e-03 1.040498442367602779e-03
8.562189054726380977e-03 4.495033112582782348e-03
-2.092198581560238255e-04 2.195501730103808450e-03
6.746305418719212264e-03 -5.780063291139239667e-03
1.182240437158470388e-02 3.496688741721853608e-03
6.350993377483449102e-03 6.955555555555556838e-03
-1.315727699530516194e-02 -7.038123167155353928e-05
9.170984455958545306e-03 -6.623417721518985550e-03
6.554404145077720456e-03 -3.531791907514448409e-03
1.142011834319527595e-02 2.324281150159745405e-03
2.629213483146076568e-03 4.385113268608414536e-03
1.002339181286550016e-02 6.500000000000004906e-03
7.622549019607851965e-03 3.641379310344827671e-03
7.918367346938770188e-03 2.889221556886262124e-04
1.080817610062892280e-02 -6.570512820512808445e-04
4.026455026455025635e-03 4.007633587786321543e-05
1.051863354037266968e-02 2.302013422818790719e-03
9.350267379679134266e-03 3.350694444444447806e-03
-7.017045454545445303e-04 7.637931034482765532e-04
1.789944134078212679e-02 1.080327868852461182e-03
-2.223701298701297527e-02 7.150349650349663517e-04
-3.138554216867469292e-03 3.447735191637634096e-03
9.775449101796415338e-03 3.988410596026489841e-03
1.516959064327485368e-02 4.870848708487088979e-03
-1.310483870967741986e-02 6.964630225080385185e-03
1.968599033816435893e-03 -2.245098039215685879e-03
5.175675675675677975e-03 4.415467625899280497e-03
4.855491329479771564e-03 5.590038314176248684e-03
2.363772455089821131e-02 4.301075268817204297e-03
-3.771929824561332011e-04 5.510752688172046096e-03
4.356194690265490464e-03 2.983164983164983842e-03
5.660377358490550036e-04 2.284351145038169845e-03
2.003061224489796968e-02 -4.444642857142859678e-03
4.339285714285716529e-03 3.222570532915359099e-03
4.822463768115951843e-03 2.989864864864865551e-03
3.817919075144512488e-03 4.961661341853034618e-03
7.443502824858751026e-03 1.181034482758623518e-03
1.015460526315789362e-02 2.809451219512195883e-03
-7.785185185185179713e-03 2.089015151515154212e-03
4.265463917525776430e-03 5.623188405797100234e-03
1.605673758865248935e-02 1.510909090909092270e-03
2.162200956937798679e-02 2.335365853658543430e-03
1.356547619047620071e-02 2.105431309904154044e-03
1.266666666666667329e-02 -1.165966386554619311e-03
5.737142857142867730e-03 -1.410891089108910409e-03
2.802732240437159211e-02 6.095166163141992922e-03
4.349112426035526549e-04 1.546874999999997146e-04
2.613583815028902579e-02 6.312693498452009999e-03
8.271052631578949821e-03 1.215686274509803237e-03
2.546706586826346166e-02 3.065573770491843543e-04
-7.593548387096769013e-03 3.244262295081967902e-03
6.709090909090907606e-03 -2.687319884726222918e-03
1.509876543209877527e-02 3.351132686084143213e-03
-1.510476190476189862e-02 7.116487455197134659e-03
-2.875634517766490015e-03 -1.430970149253728242e-03
4.574534161490687902e-03 5.100977198697069677e-03
9.894871794871803322e-03 6.094736842105263896e-03
1.675000000000000794e-02 8.219557195571955063e-03
1.598639455782312549e-02 4.038226299694194603e-03
2.080198019801980311e-02 6.378091872791522010e-03
-7.840375586854451441e-04 1.029182156133829143e-02
2.417771084337351148e-02 8.083904109589038628e-03
7.421052631578945423e-03 5.431893687707675233e-04
5.810344827586203832e-03 5.045045045045076348e-04
1.596875000000000377e-02 1.864754098360654191e-03
-3.161931818181806363e-03 1.742971887550202447e-03
-1.286010362694301086e-02 4.648484848484852293e-03
-7.024999999999981563e-04 5.330855018587361480e-03
2.178915662650602811e-02 4.612012987012991706e-03
-1.481847133757961156e-02 1.611888111888113480e-03
8.048387096774198626e-03 4.106884057971014156e-03
1.067751479289941359e-02 2.702341137123749019e-03
4.778894472361814270e-03 1.247491638795986254e-03
2.057803468208092151e-02 1.586466165413533917e-03
1.530872483221476857e-02 2.057692307692344656e-04
1.344705882352941438e-02 3.338912133891211789e-03
-2.816568047337277090e-03 2.125766871165643383e-03
3.381410256410260270e-03 2.352134146341463335e-03
-5.248387096774189547e-03 1.188848920863308728e-03
1.649074074074074331e-02 2.076208178438659208e-03
4.818713450292404568e-03 -1.680232558139534193e-03
6.423611111111117780e-03 6.202160493827160552e-03
-3.950920245398770007e-03 1.746987951807230446e-03
1.428963414634146917e-02 1.695804195804196291e-04
4.799270072992703473e-03 2.278523489932885674e-03
-8.828828828828825387e-03 6.686084142394824355e-03
6.673652694610786827e-03 4.251700680272216292e-05
4.236842105263159512e-03 4.398214285714283946e-03
1.276176470588234399e-02 7.459219858156029316e-03
8.475155279503104530e-03 4.419475655430754124e-04
8.872881355932204714e-03 -1.647368421052632179e-03
2.105844155844157836e-02 6.516304347826085315e-03
3.096774193548398283e-03 4.183520599250936667e-03
1.928191489361702482e-02 2.972324723247236986e-03
7.900568181818185681e-03 9.599662162162164031e-03
6.413407821229051217e-03 1.377450980392157980e-03
-2.098901098901098487e-03 3.036809815950933136e-04
-1.933497536945813066e-03 2.991496598639458489e-03
-3.940828402366858101e-03 2.040069686411148664e-03
7.635802469135814091e-03 4.966887417218546728e-03
1.541666666666670783e-03 4.593567251461988174e-03
-1.259999999999997884e-03 4.671378091872791828e-03
1.568888888888889457e-02 3.838383838383840115e-03
8.551204819277111180e-03 -1.792279411764704719e-03
-7.690821256038637803e-03 -2.590252707581225736e-03
6.560975609756100786e-03 4.122377622377626852e-03
1.734146341463418950e-03 3.501805054151626521e-03
1.450777202072629345e-04 3.646341463414633482e-03
9.975409836065570260e-03 7.451851851851848396e-03
-9.396551724137850326e-04 -2.092424242424241118e-03
9.334196891191715376e-03 -2.821052631578945934e-03
-7.880952380952372174e-03 3.003496503496502767e-03
-6.263586956521739225e-03 2.684294871794871366e-03
1.165517241379310752e-02 3.925501432664753711e-04
1.474719101123599281e-03 2.702020202020202939e-03
1.115868263473053686e-02 1.324013157894742172e-03
9.526315789473695228e-03 4.949640287769786241e-03
1.240000000000000997e-02 4.192579505300352005e-03
1.202538071065989943e-02 1.272108843537416009e-03
2.213809523809524143e-02 4.245614035087720041e-03
3.619897959183675153e-03 2.525252525252523732e-03
1.191292134831460625e-02 7.227430555555554650e-03
-6.741279069767442018e-03 6.574193548387098629e-03
-6.671511627906973572e-03 4.654838709677420680e-03
9.454838709677428066e-03 2.294545454545456661e-03
3.365116279069763853e-03 3.083011583011587009e-03
9.086206896551724671e-03 5.547169811320756469e-03
1.711538461538461174e-03 4.680555555555556725e-03
1.290547263681591714e-02 4.005836575875487519e-03
6.490131578947370625e-03 -4.312499999999996675e-04
8.358778625954204136e-03 3.237931034482759846e-03
2.745033112582792069e-03 -4.019736842105259972e-03
-1.238853503184699683e-03 4.004854368932038965e-03
1.731388888888889602e-02 4.752351097178684515e-03
4.658602150537633109e-03 5.862179487179489806e-03
1.633532934131736586e-02 3.960396039603963914e-03
6.605769230769230164e-03 -5.970394736842063888e-04
2.123743016759777405e-02 3.028469750889679207e-03
1.948850574712643335e-02 9.866782006920416653e-03
-2.607499999999998708e-03 4.475655430711614202e-03
1.486111111111112007e-02 3.608856088560885751e-03
1.360734463276836760e-02 2.479020979020979051e-03
8.218592964824128835e-03 7.112341772151900034e-03
-1.235632183907957727e-04 2.737113402061856250e-03
4.339080459770117311e-03 2.540453074433669323e-04
3.680851063829787117e-03 4.263578274760386824e-03
-1.499257425742573854e-02 6.070909090909091220e-03
1.465920398009949895e-02 1.500000000000003718e-03
1.176075268817204124e-02 6.517985611510792969e-03
1.017441860465139765e-04 2.477508650519032532e-03
2.235849056603777477e-03 2.837164750957855020e-03
9.994318181818191010e-03 1.032142857142859943e-03
7.492924528301892449e-03 4.272445820433455588e-04
8.526442307692307793e-03 2.833333333333332236e-03
1.345045045045046087e-02 2.354785478547853552e-03
3.382051282051286908e-03 4.614197530864210992e-04
-9.613526570048248465e-04 5.730182926829269045e-03
1.900000000000006718e-03 1.693181818181819587e-03
1.137438423645320204e-02 4.170909090909093175e-03
2.148677248677249157e-02 2.349809885931557728e-03
2.871508379888269326e-03 -2.258490566037735930e-03
6.682989690721658979e-03 3.062913907284768589e-03
-1.740740740740731726e-03 4.729674796747967633e-03
1.285955056179775326e-02 2.681089743589745548e-03
6.539393939393945560e-03 2.208955223880598815e-03
1.365771812080537797e-03 4.354251012145750506e-03
7.490099009900993282e-03 2.858552631578951345e-03
1.460500000000001034e-02 6.878980891719774660e-04
9.456896551724139691e-03 1.898854961832062080e-03
1.938175675675676141e-02 2.810144927536231945e-03
2.893491124260354208e-02 3.246200607902734528e-03
1.156793478260869507e-02 3.640677966101692718e-03
7.959770114942631277e-04 2.275747508305648280e-03
7.555263157894729839e-03 1.926562500000002275e-03
2.449729729729731298e-02 6.013513513513515409e-03
1.974609374999999195e-02 5.073954983922831542e-03
4.954285714285718359e-03 5.161347517730493183e-03
-1.207602339181279528e-03 4.366795366795368956e-03
1.245128205128205254e-02 5.338541666666667650e-03
2.456557377049179217e-02 1.240802675585287633e-03
8.766826923076922323e-03 3.735815602836879776e-03
2.168711656441718507e-03 2.929245283018868783e-03
-7.305232558139524227e-03 5.043560606060606966e-03
1.023770491803279066e-02 1.830479452054795163e-03
-1.741626794258370036e-03 -4.860937499999999807e-03
1.774725274725275298e-03 2.621710526315792350e-03
1.342857142857142687e-02 8.394628099173552516e-03
6.508021390374340610e-03 4.586734693877549465e-03
-9.344632768361579508e-03 6.511326860841425493e-03
4.181818181818185739e-04 8.043478260869567006e-03
7.976076555023933409e-03 7.216216216216215194e-03
1.013286713286713075e-02 2.329032258064515047e-03
-1.144329896907213566e-03 4.945141065830721203e-03
2.607650273224044676e-02 1.629411764705886384e-03
8.633720930232565566e-03 1.368512110726646065e-03
1.936127167630058432e-02 3.177811550151976062e-03
1.701379310344827700e-02 2.402877697841727857e-03
-2.722513089005228724e-03 1.782456140350880628e-03
3.457516339869291886e-03 3.638888888888886387e-03
8.882352941176471436e-03 2.038869257950532473e-03
3.621527777777784271e-03 5.474999999999999832e-03
-2.351598173516009278e-04 4.307812500000004347e-03
-2.456043956043953841e-03 1.505154639175261414e-03
4.862068965517249257e-03 -1.969230769230744622e-04
1.107909604519774494e-02 6.623655913978497047e-03
1.727639751552795949e-02 2.890127388535034588e-03
1.373988439306358250e-02 6.834470989761090402e-03
-3.680487804878043636e-03 1.048242187499999825e-02
6.604278074866384244e-04 -1.113138686131385493e-03
1.141666666666678190e-03 2.030075187969924023e-03
-1.702312138728321895e-03 2.738907849829353217e-03
-1.443169398907102885e-02 -3.138297872340410914e-04
2.076023391812866978e-02 2.846428571428572234e-03
1.030412371134020386e-02 1.834507042253521623e-03
1.765312500000000215e-02 7.968127490040345426e-06
2.116358024691358808e-02 5.588235294117654701e-04
-8.749999999999997363e-03 6.655228758169938301e-03
2.054444444444445544e-02 3.882456140350877462e-03
-1.866028708133903773e-04 6.493827160493825454e-03
-4.612637362637359538e-03 3.015625000000001811e-03
9.596385542168680421e-03 -6.185374149659863922e-03
-1.291397849462364196e-02 1.861666666666667502e-03
4.478773584905663963e-03 5.829268292682928537e-03
1.228571428571429390e-02 2.860230547550433877e-03
1.176555023923445305e-02 1.732198142414861268e-03
6.964646464646462483e-03 7.632398753894088306e-04
-4.239999999999996376e-03 1.575079872204474722e-03
7.798816568047345354e-03 -9.966777408637859676e-04
-2.208092485549130891e-03 -1.795731707317072164e-03
6.997340425531914723e-03 -3.608620689655171396e-03
1.481325301204819596e-02 3.088141025641027038e-03
1.075600000000000687e-02 5.706484641638224706e-03
4.747368421052637275e-03 3.543636363636363390e-03
-6.224043715846986138e-03 7.132042253521126730e-03
2.355095541401275305e-02 2.948504983388704030e-03
1.331658291457286578e-03 -6.097972972972954273e-04
6.957286432160804564e-03 -7.624584717607958305e-04
1.226388888888888321e-02 3.704044117647060583e-03
1.382812500000000534e-02 3.817741935483873021e-03
1.513089005235604932e-03 7.415322580645161525e-03
-9.435393258426965843e-03 -7.999999999999975447e-04
2.333544303797469022e-02 5.315972222222223667e-03
2.136033519553073856e-02 3.083881578947369334e-03
1.458064516129032456e-02 2.314062500000000147e-03
1.011298076923076474e-02 3.690163934426233649e-03
4.314935064935065782e-03 2.864814814814813093e-03
-8.454545454545398658e-04 3.256704980842912121e-03
4.561881188118820270e-03 -2.350157728706622675e-03
2.083439490445859743e-02 1.168918918918923069e-03
1.845989304812833964e-02 2.592465753424656391e-03
-3.846994535519122384e-03 4.654109589041094570e-03
5.850931677018640989e-03 6.970260223048339822e-04
2.263387978142077095e-02 7.472727272727317264e-04
1.164788732394366616e-02 3.805769230769227591e-03
3.598557692307697339e-03 -8.792517006802702626e-04
1.760791366906475086e-02 3.501572327044027814e-03
-9.279999999999993116e-03 4.780757097791795557e-03
1.801418439716314518e-03 2.179687499999998900e-03
7.121951219512206652e-03 1.965703971119133527e-03
2.104491017964072244e-02 2.022658610271904720e-03
-5.338888888888883473e-03 -1.163732394366197038e-03
1.705660377358490798e-02 4.184713375796179392e-03
1.512411347517731396e-02 3.005376344086017198e-03
1.156424581005586691e-02 1.957006369426754228e-03
-9.034682080924840222e-03 1.682098765432119578e-04
5.589189189189192573e-03 2.744582043343657407e-03
1.514251207729469528e-02 2.026022304832737113e-04
9.204741379310354618e-03 3.203278688524590582e-03
-4.105263157894734234e-03 2.956810631229238404e-03
1.635135135135142243e-03 7.681102362204728431e-03
6.414705882352941292e-03 1.671768707482993756e-03
2.611111111111118731e-03 3.905204460966545978e-03
1.072538860103630295e-03 1.095659722222223041e-02
4.094117647058826207e-03 -3.993610223642184826e-04
8.797058823529418231e-03 3.011627906976746538e-03
1.534337349397589881e-02 7.728813559322039381e-03
2.738578680203047292e-03 6.730392156862745855e-03
4.020408163265312348e-03 2.971088435374151428e-03
2.030882352941178193e-02 -9.218749999999997346e-04
2.761780104712053836e-03 2.654970760233918339e-03
1.737741935483871208e-02 -2.405247813411082582e-04
-3.876811594202881858e-04 2.884740259740257735e-03
1.408074534161490692e-02 6.860377358490571398e-03
-2.067796610169484166e-03 4.689473684210525468e-03
1.268232044198895105e-02 2.522388059701493289e-03
1.547798742138364360e-02 4.018867924528309022e-04
2.862179487179491045e-03 1.487804878048780942e-03
8.699386503067493837e-03 2.499999999999999618e-03
9.282857142857149982e-03 2.017350157728709219e-03
1.159509202453993214e-03 -4.283489096573206596e-04
1.221714285714286738e-02 3.205521472392640001e-03
-7.007853403141362826e-03 4.196141479099691146e-04
7.214285714285720817e-03 9.094339622641521136e-04
1.962111801242236511e-02 1.444615384615383601e-03
3.619680851063831941e-03 3.987588652482273316e-03
-1.943749999999998647e-03 8.802281368821296978e-04
1.548895027624309743e-02 3.525835866261397850e-03
1.372881355932209979e-03 4.633445945945944763e-03
2.350719424460432846e-02 1.214071856287425458e-03
-2.365284974093263565e-03 6.057471264367818471e-03
1.245953757225434257e-02 -9.607508532423170936e-04
1.624675324675324897e-02 5.458515283843005624e-05
1.709126984126984813e-02 1.184300341296931148e-03
-4.374999999999995212e-03 -4.216666666666661102e-04
1.186982248520710229e-02 3.199619771863120195e-03
1.059259259259259442e-02 6.996721311475414054e-03
1.581005586592177953e-03 4.008116883116882509e-03
1.116666666666667022e-02 2.969135802469137931e-03
-5.067499999999989548e-03 1.948943661971833758e-03
6.449685534591197839e-03 2.091346153846155003e-03
-7.505847953216364735e-03 5.313588850174230660e-04
1.195977011494253443e-02 4.203821656050960899e-03
3.104046242774571342e-03 1.752873563218389523e-03
1.400837988826815830e-02 3.510526315789476524e-03
2.677325581395355834e-03 6.258620689655170974e-03
-9.839712918660280250e-03 3.728706624605675809e-03
2.070426829268292787e-02 1.265079365079365510e-03
1.638976377952756219e-02 3.657012195121954034e-03
9.634615384615394240e-03 4.242700729927010618e-03
4.361702127659637489e-04 1.372516556291391264e-03
1.617582417582417650e-02 3.490712074303407592e-03
5.378787878787889137e-03 5.337412587412587901e-03
8.456937799043060325e-03 3.154205607476638640e-03
1.273243243243243721e-02 5.029069767441861523e-03
5.381481481481484481e-03 6.654513888888890366e-03
5.472826086956520189e-03 -3.593749999999997554e-03
4.950867052023125679e-03 4.010714285714284989e-03
-3.335164835164829058e-03 -9.734042553191483982e-04
2.329268292682927163e-02 6.201520912547534362e-03
-2.637566137566133440e-03 6.978758169934641716e-03
-2.018292682926824122e-03 3.916666666666666387e-03
-2.099999999999993365e-03 -1.945422535211264450e-03
2.496153846153847597e-03 4.472027972027968479e-03
1.445664739884393833e-02 5.658181818181821747e-03
3.709844559585495465e-03 5.912393162393162448e-03
2.672110552763819896e-02 1.599041533546328260e-03
7.362903225806460838e-03 3.243506493506494951e-03
5.243975903614465917e-03 3.441780821917807005e-03
1.543714285714287322e-02 1.581570996978854315e-03
8.964912280701760675e-03 5.778350515463918750e-03
6.999999999999994942e-03 5.894642857142858711e-03
1.024647887323944413e-02 5.028735632183894966e-04
1.689215686274509950e-02 1.097484276729561274e-03
-3.499999999999999639e-03 9.101190476190479731e-03
6.523809523809532412e-03 4.732704402515721179e-03
3.955729166666667289e-03 4.168300653594772705e-03
-5.393749999999990566e-03 6.269736842105268042e-03
5.256410256410257165e-03 1.964285714285839862e-05
3.755905511811029676e-03 1.640672782874617267e-03
3.042682926829273164e-03 -1.281138790035586726e-04
2.064054054054054871e-02 2.246598639455786323e-03
1.432544378698225734e-02 9.691119691119690982e-04
2.479166666666678554e-03 1.972656250000006089e-04
3.316993464052293838e-03 3.381625441696114228e-03
9.216931216931220638e-03 2.994949494949498709e-03
-3.704819277108423702e-03 5.570422535211267019e-03
2.016878980891720005e-02 5.088737201365186973e-03
1.542899408284024131e-02 2.133898305084746486e-03
-2.353260869565214786e-03 -3.149681528662419926e-03
-3.281767955801099396e-03 3.758278145695362771e-03
2.791891891891892276e-03 6.521594684385384651e-03
9.344594594594596987e-03 7.871376811594200940e-03
6.506211180124225890e-03 6.205357142857143536e-03
-2.499999999999932832e-04 5.063063063063062176e-03
1.359750000000000889e-02 2.299363057324842370e-03
2.161188811188812300e-02 4.912457912457915063e-03
-5.753456221198150616e-03 2.554770318021202299e-03
2.475496688741722975e-02 1.870748299319767173e-05
-7.208108108108105330e-03 2.350877192982441302e-04
4.558139534883723365e-03 2.583601286173631707e-03
9.808290155440414770e-03 1.722222222222222210e-03
4.882165605095543925e-03 -3.514492753623175720e-04
1.441034482758620817e-02 2.910596026490069790e-03
7.868159203980103211e-03 2.985436893203886888e-03
2.058035714285715717e-02 2.357388316151203932e-03
-9.421052631578941128e-03 1.851351351351355123e-03
-8.348258706467659440e-03 1.655405405405411916e-04
2.256906077348068418e-03 3.290492957746481411e-03
2.307692307692306780e-02 5.371929824561403645e-03
1.050000000000000239e-02 8.436482084690570234e-04
1.646706586826325602e-04 6.868600682593858919e-03
7.035714285714289237e-03 -1.926829268292681602e-03
1.320300751879699419e-02 -4.374999999999980575e-04
1.323979591836735303e-02 5.332792207792208181e-03
9.136942675159234403e-03 3.082191780821942661e-04
-6.968085106382955777e-04 3.952702702702703096e-03
3.485632183908044836e-03 8.316199376947039368e-03
4.966867469879527458e-03 1.059602649006622597e-04
1.303488372093022929e-02 3.333865814696487448e-03
2.104519774011307312e-03 4.095846645367412497e-03
6.490384615384625286e-03 6.289198606271779492e-03
5.209677419354843617e-03 1.209543568464729706e-03
1.172812499999999897e-02 5.147590361445786994e-03
1.055806451612903950e-02 -2.226315789473683453e-03
5.729468599033815321e-03 3.437500000000003053e-03
7.691176470588240340e-03 -4.190384615384613182e-03
1.891554054054054787e-02 -1.005434782608696309e-03
-3.355555555555549130e-03 1.313405797101451378e-03
6.434131736526948857e-03 5.496644295302014795e-03
1.548648648648649415e-02 3.330960854092528470e-03
2.282450331125828250e-02 2.018633540372676439e-04
6.050847457627124386e-03 1.838658146964857994e-03
6.306338028169023412e-03 2.020066889632108047e-03
9.469945355191267469e-03 1.672597864768703428e-04
-3.650717703349273726e-03 7.027027027027027244e-03
1.791509433962264891e-02 7.005319148936168389e-03
4.037267080745346806e-03 3.348684210526315774e-03
8.465838509316779559e-03 5.214041095890410184e-03
4.571895424836606298e-03 4.860507246376814805e-03
8.622448979591842977e-03 3.880866425992784193e-04
5.865384615384688482e-04 2.041390728476824134e-03
1.981155778894473987e-02 3.996865203761759688e-03
-4.538636363636363615e-03 6.384105960264904213e-03
-1.669811320754715318e-03 -8.861538461538428319e-04
7.574850299401203642e-03 -1.120938628158841058e-03
6.544871794871805377e-03 3.216911764705885236e-03
9.671875000000006856e-03 -5.560897435897410590e-04
1.619943820224719472e-02 4.001792114695343176e-03
-4.808333333333327658e-03 7.062068965517238547e-03
7.702857142857145838e-03 6.346153846153847720e-03
2.297058823529411070e-02 2.485401459854015907e-03
2.155737704918031863e-02 7.486988847583643872e-03
7.434065934065934959e-03 8.694256756756757118e-03
1.864596273291925510e-02 2.184640522875818010e-03
1.769207317073170915e-02 3.287456445993031367e-03
3.077586206896552184e-03 2.633027522935779338e-03
8.772455089820361401e-03 1.063029315960912005e-02
7.126865671641792119e-03 3.216363636363633958e-03
8.526119402985081475e-03 1.062706270627064662e-03
7.594674556213026201e-03 9.196078431372524181e-04
3.367021276595744562e-03 3.001865671641793659e-03
2.214743589743594157e-03 3.963768115942029741e-03
1.252816901408451353e-02 2.623397435897437471e-03
8.824404761904765943e-03 1.116838487972509177e-03
2.275757575757586353e-03 -1.879251700680268766e-03
5.511111111111110725e-03 -1.984949832775915676e-03
1.833916083916084169e-02 2.581911262798634085e-03
2.100000000000006375e-03 1.385483870967743093e-03
1.184324324324323441e-02 2.918874172185433134e-03
-5.376344086020942942e-05 3.081395348837193734e-04
8.421052631578952383e-03 9.090909090909106080e-04
1.105464480874316334e-02 8.539930555555554081e-03
1.093674698795180610e-02 5.575875486381324207e-03
1.799333333333332993e-02 5.134892086330940068e-03
-9.104712041884810772e-03 5.030303030303030776e-03
-1.443390804597700743e-02 -1.785714285714285225e-03
5.457364341085276481e-03 7.073359073359074441e-03
1.620053475935829060e-02 3.892628205128208230e-03
8.739884393063583265e-03 6.913978494623655713e-03
9.013020833333334689e-03 7.240079365079363401e-03
4.905612244897960585e-03 1.478599221789882829e-03
1.983974358974363150e-03 1.340909090909090306e-03
1.618932038834947421e-03 3.728013029315962491e-03
1.634732824427481343e-02 5.522807017543859831e-03
1.255135135135135652e-02 4.664930555555554109e-03
8.620689655173698250e-06 -1.775862068965515387e-03
6.875000000000008708e-03 4.406354515050169528e-03
1.212983425414364616e-02 3.534364261168388040e-03
1.494277108433735013e-02 5.310000000000003953e-03
9.927374301675980298e-03 5.967272727272729047e-03
5.889189189189189891e-03 2.209302325581394971e-03
9.584541062801939237e-03 1.463414634146343414e-03
1.535748792270531446e-02 9.519867549668884193e-04
4.903409090909084146e-03 -1.456293706293701256e-03
1.831515151515151346e-02 5.531561461794043703e-04
-1.639072847682111452e-03 2.000000000000002644e-03
-5.585635359116017558e-03 5.985250737463125408e-03
3.804597701149434359e-03 3.775985663082436113e-03
1.597826086956522298e-02 -2.053571428571433571e-04
2.618944099378882340e-02 9.134615384615409409e-04
7.597014925373134046e-03 4.263736263736268677e-03
2.484451219512195941e-02 2.833333333333337006e-03
3.379629629629635201e-03 3.438805970149250938e-03
-5.064814814814812792e-03 3.844758064516133091e-03
3.643867924528305761e-03 -1.325082508250824886e-03
2.776415094339624093e-02 3.323232323232323034e-03
5.456521739130444984e-03 1.041970802919706552e-03
2.094879518072290114e-02 5.035460992907842600e-04
4.072254335260119991e-03 -6.192528735632190891e-04
1.710919540229886154e-02 8.627490039840637545e-03
4.106382978723411778e-03 -2.488416988416986952e-03
1.151515151515154246e-03 5.227272727272746404e-04
-6.788135593220330326e-03 1.977272727272727688e-03
-5.704697986577144959e-04 2.845878136200719142e-03
8.163043478260875382e-03 4.802919708029200485e-03
9.184848484848490147e-03 4.709964412811388015e-03
8.912280701754394033e-03 -2.348484848484847561e-03
1.082513661202186284e-02 4.750859106529208703e-03
7.050000000000000711e-03 4.118694362017806358e-03
-9.837765957446798978e-03 5.203180212014132770e-03
5.161538461538462200e-03 2.498239436619721469e-03
8.538011695906524545e-04 3.869760479041916244e-03
5.127551020408169236e-03 7.744755244755247188e-03
2.563555555555554685e-02 3.471223021582737177e-03
2.464968152866242775e-03 2.134146341463415662e-03
1.428164556962025281e-02 3.982371794871797030e-03
1.580792682926830672e-02 1.880067567567568270e-03
1.710643564356436816e-02 4.206303724928368848e-03
3.687861271676301858e-03 4.157094594594596716e-03
5.089041095890414410e-03 3.949186991869919026e-03
1.001418439716312940e-02 1.430743243243245803e-03
1.427873563218391186e-02 6.485714285714291698e-03
6.186274509803932863e-03 2.719869706840405193e-04
3.392857142857145375e-03 1.446996466431094575e-03
1.116279069767450033e-03 -5.288135593220336149e-04
6.911392405063300319e-03 8.264214046822742493e-03
1.338311688311689084e-02 -9.836956521739124559e-04
1.186440677966102246e-02 5.215517241379310880e-03
1.600746268656725669e-03 4.574576271186439093e-03
5.867788461538467684e-03 9.927007299270114177e-04
2.309183673469387618e-02 5.284722222222222772e-03
9.177884615384618999e-03 -9.043209876543166362e-04
1.634090909090908997e-02 5.747440273037548661e-03
2.611111111111117863e-03 2.811258278145694050e-03
6.177570093457945659e-03 1.985389610389613584e-03
7.689560439560441663e-03 2.056047197640118764e-03
-1.312169312169309465e-03 -5.347517730496456276e-03
5.073825503355707499e-03 6.991228070175438750e-03
-4.135204081632645919e-03 7.075367647058829201e-03
2.323823529411765329e-02 -4.985673352435521016e-04
5.586538461538457893e-03 2.537383177570096907e-03
1.798387096774193769e-02 -5.744230769230768835e-03
1.237730061349693808e-02 4.451171874999999833e-03
1.306593406593406850e-02 3.493103448275864786e-03
9.720338983050847564e-03 6.345878136200713143e-03
-8.503401360544165328e-04 3.392739273927393006e-03
8.891304347826091761e-03 2.301158301158303353e-03
2.241134751773051631e-02 6.514657980456028518e-04
1.010130718954248795e-02 4.093971631205678072e-03
2.802941176470594847e-03 -7.978723404255249620e-05
1.723192771084337827e-02 -3.492647058823430511e-05
6.420903954802262802e-03 2.273550724637686277e-03
2.346706586826347724e-02 3.365517241379309930e-03
1.106363636363636230e-02 4.363787375415287446e-03
2.170673076923077677e-02 4.281690140845065967e-03
8.695652173913045319e-03 5.360841423948223619e-03
8.940298507462685756e-03 1.654618473895582776e-03
1.355769230769239813e-03 7.222929936305732927e-03
8.981132075471701115e-03 4.009433962264168701e-04
1.764627659574467822e-02 6.343283582089551814e-03
2.219946808510639760e-02 4.709580838323354848e-03
-1.926035502958574949e-03 4.993197278911564417e-03
3.806451612903232590e-04 4.470779220779223274e-03
3.421052631578953146e-03 6.414396887159532629e-03
4.528645833333338512e-03 2.391025641025641170e-03
6.125925925925932228e-03 3.501736111111109547e-03
1.095205479452054757e-02 2.520061728395062671e-03
8.287234042553196303e-03 1.752225519287833487e-03
2.942307692307697189e-03 -3.683385579937291940e-04
2.216022099447514243e-02 1.787545787545793095e-03
9.764705882352935767e-03 6.780442804428045249e-03
-1.029865771812079993e-02 4.645669291338583307e-03
-3.542207792207795799e-03 1.305653710247353053e-03
1.415053763440861020e-02 2.658653846153847915e-03
1.608585858585864998e-03 2.164451827242525744e-03
2.056965174129354174e-02 1.068100358422939371e-02
5.951807228915669337e-03 5.490415335463259827e-03
2.922256097560976471e-02 3.507936507936510254e-03
9.789634146341468640e-03 1.965725806451612285e-03
7.025000000000008668e-03 -1.450381679389308853e-04
4.424581005586601841e-03 3.269360269360269133e-03
4.077142857142861641e-03 3.685015290519877938e-03
4.070121951219518412e-03 7.157801418439717865e-03
1.795895522388058982e-02 9.875389408099709884e-04
-5.288888888888886378e-03 4.379139072847681655e-03
3.311377245508987169e-03 3.577669902912620440e-03
-1.657766990291252617e-03 1.987544483985762434e-03
-3.938596491228058168e-03 4.724662162162166640e-03
3.704918032786887975e-03 1.419934640522875708e-03
-2.859788359788358655e-03 3.699640287769786432e-03
4.025157232704394510e-03 9.196969696969708443e-04
1.137254901960784922e-02 4.159010600706714716e-03
8.340000000000000191e-03 1.550458715596330240e-03
7.445595854922285907e-03 -7.882165605095521870e-04
1.166969696969698440e-02 6.938566552901025489e-03
1.037740384615384696e-02 6.091065292096221884e-03
-3.202173913043471123e-03 5.301136363636366373e-03
1.638414634146341531e-02 3.930194805194804630e-03
-1.831395348837205200e-03 -4.759999999999997740e-03
1.185279187817262197e-03 5.444250871080144084e-03
1.505917159763312885e-03 2.706586826347306528e-03
2.369426751592356925e-02 2.947976878612726783e-04
7.689814814814816858e-03 6.315789473684240958e-04
2.596132596685083935e-02 -1.303754266211601225e-03
1.293715846994535415e-02 3.697368421052633219e-03
7.253205128205127486e-03 3.074433656958093047e-05
1.487192118226602321e-02 3.021103896103898359e-03
2.566216216216216442e-02 6.684782608695654001e-03
9.826797385620911901e-03 3.483660130718956461e-03
1.485779816513762251e-02 4.372180451127820680e-03
2.019714285714286836e-02 1.425170068027211377e-03
6.472826086956533220e-03 3.610344827586206735e-03
5.213235294117654801e-03 3.142361111111110529e-03
1.445312500000000763e-02 8.394648829431426967e-04
1.001666666666667198e-02 2.187732342007432315e-03
6.978142076502736983e-03 2.299065420560750597e-03
1.624468085106383491e-02 3.491803278688527905e-03
-3.051282051281991453e-04 1.917253521126761374e-03
6.666666666666794380e-04 5.170926517571883090e-03
1.641666666666667315e-02 2.843648208469053487e-03
7.347222222222227206e-03 4.440140845070427236e-03
-1.515060240963849066e-03 2.664596273291928562e-03
1.663028169014085442e-02 1.003174603174604353e-03
1.165269461077844682e-02 1.462962962962986366e-04
2.152439024390245381e-03 2.333333333333333526e-03
8.563492063492073383e-03 5.090405904059039539e-03
4.728021978021973090e-03 -4.031065088757395005e-03
5.944444444444447508e-03 3.381132075471698570e-03
7.920454545454549966e-03 1.162711864406786033e-03
-6.856287425149663710e-04 4.508710801393730865e-03
8.968750000000004496e-03 7.473154362416108490e-03
1.469945355191256547e-02 5.367741935483874918e-03
9.601307189542485770e-03 1.614391143911442618e-03
1.558053691275168226e-02 5.204545454545457354e-03
1.096153846153846353e-02 4.898026315789478537e-03
6.581395348837210287e-03 -1.097222222222222522e-03
5.533163265306126691e-03 1.797658862876258231e-03
1.940828402366873238e-03 -9.791666666666659462e-04
6.381987577639752426e-03 3.542521994134900567e-03
-1.305228758169934070e-02 1.652960526315790839e-03
1.291803278688524563e-02 6.655769230769232464e-03
-2.105882352941164468e-03 4.423841059602651345e-03
1.617187500000000569e-02 1.464157706093191730e-03
1.976100628930817921e-02 -5.799319727891141286e-04
6.500000000000005773e-03 5.377976190476190833e-03
4.270588235294124103e-03 1.811572700296735974e-03
-4.309659090909087088e-03 7.139344262295085550e-03
1.664035087719298311e-02 6.050000000000004159e-03
8.951428571428577188e-03 2.230769230769231917e-03
1.917874396135266571e-02 3.770370370370371409e-03
-1.169642857142853473e-03 7.065454545454543170e-03
8.051912568306012971e-03 1.623287671232880210e-03
-3.554838709677413024e-03 2.672473867595821437e-03
9.023529411764720162e-03 4.644876325088339100e-03
2.381470588235294963e-02 2.346704871060174748e-03
2.888601036269435127e-03 1.779179810725551453e-03
4.683060109289626134e-03 1.764808362369339051e-03
8.552910052910051714e-03 3.812949640287769792e-03
8.194871794871794526e-03 3.701807228915666471e-03
2.133516483516483681e-02 2.527419354838710865e-03
1.879891304347826309e-02 1.711240310077521976e-03
5.237951807228915027e-03 5.049504950495068084e-04
1.726744186046517710e-03 3.496835443037975884e-03
8.374125874125877209e-03 -1.642857142857141435e-03
5.960199004975126440e-03 5.342507645259941644e-03
-3.005050505050505102e-04 3.458199356913181644e-03
1.347115384615384451e-02 5.529315960912057314e-03
1.701736111111111158e-02 9.234693877551059145e-04
1.620853080568723141e-03 3.637499999999999241e-03
-4.659863945578220090e-04 5.344999999999999057e-03
4.263975155279505110e-03 -1.015306122448977498e-03
-5.499999999999996211e-03 5.216606498194973273e-04
1.066666666666667325e-02 5.204180064308688673e-03
1.066931216931217216e-02 8.793515358361776030e-03
3.793617021276592897e-03 2.250803858520922273e-04
-2.585034013605440936e-03 8.407094594594599624e-03
7.848780487804879469e-03 7.032154340836012721e-03
3.539473684210528090e-03 2.215827338129497566e-03
5.049019607843137011e-03 4.311538461538459537e-03
4.631250000000001685e-03 -2.432330827067668601e-03
-1.437988826815642628e-02 6.855140186915891637e-03
-2.549044585987261455e-02 -1.474637681159420748e-03
4.562500000000006654e-03 7.376760563380281230e-03
1.798742138364781487e-02 2.721003134796239759e-03
1.310071942446043927e-02 1.871382636655946705e-03
-3.032467532467534536e-03 2.123161764705882529e-03
1.096363636363636117e-02 3.629934210526316891e-03
-7.732044198895024999e-03 -1.075862068965515719e-03
-2.407738095238095167e-03 2.892720306513409806e-03
4.017361111111110439e-03 1.188461538461541012e-03
-9.338068181818176550e-03 6.023489932885917313e-04
1.792571428571429482e-02 5.742774566473992683e-03
1.337423312883436431e-02 4.938405797101447225e-03
2.238410596026489587e-03 -1.734545454545456493e-03
1.018508287292818962e-02 7.884615384615389867e-04
2.407692307692308256e-02 3.295161290322580223e-03
1.877607361963190211e-02 6.231629392971248238e-03
8.864532019704432150e-03 2.390625000000006026e-03
1.224301675977654096e-02 5.771428571428572317e-03
4.137019230769230574e-03 7.980538922155692647e-03
-5.414507772020692644e-04 3.912828947368421698e-03
5.276243093922659486e-03 6.351132686084142408e-03
4.039473684210531136e-03 2.860824742268041395e-03
6.639999999999998334e-03 6.872852233677311483e-05
1.439714285714285835e-02 4.453177257525083726e-03
1.894723618090453365e-02 2.539936102236425505e-04
1.141867469879517469e-02 -2.872274143302176730e-03
1.201069518716577945e-02 6.272131147540985739e-03
-5.547770700636938702e-03 3.116465863453815512e-03
1.738028169014084814e-02 4.434017595307917711e-03
1.544444444444444987e-02 1.685855263157896508e-03
-4.806179775280889667e-03 4.635761589403976542e-03
1.085937500000003783e-03 2.140202702702704088e-03
1.511988304093568602e-02 3.544478527607364694e-03
-4.409090909090901574e-03 1.644404332129966026e-03
-1.949152542372883804e-03 6.068773234200741662e-03
1.006161137440757768e-02 6.367892976588630273e-03
6.063186813186817285e-03 2.405723905723905834e-03
1.563259668508288139e-02 2.881578947368419047e-03
2.228758169934636629e-03 7.324503311258277402e-03
2.986577181208097489e-04 8.800000000000000530e-03
3.039090909090908996e-02 4.825862068965521001e-03
-9.023584905660374245e-03 3.515444015444013637e-03
1.955882352941178386e-03 6.282467532467558239e-04
-4.698895027624306296e-03 3.769387755102040268e-03
1.281972789115647104e-02 9.300330033003298760e-03
8.497596153846154188e-03 1.844155844155845802e-03
2.452812500000000825e-02 -2.357357357357343724e-04
2.259887005649939068e-05 -6.207547169811314207e-04
2.099691358024692242e-02 1.171557971014492577e-02
-4.693251533742301288e-04 4.491825613079020348e-03
1.152727272727272628e-02 5.544117647058822637e-03
6.197619047619049894e-03 -9.507936507936479370e-04
-1.837278106508871082e-03 6.169916434540391632e-03
4.699519230769231073e-03 8.112211221122116525e-03
1.802777777777783133e-03 2.976027397260274602e-03
6.777472527472536666e-03 -9.557377049180314048e-04
2.761306532663321701e-03 1.076034482758620771e-02
2.365921787709502223e-03 5.007836990595614102e-03
-4.494974874371854973e-03 9.155172413793120694e-04
6.324022346368720487e-03 2.671985815602837423e-03
1.179054054054054848e-02 4.268292682926822217e-04
1.940789473684215931e-04 2.035087719298244325e-03
-9.367052023121382257e-03 2.061837455830390752e-03
1.165000000000000584e-02 1.880804953560373700e-03
5.697500000000004644e-03 4.536423841059630509e-04
4.021551724137937926e-03 -1.727810650887572769e-03
1.372727272727272858e-02 -2.130952380952381379e-03
-2.490291262135919687e-03 4.590090090090087963e-03
1.373770491803278510e-02 1.439716312056738695e-03
-2.175287356321835893e-03 -2.452554744525548003e-03
1.580110497237574487e-03 -6.527777777777754543e-04
3.339160839160840947e-03 7.262499999999999858e-03
-2.781818181818179574e-03 7.291666666666684346e-04
3.822368421052639402e-03 5.968750000000002699e-03
4.159574468085109819e-03 2.558823529411763126e-03
1.076510067114094284e-02 1.000000000000000671e-03
1.592670157068063960e-02 -1.359133126934981622e-03
-1.312080536912742321e-03 5.357142857142852856e-03
1.402046783625731166e-02 2.375000000000002543e-03
1.650294117647059175e-02 2.386018237082068554e-03
-1.106937799043061256e-02 5.403780068728524996e-03
9.742268041237116261e-03 8.288256227758002484e-03
5.827380952380948470e-03 1.825757575757577800e-03
1.964705882352941677e-02 3.874538745387457340e-03
-1.301775147928978824e-04 5.452743902439027499e-03
1.037500000000000228e-02 4.921328671328674929e-03
5.518716577540106784e-03 4.076512455516013815e-03
-4.852150537634400927e-03 4.803278688524590008e-03
1.789325842696636460e-03 5.311897106109325639e-03
1.682978723404255500e-02 4.338403041825095695e-03
1.504014598540146137e-02 1.673611111111114212e-03
-1.476114649681528092e-02 9.000000000000011680e-04
1.431645569620253709e-02 3.434984520123841433e-03
7.510582010582014453e-03 3.143396226415092094e-03
-3.257142857142818833e-04 2.367601246105911902e-04
1.666071428571429952e-02 2.802114803625378129e-03
1.972849462365591777e-02 6.516917293233090262e-03
2.650000000000000272e-02 -2.427659574468083326e-03
1.695378151260504632e-02 7.297979797979794667e-03
3.081764705882351213e-02 2.518465909090911604e-03
8.022435897435897800e-03 -1.111111111111114552e-04
-2.248677248677256445e-04 4.070261437908500625e-03
7.179487179487231956e-04 7.256317689530699657e-04
-2.387640449438126482e-04 5.413793103448278667e-03
6.035000000000005638e-03 2.643322475570035208e-03
1.208597285067873270e-02 6.834545454545457727e-03
8.572580645161295698e-03 6.347272727272723104e-03
1.177127659574467820e-02 4.448160535117066266e-04
1.743750000000000161e-02 2.131147540983637564e-04
5.510416666666670404e-03 6.726837060702878755e-03
1.194413407821229289e-02 1.031034482758622691e-03
1.200662251655629578e-02 2.283489096573206988e-03
2.160493827160605348e-04 1.424914675767919919e-03
6.103550295857992740e-03 3.943396226415095927e-03
1.954248366013080097e-03 5.836236933797912113e-03
1.636944444444443994e-02 3.375874125874127590e-03
4.817073170731749000e-04 2.538851351351350746e-03
-4.607361963190178579e-03 1.321212121212123882e-03
1.820670391061453286e-02 -1.380471380471378229e-03
-4.586387434554974399e-03 -4.492537313432839910e-04
1.202121212121212007e-02 1.863970588235294625e-03
1.036445783132531120e-02 -3.104395604395604989e-03
9.320855614973266173e-03 -1.073684210526315444e-03
4.868750000000011090e-03 9.798479087452471176e-03
8.142011834319534680e-03 1.324723247232470480e-03
-4.075520833333325967e-03 7.902621722846498884e-04
1.456562500000000912e-02 1.792642140468227868e-03
-1.160994764397903396e-02 5.117021276595742213e-03
6.726744186046519115e-03 5.185121107266437053e-03
9.900921658986179888e-03 8.580000000000000820e-03
1.294370860927153422e-02 3.586956521739132452e-03
1.553543307086614755e-02 9.470486111111115282e-03
1.349397590361447671e-03 9.169550173010456112e-05
8.064024390243900928e-03 1.660120845921451115e-03
1.132857142857143957e-02 1.707191780821915418e-03
1.023563218390804476e-02 2.363970588235295937e-03
6.921052631578950183e-03 7.277397260273966561e-04
6.015243902439027131e-03 5.886538461538460415e-03
1.536585365853664238e-03 1.756716417910449048e-03
1.031413612565450092e-03 3.433098591549301176e-03
7.898437500000004413e-03 1.137573964497041058e-03
4.752403846153847172e-03 4.036789297658869603e-03
9.114906832298144343e-03 3.710169491525426837e-03
1.762912087912087492e-02 2.635761589403977801e-03
1.453164556962025129e-02 -2.718446601941762724e-04
7.449664429530256137e-04 3.341772151898732106e-03
3.193292682926828635e-02 1.674174174174175144e-03
2.779816513761469189e-03 6.736940298507462961e-03
5.507499999999998508e-03 3.362179487179488887e-03
9.112195121951221707e-03 3.901818181818182511e-03
-1.515745856353589889e-02 6.972491909385110549e-03
4.323076923076926009e-03 4.835793357933581768e-03
-4.765550239234442494e-03 1.870229007633612112e-04
4.184523809523816792e-03 1.354581673306786403e-04
5.324175824175832183e-03 1.917293233082707684e-03
2.198091603053436288e-02 1.848242811501598281e-03
7.730061349693247326e-03 3.432944606414000017e-03
1.278187919463087685e-02 2.883211678832144575e-04
-5.144927536231780427e-04 6.527960526315788881e-03
3.473933649289101446e-03 8.122807017543880745e-04
1.167785234899329852e-02 5.214801444043322756e-03
1.354973821989529335e-02 5.308243727598565415e-03
3.382142857142864372e-03 4.543478260869567367e-03
5.836257309941522177e-03 -1.108455882352936753e-03
1.287323943661972114e-02 5.843548387096774398e-03
1.297761194029851094e-02 8.422945205479454023e-03
4.653846153846158580e-03 4.063897763578278206e-03
1.726000000000001491e-02 5.248299319727890537e-03
6.227979274611394195e-03 1.108695652173912350e-03
1.594771241830066424e-02 -7.797427652733096093e-04
4.090909090909121155e-04 3.914062500000001742e-03
5.185365853658544834e-03 2.530249110320285499e-03
7.402857142857143316e-03 5.648688046647231016e-03
1.935393258426968289e-03 4.375886524822692088e-03
5.544973544973548843e-03 4.827118644067802597e-03
-4.101522842639593325e-03 5.490566037735853180e-03
1.253636363636363368e-02 1.315112540192931627e-03
1.350259067357513498e-02 8.262411347517732360e-04
-3.234177215189864164e-03 4.311111111111112781e-03
3.975000000000004571e-03 4.776946107784434820e-03
1.212765957446808492e-02 3.690140845070423534e-03
2.180592105263158553e-02 3.452380952380951998e-03
-2.101449275362304652e-04 4.463636363636364936e-03
9.933333333333337414e-03 7.788973384030417092e-03
1.224436090225564967e-02 6.785947712418302809e-03
-3.312182741116745984e-03 1.462199312714776130e-03
1.098578199052132470e-02 4.606209150326797015e-03
9.162621359223303147e-03 3.764808362369340394e-03
5.220873786407777446e-03 4.562277580071175988e-03
2.430167597765371928e-03 1.194339622641511691e-03
5.762195121951218125e-04 4.141538461538462994e-03
-1.314024390243900137e-03 3.552044609665429981e-03
1.555900621118012743e-03 -2.034883720930231229e-03
1.310000000000000574e-02 2.563725490196079246e-03
2.254697986577182053e-02 2.547904191616765998e-03
7.296747967479697179e-04 4.588424437299034458e-03
1.515476190476190178e-02 3.276657060518732480e-03
1.362946428571428815e-02 1.886871508379888785e-03
7.787878787878791537e-03 1.792682926829269885e-03
-4.357594936708855671e-03 3.679012345679013359e-03
7.929936305732526594e-04 4.185114503816799239e-03
-5.979381443298967605e-03 7.911073825503357748e-03
6.403846153846157532e-03 2.703470031545744667e-03
2.167567567567567008e-02 -4.772079772079758342e-04
3.522935779816516958e-03 -1.835548172757471303e-03
-5.366883116883111073e-03 9.559294871794871834e-03
-5.689944134078205734e-03 3.367704280155641751e-03
9.674193548387109362e-03 2.925572519083969800e-03
1.295273631840796608e-02 3.087947882736160384e-03
5.918674698795185415e-03 5.708074534161493296e-03
-1.117597765363127771e-02 7.369402985074629230e-03
7.547468354430379028e-03 8.272425249169443892e-04
8.427672955974917050e-04 -4.781818181818180266e-04
1.609797297297296814e-02 4.753289473684213333e-03
9.838235294117647634e-03 3.828178694158074994e-03
9.365853658536623392e-04 -1.550699300699299012e-03
7.096969696969698815e-03 8.530141843971628460e-03
1.731842105263158363e-02 7.866883116883121099e-03
5.438953488372097814e-03 3.550847457627120431e-03
-4.834170854271346851e-03 5.529411764705883386e-03
-5.565359477124191476e-03 -2.431438127090296795e-03
1.743749999999999814e-02 1.510447761194032117e-03
9.090909090909088733e-03 3.617424242424267453e-04
1.369117647058824307e-02 2.618279569892475057e-03
4.923076923076930185e-03 6.618466898954704011e-03
1.467528735632184222e-02 2.558823529411763994e-03
1.228244274809161055e-02 3.925925925925927325e-03
3.428571428571431431e-03 4.261824324324325203e-03
1.458579881656806021e-02 4.940559440559441108e-03
9.675531914893625504e-03 8.591603053435113713e-03
7.194968553459128724e-03 -1.154098360655735414e-03
2.137967914438503383e-02 3.498154981549816099e-03
-1.114358974358974422e-02 5.216363636363638770e-03
-2.966049382716046037e-03 4.679447852760735931e-03
-4.156862745098039574e-03 -1.884057971014499726e-04
-1.761111111111110430e-03 5.553156146179403715e-03
8.533492822966509336e-03 1.311320754716981335e-03
4.213375796178345581e-03 3.371323529411765583e-03
1.974838709677419202e-02 3.415441176470586804e-03
-2.681818181818170204e-03 1.919776119402984886e-03
8.626470588235303147e-03 -1.107394366197182430e-03
5.877403846153844702e-03 1.532608695652177980e-03
-1.248101265822783475e-02 8.550185873606177221e-05
-6.666666666656310823e-06 -8.074433656957924694e-04
7.286821705426368111e-03 3.204946996466430387e-03
7.066513761467893909e-03 3.770522388059703838e-03
9.203804347826090304e-03 3.817307692307694497e-03
2.266519823788551088e-03 3.252762430939222862e-03
3.267123287671238208e-03 1.323420074349446370e-03
1.991975308641976208e-02 3.028716216216215812e-03
1.871387283236995019e-02 -1.426116838487967702e-04
-1.399014778325118405e-03 2.014134275618373066e-03
1.372252747252747720e-02 3.314035087719299170e-03
5.585106382978729730e-03 4.744712990936557524e-03
1.744892473118279594e-02 4.923875432525953721e-03
1.920149253731344083e-02 4.419811320754719712e-03
6.740506329113933647e-04 2.258490566037734629e-03
5.572500000000002798e-03 6.489761092150169580e-03
1.648026315789475433e-03 2.143939393939395515e-03
