5.061688311688313999e-03 -2.878246753246750233e-03
8.404017857142866837e-03 -7.585034013605435402e-04
1.840490797546013571e-03 -9.371165644171755311e-04
5.584905660377357216e-03 1.517605633802818167e-03
-4.962025316455697700e-03 -2.268404907975455579e-03
-1.797235023041469015e-03 2.047256097560977862e-03
2.787081339712926039e-03 -6.721789883268482375e-03
8.729797979797979807e-03 1.519097222222224415e-03
5.320754716981132906e-03 -3.988782051282049532e-03
2.312195121951223821e-03 -2.848184818481850136e-03
-1.886266094420597584e-03 -1.246031746031745586e-03
5.062814070351768364e-03 -2.630208333333332923e-03
-1.009146341463413145e-03 -2.140468227424751312e-03
4.109289617486340182e-03 -2.510676156583627888e-03
6.271276595744687196e-03 -2.811881188118810476e-03
-1.385572139303478537e-03 -2.525477707006370046e-03
7.593373493975917078e-03 -4.634180790960451546e-03
-8.333333333333369647e-04 -6.699604743083005347e-03
-3.224215246636772531e-03 2.438016528925648332e-04
2.309045226130656322e-03 -4.636678200692040223e-03
6.773809523809524828e-03 -3.020905923344947754e-03
-7.836842105263154210e-03 5.765765765765781250e-04
6.161137440758303677e-03 -3.588424437299030101e-03
5.677419354838709152e-03 -3.732394366197182376e-03
1.692622950819670357e-03 -2.941455696202529158e-03
-1.276119402985073734e-03 -1.123188405797099923e-03
1.131089743589743478e-02 -6.897151898734178894e-03
5.944954128440370009e-03 5.392097264437690704e-03
5.408878504672903938e-03 7.384868421052632375e-04
2.810000000000005636e-03 -1.053264604810997011e-03
1.016000000000000063e-02 -4.402960526315786126e-03
-2.523234146875355844e-18 -2.301886792452825911e-04
-3.680628272251307460e-03 -6.553968253968252972e-03
-9.694835680751182376e-04 2.490774907749081050e-03
6.030927835051528522e-04 9.738675958188151892e-04
1.209269662921348687e-02 -7.159677419354840491e-03
4.435483870967746323e-03 -3.484472049689439806e-03
1.378378378378388065e-03 -2.078703703703703269e-03
-6.271186440677946165e-04 -3.605960264900657034e-03
-4.247499999999999540e-03 -3.947368421052629972e-03
1.637931034482763455e-03 3.972125435540083127e-04
-1.825301204819268627e-03 1.235202492211839344e-03
-4.173076923076926049e-03 -6.630952380952383207e-03
5.909090909091048189e-04 -4.088855421686744297e-03
-3.604166666666662206e-03 -2.603040540540541188e-03
-1.096256684491935072e-04 -6.988416988416982275e-04
5.957446808510673047e-04 -1.623574144486689130e-03
1.085062240663908426e-03 -5.822674418604647378e-03
1.401685393258430981e-03 -2.533123028391167427e-03
-7.095477386934668541e-03 -9.214559386973166606e-04
-3.550420168067176590e-04 -1.324999999999998271e-03
2.945161290322578437e-03 1.290322580645164108e-03
3.650000000000001334e-03 -3.656862745098036962e-03
4.459239130434783024e-03 -4.253776435045313921e-03
-3.129834254143649009e-03 4.867924528301888166e-04
3.923913043478268088e-03 2.144039735099341135e-03
-1.138888888888885250e-03 -2.702531645569621402e-03
4.560606060606067942e-03 -4.918269230769231268e-03
1.199683544303797172e-02 -2.631746031746029328e-03
1.641509433962268661e-03 -5.098181818181813339e-03
6.284974093264249217e-03 3.405797101449329093e-04
2.992788461538467299e-03 -1.816993464052288169e-03
1.792079207920798008e-03 -2.521381578947368401e-03
3.133522727272726547e-03 -1.713261648745516503e-03
-1.139593908629440077e-03 -5.761718749999988854e-04
2.458100558659224305e-03 -4.564056939501771881e-03
4.811320754716988239e-04 -7.252542372881354109e-03
8.401785714285714066e-03 -1.425396825396822069e-03
3.509493670886082179e-03 -5.225296442687745770e-03
-1.631016042780743898e-03 1.072948328267478739e-03
8.037128712871294267e-03 -9.984227129337514255e-04
9.357466063348420307e-03 -2.341867469879516453e-03
8.195312500000001207e-03 -5.876325088339223041e-03
1.316562500000000545e-02 -3.505791505791505756e-03
-1.371951219512186312e-04 -1.036458333333334326e-03
4.002525252525256615e-03 -4.732899022801303861e-03
1.190476190476433777e-05 -5.464419475655431582e-03
-1.213043478260865176e-03 1.078498293515360021e-03
-8.846153846153801802e-04 -2.703389830508471942e-03
2.808755760368670390e-03 5.766129032258064321e-04
1.755681818181824413e-03 -4.762057877813504272e-03
7.625668449197865045e-03 -7.097785977859778946e-03
-8.285024154589364087e-03 -2.771084337349397162e-03
1.039351851851859874e-03 -6.480836236933797470e-04
3.308139534883723122e-03 -9.605734767025101957e-04
6.401898734177221238e-03 -3.246855345911948704e-03
-1.717032967032965486e-03 -3.026755852842810592e-03
1.247290640394089350e-02 -3.129969418960242174e-03
-9.280392156862745170e-03 -2.441717791411042535e-03
5.384615384615477635e-04 -6.897163120567335838e-04
-1.660804020100499273e-03 -4.029761904761904046e-03
-1.369767441860464049e-03 -3.461656441717790404e-03
-6.351464435146433885e-03 3.256666666666668559e-03
3.992537313432836972e-03 -1.231974921630094770e-03
3.387362637362638894e-03 -3.493311036789299717e-03
9.250000000000008216e-03 2.688612099644132301e-03
3.434426229508200611e-03 -8.871527777777758793e-04
7.382352941176468369e-03 -4.126689189189187978e-03
4.699494949494952521e-03 -7.017667844522962849e-03
-4.815165876777252954e-03 -4.523437499999999681e-03
1.330769230769233025e-03 -2.474103585657366853e-03
2.194444444444452417e-03 -7.212802768166087959e-03
-9.536585365853654864e-03 -5.755136986301364471e-03
-4.675609756097557669e-03 3.804838709677420185e-03
2.614427860696510487e-03 7.864583333333359473e-04
1.000452488687783061e-02 9.314079422382675342e-04
8.276699029126232017e-04 -2.050632911392406138e-03
-3.554054054054055136e-03 -4.531620553359683688e-03
5.975609756097563681e-03 -1.537096774193547326e-03
-2.888888888888885721e-03 -5.513833992094860142e-04
6.486979166666674741e-03 -2.649842271293374827e-03
8.544117647058828771e-03 -1.649999999999995437e-03
-6.923076923076886859e-04 2.818181818181819502e-03
7.086092715231783086e-04 -3.159356725146193843e-03
-2.632075471698110906e-03 1.315533980582525575e-03
9.101226993865032394e-03 4.720279720279718649e-04
4.626984126984133062e-03 -4.897832817337458532e-03
1.670050761421327861e-03 -2.913183279742764722e-03
1.714659685863876648e-03 -2.506514657980455328e-03
4.123626373626380730e-03 -1.557093425605529993e-04
-1.823899371069128252e-04 -2.976744186046507545e-03
-1.751336898395720485e-03 -4.065068493150683290e-03
-7.946745562130173857e-03 2.475438596491229184e-03
7.685185185185253610e-04 -3.551359516616310087e-03
1.062500000000006365e-03 -1.217314487632510048e-03
8.985221674876850417e-03 -7.076502732240435960e-03
3.265217391304344342e-03 2.107902735562312922e-03
1.134502923976607978e-02 -2.041528239202653697e-03
8.119186046511630075e-03 -2.007874015748028953e-03
3.651595744680855710e-03 -3.667953667953638311e-04
7.237864077669903598e-03 -3.181818181818180623e-03
6.406735751295342986e-03 -2.991712707182316716e-03
4.890350877193042284e-04 -4.013719512195117710e-03
1.234444444444443914e-02 -2.040752351097178084e-03
-5.428030303030296523e-03 -3.911764705882350701e-03
3.706896551724139788e-03 -4.485074626865668233e-03
-1.725581395348833652e-03 -2.825454545454541156e-03
4.937788018433181443e-03 -5.633540372670801585e-03
4.968750000000006148e-03 -2.325174825174845285e-04
6.954761904761909766e-03 -1.151851851851850303e-03
6.231213872832377758e-03 -6.220930232558138061e-03
4.429729729729731807e-03 1.837539432176661441e-03
6.156914893617024438e-03 -4.199999999999997138e-03
-1.667664670658680192e-03 -1.986486486486485192e-03
-5.027322404371592068e-04 -8.565517241379307090e-03
2.905405405405405653e-03 -3.093750000000000579e-03
6.265432098765441171e-04 -5.731939163498100606e-03
-2.933054393305433404e-03 -6.380622837370241579e-03
9.583333333333341267e-03 -6.641114982578397163e-03
1.541975308641976329e-02 -1.545126353790610271e-03
1.406626506024095252e-03 -3.390510948905109227e-03
3.113636363636366599e-03 -6.514195583596199112e-04
-1.623711340206184526e-03 -1.367158671586713370e-03
1.472826086956524876e-03 -1.130208333333332892e-03
5.914285714285732586e-04 -3.852348993288590932e-03
1.304444444444446830e-03 -1.249084249084245766e-03
-1.213414634146338855e-03 -2.738095238095237388e-03
7.875776397515523233e-03 -5.561258278145690855e-03
-1.799450549450542754e-03 -2.607023411371235666e-03
4.721153846153848879e-03 -4.942434210526312419e-03
1.714285714285720269e-03 -4.197132616487454088e-03
8.114583333333343432e-03 -2.524024024024022934e-03
-3.000000000000001363e-03 2.558528428093642801e-04
-1.262254901960780350e-03 -6.899606299212598243e-03
7.755813953488367544e-03 -2.113013698630135471e-03
9.906417112299474234e-03 -6.374172185430438363e-04
1.142857142857142292e-03 3.083067092651772421e-04
3.606060606060616097e-03 -7.763492063492060877e-03
6.750000000000000791e-03 -6.955631399317406711e-03
8.089887640449449149e-03 -3.356451612903225013e-03
9.665789473684219604e-03 -4.140575079872201372e-03
2.380239520958081501e-03 -2.489090909090909548e-03
1.131218274111675005e-02 -8.426966292134686106e-05
5.219512195121956723e-03 -5.786259541984733329e-03
6.255434782608698153e-03 -3.289285714285715076e-03
2.435672514619884738e-03 -8.857142857142769824e-05
1.247727272727273094e-02 -2.668852459016391506e-03
3.071917808219189021e-03 -2.691455696202528936e-03
5.909604519774010016e-03 -2.805642633228836239e-03
9.077319587628869535e-03 -3.366776315789471105e-03
4.654088050314468539e-03 -1.489436619718308152e-03
-1.421319796954305815e-03 -3.173437499999998308e-03
4.381656804733731307e-03 -9.589665653495408433e-04
3.882911392405065647e-03 3.198996655518398201e-03
1.820512820512796529e-04 -1.642578124999998857e-03
1.170616113744078366e-03 -2.918410041841003506e-03
9.260000000000004339e-03 -1.055921052631577078e-03
1.761194029850752293e-03 -2.908921933085504771e-03
6.296482412060305095e-03 -4.223282442748091739e-03
5.622699386503068365e-03 -6.617328519855596516e-03
1.014705882352948813e-03 -2.494366197183098439e-03
7.937158469945358383e-03 -6.965686274509800754e-03
6.086956521739128601e-03 1.014545454545456556e-03
-3.101851851851875367e-04 -8.540069686411149233e-03
3.079617834394906672e-03 -4.029824561403504840e-03
-3.604060913705479734e-04 -2.453987730060998624e-05
4.395000000000003071e-03 -9.069805194805194773e-03
4.138020833333339032e-03 -1.390728476821193624e-04
6.141975308641974864e-03 -2.314569536423837469e-03
3.690594059405947341e-03 -3.136222910216715943e-03
3.830357142857144463e-03 -3.731132075471695585e-03
2.267206477732807215e-03 -2.435384615384612265e-03
7.149532710280377158e-03 -4.067796610169415172e-05
2.676300578034686902e-03 -7.736363636363634971e-03
5.912429378531070499e-03 -9.016597510373444355e-03
-1.057692307692191194e-04 2.650176678445278559e-05
1.710784313725486261e-03 4.340057636887610822e-03
8.019607843137259440e-03 -4.851562499999996503e-03
2.033936651583706338e-03 3.573015873015875001e-03
8.388586956521745450e-03 -5.486725663716813736e-03
6.066860465116283470e-03 -2.724770642201832134e-03
5.648648648648642648e-03 -7.912087912087900589e-04
-2.837606837606833615e-03 -6.435810810810812729e-03
5.856353591160272116e-04 3.428571428571457235e-04
4.505617977528097486e-03 -5.842960288808665692e-03
-2.109625668449193522e-03 -4.929824561403512839e-04
2.751020408163275168e-03 -1.323619631901837767e-03
7.192737430167603190e-03 -4.177316293929715131e-03
8.438775510204096775e-03 -5.768370607028752012e-03
-3.155555555555552075e-03 -9.889240506329097236e-04
1.212983425414364443e-02 -2.227941176470586617e-03
8.011560693641624209e-03 -3.377737226277372287e-03
-5.306010928961751166e-03 3.295774647887326266e-03
7.784403669724771803e-03 -8.969565217391303399e-03
1.007253886010363308e-02 -5.816618911174738921e-04
-7.727906976744186932e-03 -3.188963210702340512e-03
4.385135135135134060e-03 -1.855357142857142752e-03
6.486486486486508921e-04 -1.860465116279069872e-03
-2.682320441988944332e-03 2.954697986577184583e-03
-3.443298969072167582e-03 -3.410447761194032763e-03
-1.217032967032960706e-03 -4.265573770491800504e-03
4.973282442748094140e-03 -7.446366782006919559e-03
1.164248704663212348e-02 -6.715568862275449712e-03
1.097014925373135212e-03 -3.769531249999980580e-04
-4.699519230769228471e-03 -2.220735785953173360e-03
1.030909090909091184e-02 1.374603174603175517e-03
7.689265536723159655e-03 7.524916943521629950e-04
1.002645502645501101e-03 -3.039033457249067181e-03
5.242424242424241140e-03 -1.766176470588236942e-03
-2.295000000000000165e-03 -5.034602076124559348e-04
6.257062146892655025e-03 -7.626582278480973113e-04
4.387820512820516695e-03 -2.172077922077919349e-03
9.241379310344816122e-04 -4.542424242424237570e-03
1.048984771573604688e-02 -2.518461538461538862e-03
-1.024431818181817042e-02 -3.966417910447763047e-03
7.849673202614381590e-03 -1.331632653061220898e-03
8.405882352941181426e-03 -7.404605263157892914e-03
2.869426751592360839e-03 -8.196721311475407661e-04
-3.984615384615386793e-03 -9.406779661016898648e-04
4.477157360406096298e-03 -2.746031746031721982e-04
6.313186813186816640e-03 -2.215297450424926276e-03
9.790760869565219224e-03 -5.893145161290321184e-03
1.539130434782608366e-02 -1.014310344827586141e-02
5.250000000000005530e-03 -5.495222929936304304e-03
7.280346820809253938e-03 -3.367559523809519634e-03
1.024017467248906780e-03 -1.773049645390050713e-04
3.506896551724137528e-03 -2.518927444794948935e-03
1.238333333333333820e-02 -2.131410256410257425e-03
-3.504830917874393690e-03 7.042253521126778286e-04
2.334146341463419223e-03 -2.609756097560975326e-03
2.454545454545463152e-03 -6.651245551601422598e-03
-2.599056603773577771e-03 -4.152103559870547363e-03
-2.203431372549014694e-03 1.051155115511551077e-03
8.526570048309170709e-04 -3.893280632411065187e-03
-6.882198952879582492e-03 -6.123728813559316426e-03
6.064159292035397122e-03 -2.953642384105959525e-03
9.847715736040617718e-04 -1.625850340136055904e-03
4.375757575757578850e-03 -4.645424836601306888e-03
1.115432098765433387e-02 -1.372807017543857403e-03
6.008152173913042932e-03 -3.956375838926177481e-03
8.164021164021173851e-03 4.498207885304664265e-04
-3.105263157894728576e-03 -4.114035087719299967e-03
1.469444444444447696e-03 -1.895312499999998778e-03
-5.103896103896101051e-03 1.397849462365592481e-03
1.312568306010928817e-02 -6.816109422492402058e-03
8.240740740740817730e-04 -1.842356687898087739e-03
5.590243902439027100e-03 -8.314759036144576607e-03
2.263975155279510706e-03 -2.367256637168144075e-03
3.041899441340787085e-03 -6.268092105263157847e-03
1.357843137254903477e-03 -2.289179104477612452e-03
-2.751207729468594342e-03 -3.362318840579708694e-03
9.305263157894740067e-03 -5.759868421052626378e-03
2.295774647887332317e-03 -6.290734824281148628e-03
3.247282608695656585e-03 -5.476950354609928621e-03
1.685082872928184670e-03 -3.478056426332283915e-03
1.730769230769233424e-03 -8.206349206349201767e-04
4.569892473118552107e-05 -3.604456824512531840e-03
-5.296791443850260711e-03 -3.068597560975609446e-03
2.621212121212127509e-03 -8.253144654088053270e-03
7.991428571428576405e-03 -4.261732851985557471e-03
7.684049079754611856e-03 -3.038851351351347287e-03
2.913366336633668556e-03 -3.053819444444441471e-03
7.891891891891871392e-04 -1.001602564102562062e-03
8.312883435582785197e-04 -5.922839506172837207e-03
-2.825757575757571749e-03 -5.441368078175893956e-03
-2.339712918660284430e-03 -9.435374149659869411e-03
-1.126760563380269390e-03 -2.437288135593219073e-03
-8.574999999999971534e-04 -1.067656765676564846e-03
-2.439814814814810461e-03 -2.056701030927832099e-03
-3.118279569892466719e-04 -3.811864406779658879e-03
-2.374100719424457155e-03 -2.192446043165464931e-03
3.143750000000005047e-03 -4.529929577464783703e-03
8.248554913294799118e-03 -4.285478547854782057e-03
-9.260204081632649603e-04 -3.559233449477351360e-03
-4.701877934272301156e-03 -2.454397394136806614e-03
3.619369369369371779e-03 -6.141509433962263551e-03
3.673611111111116205e-03 3.003134796238246963e-03
-1.017543859649118259e-03 -2.069659442724455355e-03
6.437853107344627436e-03 -3.378228782287820506e-03
-6.138613861386129971e-04 -6.513461538461541751e-03
7.339506172839504843e-03 2.597402597402599569e-04
-7.575757575757616409e-05 -2.858620689655170730e-03
-3.225806451612877744e-04 -1.200000000000001413e-03
-3.884831460674153386e-03 -3.055350553505533587e-03
7.785714285714287301e-03 -6.751748251748249975e-03
4.200000000000005812e-03 1.431372549019620547e-04
6.441988950276242298e-03 -3.763422818791944610e-03
1.718884120171681150e-03 -3.637362637362636080e-03
-4.122857142857138182e-03 5.422794117647067530e-04
-5.143678160919554643e-04 6.472868217054278308e-04
-8.340182648401826826e-03 -3.029411764705871517e-04
-2.319371727748688328e-03 2.090592334494775252e-03
3.750000000000008101e-03 -3.160211267605632975e-03
1.552631578947368841e-02 -1.871967654986520738e-03
-4.999999999999993165e-03 7.194656488549620258e-04
4.224598930481293126e-03 -3.330708661417322320e-03
5.092024539877309207e-03 1.235294117647058607e-03
-2.101744186046511538e-03 -2.738028169014079197e-03
1.202403846153845754e-02 2.721739130434786165e-03
2.353813559322039811e-03 -5.633561643835614634e-03
8.894179894179891910e-03 -3.577611940298505364e-03
-1.713270142180088476e-03 -3.492795389048988699e-03
-7.200000000000000453e-04 1.050724637681161135e-04
-6.371134020618555126e-03 -5.855932203389828741e-03
-2.067647058823524325e-03 -2.489197530864194902e-03
-3.107692307692306970e-03 -6.109756097560974965e-03
6.388888888888900539e-03 -1.211180124223585670e-04
-5.289215686274506729e-03 -3.289473684210523531e-03
4.315450643776829777e-03 -2.323151125401929154e-03
6.895744680851068759e-03 8.977635782747625916e-04
8.971354166666669142e-03 -3.424398625429552704e-03
7.921787709497217500e-03 -2.529411764705879421e-03
3.373737373737374298e-03 -8.468749999999969358e-04
2.586633663366338497e-03 -2.333850931677014778e-03
-1.099447513812150737e-03 2.987084870848710511e-03
1.915492957746481274e-03 1.286689419795223471e-03
3.298429319371733778e-03 9.306569343065937362e-05
1.137681159420296170e-03 -1.403914590747330424e-03
3.880208333333403097e-04 -1.930091185410331934e-03
4.411764705882357217e-03 -6.024054982817864459e-03
3.716748768472904856e-03 -2.071428571428569551e-03
4.219148936170218425e-03 -3.795833333333333351e-03
8.513698630136991297e-03 -3.266666666666666850e-03
1.543209876543152924e-04 -4.280357142857142173e-03
-3.127218934911239756e-03 1.135135135135137028e-03
7.293296089385476778e-03 2.542808219178087272e-03
-6.893665158371042184e-03 -1.608196721311476148e-03
-2.034482758620679947e-03 -3.411320754716980989e-03
7.026737967914440351e-03 -3.543859649122804885e-03
5.201183431952661855e-03 3.902077151335352884e-04
-3.135593220338980889e-03 -7.088333333333330169e-03
5.776649746192890483e-03 -2.181538461538458720e-03
2.131578947368423585e-03 -4.585987261146513188e-04
5.515909090909099956e-03 -1.260115606936414124e-03
-3.062000000000001786e-03 1.650000000000002593e-03
-4.890710382513656536e-03 -5.081227436823105258e-03
3.101063829787239177e-03 6.615720524017475743e-04
6.745098039215688575e-03 -7.022658610271899186e-03
4.091463414634141302e-03 2.741269841269845190e-03
2.535294117647063535e-03 -1.388888888887502363e-06
-3.343195266272189063e-04 2.393581081081084215e-03
1.743589743589741680e-03 -6.047619047619047332e-03
6.991071428571433294e-03 -2.152397260273969382e-03
7.687134502923979353e-03 -1.581666666666665250e-03
1.093548387096774689e-02 -2.584745762711864424e-03
8.105022831050212508e-04 -5.561461794019929850e-03
6.488479262672811575e-03 -5.037216828478963127e-03
-1.179144385026745321e-03 -3.721014492753620378e-03
3.940191387559814108e-03 3.447619047619049186e-03
1.743750000000004411e-03 1.065286624203821801e-03
1.165697674418601738e-03 -2.668333333333333755e-03
-1.551020408163263564e-03 9.209621993127169344e-04
8.239726027397260844e-03 -2.983443708609269471e-03
3.909326424870471564e-03 9.072164948453627885e-04
-8.747023809523805232e-03 2.173469387755103555e-03
3.779255319148940376e-03 -1.233231707317067110e-03
8.138888888888889516e-04 -4.929687499999995705e-03
-2.603932584269663241e-03 -2.212209302325577904e-03
-2.450920245398766507e-03 -1.611111111111109820e-03
2.843891402714934617e-03 -3.047854785478544635e-03
4.158088235294120014e-03 -2.255725190839696134e-03
1.078709677419355771e-02 -4.175585284280933750e-03
3.988532110091752049e-03 -1.683544303797467143e-03
5.406926406926417308e-03 -6.000000000000000125e-03
-1.826923076923075810e-03 -1.561488673139156159e-03
6.586206896551732859e-03 -4.146031746031747338e-03
-4.946524064171070470e-04 -3.786407766990268378e-04
1.080057803468207830e-02 -3.840579710144923983e-03
6.562162162162162027e-03 -3.807339449541279931e-03
-2.801369863013697132e-03 3.937743190661482755e-03
7.513513513513547315e-04 5.208333333333326756e-04
5.366120218579238307e-03 1.450151057401846677e-04
2.870370370370396913e-04 -5.506944444444441915e-03
4.284615384615391050e-03 -1.793442622950819527e-03
4.955026455026461350e-03 -2.352348993288588298e-03
7.051075268817208475e-03 -5.701365187713311813e-03
1.230743243243242503e-02 -4.478056426332285671e-03
-2.997326203208550057e-03 -3.293286219081272524e-03
-4.389534883720953243e-04 -1.964150943396224432e-03
1.099462365591398786e-03 -8.620689655172392803e-05
8.532934131736607348e-04 -5.217803030303028340e-03
5.703791469194315934e-03 -2.326562499999999638e-03
1.500000000000001332e-03 -7.565146579804556820e-03
2.327067669172930113e-03 1.602362204724414475e-03
7.956647398843934293e-03 -6.123595505617956264e-04
5.293650793650794828e-03 -4.892255892255893170e-03
-9.294871794871789172e-04 -1.255102040816326791e-03
1.633742331288343119e-02 -2.986238532110087763e-03
5.830246913580248644e-03 -5.536912751677849909e-03
2.997237569060775316e-03 5.103244837758161073e-04
7.826923076923083741e-03 -3.460264900662240756e-04
2.208333333333332548e-03 -5.122568093385210242e-03
2.984210526315794927e-03 9.051446945337639216e-04
2.056074766355237861e-04 -6.863354037267076040e-04
-7.363636363636345003e-04 -2.901486988847581504e-03
4.646017699114630669e-05 -1.632107023411369026e-03
2.179611650485438652e-03 -3.312302839116297728e-05
3.084615384615386601e-03 -5.403543307086611583e-03
9.595238095238166820e-04 1.549401197604791201e-03
1.095967741935484178e-02 -8.344947735191610193e-04
5.243589743589750427e-03 -3.562295081967210841e-03
2.584239130434784395e-03 -3.048638132295720601e-03
4.505494505494497034e-04 -1.055205047318609132e-03
5.592465753424660790e-03 -4.511278195488708305e-04
1.174431818181819083e-02 -3.690114068441064862e-03
5.607894736842100776e-03 -3.324013157894733107e-03
-3.079787234042557532e-03 -5.158928571428566916e-03
-1.133004926108367900e-03 -1.444866920152091403e-03
-9.764044943820229805e-03 3.116129032258066478e-03
6.113744075829460499e-04 1.893501805054152807e-03
-5.026570048309174539e-03 -2.919708029196976392e-05
-5.113636363636364472e-03 5.189873417721530555e-04
-5.832446808510641061e-03 -1.723646723646687614e-04
-4.590909090909091675e-03 -5.436206896551725939e-03
1.212435233160629464e-03 -4.672131147540977856e-04
3.704761904761915119e-03 -3.659810126582277532e-03
5.080645161290317860e-03 -1.767326732673263909e-03
3.366336633663371495e-03 -2.407172995780590321e-03
1.257575757575760296e-03 1.700680272108846401e-04
6.900584795321635344e-03 -4.337243401759531200e-03
-3.268292682926785984e-04 -2.698830409356725319e-03
2.940119760479041437e-03 -6.610429447852734846e-04
2.447619047619055237e-03 -2.746212121212123717e-03
-1.209523809523804219e-03 1.503058103975539374e-03
5.987804878048788408e-03 -3.820668693009118128e-03
3.715053763440864191e-03 -4.639763779527560431e-03
2.642500000000003353e-03 -2.431271477663228455e-03
4.642105263157899654e-03 -4.185185185185148478e-04
-1.638157894736841152e-03 -1.440594059405940356e-03
4.183856502242155537e-03 -2.591973244147130484e-04
8.989071038251346922e-04 -3.825757575757564289e-04
6.637499999999999303e-03 -7.946058091286288842e-04
1.997967479674799245e-03 2.573122529644270018e-03
7.222222222222214301e-04 -2.215542521994132413e-03
4.805851063829792887e-03 2.801418439716330043e-04
2.517857142857148067e-03 -2.725423728813560972e-03
3.113300492610839108e-03 -7.168769716088327706e-03
1.709359605911333832e-03 -2.117187499999997977e-03
1.516587677725115190e-03 1.578073089701009844e-04
-5.619266055045867535e-03 -2.285467128027678964e-03
-1.362612612612612356e-03 -3.159498207885304191e-03
-6.244565217391303408e-03 -2.439814814814812629e-03
4.152061855670108846e-03 -3.635338345864658639e-03
2.850000000000000103e-03 -5.312949640287768088e-03
3.664179104477615842e-03 3.245370370370374152e-03
-5.479041916167662818e-04 -1.892744479495247405e-04
1.037356321839081122e-03 -4.836363636363620318e-04
7.096774193548420050e-04 -5.223247232472323816e-03
3.017241379310345653e-03 -3.695945945945943931e-03
7.838888888888891765e-03 -4.587248322147648334e-03
6.108571428571429353e-03 -1.554999999999996056e-03
1.273936170212771430e-03 -4.635451505016719917e-03
-3.536697247706412778e-03 -4.733564013840829525e-03
-2.374407582938387919e-03 -3.163430420711971832e-03
-5.540935672514618951e-03 -2.739482200647247630e-03
9.595394736842106573e-03 -1.102446483180426640e-03
4.821759259259260876e-03 2.600628930817612885e-03
-2.957070707070698877e-03 -2.516304347826084364e-03
3.266509433962263599e-03 -3.971153846153845611e-03
8.872146118721453700e-03 -4.986153846153846755e-03
-2.264822134387352043e-03 -3.794326241134727304e-04
-1.448571428571431658e-03 5.684647302904579595e-04
3.862745098039219865e-03 -7.312903225806448131e-03
-7.075471698112088435e-05 -2.733449477351914715e-03
7.345971563981061906e-04 -4.705202312138721463e-03
1.094063926940639676e-02 1.445086705201330722e-06
4.624183006535942386e-03 1.635245901639345665e-03
1.312500000000005503e-03 -5.144508670520230378e-03
8.025547445255479251e-03 -2.902985074626866606e-03
7.447643979057595731e-03 -4.055369127516774558e-03
6.184834123222859815e-04 -1.428571428571428137e-03
1.306818181818185463e-03 -4.436090225563909736e-03
4.143646408840426996e-05 -2.020220588235292162e-03
8.804347826086979332e-04 -3.894658753709195377e-03
-4.407582938388563743e-04 -7.001851851851851119e-03
3.000000000000076716e-04 -4.583061889250810393e-03
2.953201970443350595e-03 -1.794545454545453615e-03
1.058035714285716867e-03 -1.435582822085888430e-03
1.478142076502743808e-03 -6.050161812297730028e-03
5.021834061135416801e-04 -7.325779036827195952e-03
1.439189189189199469e-03 -7.226351351351348838e-03
1.644549763033179533e-03 -4.566445182724250366e-03
6.544041450777205067e-03 -3.536159600997502289e-03
-1.215159574468085285e-02 -9.039039039039027451e-04
1.189956331877730419e-03 -2.426573426573425465e-03
5.605820105820105356e-03 -4.219798657718117248e-03
-2.492063492063491172e-03 -2.017857142857139383e-03
5.134615384615391111e-03 -1.890822784810125643e-03
4.561881188118811596e-03 -3.293624161073826790e-03
-9.251700680272083310e-04 -1.206624605678230768e-03
-4.533678756476680095e-03 -6.005639097744355261e-03
5.618421052631584166e-03 -2.411231884057967682e-03
-3.145539906103208454e-04 -5.309836065573766105e-03
-2.118483412322270075e-03 -3.377813504823150206e-03
3.966666666666669554e-03 -1.778947368421052687e-03
2.480113636363640538e-03 -1.647260273972599165e-03
1.623711340206188646e-03 -3.031358885017399591e-04
5.997297297297300885e-03 -7.541095890410958770e-03
-5.686635944700462603e-03 3.680781758957667920e-04
2.155688622754509587e-04 -3.001519756838903850e-03
4.357575757575764958e-03 -4.320819112627984245e-03
-5.997663551401866307e-03 -7.639072847682119166e-03
2.500000000000017941e-04 -4.898529411764706958e-03
-2.441704035874433902e-03 -1.943573667711597256e-03
-6.040284360189576880e-03 1.658430232558139863e-03
5.330459770114943235e-03 -3.159609120521169288e-03
5.629032258064528907e-03 -1.842105263157872849e-04
3.639024390243906885e-03 -3.119771863117868759e-03
9.451807228915665507e-03 -1.608433734939757748e-03
9.068965517241372142e-04 -3.740310077519355247e-04
5.671171171171172747e-03 -1.087030716723551066e-03
-1.446261682242984880e-03 -4.603092783505154453e-03
-8.375739644970413983e-03 -1.880258899676374518e-03
9.393939393939398919e-03 -6.667721518987340668e-03
5.665853658536586582e-03 -4.199115044247786650e-03
1.180921052631579878e-02 -4.660256410256411082e-03
8.066502463054193647e-03 -3.917197452229299014e-03
-4.219148936170206282e-03 -2.886612021857921494e-03
2.128272251308902137e-03 -4.882059800664449029e-03
-8.990384615384599100e-04 -5.017621145374451946e-03
1.936224489795919162e-03 -6.110294117647060118e-03
2.354591836734698952e-03 -6.677115987460811213e-04
-2.023560209424079843e-03 -2.542028985507245684e-03
4.156069364161853533e-03 -5.813559322033896339e-03
9.400000000000103802e-04 1.831395348837210621e-03
2.456140350877196975e-03 -3.027070063694264901e-03
-7.433155080213931084e-04 -5.763986013986015060e-03
-7.850877192982452096e-03 -8.534743202416915711e-04
2.693181818181823728e-03 2.788524590163936508e-03
1.625000000000004045e-03 -1.860465116279065535e-03
6.489247311827961093e-03 1.495207667731630538e-03
5.245945945945951899e-03 -8.088709677419354468e-03
5.267999999999998378e-03 -3.975806451612902588e-03
2.745000000000003947e-03 -3.351711026615969251e-03
-4.587677725118478357e-03 -5.849999999999995828e-03
4.951282051282051080e-03 -2.926621160409553606e-03
5.137142857142862687e-03 -4.460132890365447501e-03
-9.222222222222150158e-04 -5.884955752212379064e-04
-4.131147540983606814e-03 -3.626785714285714335e-03
1.068965517241379434e-02 -4.369501466275657435e-03
-5.937499999999925043e-04 -1.637323943661971254e-04
8.684210526315818985e-04 -5.621710526315790678e-03
6.502857142857153966e-03 -2.704545454545452098e-03
7.865384615384619568e-03 1.568322981366468861e-04
9.482857142857145302e-03 -1.712074303405570477e-03
9.605911330049707309e-05 -2.653846153846154635e-03
-1.169270833333332059e-03 -5.225806451612900229e-03
9.150837988826824448e-03 -2.448581560283690124e-03
-8.584905660377284637e-04 -2.514652014652011408e-03
-3.457943925233637750e-03 -2.649999999999998711e-03
1.514527027027026337e-02 -9.769503546099298288e-04
-4.202247191011232105e-03 -3.772575250836119470e-03
2.367052023121388616e-03 -6.369318181818180852e-03
1.866666666666667949e-03 2.169847328244276299e-03
3.971698113207552776e-03 -5.127035830618892516e-03
5.550000000000004582e-03 1.092150170648488867e-04
7.086294416243659258e-03 -3.365781710914450987e-03
8.337563451776658710e-03 -5.467032967032965998e-03
-2.454314720812175981e-03 -8.780487804878052242e-04
3.441314553990616840e-03 -6.582831325301207771e-03
5.914285714285723479e-03 -5.371972318339099904e-03
-6.079365079365080249e-03 -6.556686046511627820e-03
3.935483870967745011e-03 3.077054794520551421e-03
9.575471698113302522e-04 -3.215827338129499755e-03
1.889534883720928688e-03 -5.765306122448975862e-03
7.121848739495860231e-04 -2.536184210526315052e-03
1.212435233160627512e-03 -2.762711864406780689e-03
5.520270270270274775e-03 -5.129464285714281473e-03
2.468899521531099650e-03 -4.835526315789474144e-03
3.108024691358034653e-03 -5.181506849315071182e-03
8.171875000000000319e-03 5.699208443271806725e-04
4.159459459459461696e-03 -2.566037735849055479e-03
5.664383561643839340e-03 -6.448453608247421871e-03
4.310945273631846403e-03 -1.207395498392280784e-03
2.012019230769228686e-03 -2.610108303249098014e-03
1.852777777777781529e-03 3.333333333333360869e-04
2.944767441860475770e-03 -4.056291390728476547e-03
-8.041139240506331096e-03 -8.068965517241363013e-04
6.019083969465651579e-03 -1.926710097719865501e-03
-1.370098039215678597e-03 -9.751655629139059775e-04
1.962616822429910559e-03 -7.714057507987218988e-03
-3.134078212290498759e-03 -2.051546391752574836e-03
-5.510752688171937025e-04 -5.545602605863191384e-03
5.189560439560443779e-03 1.208154506437768803e-03
3.988571428571432466e-03 -6.171378091872789691e-03
-3.905172413793101937e-03 -5.867952522255193148e-03
5.002538071065993318e-03 -5.108024691358021251e-03
5.443396226415095525e-03 -2.434083601286170240e-03
1.348314606741582737e-03 -3.178343949044584379e-03
6.798165137614684515e-03 -7.950310559006211258e-04
1.355978260869565577e-02 -5.445859872611454391e-04
1.195121951219516509e-03 -4.430059523809520144e-03
3.400000000000003714e-03 -1.977049180327867910e-03
-3.071428571428571307e-03 -2.809523809523806464e-03
7.227011494252874937e-03 -2.360501567398116864e-03
-2.034334763948492195e-03 -2.418918918918919626e-03
8.406593406593417320e-03 -2.776758409785930713e-03
-1.533783783783774363e-03 -2.214532871972317660e-03
3.279487179487184864e-03 -3.617117117117113305e-03
-9.740259740259758683e-04 1.557823129251702503e-03
4.644736842105268333e-03 -1.639344262295081532e-03
-3.432692307692306738e-03 -6.950530035335686536e-03
1.026011560693641540e-03 -3.458461538461535256e-03
5.238839285714287641e-03 -5.188153310104530631e-03
2.120253164556942945e-04 -7.409420289855078636e-04
6.023121387283238669e-03 -5.175257731958764380e-03
-9.715909090909011225e-04 -1.451257861635219188e-03
-4.725806451612901520e-03 -8.516722408026753885e-03
-8.029255319148930273e-03 -2.796934865900382698e-03
4.597222222222225631e-03 -6.704778156996582181e-03
-1.254999999999989414e-03 -1.305555555555556330e-03
8.121951219512198866e-03 -3.124600638977635941e-03
-1.278894472361807692e-03 -5.777777777777774910e-03
5.450738916256159597e-03 -5.313114754098355666e-03
4.618131868131864284e-03 -2.526729559748424822e-03
3.085294117647068880e-03 -1.242088607594936519e-03
4.080717488789241051e-03 -4.918060200668893100e-03
-1.216494845360823049e-03 -7.257142857142858706e-03
4.451871657754025331e-03 -3.963888888888885721e-03
4.031609195402306549e-03 1.062992125984256030e-03
7.572972972972982428e-03 -3.485119047619047658e-03
3.748730964467009760e-03 1.590909090909093564e-03
-1.234251968503934180e-03 2.705211726384365752e-03
-9.178082191780809499e-04 1.195652173913046247e-03
3.242424242424241966e-03 -6.608620689655171458e-03
5.143203883495149273e-03 -2.864238410596012556e-04
3.916666666666666387e-03 -2.834459459459458437e-03
-9.493670886075887203e-04 2.372611464968162553e-04
1.316223404255319369e-02 -3.132404181184669355e-03
1.544871794871803755e-03 -4.690938511326860592e-03
5.121951219512172295e-05 -7.910780669144979946e-03
-7.384615384615387038e-03 1.730188679245286878e-03
6.918604651162803222e-04 3.625776397515531168e-03
3.303240740740748509e-03 -2.702095808383230425e-03
-4.768018018018015634e-03 -1.550699300699301831e-03
9.332446808510639832e-03 1.497005988024094719e-05
-2.060747663551394313e-03 -3.039622641509434186e-03
-1.937125748502989669e-03 -2.814393939393938174e-03
3.753787878787883357e-03 -9.887640449438182474e-04
8.677884615384616820e-03 -3.189964157706091669e-03
6.386699507389161090e-03 -3.401459854014596794e-03
3.292746113989646322e-03 -3.539156626506022307e-03
1.667441860465116235e-03 -4.755639097744333876e-04
-1.128865979381441778e-03 -3.692901234567897394e-03
9.190184049079758166e-03 -1.269999999999998561e-03
1.070058139534883941e-02 1.200772200772204975e-03
2.000000000000006113e-03 -1.491610738255031311e-03
-1.731707317073145273e-04 -3.890946502057616128e-03
-9.015444015443967998e-04 1.143564356435646315e-03
1.100446428571428582e-02 -5.269360269360245756e-04
-8.725961538461514269e-04 -2.167235494880527069e-04
-2.942307692307686781e-03 -2.659468438538203916e-03
-9.736641221374039631e-03 -1.006779661016947956e-03
9.582317073170735014e-03 -1.479020979020978380e-03
3.175480769230775921e-03 -6.308383233532933315e-03
8.168859649122809860e-03 -2.142857142857115642e-04
4.564356435643564074e-03 1.111295681063124725e-03
-4.065789473684209253e-03 -3.865259740259739153e-03
7.972222222222224292e-03 -5.257679180887369665e-03
4.310457516339873812e-03 -2.631578947368417524e-03
-1.109289617486329494e-03 -1.451562500000001246e-03
7.486772486772507763e-04 -2.691489361702127485e-03
1.066193181818181693e-02 -2.754870129870127214e-03
7.781094527363193597e-03 -1.827956989247292094e-04
-4.457671957671951145e-03 8.617363344051460344e-04
3.287500000000002226e-03 -1.831578947368417377e-03
9.126262626262624661e-03 -4.199652777777774376e-03
-2.406417112299458899e-03 8.840000000000007791e-04
-2.443850267379683514e-03 -4.823151125400862886e-06
8.783482142857141489e-03 2.029220779220782878e-04
-7.331460674157297408e-04 -1.208053691275165313e-03
1.247586206896551635e-02 -5.491610738255029225e-03
3.083720930232566621e-03 2.518050541516248051e-03
1.248663101604284131e-03 -5.374999999999963141e-04
2.550000000000004520e-03 -3.570996978851962052e-03
-9.637614678899076789e-03 3.471223021582734141e-03
-1.310606060606055298e-03 -1.329351535836176962e-03
2.863207547169818127e-03 -4.698360655737703236e-03
-5.611386138613860299e-03 -2.636824324324322892e-03
2.909313725490192837e-03 -5.650557620817842942e-03
-8.173652694610779269e-04 -3.577821011673152588e-03
1.888349514563104686e-03 -2.586872586872585294e-03
-4.459016393442623641e-03 -6.050980392156860878e-03
2.945812807881779179e-03 -3.200636942675157311e-03
1.174157303370787584e-03 -3.667711598746047682e-04
8.664596273291981163e-04 -2.239616613418528041e-03
9.168393782383418844e-03 -4.126838235294118251e-03
5.260869565217398541e-03 -6.684027777777752513e-04
8.415000000000004074e-03 -4.389728096676735920e-03
3.258706467661697664e-03 -2.283333333333331661e-03
2.032085561497327247e-03 -1.749999999999999169e-03
2.975000000000002816e-03 -1.849462365591399886e-03
-3.721938775510203086e-03 -4.596830985915489540e-03
-5.449238578680198723e-03 -2.489010989010988391e-03
8.218421052631583179e-03 -1.809677419354837084e-03
4.700000000000005389e-03 -6.082167832167828005e-03
6.237500000000002591e-03 -5.579925650557617661e-03
4.164948453608263712e-03 -1.098461538461539475e-03
1.635265700483097637e-03 -5.794117647058817655e-03
4.219339622641514638e-03 2.800884955752216965e-03
1.145251396648092236e-04 -7.150470219435732522e-03
7.848484848484858084e-03 -4.045302013422819899e-03
1.558685446009391937e-03 -3.981308411214952089e-03
-2.575916230366488615e-03 -4.094202898550724189e-03
-5.844827586206895013e-03 -1.924242424242422929e-03
-1.077777777777777328e-02 6.083591331269367145e-04
-8.323170731707348318e-04 -7.375000000000000479e-03
8.010471204188478536e-03 -2.405448717948719273e-03
-6.200934579439250881e-03 -4.564356435643564074e-03
4.134146341463419173e-03 -3.381877022653717157e-03
5.545751633986937407e-03 4.966071428571430801e-03
3.946107784431137147e-03 1.700716845878136535e-03
2.745508982035928507e-03 -2.070707070707087131e-04
-2.111386138613861527e-03 -4.283464566929134562e-03
7.138888888888902072e-03 -2.157801418439714725e-03
7.880597014925378244e-03 -2.527700831024929339e-03
-2.782051282051286201e-03 1.750809061488673183e-03
3.682352941176469940e-03 -1.358156028368790510e-03
4.244186046511644523e-04 -6.244514106583070982e-03
-1.712809917355366833e-03 -2.911764705882291158e-04
-4.900900900900896986e-03 -5.092424242424241181e-03
4.947058823529420710e-03 -2.377952755905511813e-03
1.358490566037736172e-03 -4.181538461538461364e-03
-2.807174887892371126e-03 -2.757961783439488376e-03
-1.763297872340420210e-03 -4.917253521126763172e-03
2.691244239631339699e-03 -2.933130699088122616e-04
4.715976331360954496e-03 -4.206557377049175393e-03
-1.804232804232802113e-03 -8.413793103448273525e-03
3.592233009708740987e-03 -4.109120521172634523e-03
-2.662011173184346789e-03 -5.117747440273033056e-03
1.729729729729736435e-03 -2.702205882352915292e-04
8.180288461538471473e-03 -4.655594405594402560e-03
-8.145454545454542533e-03 -6.752411575562678727e-04
8.955607476635514888e-03 -6.681338028169010734e-03
2.721925133689839186e-03 -2.700301204819277861e-03
4.854368932038879742e-04 -3.437999999999998783e-03
-1.983240223463636313e-04 1.802904564315353049e-03
5.231543624161084753e-03 -4.516949152542374703e-03
8.841269841269840807e-03 -1.979477611940295631e-03
5.039473684210528555e-03 -2.178571428571426417e-03
5.033175355450244734e-03 -1.178445229681976967e-03
2.460317460317461725e-03 -4.263888888888886508e-03
6.989637305699479553e-03 -4.289655172413793169e-03
9.870098039215685279e-03 -5.644314868804662863e-03
4.747368421052633805e-03 -4.838983050847458015e-03
6.551546391752581001e-03 -5.724522292993631210e-03
-2.099999999999995100e-03 -4.153333333333332662e-03
3.828313253012059075e-03 -6.934713375796174896e-03
8.990384615384588258e-04 -2.985865724381623568e-03
2.648148148148151207e-03 -6.257062146892652423e-03
3.584615384615387045e-03 -4.273408239700369170e-03
-4.392712550607266384e-04 -1.613333333333330554e-03
2.127659574468075058e-04 -4.139344262295081150e-03
6.841013824884796708e-03 -7.227915194346291351e-03
1.652702702702704349e-02 -6.942675159235666901e-03
-8.876404494381946470e-04 -4.598540145985401421e-04
-8.544303797468115415e-05 -6.462093862815877906e-04
5.627027027027033980e-03 -2.302980132450330262e-03
1.400000000000003889e-03 -1.687499999999999330e-03
4.203125000000003733e-03 -2.953287197231833482e-03
-1.009259259259249900e-03 -5.572664359861589055e-03
-1.908602150537579492e-04 -6.094890510948869529e-04
8.107344632768399796e-04 -2.744582043343650902e-03
-3.847826086956517011e-03 -2.946886446886448109e-03
-4.342245989304811468e-03 -2.145522388059701527e-03
9.867346938775507781e-03 -6.050561797752810299e-03
-2.284263959390860077e-03 -4.300664451827241469e-03
-2.044186046511626935e-03 -3.567999999999999991e-03
1.640211640211640788e-03 -8.735973597359732168e-03
3.891959798994975607e-03 -2.256211180124221682e-03
-3.371052631578947811e-03 -2.580985915492958402e-03
1.231638418079098428e-03 2.849816849816850378e-03
3.244505494505497273e-03 -5.979532163742664035e-04
2.985000000000001975e-03 1.634920634920634670e-04
1.468152866242041985e-03 -3.450495049504950090e-03
-2.619266055045871375e-03 -1.860074626865672190e-03
-1.472677595628415657e-03 -2.135563380281686394e-03
3.344370860927162615e-03 3.104166666666667834e-03
6.197183098591552662e-03 -5.315181518151813542e-03
1.303482587064686915e-03 -2.016393442622930283e-04
2.886503067484665758e-03 -3.831417624521064251e-04
-2.238235294117645047e-03 -6.518644067796608259e-03
-1.203208556149828627e-04 -1.679999999999998552e-03
2.055000000000005173e-03 -3.067251461988301352e-03
1.396938775510203450e-02 -7.834935897435895899e-03
-1.643678160919539175e-03 -2.341292134831458524e-03
3.608490566037838351e-04 -1.004777070063693012e-03
1.024277456647398193e-02 -2.918300653594772028e-03
2.367500000000001114e-03 -6.939075630252098184e-03
8.548717948717952236e-03 -4.792517006802720324e-03
-1.818359375000004651e-03 -2.931880108991819899e-03
6.691489361702127568e-03 -7.097269624573377192e-03
4.482758620689694185e-04 -4.885869565217390402e-03
-8.176630434782618598e-03 -3.449206349206347232e-03
2.789189189189196939e-03 -3.518644067796608630e-03
-1.599999999999995957e-03 -1.400383141762450573e-03
6.271929824561412944e-03 -2.162499999999998625e-03
1.311827956989254987e-03 -4.871666666666665639e-03
3.268382352941179118e-03 -8.864951768488749453e-03
-3.334269662921350141e-03 5.822981366459637235e-04
4.683060109289612256e-03 -1.818181818181820132e-03
-8.888888888888913167e-04 -2.466216216216211843e-03
2.661214953271029676e-03 -2.301818181818177881e-03
4.798429319371740748e-03 5.412186379928321696e-04
-5.582959641255543426e-04 -5.107028753993609303e-03
-7.222222222222169849e-04 -4.437710437710436565e-03
1.559917355371900818e-03 -3.961538461538462522e-03
1.431818181818182364e-02 -3.349025974025970822e-03
5.092715231788080311e-03 -4.340830449826987673e-03
1.118534482758619776e-03 -9.375925925925928175e-03
1.223825503355705120e-02 -5.929078014184395798e-03
3.295000000000006691e-03 7.987220447284697623e-05
5.513761467889903740e-03 -5.739747634069397586e-03
2.544378698224857840e-04 -2.145454545454541541e-03
2.720744680851070168e-03 -2.189458689458685051e-03
-7.358552631578947970e-03 1.337662337662341109e-03
5.274725274725333918e-04 1.370481927710845644e-03
-2.349009900990092856e-03 -3.671924290220818753e-03
9.523913043478257623e-03 6.580756013745714958e-04
-7.926829268292687799e-04 8.787878787878799364e-04
2.021505376344088535e-03 -1.195081967213113818e-03
2.403846153846201413e-04 -3.686708860759490940e-03
5.317500000000007117e-03 -4.277385159010598827e-03
-3.961352657004762025e-04 -6.426573426573423814e-03
1.608187134502930566e-03 -2.703180212014134453e-03
5.907185628742529955e-03 -1.245833333333333818e-03
2.616666666666677722e-03 -1.351963746223563490e-03
-3.010152284263956871e-03 1.546583850931678014e-03
2.868556701030932927e-03 -1.283154121863797157e-03
7.937198067632855389e-03 -4.949652777777775042e-03
9.687845303867405680e-03 -3.806273062730628626e-03
1.462686567164178403e-03 -5.253496503496497827e-03
3.670854271356793676e-03 -4.545454545454543499e-03
-1.241935483870968034e-03 -1.832167832167829868e-03
7.680851063829785032e-03 -4.074013157894734206e-03
1.524553571428571884e-03 -4.292096219931275033e-03
1.080526315789473620e-02 -1.408385093167699746e-03
5.207100591715984467e-03 -3.714285714285711203e-03
1.421875000000002998e-03 -5.934343434343434392e-03
5.690860215053770640e-03 -3.178899082568805746e-03
6.839378238341989064e-04 2.754716981132081981e-04
3.274611398963731164e-03 -1.193009118541031892e-03
3.629107981220660185e-03 -1.379858657243813276e-03
-4.449152542372910961e-04 -4.136363636363636805e-03
6.687150837988826979e-03 -2.985454545454545045e-03
4.353125000000004560e-03 -7.229390681003580385e-03
-4.868421052631576561e-03 -4.986710963455146493e-03
1.413875598086133554e-03 -1.044323144104803390e-02
5.167452830188688957e-03 -7.822299651567934161e-04
8.288557213930351081e-03 -5.012367491166074170e-03
-2.026190476190480039e-03 -6.538461538461516663e-04
1.552197802197803579e-03 8.361344537815137631e-04
-2.504566210045667228e-03 -1.125461254612537343e-04
5.517142857142863684e-03 -2.584569732937682437e-03
-6.170792079207923671e-03 -2.020338983050845149e-03
-5.917721518987343254e-04 -3.380471380471378271e-03
1.026149425287355664e-02 -1.638728323699419152e-03
-5.724880382775118792e-03 2.347432024169183572e-03
-2.232352941176463535e-03 -1.089041095890407821e-03
8.743961352657004908e-04 -4.014925373134308742e-04
-7.962686567164173335e-03 -3.101666666666667502e-03
3.358757062146889173e-03 1.257785467128030464e-03
-2.577777777777776492e-03 -5.645161290322579448e-03
-1.309302325581393478e-03 -2.111913357400749876e-04
2.739473684210535533e-03 -5.424632352941174095e-03
-6.076595744680848843e-03 -1.891986062717768927e-03
-5.077319587628881812e-04 -2.190476190476187569e-03
7.282608695652177666e-03 1.670529801324503955e-03
-6.946428571428569544e-03 -3.899253731343265555e-04
7.152777777777785673e-03 -5.623674911660774163e-03
-3.849489795918357906e-03 -2.142857142857142530e-03
4.329207920792086522e-03 -5.731034482758621575e-03
-4.038461538461541114e-03 -6.294832826747723438e-03
-2.712195121951212727e-03 -6.242236024844718262e-03
3.207142857142862395e-03 -6.467187499999997244e-03
-1.007142857142854890e-03 -1.277985074626862777e-03
-1.688853503184713223e-02 -1.593750000000001849e-03
2.353092783505155924e-03 -2.924590163934424111e-03
-6.132432432432421629e-03 -1.153696498054474894e-03
-1.705555555555553042e-03 9.785992217898817347e-04
-2.134328358208951656e-03 1.742424242424244374e-04
1.089506172839506447e-03 -3.262295081967208753e-03
6.087209302325585249e-03 -5.545588235294114654e-03
5.445945945945949822e-03 -3.787072243346005940e-03
8.961764705882349635e-03 -3.758169934640523402e-03
6.057499999999997782e-03 2.289473684210527847e-03
6.723214285714286358e-03 -5.242811501597445870e-03
8.171779141104291988e-03 -4.035836177474400738e-03
4.455696202531649747e-03 2.945783132530120987e-03
2.731843575418988791e-03 -3.174377224199287102e-03
9.738916256157637008e-03 -5.014900662251657246e-03
7.755681818181859666e-04 -3.690095846645345635e-04
-1.688481675392672918e-03 -1.948339483394830778e-03
4.610256410256411384e-03 -5.348101265822782259e-03
7.177914110429495275e-04 -5.048742138364777261e-03
-3.100000000000004662e-03 2.961672473867600695e-04
-5.499999999999996211e-03 -1.724299065420558394e-03
-1.266666666666657268e-03 -2.781362007168452360e-03
-4.626190476190473848e-03 7.124183006535945040e-04
3.017500000000003686e-03 -3.028673835125447918e-03
3.305263157894738641e-03 -4.718861209964409983e-03
4.448529411764685503e-04 -6.978260869565214124e-03
7.702127659574467544e-03 -2.722873900293253362e-03
5.762557077625574120e-03 -2.050359712230187070e-04
6.858638743455503124e-03 -7.639860139860123536e-04
1.286388888888887957e-02 -3.867595818815323526e-04
-2.734104046242769818e-03 -3.425396825396822328e-03
3.201570680628270261e-03 -1.205323193916348805e-03
-4.716981132075473361e-04 -4.947513812154691326e-03
-2.994764397905754806e-03 -2.683848797250859911e-03
1.031686046511628291e-02 -2.924836601307189039e-03
1.862162162162158156e-03 -4.461538461538457762e-03
1.861904761904763618e-03 -4.757299270072991304e-03
2.481395348837214711e-03 -2.623745819397993277e-03
2.016129032258106527e-04 3.261410788381744613e-03
-3.400523560209419132e-03 -7.150362318840576721e-03
5.955555555555555949e-03 -4.334203655352477161e-03
4.004830917874392833e-03 -5.389655172413793452e-03
-3.111979166666664371e-03 -5.472318339100343612e-03
7.361650485436902445e-03 -2.467105263157709689e-05
1.827380952380959662e-03 -3.624172185430461508e-03
8.012903225806448232e-03 1.063934426229510340e-03
7.567982456140350325e-03 -4.901639344262298525e-03
1.769696969696978603e-03 -7.696245733788375761e-04
3.502439024390251524e-03 1.269841269841204802e-05
8.310457516339870426e-03 -4.482035928143709991e-03
4.003012048192772059e-03 -2.595238095238092731e-03
-1.100581395348837650e-02 -2.799401197604785372e-03
2.524271844660166812e-04 -1.386554621848719239e-04
8.763274336283183308e-03 -3.604719764011797990e-03
-1.618421052631576276e-03 -6.249999999999999480e-03
-1.254054054054048887e-03 -1.435064935064933904e-03
-4.057142857142857252e-03 -2.239616613418527174e-03
3.302259887005648716e-03 -3.273015873015870745e-03
2.324840764331211930e-03 -2.618012422360246460e-03
7.756983240223469869e-03 -1.391428571428568852e-03
9.810606060606070003e-03 -1.691419141914186127e-03
-2.332579185520361215e-03 -5.062499999999982379e-04
4.598726114649679536e-03 -2.980496453900707398e-03
4.189743589743591748e-03 -1.679794520547943587e-03
4.967289719626169150e-03 -5.943708609271521059e-03
3.410919540229892175e-03 -4.085760517799349317e-03
-6.685792349726778216e-03 2.012962962962964227e-03
-2.659817351598173403e-03 -5.481543624161072832e-03
2.633136094674560623e-03 -1.586956521739132627e-03
6.895161290322590099e-03 -1.050595238095236323e-03
-1.109999999999998791e-03 -4.173076923076921713e-03
-2.820675105485226375e-03 -3.738938053097340571e-03
2.941025641025643480e-03 2.005660377358489763e-03
4.519323671497586271e-03 -3.507067137809183333e-03
-1.508438818565397506e-03 -6.922680412371130798e-03
-5.809782608695650621e-03 -2.780918727915192377e-03
7.764150943396228369e-03 -1.406862745098037349e-03
3.537313432835822568e-03 -5.364525139664802489e-03
5.053921568627455299e-03 -9.930555555555491132e-04
8.413612565445037147e-03 1.479166666666668992e-03
-9.425149700598798447e-03 2.973811673103097711e-18
7.579754601226998054e-03 2.685582822085889106e-03
6.174731182795703197e-03 1.783018867924528834e-03
1.924698795180731234e-03 -2.107017543859643609e-03
4.589285714285712414e-03 1.542207792207827850e-04
6.360294117647056003e-03 -8.725694444444449110e-03
1.752272727272732519e-03 -6.872549019607842626e-03
4.832589285714291617e-03 -2.379084967320258676e-03
-4.223404255319146081e-03 -4.161512027491409346e-03
7.575757575757582907e-03 -2.760416666666666227e-03
1.214601769911514148e-03 -7.127208480565365607e-03
-4.002439024390240692e-03 -1.721428571428568199e-03
3.653631284916210482e-03 -6.727002967359047188e-03
1.024641148325359380e-02 -2.008116883116881166e-03
