3.542180900567707021e-03 7.690720847866866624e-04
4.143141977417800700e-03 1.215902992647915513e-03
4.028514446292580549e-03 8.779383026933835783e-04
3.049104628005382903e-03 1.111229628005382325e-03
3.705279311286304583e-03 1.237203448570624526e-03
3.491752225315513519e-03 1.006832434322191966e-03
3.227711927646103023e-03 8.240266327855566477e-04
3.715622246543559895e-03 1.189904067317779698e-03
3.742894083119406405e-03 1.135699652822034491e-03
3.542266229366300770e-03 9.626302475772120044e-04
3.862044244241215601e-03 1.066525818968844372e-03
3.347756203079674947e-03 1.017971578018309325e-03
3.070404933205175563e-03 7.969419171671588559e-04
3.832916388446186689e-03 1.156657323945452448e-03
2.794468907828283940e-03 9.731443339646463075e-04
3.412879311509604743e-03 1.138530028189835893e-03
4.044521240929013425e-03 7.462626188302869589e-04
3.555834661456885697e-03 8.717486956012585487e-04
3.639138020147536078e-03 8.599698105470579990e-04
4.348236257949626184e-03 9.732522533973522261e-04
4.145452228670395110e-03 1.272729686506675730e-03
4.043639918920949664e-03 1.068580015588986879e-03
3.056321778963220614e-03 6.858253050794403758e-04
2.917248184292307433e-03 7.244325221683270291e-04
4.021366622464077854e-03 1.101147994939767529e-03
2.790640463400326406e-03 8.100019113515972416e-04
3.540659622675242351e-03 8.484854041708927768e-04
2.773074955555556061e-03 7.715191044917251925e-04
3.749194851822252889e-03 1.121696180090272490e-03
3.479216693268611608e-03 8.319092620352503027e-04
3.869997564339197789e-03 9.392726401176484507e-04
2.734355826081825286e-03 8.558960983871096362e-04
3.577720035573401808e-03 8.752194456635242021e-04
4.213972399548173049e-03 1.122008426021698681e-03
3.318637748746667247e-03 8.091310126533316589e-04
4.275667615243503202e-03 8.485277418257799109e-04
3.204299100672629817e-03 9.518037924817851448e-04
4.209967991807811449e-03 8.870448250530048925e-04
3.071885146759869342e-03 1.128061898941829042e-03
3.795334770686275248e-03 9.643980519608730956e-04
3.475436247568183985e-03 1.021314521493020804e-03
3.743284384248133246e-03 1.168434315055952560e-03
3.295965730611119006e-03 1.105431486340184523e-03
3.642395050004369229e-03 9.678078285558986945e-04
2.975496275292849498e-03 1.015173823177867524e-03
3.564734362317913911e-03 8.807380387885002399e-04
3.404996671072383404e-03 8.362268373934609146e-04
4.465159721975993541e-03 9.242161566508931602e-04
3.776849945306130340e-03 8.964327020278642930e-04
3.459459544426166273e-03 9.987048470337749322e-04
3.872788001024367061e-03 1.112593036555038339e-03
4.543461651173251112e-03 1.056090792852412393e-03
3.310893068862278375e-03 1.020494875886525030e-03
3.589679373983098529e-03 8.322750514014434818e-04
3.872926624020944786e-03 9.999374651912687571e-04
3.849638761526727807e-03 1.017238792199221106e-03
3.406139963166083650e-03 9.052841268804200309e-04
3.845932167730911882e-03 9.726744841744732785e-04
4.354005571753560497e-03 1.019670282146385764e-03
3.674765522833022945e-03 1.028415271430609297e-03
3.868494274528097836e-03 9.292448010718760108e-04
3.442550397008453406e-03 1.348963841306297312e-03
4.276613031914894628e-03 1.148125589622641133e-03
3.260544552180195867e-03 9.086054324763698665e-04
4.393305366473010919e-03 8.655328540802295200e-04
3.297042929030547832e-03 9.106878065987982548e-04
3.571229133728009552e-03 1.058314819684765679e-03
3.401696266343664631e-03 9.100576085847803670e-04
3.495218919247588228e-03 1.008232739024300488e-03
3.628979674019360783e-03 1.014376307580048013e-03
3.098411084385887301e-03 8.670370764237341757e-04
3.351819184241476481e-03 9.691239268455200491e-04
3.702214271284344060e-03 1.080512869121142295e-03
3.051061037456007791e-03 8.330025620772184324e-04
3.485471582337325031e-03 8.768388924815590435e-04
4.111666766524205152e-03 7.621674262115713623e-04
3.424131082483007800e-03 1.037564447027324813e-03
3.175058928709395545e-03 8.182134741639411103e-04
3.638189877962366009e-03 8.400150680222666930e-04
3.433083774430307177e-03 1.072872344883391482e-03
4.351061020791853300e-03 9.731407973297500182e-04
3.311350116764769525e-03 9.340256953663189990e-04
2.800158470383560302e-03 7.751934728025247547e-04
4.022344603706790901e-03 8.527344941177474351e-04
3.841138128083504324e-03 1.016433679590548946e-03
3.379034413155072164e-03 8.853988851697332154e-04
3.747003091467365418e-03 7.893329372519580214e-04
3.735848577295467453e-03 9.610886389183230039e-04
2.786465585389571575e-03 8.913169881856616242e-04
3.382509415130823070e-03 8.756614655916865331e-04
3.553648302469137373e-03 9.352803954923915794e-04
3.420521679026472354e-03 7.561257547926030550e-04
3.579250892235243120e-03 1.226493000335025568e-03
3.216130844916554894e-03 8.462993947505061641e-04
3.164405709377467266e-03 1.153956170399070757e-03
3.344723114481387878e-03 9.743564326413402948e-04
3.773565436256564719e-03 1.126993015445564060e-03
3.067683378586448951e-03 8.941419588906677042e-04
3.680693949020464283e-03 9.647377496475866444e-04
3.526077442116585386e-03 7.972769956753403275e-04
2.629690679218854403e-03 9.800552758951832939e-04
3.388466772033926072e-03 9.596861500243554196e-04
3.825283133276469790e-03 9.430611440291557105e-04
3.965345968850933836e-03 1.067083957873405297e-03
3.166212224905109139e-03 8.593630255422639742e-04
4.199648069902297762e-03 9.764014405393197640e-04
3.204224317672680570e-03 1.205098670277316006e-03
4.052566265627292365e-03 9.238271316403617005e-04
3.054480785743371452e-03 9.556740674625557224e-04
4.211129990585385507e-03 1.032940553368190233e-03
3.683078774233369043e-03 8.311769323645465564e-04
3.909774196003934846e-03 1.122203142564131293e-03
3.927695886197616303e-03 1.150936493711604992e-03
3.403991217469803758e-03 9.986887803176229799e-04
3.514845162546112803e-03 9.003948322457260012e-04
3.504585266203272698e-03 8.356058581133139198e-04
4.174743477931588259e-03 1.015153108424889485e-03
4.132854747479473324e-03 8.044726848626225372e-04
4.119989770253487844e-03 9.884623011176853213e-04
3.476826786564844209e-03 1.119094462347320100e-03
3.857437113647652505e-03 1.102342916062957773e-03
3.009794531956182326e-03 1.017641173458310334e-03
2.991301725594150765e-03 8.317779341522600102e-04
3.591837875855491500e-03 9.287668898379200684e-04
3.440894505992619229e-03 1.015305830289717172e-03
4.114077630891100484e-03 1.019814537181217007e-03
3.368840325251388872e-03 1.001730215961770540e-03
3.389923132220041754e-03 9.064661115918193129e-04
3.948403038524378635e-03 1.238345895667233593e-03
4.065490441278472693e-03 1.020342675689299037e-03
3.974197621262332870e-03 7.172010658272880580e-04
4.271782028704840597e-03 1.097964431839767172e-03
3.094011438915206507e-03 9.543088776467157849e-04
3.390443139347028637e-03 1.180685977888696128e-03
3.559962817709383560e-03 8.602140978677124024e-04
3.220321886298997249e-03 7.720836792413943725e-04
4.229946290011146227e-03 9.610339543743283983e-04
3.303926659435295864e-03 7.571258316274601325e-04
3.633484538225299158e-03 8.918147802624433029e-04
4.170000905208024085e-03 1.012622844471533414e-03
4.364952143520463811e-03 8.108623173243223936e-04
4.550276470713222540e-03 6.422744472606736711e-04
3.965011417107752040e-03 1.013629500441083154e-03
3.652082258653858819e-03 7.542050665535884662e-04
4.117508850811804448e-03 1.017241544454166972e-03
2.811874527693764350e-03 1.112447111027094985e-03
4.257644594853472568e-03 9.624813583724400705e-04
3.212770922771374712e-03 9.122962559492877460e-04
3.461561248383424657e-03 9.627210917267298770e-04
3.524301565764116628e-03 8.754178299686609342e-04
2.852796740571389694e-03 8.132543840161450717e-04
3.948824925023143237e-03 8.630542764257408388e-04
2.946263499030217503e-03 9.772998318422377196e-04
3.407845820371518605e-03 9.492530936761450202e-04
3.245530733304024217e-03 6.785657218477620170e-04
3.709891778604102516e-03 1.112965172161490841e-03
3.527091272533381273e-03 1.096670886487463624e-03
3.677438413388447493e-03 8.738893159020594834e-04
3.825026998738685971e-03 1.070287446352075371e-03
3.723211150826313386e-03 8.083021956357734237e-04
4.019202419199432476e-03 9.296838462639276908e-04
3.677683887784888306e-03 9.210740086640083375e-04
4.260809311015356649e-03 1.075864677222753297e-03
3.572118889283111987e-03 9.280458252064647477e-04
3.119485568749643268e-03 9.074223567287667113e-04
3.232042484012405317e-03 1.039662442133446182e-03
3.541101744111393220e-03 1.000861689443604012e-03
3.135760627549104285e-03 8.736664267607940687e-04
3.689612410845839654e-03 9.234617405713632264e-04
2.875767391735925809e-03 1.134072234587424430e-03
3.846453995100777932e-03 8.114163717421594329e-04
3.274012288417667109e-03 7.634666527062280127e-04
3.640063018544601424e-03 1.192439953479147632e-03
3.423727479826681099e-03 1.081131543387310340e-03
3.677306110008123682e-03 1.008199579560812523e-03
4.160775673877134886e-03 8.413714472388751035e-04
3.509852434446719856e-03 9.699252195690538647e-04
4.180714262967549950e-03 8.066559296342163754e-04
3.244370676335198676e-03 9.989684016753338711e-04
3.672729974758718197e-03 1.115044804683562986e-03
2.792546553089442218e-03 7.714323622681854573e-04
3.718416774491976190e-03 9.431460768175580238e-04
3.574514014429730404e-03 1.101391586038943677e-03
3.547470944706452006e-03 8.799932561696636362e-04
3.095132558042273854e-03 8.579231545736441594e-04
4.023545415980427954e-03 7.965581964205649792e-04
2.808544250551094253e-03 8.355536655916492340e-04
4.383153112720525497e-03 8.209035833240323037e-04
3.523200759622293655e-03 7.037504988535050023e-04
2.991368410202345073e-03 7.474810914811832324e-04
3.583097617251730562e-03 9.076466071769476261e-04
3.513606750719761376e-03 1.012763654553418703e-03
3.955737795663305176e-03 8.882654724643642427e-04
3.594777571597852772e-03 7.786584068381265534e-04
3.547771907228518349e-03 1.090191752514808833e-03
3.027575204166196333e-03 9.091000608950554167e-04
4.004221814619432322e-03 1.237308341654488235e-03
3.081401915854199442e-03 7.491264216942700215e-04
3.233741514560199183e-03 8.892961418893900261e-04
3.841664710118998169e-03 8.649927026376995169e-04
3.592358553844981518e-03 1.043920448135721071e-03
3.170683921864484150e-03 1.081102235176925261e-03
3.889326366901468216e-03 9.092773013076362867e-04
3.818428259468570340e-03 9.325242577095553065e-04
3.070923961397060194e-03 9.816162723214284704e-04
3.981949471435632104e-03 9.332736300464460934e-04
3.630173049421478622e-03 9.815643584676493182e-04
4.687357585509668162e-03 9.515891687412524969e-04
3.371135981115303947e-03 8.259861464501070489e-04
4.232807275902704218e-03 8.797887315989046672e-04
3.170839217498350442e-03 8.775467687574682639e-04
3.901595921638589988e-03 1.034528904113863040e-03
3.870406799227764545e-03 7.895934160967321572e-04
3.841623210994271273e-03 7.182026797893626378e-04
3.676392492092643658e-03 8.157931300587879450e-04
3.774901900513195907e-03 1.067542973747113858e-03
4.201657993883578870e-03 1.298349294249879528e-03
3.926469260938292814e-03 1.116247011193502621e-03
3.894062318135642180e-03 1.138613001473820323e-03
4.155295124764573494e-03 8.511462749162399455e-04
3.649963527465301463e-03 1.206855170811070316e-03
3.425507423717011508e-03 9.346236302895443923e-04
3.499319748463826808e-03 8.588687452830086376e-04
4.143982093314534966e-03 7.254615132622637980e-04
2.635951751947772370e-03 1.203497737692552647e-03
3.692116233565860290e-03 8.826890562475634425e-04
4.309450007994090025e-03 1.031281924032189951e-03
2.932407959907875564e-03 8.550806027586708080e-04
3.188227030067989406e-03 1.057363297074790731e-03
3.718658463951701829e-03 1.009014488048086021e-03
3.546154553768769268e-03 1.169160320358805056e-03
3.146294578175664030e-03 1.126339519431518704e-03
3.453996058813444108e-03 8.440569411663835812e-04
3.504461732661074119e-03 7.742895001239384102e-04
4.149592933719298618e-03 1.090719759138553428e-03
4.044368503366456598e-03 1.052914469943193147e-03
4.016972653417399779e-03 1.238000070522623066e-03
3.487751424002909911e-03 1.060262146751722936e-03
3.130020284553195094e-03 1.131762230385032365e-03
2.699449842516278130e-03 8.515707250920344362e-04
2.878489602119888371e-03 8.250604457444627891e-04
4.441346548267908166e-03 1.218758182781650833e-03
3.278458091237474760e-03 9.125872451717761871e-04
4.031615554121058612e-03 1.007102678651718977e-03
3.004729715571069666e-03 1.065845482205592457e-03
4.149036838508841397e-03 9.289776298379338621e-04
4.368378336992237952e-03 9.242536287443246052e-04
4.022501383317542145e-03 7.943503008240734246e-04
3.489811209289419777e-03 9.950482008897736791e-04
2.710453885534285477e-03 1.006972900950222922e-03
4.029538997556769003e-03 9.468999636406283003e-04
4.052173281469027832e-03 1.320048780685804729e-03
3.950496244287680751e-03 8.997375259635113053e-04
3.530998266845118954e-03 1.044622628966204465e-03
4.229478924952935481e-03 1.046738844948637498e-03
3.638602805245204179e-03 1.093744211009251314e-03
3.226437455483913141e-03 1.060233228430771096e-03
3.776782077188056957e-03 9.561451170273598497e-04
4.099410475948748675e-03 1.017888595568197619e-03
3.712628785638388482e-03 1.044725634572585054e-03
3.240185919165463387e-03 1.124183899334394018e-03
2.943762139122046723e-03 9.770540070715239087e-04
3.492624750609056843e-03 1.006028086214141902e-03
3.559219859670438753e-03 8.786138609267182473e-04
3.461202549053294178e-03 1.001661556066950343e-03
4.058258841005295270e-03 9.569579874051144111e-04
3.968378488849408706e-03 1.302123449810863552e-03
4.809148942048396824e-03 8.430261453727106976e-04
3.398892215760081388e-03 8.690189113958256099e-04
4.146258924764683988e-03 1.046148754310136922e-03
4.228380287382042108e-03 1.129847114889268251e-03
3.731264154813493383e-03 1.050790562295612213e-03
3.352195620340677352e-03 9.636759161040647781e-04
4.209773328598874660e-03 1.229641937916072132e-03
3.950859956206746737e-03 8.449952945526117629e-04
3.823138866157097665e-03 1.063405925829150230e-03
4.801535608870054206e-03 1.039451374413494613e-03
4.028000017794064296e-03 7.920693456481941574e-04
4.131687074683996173e-03 9.829611684699583306e-04
3.641301938410914079e-03 8.747073172426074678e-04
3.984977166194527548e-03 1.191569396770967388e-03
3.642921052410561921e-03 9.616776876613475442e-04
3.745394245575470963e-03 1.113401744794884161e-03
3.880730929118211391e-03 1.115190138677798256e-03
3.252642811169764638e-03 7.884164948948619699e-04
3.098229131761851517e-03 8.524215412299024916e-04
2.924124850471790382e-03 8.118599463217981115e-04
4.130493251380953218e-03 7.952372989999996348e-04
3.750872802097432891e-03 9.631185218431511600e-04
3.346027684352804142e-03 1.127623653186609308e-03
3.808666817826809360e-03 1.040699642287116686e-03
3.800583319369416502e-03 7.705985332712925184e-04
3.462907360494660910e-03 1.140200820355925836e-03
3.263067928167553370e-03 8.032332924401989951e-04
3.672521309510955265e-03 9.539636869439332154e-04
2.579975166815881397e-03 8.385510631076182947e-04
4.160084912367269065e-03 9.349961267276213480e-04
3.473667022777441118e-03 9.954765433149252978e-04
3.209759318107673412e-03 8.815420451783496925e-04
3.706590232484746790e-03 9.692468362344929976e-04
3.508068599647313178e-03 8.682826005233370637e-04
4.482442808712067475e-03 1.175168258633819312e-03
3.446858842312940877e-03 9.218721325364862473e-04
4.213704804388691480e-03 1.218827470136278667e-03
3.780427910559564647e-03 8.883343810917017705e-04
4.420018465493000433e-03 1.297341197294481349e-03
4.301114128350085747e-03 8.782114787774365858e-04
3.666354608412099921e-03 1.070974573245858045e-03
3.986404545828468177e-03 9.503045848113132136e-04
2.292375096689045367e-03 7.678168216307691132e-04
3.330266863357941257e-03 7.251571314232089409e-04
4.439270258697584556e-03 8.027816865711270150e-04
3.442806118113677337e-03 1.045422948515466535e-03
3.970004310007473752e-03 1.044133912177456873e-03
2.480861658735148897e-03 1.040135523911298867e-03
4.222924738059712600e-03 8.119709880597132234e-04
4.373820175361108065e-03 1.014372445631378083e-03
3.281469573387731792e-03 8.200168338719402653e-04
4.310818126045307119e-03 9.720066871886546981e-04
3.944880080859395136e-03 9.440216325145619602e-04
3.837868138024188355e-03 1.039015884048788505e-03
3.648849777301300164e-03 9.528260459028335509e-04
3.435284023178989364e-03 1.028620026569998427e-03
2.927326219713359545e-03 9.863183985360170387e-04
3.557562830792709591e-03 1.170526766557542127e-03
4.098943657445741802e-03 8.242175571571405462e-04
4.080496114547724033e-03 8.705596856968040491e-04
3.793747153495972101e-03 8.838916625648292119e-04
4.413106995871364513e-03 1.039627301352046181e-03
4.553839573827769653e-03 9.695793836103741873e-04
3.754152143054828149e-03 9.849549844379741886e-04
3.725677569446178301e-03 7.895230741253227245e-04
3.486372355486118575e-03 9.938904403776224836e-04
3.422820171130891171e-03 8.053988485172792556e-04
3.806113599147780292e-03 8.187837254215934654e-04
4.152203864351462076e-03 8.778973156668248064e-04
4.865285403702403547e-03 1.020425246596081597e-03
3.315471680979941663e-03 9.275828113865338450e-04
2.664645604141367783e-03 1.100501180015907602e-03
3.841810368731891131e-03 1.117959677777119335e-03
3.508488698433571539e-03 1.018931398782002475e-03
3.133368343816500100e-03 1.235700754854099749e-03
4.892605412579645319e-03 1.149657549500892814e-03
3.237636724726860888e-03 8.096651419579097226e-04
4.234396755615643486e-03 9.684425693512018407e-04
4.352763958547310047e-03 9.659688548920975339e-04
3.467970663363684203e-03 1.037651479498767409e-03
3.718140957330576778e-03 8.079785260118936508e-04
3.540195600687121892e-03 9.521337784618429199e-04
3.365352544398909473e-03 8.116904223815457576e-04
3.765381447781079513e-03 1.096873897226610228e-03
4.082376861069648283e-03 9.382551991069909125e-04
2.525714024644507873e-03 8.906107722324300329e-04
4.612285585528715613e-03 9.097356996839665302e-04
3.744661267152327860e-03 1.076054884795944744e-03
3.519423383939413504e-03 7.327770665945600474e-04
3.139443868254129192e-03 7.477929121408398005e-04
3.314993316592830096e-03 9.148640626298538189e-04
3.704911315375784050e-03 1.109121597549149723e-03
3.022032381947600300e-03 1.010430757217949029e-03
3.055607671184245450e-03 1.099358810213988931e-03
4.062299949237063203e-03 9.713538575057971587e-04
3.686594370604231834e-03 1.032529119627050365e-03
3.505485353595372191e-03 1.072803164246258949e-03
2.709427411324829595e-03 9.306503328451637457e-04
4.243909650089081227e-03 9.135497623181806307e-04
4.360193229340706203e-03 8.077399049920957206e-04
3.819973359874418405e-03 9.525780916557956236e-04
3.455976574932567193e-03 9.289175790391086774e-04
3.340555937333334040e-03 8.021883182857135518e-04
4.240480790412939557e-03 1.023785513331663781e-03
2.596472067450516369e-03 6.729942901519110707e-04
2.501735148009764757e-03 9.175803563780701548e-04
3.441412103293647103e-03 8.195650579111442681e-04
3.766801258720401183e-03 1.197069392168774926e-03
3.984587909073477457e-03 1.159097818438288487e-03
3.602984881104703569e-03 8.873458150881976701e-04
4.457253730909548593e-03 8.629364110039046496e-04
3.091092202958395461e-03 8.462523631649642754e-04
3.259224728059821868e-03 8.556179962117675154e-04
3.084743641956939897e-03 8.828634336236050205e-04
3.771628549828616190e-03 9.808540961430325250e-04
3.240870163254287121e-03 8.663186328663304491e-04
3.453250370070079771e-03 9.022695861840229021e-04
3.994892543688078820e-03 9.223452790883386815e-04
4.353670468319562406e-03 9.430577699068603452e-04
3.426941883731004796e-03 1.143856640890886104e-03
3.216684958669742151e-03 8.592290243263076607e-04
3.772774013576407365e-03 9.808068611940254627e-04
4.194801462247131803e-03 7.477544520764495143e-04
3.660755611810433390e-03 8.414039268574559187e-04
4.386592904510316394e-03 9.434249776548894436e-04
2.711226908776427549e-03 8.385678940519204110e-04
3.722357085949559458e-03 9.623499047404546853e-04
3.867037107029069019e-03 1.128163130186089725e-03
3.850050890495085917e-03 1.044393958563155514e-03
4.295978957555852962e-03 1.271317281830284911e-03
3.589882915991026487e-03 8.809050428358275193e-04
3.270261942803580433e-03 7.414345109237053784e-04
3.916666062773780169e-03 1.075361769501939320e-03
2.861864844223455454e-03 7.108480626142574558e-04
3.548984176842745562e-03 9.270009250229081874e-04
3.958109490660269812e-03 8.907471657031658168e-04
4.030179018071802788e-03 1.125182606660389420e-03
4.080998157827905870e-03 7.047037522334988983e-04
2.979072707182321960e-03 7.703193495934954234e-04
3.743041091348358902e-03 7.878975711554717359e-04
3.825131800457713845e-03 9.267669933138868556e-04
3.143025675533749844e-03 8.376072422314478775e-04
4.519631242717138571e-03 1.208340021253570973e-03
3.039079830169149656e-03 9.168581674856385267e-04
4.285862670355946626e-03 8.097324984713551946e-04
3.291085358540278647e-03 7.263239499883562822e-04
3.762346037335322513e-03 1.037466846270475697e-03
4.800408430790133532e-03 7.611653895530189192e-04
3.151122235788859482e-03 9.376141958062423395e-04
3.477281375289434547e-03 9.562476857266522402e-04
3.524787186553496321e-03 9.397545914115928772e-04
3.192518291795696204e-03 1.011687000930279771e-03
3.754471594790049355e-03 8.113983080767627355e-04
4.002696409936939460e-03 9.855497592026610850e-04
3.838396544374266580e-03 9.492751568102300239e-04
3.911384690858592077e-03 9.572411723400730448e-04
3.573137912326389450e-03 1.051188224826389052e-03
3.866768821496575220e-03 1.102110741400738874e-03
2.901858771344331071e-03 9.779344164542373794e-04
3.619255985101571538e-03 1.021955431227894928e-03
3.948335947542533884e-03 1.063338703224351190e-03
3.070361255343328263e-03 1.094452274701329057e-03
4.134726254977101091e-03 1.022751785405433527e-03
3.668669134850355545e-03 8.017955474248332232e-04
3.221071697504251669e-03 8.818159717072367957e-04
3.597296763492634393e-03 1.054910788397656453e-03
3.824325305858063649e-03 8.342517379920996604e-04
3.444649063464961299e-03 7.538758816467760809e-04
3.511056082784758028e-03 8.316983593370966092e-04
3.595999300747687501e-03 1.088436343725677179e-03
3.881593383975419191e-03 1.052428385448853825e-03
4.624703620833951062e-03 9.599266723296071870e-04
3.891158523790608573e-03 1.067518066355254130e-03
3.114525428041770364e-03 8.873677725038255732e-04
3.079344934599643688e-03 8.740409313457666489e-04
3.094627892616663711e-03 8.095148670019746643e-04
3.726473531300219209e-03 1.018534944343696316e-03
3.869324341014408059e-03 8.896243970150959210e-04
3.399361690594434552e-03 8.524020483005072995e-04
3.164781508264463260e-03 7.697066176470582742e-04
3.438315860402333529e-03 1.057230431579512511e-03
4.370551123649829388e-03 1.320310338303226898e-03
3.804921113358801683e-03 7.573974898961696777e-04
3.240295953485806610e-03 7.219164550033653526e-04
2.894267786570411082e-03 8.238296186314789321e-04
3.171846731135235554e-03 1.054588221735935786e-03
3.803149858424271796e-03 8.115626816248310612e-04
3.214921582487721176e-03 1.036879583639795229e-03
3.729649427965387766e-03 9.840849077633671664e-04
3.966528074419957590e-03 1.213375556403484094e-03
3.385839262507413239e-03 8.908194702225459560e-04
3.791274570327619626e-03 8.360215741123102609e-04
2.611988422964813331e-03 9.496529356140824595e-04
3.355430479300523273e-03 7.550286255121372398e-04
2.631179490265297526e-03 1.156100864191425201e-03
4.079398439249357078e-03 1.095266299473689241e-03
3.720396259456095443e-03 9.708425913649261843e-04
3.559864735292476903e-03 9.025992331618269996e-04
4.122789730289087851e-03 9.443738635507466228e-04
2.950514225831833703e-03 7.661841954334848740e-04
3.042470348003735881e-03 8.045335019214278852e-04
3.510506623211722289e-03 8.617031815474496129e-04
3.256945372699278363e-03 8.684089938565994326e-04
3.464499032897346096e-03 9.859908384528995144e-04
3.480808086960059545e-03 8.822449845150115259e-04
3.860523270848167932e-03 1.104090532312664063e-03
3.266180501076625976e-03 9.506490053199055656e-04
3.361730387054099115e-03 7.857340435166829421e-04
3.797911168922511130e-03 1.133190571951911679e-03
3.957951300806932665e-03 8.080565628855135123e-04
3.277242175008443156e-03 1.114907882884993463e-03
3.021555578546234778e-03 8.977330494764656273e-04
3.762071160219816225e-03 1.036151498746400645e-03
3.382992857142858890e-03 1.097162186028257302e-03
3.359992306437695544e-03 9.901280731443005707e-04
3.497061238810533507e-03 8.355116831612765084e-04
3.921365512432488376e-03 8.413978328907914051e-04
4.944701885611300571e-03 9.710751233793367583e-04
3.927881270493347593e-03 8.440371986340171762e-04
3.052463550574739063e-03 7.945809224379521115e-04
4.154358860430622941e-03 1.149705219988938522e-03
3.508763860260327196e-03 9.645459640854631839e-04
4.271972260330087964e-03 9.830461035642127678e-04
3.558381070139221471e-03 1.003842369234606230e-03
3.944071263911800782e-03 8.549047056768779070e-04
2.826659861209609298e-03 1.168806983066591771e-03
3.597441763700637285e-03 1.088215595102013256e-03
4.290358316194193417e-03 8.877753255948987428e-04
3.557775647101938873e-03 1.127182518314060085e-03
2.659521813860810536e-03 8.996183620634235455e-04
4.666211020765832600e-03 9.797939960744744912e-04
3.401086672992856535e-03 1.104252533808596512e-03
3.103041673527372722e-03 8.642410558523636087e-04
3.758040256027102548e-03 9.515159198647939274e-04
3.764106807249825281e-03 1.117075127211569329e-03
3.371456715349859315e-03 1.055772229506910182e-03
3.703846511987551535e-03 1.035239544294611199e-03
3.190387592018887730e-03 1.091258026178431716e-03
3.200933204472611576e-03 1.121581622392411014e-03
4.298055782854264331e-03 7.650946210135804205e-04
3.032979862874408093e-03 8.227285490605913730e-04
2.994786295870170527e-03 6.929318016801501445e-04
2.842647096732717118e-03 1.027182163932070791e-03
3.114047669238863107e-03 8.030835193764860550e-04
3.743857568828883910e-03 1.023287899708421591e-03
3.987999089179243735e-03 1.034139025167861176e-03
3.128137281287687171e-03 9.852783135104218552e-04
3.823459817625188013e-03 7.947376413267689304e-04
3.814562886048802112e-03 1.132549291578754686e-03
3.931262227887157533e-03 1.084251024787757185e-03
4.109758569612609498e-03 1.005551659855698004e-03
3.887954750008738164e-03 1.040275237492268483e-03
4.339576143330625517e-03 9.571260114044999410e-04
4.301343615034431377e-03 9.177855417704492043e-04
3.194385466797139677e-03 1.003615280593161355e-03
3.689579378553181545e-03 1.106342770390970594e-03
4.044685831391343044e-03 1.073767092067092442e-03
3.862676287144703631e-03 1.106640243945868594e-03
4.123213077105595051e-03 1.013681926311943383e-03
3.446163414431463890e-03 8.650267176849139612e-04
3.906020324564541107e-03 8.864129553677821145e-04
2.970401575246541491e-03 8.489553900275836678e-04
4.380947627165446799e-03 8.389099184947095304e-04
3.346359700499300632e-03 8.823169959940585635e-04
3.261313019032275381e-03 1.040871441492167331e-03
4.013920127306272109e-03 8.355656052707602973e-04
4.476429195011340061e-03 8.623364107547779609e-04
3.713573673924384141e-03 1.195974858021665258e-03
3.408700559907022407e-03 9.572499210698607588e-04
3.567558502712210589e-03 9.280308041264862537e-04
3.664599914264041799e-03 9.545589799731069936e-04
4.697127273124158432e-03 1.058442838693729850e-03
4.602970006910674788e-03 1.078764965330634507e-03
4.411938740318965650e-03 8.535719224215933352e-04
3.921084182225319063e-03 1.003087026703391397e-03
3.394731330040625696e-03 1.020772246822657233e-03
4.219363556900133060e-03 9.710605120667595899e-04
3.419985959324459233e-03 1.031172779976632231e-03
2.887078451319414086e-03 1.116275006213301698e-03
3.772388761543934467e-03 9.939681596920814117e-04
3.519853823713316177e-03 7.785173287603046246e-04
3.436988993265119221e-03 1.115063506551095028e-03
3.305679117759119032e-03 8.318926151813460599e-04
3.699038682410585917e-03 1.341891718586293338e-03
3.866164618174774883e-03 8.065592992219723818e-04
4.226033684705583597e-03 9.256824002444296587e-04
3.779156189734770091e-03 1.135185037512559825e-03
3.393892043902890353e-03 8.413896422599279707e-04
3.275165567118018366e-03 9.927273954422430758e-04
3.841674466211132417e-03 9.041395273885467722e-04
3.830114275643884368e-03 9.446569532448156458e-04
2.874803089425183832e-03 8.883431589656298191e-04
2.820218910976234755e-03 9.583552832511791665e-04
3.962966117810729112e-03 1.260678776840482235e-03
3.168185212700869949e-03 1.158518215346372986e-03
3.086994661450280421e-03 9.368994824357458010e-04
3.667901478053255723e-03 9.371550444380661368e-04
3.271391073479382097e-03 1.089363225978991039e-03
3.259358989579651689e-03 9.838633982578439893e-04
3.862636129084867382e-03 8.547424485147549818e-04
2.976699280212547795e-03 8.414359933674665955e-04
3.476621398866726591e-03 1.010188931082218891e-03
2.784889612035636609e-03 7.865757895741364025e-04
4.114674414906848050e-03 1.027796693481810913e-03
3.448324112557577415e-03 9.737951843076077599e-04
3.565053066187863235e-03 9.966886555064615252e-04
3.973532246451881578e-03 1.094759918581336700e-03
3.531346100880300518e-03 9.642087162907418164e-04
3.702571893420413159e-03 1.227193986142505666e-03
3.464038530349063724e-03 1.315294305584462954e-03
4.288795188432199292e-03 1.039686132954961012e-03
4.453667623420685430e-03 1.034175988579320643e-03
3.787160713784020957e-03 1.181846620044524473e-03
3.713843483987157301e-03 1.030485763410468993e-03
4.289954577280793817e-03 9.439166935573360673e-04
3.942536199469900624e-03 1.104066823837560789e-03
3.771847114982386073e-03 1.010928316861544945e-03
3.219852110123557886e-03 1.046781985638309568e-03
2.736970457206035212e-03 9.901392360078785111e-04
4.150833870100232789e-03 9.325474100496757880e-04
3.114598190247519667e-03 1.037448464972792750e-03
3.218958917507488884e-03 7.984610183478232448e-04
3.855119816758503445e-03 1.217937969990268328e-03
3.907578390791618776e-03 8.360201822354701310e-04
3.517420586279640122e-03 1.121614246566719894e-03
3.675775926750249074e-03 9.603841809252144793e-04
3.342279871457577625e-03 8.933579335748122966e-04
3.527602128658839133e-03 9.193686862988500498e-04
3.581288856103297807e-03 8.135909976845331817e-04
3.146808338582013191e-03 8.731113352938498504e-04
3.376126796034451590e-03 8.886904259779536798e-04
2.402647920659476549e-03 9.576930550796103813e-04
3.735075857105945706e-03 7.897038505508340803e-04
3.156553936088564612e-03 1.022431354858506806e-03
3.399836143787530324e-03 1.033132263521453764e-03
3.367764868988386544e-03 9.696469795272598738e-04
3.469982124297337975e-03 7.942173501228771450e-04
3.023899972846425845e-03 9.870402971310231373e-04
3.194757750603969063e-03 8.098076076840024637e-04
3.386348499890725131e-03 8.690457263222806789e-04
3.624742497124624260e-03 1.012903463654678564e-03
3.997013334259180012e-03 9.826465078373106121e-04
2.789494734176169947e-03 1.204045150618516299e-03
3.309083286998094550e-03 7.649279854216224379e-04
3.434343484012712579e-03 1.114678834691445108e-03
4.324464402908468827e-03 9.355982234436630365e-04
3.867553417025460308e-03 1.157288019819415230e-03
3.442786265230126253e-03 8.670385186172041830e-04
3.549009120575672381e-03 1.033270116360290088e-03
3.873374299717341398e-03 1.123523863996202243e-03
3.602966637278024603e-03 9.012607247694789979e-04
3.671875869614601041e-03 8.861335124003101105e-04
3.136322347352716883e-03 8.933900833379045938e-04
3.953296125908049852e-03 8.958439895542360870e-04
3.970614022012822902e-03 9.393830034943025185e-04
3.109035544319328336e-03 1.172104604529662858e-03
3.141538372001589398e-03 1.007238397229317942e-03
3.820150478040448827e-03 8.075214247242051965e-04
4.218688283937727448e-03 1.209747674440914307e-03
3.120456448884855252e-03 1.065108181554455004e-03
3.154610933523070444e-03 7.281111963735360662e-04
3.739080035527832940e-03 1.173470116601158008e-03
3.694963116593139550e-03 1.150986839850557698e-03
3.485887978142077331e-03 8.146612021857924666e-04
3.436413386242206762e-03 9.765107914936311476e-04
3.510544340062180663e-03 1.131650697072664018e-03
3.609590221173993810e-03 9.414028725057101881e-04
3.145165689223905926e-03 1.199737636898323342e-03
4.504084598205125405e-03 8.826898067679492992e-04
4.554718110050832297e-03 9.792952176795979066e-04
3.490768514520106638e-03 1.098877091923055596e-03
3.129535538502973245e-03 9.723398225877803508e-04
3.499213567442485510e-03 8.046801960664240558e-04
3.659567633911996968e-03 1.074199006841603313e-03
3.459809404166334403e-03 1.150463051944525510e-03
3.662007054948595696e-03 1.108252787045781087e-03
4.113395301056018381e-03 9.783958997150181587e-04
3.791575802085430345e-03 8.557788483039170929e-04
4.102804049495666940e-03 1.022717864868756934e-03
3.860243653953251974e-03 1.027683883818322069e-03
3.723665531587750949e-03 1.004801633171343959e-03
3.909154182038440499e-03 1.109513015522068128e-03
3.866842112258272665e-03 9.867138920026164751e-04
4.177838231602540656e-03 9.303982473443752656e-04
3.573854884910622649e-03 1.145296294485088949e-03
3.968440527651368073e-03 1.243173896960628145e-03
3.222485826200598581e-03 1.062537117163857075e-03
3.257211451940387331e-03 9.074543498502522050e-04
2.960172317064205683e-03 1.095397975472864934e-03
3.689892536284280176e-03 1.150832498887408885e-03
3.320436273433408254e-03 9.060853994411941469e-04
3.610464193164800422e-03 7.115980376320042017e-04
3.817661690293181094e-03 9.036911198912041471e-04
3.574583447263282934e-03 8.880919471952815510e-04
3.506225333644618410e-03 8.643283102718039455e-04
3.718595409960518978e-03 9.458584834068472624e-04
3.076531559651562910e-03 8.598147114773149746e-04
3.123294192265143460e-03 1.255151551572500921e-03
3.533017996587579663e-03 9.914408342717008840e-04
3.960167069726338966e-03 1.047064279598659007e-03
3.603985750360751920e-03 7.697235243055551785e-04
4.101847769964530113e-03 1.023151080426122931e-03
3.524694808276252877e-03 9.336369511333942163e-04
3.105670489251389881e-03 1.215171436170567245e-03
3.484775105230842121e-03 9.976646733674458898e-04
3.972819206267195861e-03 8.689348744033518340e-04
3.629222084582263592e-03 7.633051345526946536e-04
3.330789974436026459e-03 1.004426703273901241e-03
3.089968748428205923e-03 9.348124429134144209e-04
3.571601708260453093e-03 9.981233215700699001e-04
3.322604353800441036e-03 8.900660684654220379e-04
4.096217295918367154e-03 1.034856817111460322e-03
3.276382099939599991e-03 9.458227823618232466e-04
3.173822748163191310e-03 9.331495519684775228e-04
3.371102630007486670e-03 9.135457005945338662e-04
3.158136990557105280e-03 1.121504324548361440e-03
4.754964226440607997e-03 8.732292199864320629e-04
4.169837514077970320e-03 7.607788334843884268e-04
3.789539439218018915e-03 7.381094425602634235e-04
3.580233489294895773e-03 8.993883683318202194e-04
2.555929381847974000e-03 1.011876856074776917e-03
4.617480741344883247e-03 9.176649775114847354e-04
3.571177857371749583e-03 8.890207341559285643e-04
2.814536868398509212e-03 9.607034058662085145e-04
3.611517969964557311e-03 7.311452402413582677e-04
3.306294217532420882e-03 9.580251964284119915e-04
4.202895879154422767e-03 9.072918374205325058e-04
4.134377628181573443e-03 9.820040715762758023e-04
3.388567013343799905e-03 7.855635792778650154e-04
3.783032825714896605e-03 7.941150607915257531e-04
3.713635196076851223e-03 8.575452286224856651e-04
3.241158346785949843e-03 7.947809297712499308e-04
3.108268586608706023e-03 1.034274965494515241e-03
4.058375376134943854e-03 9.678398557357324522e-04
3.930993674245525545e-03 9.832850434093561628e-04
4.189248726999173118e-03 1.064288730719410801e-03
3.743834231385417474e-03 1.057133774462385746e-03
3.881401128203932748e-03 8.502104308600694172e-04
3.638791104827572131e-03 9.053697161340593319e-04
3.666869232622301748e-03 9.314928023054010620e-04
3.550664137666348190e-03 1.148203828758302854e-03
3.176389860475615622e-03 8.957878244907662357e-04
3.406411965767267187e-03 8.731593940500333596e-04
3.332358653458418127e-03 8.421550532163845628e-04
4.288560514103464082e-03 1.078979630971443589e-03
3.542928321184777435e-03 8.942068998138078114e-04
3.494319648025757691e-03 1.065961250815400602e-03
3.155414999162082981e-03 7.791201500412333518e-04
3.047414500651712387e-03 9.230709111011574201e-04
3.989481307956058674e-03 7.467751935576344164e-04
3.799728082715851142e-03 1.024338282419535746e-03
3.594682239293971009e-03 1.198057636184259771e-03
3.409675528771922981e-03 8.823937231056650605e-04
3.614606211449872177e-03 9.013375393036595577e-04
3.411278587422324118e-03 7.893579931600274964e-04
3.584330660782306631e-03 1.002061470742077751e-03
3.787871575529097416e-03 1.049272206096165923e-03
2.824174941822135947e-03 9.737547496862988946e-04
4.120468720015152062e-03 1.043350740563094969e-03
2.948135792280435433e-03 1.067509880078939752e-03
3.467370095844812990e-03 9.434290490128554836e-04
3.503147559878696648e-03 1.041480197094401356e-03
3.814300546466725672e-03 1.062700559440257113e-03
3.011082422629598413e-03 1.070274797472661223e-03
3.017013055407400703e-03 8.845124050970240180e-04
3.362909547271294985e-03 9.761185393272959251e-04
3.669409694083386898e-03 1.026528262923965878e-03
2.782311420118691557e-03 1.059182027430010829e-03
2.890215029339633819e-03 7.543230861602792095e-04
3.716274142236496766e-03 1.131765598149005875e-03
3.067583133831801572e-03 7.173675001794949406e-04
3.237310138562807249e-03 9.860891859135518037e-04
4.619876823819779078e-03 9.766425884117982403e-04
3.699705828350931865e-03 7.970389416947719873e-04
3.572204895090744410e-03 9.731126509579816810e-04
3.038852611425512090e-03 9.963519586839962583e-04
3.398356603881516787e-03 1.215045840320752753e-03
3.291739092908663091e-03 1.144032492401393002e-03
4.199927524543354933e-03 8.569686010602835203e-04
3.186161632344365526e-03 9.971019057840044622e-04
3.363833050210355939e-03 9.352109237735731651e-04
3.808260054170542995e-03 1.303435023192399313e-03
3.192867540837765038e-03 1.063703407499744062e-03
4.091466755294159013e-03 1.138411408519678135e-03
3.425913192834623752e-03 1.112027985388893336e-03
2.989500369812791037e-03 8.308932177284592598e-04
3.640981360345361354e-03 1.156984195922677178e-03
3.228729887624977486e-03 9.895911932583398383e-04
3.944347709651106933e-03 9.067929919870112120e-04
3.089780504426839578e-03 9.853934115923764902e-04
3.291700888111986131e-03 9.242265134069349098e-04
3.450464953057187732e-03 7.597537210233885115e-04
3.959485213387883319e-03 1.171907982033447643e-03
3.372168555472491829e-03 9.925899833419860648e-04
3.581286274782251571e-03 8.798458827272433820e-04
4.159552231585772648e-03 1.030653210321482317e-03
3.875263759680732702e-03 1.096040859757269883e-03
3.210073440410391669e-03 9.850818847593392075e-04
3.964249379041886838e-03 1.006454309433402021e-03
4.317676259435011127e-03 1.125531200706502344e-03
3.973503113479506799e-03 1.012197188154828793e-03
3.309057526622931258e-03 9.438289116791215901e-04
3.814362899770635564e-03 9.584648055466338636e-04
4.602619525356920795e-03 1.054448164691441621e-03
3.463534271128139788e-03 1.008422444586625248e-03
3.131537906856338496e-03 8.973690944215676445e-04
3.869286953075771508e-03 1.055578619742438516e-03
3.715597346942786736e-03 1.008986751831715068e-03
2.886162801183340433e-03 9.522631758132394687e-04
3.698928625347734298e-03 8.234121854869556932e-04
4.699112813230636558e-03 9.300472617416229854e-04
3.593440082897684205e-03 1.003751362501685996e-03
3.560566666371557144e-03 9.951662313898714755e-04
4.200255080399581051e-03 9.787928493356235632e-04
3.712321100993064803e-03 9.413771959229462385e-04
3.899350590440533483e-03 1.075150756267350587e-03
3.813189396781740959e-03 9.085426422988112814e-04
3.758324864808179015e-03 8.603201994650096435e-04
3.352752064876760290e-03 8.540270981067092128e-04
3.954660042688395820e-03 8.389415444145178645e-04
4.468253323887397960e-03 1.030862483817482182e-03
3.469594869194452848e-03 1.027307918578658106e-03
3.940956292876501496e-03 7.634978648461960941e-04
3.198251192894240123e-03 8.790167921245845006e-04
3.110799775001061186e-03 1.004513803934646565e-03
3.009877499230532993e-03 7.440520262575590991e-04
4.620404022513112732e-03 1.093891839277241936e-03
3.592792468279680258e-03 8.331153311204938117e-04
3.398339583939664638e-03 1.142350813167426716e-03
2.965467171436857174e-03 9.803833898941187626e-04
3.363315004437753952e-03 1.049135515418879753e-03
4.410022127903390557e-03 7.826924397462057918e-04
4.111917252161574263e-03 9.196300090108871454e-04
3.433006039609829904e-03 1.218289851998419302e-03
4.065756144891503540e-03 1.004029195623542788e-03
3.657860163534020718e-03 8.592588748742271054e-04
3.989981878180636800e-03 1.084028554214710050e-03
3.257601887799250074e-03 9.132130239975392661e-04
3.712580204003480388e-03 9.858934827446479143e-04
3.564023974260149916e-03 1.273741200173770681e-03
3.137759542940150685e-03 1.160814292801355457e-03
3.577485051156801925e-03 8.371211474134853054e-04
3.880900543469028956e-03 9.830670292243473465e-04
4.185566456968823831e-03 8.845181386885787866e-04
4.225226712594166295e-03 9.993837832699711907e-04
3.166748610160817750e-03 9.574882867332009219e-04
3.511164167925427682e-03 7.742104788493030937e-04
4.744165520592393687e-03 1.180838059475653162e-03
4.211232615249682447e-03 9.265455619861555012e-04
3.913030188333810853e-03 9.429392290057824963e-04
3.688722531762483620e-03 8.598024386467693035e-04
3.398739251158864119e-03 7.665213716889948377e-04
3.362076445949097828e-03 9.402130439451421946e-04
3.483550492815588005e-03 8.845898962142444968e-04
3.224204591478979989e-03 8.530562819293645510e-04
3.394680378368850754e-03 1.011277848464160788e-03
3.088147494190320464e-03 9.779950768096597104e-04
3.506968231989692712e-03 8.366798158515654539e-04
4.277082425377482996e-03 9.993610180235963300e-04
3.412574238018110679e-03 7.923257519297313440e-04
3.576221952128535390e-03 9.365035479261237319e-04
3.167609451758705147e-03 1.168255000423830013e-03
3.025233553815451400e-03 9.121129506779655739e-04
3.564752546062892845e-03 9.807328028363087192e-04
4.397875800728110428e-03 8.649761830065178653e-04
3.251401675741874900e-03 8.787985965232085125e-04
4.635406080542962826e-03 9.219996327080659049e-04
3.053545482785040635e-03 9.832084101354687279e-04
3.793180918570418676e-03 8.521845089572700717e-04
3.387160884851690788e-03 1.078932150882789013e-03
3.488902233298321522e-03 1.061292429174606582e-03
3.266413411433755683e-03 9.510115283657002375e-04
4.358492009175915505e-03 1.119355527864640933e-03
2.865336282505395391e-03 8.484736433884449303e-04
4.306322505687489727e-03 9.780534408019929925e-04
3.566852993838343783e-03 1.148160258295780880e-03
3.892736180929296224e-03 1.312462866714905058e-03
3.124071845715714005e-03 8.899686692106656026e-04
3.500299289888970586e-03 1.052840739445145288e-03
3.500907791609769639e-03 1.037494712474197178e-03
4.250132011777907858e-03 9.713513510544478447e-04
3.871859134414510403e-03 9.144491107856083474e-04
3.299334323241435041e-03 9.019321925831672243e-04
3.462459949899411062e-03 1.015633326916762485e-03
3.944611792305529122e-03 1.086267430392682132e-03
4.204034671437366366e-03 8.974095756519241858e-04
3.261467610646971455e-03 1.031491475391012195e-03
3.638059878445376680e-03 1.072241687575278433e-03
3.094497761292485521e-03 1.249671600498217282e-03
3.821149874223378397e-03 8.645382728260628301e-04
3.802134302715650272e-03 9.347070382228956677e-04
3.758105226285197911e-03 9.419664988950150622e-04
2.797128062185612416e-03 1.057757003627052966e-03
4.501419417185475828e-03 1.005522194289525670e-03
3.931170043893597414e-03 9.989175008321723830e-04
4.165293397320328148e-03 1.056260715005853407e-03
3.466795383112195126e-03 8.770566227611708383e-04
3.192915900563351051e-03 9.524718274795710652e-04
3.699050000000000601e-03 9.855857771260997761e-04
4.229466228951868183e-03 9.711304988372932573e-04
2.852236259087734521e-03 8.402489235797595823e-04
4.256635917094219075e-03 1.138908075955927419e-03
3.731056445240903564e-03 1.139008812030145113e-03
3.950290180468221495e-03 9.235314197844600188e-04
3.500847170066133992e-03 1.053271429837783577e-03
3.980656304481305571e-03 8.684118409946833209e-04
3.631473769204061636e-03 8.570663258316075410e-04
3.309683685498788705e-03 9.712224440875483027e-04
3.740877816520189227e-03 8.766056699906240972e-04
3.598849305462068285e-03 8.732779558957421123e-04
3.244129634438984965e-03 1.119881238936824841e-03
4.210136025317706872e-03 9.290361515803342764e-04
4.462833793828497979e-03 1.024734200332560454e-03
3.678417680219329446e-03 9.733662953796802736e-04
4.168058208232888057e-03 1.049817136804315904e-03
3.507239368303562230e-03 9.347804283677653772e-04
2.965480623579230292e-03 7.941905964280177163e-04
3.559170376919268755e-03 9.228583429597292257e-04
3.168964740020605367e-03 1.087668777873116149e-03
3.171001787187694917e-03 8.548186749792216314e-04
4.292405299304437143e-03 9.629122819018731683e-04
3.215095248684834723e-03 9.631649855269373709e-04
3.743144582367502644e-03 8.757322916976443888e-04
3.423457671113580049e-03 8.751937034635828708e-04
3.385573207273024059e-03 9.799663342996696273e-04
3.077328206305574455e-03 8.698800708640462521e-04
3.934626326994391729e-03 1.148241984889128951e-03
3.305432799788849373e-03 9.536257038110055066e-04
3.603189727007046275e-03 9.407390174862133303e-04
3.071711986388291765e-03 9.181619420945450827e-04
2.403401939575572181e-03 9.509391991909561933e-04
3.467028479695921477e-03 1.081642910145408755e-03
4.363325903540095536e-03 8.977978003032686255e-04
3.023921719550724720e-03 1.001978690157299739e-03
3.921180807351597707e-03 1.044683483640309902e-03
2.844402919555174842e-03 9.208793290227762452e-04
3.531502753614832596e-03 1.277367593516308538e-03
3.385611167080710988e-03 1.005355773084460691e-03
4.228805222750381052e-03 8.424407566609148782e-04
3.817253982920464257e-03 8.944305088509721955e-04
3.775759377815616526e-03 8.002336305974127413e-04
2.988288564884962559e-03 1.153525934508923233e-03
3.444967393544943329e-03 7.743573075234362266e-04
3.608614195397419604e-03 8.999205580697408266e-04
3.980137505729444344e-03 1.085842624816694317e-03
3.683832165805445060e-03 8.676587683245233539e-04
4.086116373272066782e-03 9.894857919281218380e-04
3.297986867969469015e-03 1.168602536372244718e-03
3.576186476599473290e-03 1.098033408569237465e-03
4.117688243575722516e-03 8.667692769247917813e-04
3.585587836781772234e-03 8.428062740412017124e-04
3.282890012013589022e-03 9.517098842033011987e-04
4.369009928334680049e-03 9.868756582331931169e-04
3.508615174445876665e-03 9.717812117799660802e-04
4.206512800746636457e-03 9.807425109439322879e-04
2.959116737183863349e-03 1.230292018499906269e-03
3.508065362837791377e-03 9.185905442456938127e-04
4.054012931034483083e-03 9.832814861460952970e-04
4.103735938721527442e-03 9.707183329755685302e-04
3.394541879268617168e-03 1.058531936684884746e-03
5.136274983316834776e-03 1.069339772909988062e-03
3.866847957804080051e-03 1.211776974885722192e-03
3.528433815011799025e-03 1.056413376879876236e-03
3.775745570726377672e-03 1.059888801313278034e-03
3.065628958623025941e-03 1.044844853722755752e-03
4.817751595313252144e-03 7.599959386035132344e-04
3.489356505890656938e-03 9.478059417287476324e-04
3.351170962775704316e-03 9.749654156361553222e-04
3.901700545288201011e-03 9.935870152414205247e-04
3.578790263897348948e-03 9.929994988174743568e-04
4.040162457972358741e-03 8.811135572817375668e-04
3.957834851197484377e-03 1.036836367069211579e-03
4.251078824660235213e-03 1.065882106004059247e-03
3.094075728743400644e-03 8.021371076526786223e-04
3.255887573823078741e-03 8.905716850762745128e-04
3.264034513424444311e-03 8.128788301893485327e-04
3.776804301363857839e-03 1.081569513902674428e-03
3.648943587991703048e-03 9.508384356619530931e-04
4.415935306505048077e-03 9.616243922825132295e-04
4.889533155355472137e-03 1.200801367864355552e-03
4.167235468144599511e-03 9.792352468811840738e-04
4.120296278479613356e-03 9.043909127370640226e-04
2.715981000620326831e-03 8.588777606333501116e-04
4.299376427369572609e-03 7.671376318513643995e-04
4.170402122539711154e-03 1.173023753516575342e-03
4.258463933642544878e-03 9.342563424128881447e-04
3.426253917874703958e-03 1.048549606922802996e-03
3.747871982012803381e-03 7.012314920063548963e-04
3.267580908052680321e-03 1.097017182562481886e-03
3.702086150074586270e-03 9.720347704134605499e-04
3.966674195933938239e-03 8.287544588083168738e-04
2.974031505805393039e-03 1.009970027615543758e-03
3.589655263157897572e-03 7.176707988980711829e-04
3.632232160089445602e-03 1.001391327226854467e-03
4.114385242325831193e-03 1.066697523027584915e-03
3.109063424656648839e-03 9.867676610000150790e-04
3.550691578588292211e-03 1.245406061895986500e-03
3.215765265579195557e-03 7.798459673335813311e-04
3.181130630611089284e-03 9.939381702936274897e-04
4.019338057814164818e-03 1.066632378849512175e-03
4.423733093339298969e-03 8.448169955645048286e-04
3.725065821452302074e-03 8.634140094450837776e-04
3.400837111057389284e-03 1.009660229855856902e-03
3.798485942503287971e-03 9.715884204752442584e-04
3.744323776829339492e-03 1.023445067690180498e-03
3.507263847737667872e-03 1.031758875370851350e-03
3.106282959320172919e-03 9.148958764395251093e-04
3.175545582444822077e-03 1.315327097662847460e-03
3.282327254884912903e-03 8.704231607727449952e-04
3.127287951877524147e-03 8.712392306499018449e-04
3.026916353862665020e-03 9.560098733805633608e-04
4.374020038022810759e-03 1.042792123548635800e-03
3.116819523933789422e-03 7.738022128113526080e-04
3.075531404989037803e-03 9.251278925381848338e-04
3.969916779517331309e-03 9.636437852954856786e-04
3.925335515118922626e-03 9.914081078222711230e-04
2.920047024600056634e-03 1.108143901061018136e-03
3.488246111113808660e-03 1.026513040011919290e-03
3.534021824928294114e-03 8.961328113667814919e-04
3.769304935692807321e-03 7.490673832941096297e-04
4.787016845341079095e-03 1.153933258714937710e-03
3.198480116387981357e-03 9.667335786952336620e-04
3.408614840986403695e-03 1.037836209701487175e-03
4.063741870109589469e-03 9.160008077945961183e-04
3.520818628912808761e-03 1.183076614600260795e-03
3.463832438448048289e-03 1.088231559060042018e-03
4.008886521316564269e-03 8.227690120267728028e-04
3.563578879240552732e-03 8.917365573732307553e-04
3.483014019869422068e-03 9.986164422492250017e-04
3.306581732218768967e-03 9.750368878885773112e-04
2.874582149554374619e-03 9.629641623308802557e-04
4.398030359393925899e-03 1.139809016928172280e-03
3.985011493115007269e-03 1.100348929500341620e-03
