2.523952786512109660e-03 1.180162716565633227e-03
3.337829494524033325e-03 9.055058516655318515e-04
4.239920347523296051e-03 9.772565732226786567e-04
3.078121523510705775e-03 1.057203294607010928e-03
2.779755340501792633e-03 8.330135042735040997e-04
2.779929671802419244e-03 8.890127667896227963e-04
3.168066133321737095e-03 1.020406648808731527e-03
3.468769569245798521e-03 1.003198079439698376e-03
4.219790561913023229e-03 7.662692022658478203e-04
4.186159741121835837e-03 7.789031470117202408e-04
3.918055714401680323e-03 9.949597389619533813e-04
4.038074783642858073e-03 8.555927085317321630e-04
3.524832844523678298e-03 1.022331368848813276e-03
3.628426908774740924e-03 1.093001975619660492e-03
3.361651415522916211e-03 1.049246690955529544e-03
3.928666067715374036e-03 1.136010197805273477e-03
2.692869636395457678e-03 1.133409213960371925e-03
3.738582556789555277e-03 9.710348095099842871e-04
3.208017191117437054e-03 8.272589621618273029e-04
3.859567288174168501e-03 1.195985317872217584e-03
3.194112887673129699e-03 1.187406608313529115e-03
4.321392166177578063e-03 8.694456309432760811e-04
2.943977618044950686e-03 1.031432196861572061e-03
2.681847573986671351e-03 9.869362789808634739e-04
3.206320026049636757e-03 9.051674632701376538e-04
3.360895214405466933e-03 9.822536002736033823e-04
3.398765297870696197e-03 1.170995414588354294e-03
2.870359276516581178e-03 6.891708326283857433e-04
2.481041854421244929e-03 1.002247734110339305e-03
3.563700394415149353e-03 1.090536178728873087e-03
4.125576059645475781e-03 1.075031990744171329e-03
3.927661427853670721e-03 9.287087545954073042e-04
3.284372451997577200e-03 1.053295910071034474e-03
3.314805217214130458e-03 8.672169136264399909e-04
3.093809420488411333e-03 1.017688687495976047e-03
3.598416939473326071e-03 8.063876603932734755e-04
2.754116453509320404e-03 1.086202236971911149e-03
4.199498115157432494e-03 9.078139733188783384e-04
3.464631845088689700e-03 1.098895399305555975e-03
2.882547854213782668e-03 8.850878101432706159e-04
2.969927685312067755e-03 1.179042730650131914e-03
3.275594275353820202e-03 9.013680753309083341e-04
2.802599073293645261e-03 8.831238214672998714e-04
3.927998618784531680e-03 1.105069099378881833e-03
3.100143803377336960e-03 1.006057295197378132e-03
3.874948193597213368e-03 1.118075464763545416e-03
3.272213647222830396e-03 9.011254605794305136e-04
3.786476391934659631e-03 9.656590619917025751e-04
4.609149436062000629e-03 8.290898119756776432e-04
3.387174250142996335e-03 9.280857225061684345e-04
4.419635072065601633e-03 1.084935957727454180e-03
4.564103613179231259e-03 8.828455580550073102e-04
2.705354561204253300e-03 9.216734854159494301e-04
4.598009353697692786e-03 1.192362507764412960e-03
3.012017382723616334e-03 1.054794595618961228e-03
3.021977280209371675e-03 1.091406954199808420e-03
4.428285071567612634e-03 8.721303521798570409e-04
3.913459917686321239e-03 7.960469533500415034e-04
3.333256746179145101e-03 9.265580486778157536e-04
2.764952538084755346e-03 9.433149148500082504e-04
3.578319386360720271e-03 1.131088661758317560e-03
3.571994706341634265e-03 1.095079900437652496e-03
3.525020110661917800e-03 9.525041508083525272e-04
4.057321082907232312e-03 1.129127201525850430e-03
4.084449165805862508e-03 9.950818880459148894e-04
3.385708770433245706e-03 8.265602886518707984e-04
3.455427012301211763e-03 8.907125808143311931e-04
3.130944787737057530e-03 1.081917596570734167e-03
2.808524152884614000e-03 8.993608212837808733e-04
3.498490087068411875e-03 7.341729540239702329e-04
4.115777636979347891e-03 1.230879523303498018e-03
3.230486074967199844e-03 9.595597118542974245e-04
3.213026972032570223e-03 1.028207510049465720e-03
4.296358295147081376e-03 9.676970871793870834e-04
3.803159968179232065e-03 8.537500885952145147e-04
2.442113268476286004e-03 9.532665669928886516e-04
4.256063365865914855e-03 9.375640787038678559e-04
3.679605910310738102e-03 7.959598643923700189e-04
4.688175566536717000e-03 1.096091554338027513e-03
3.236202225842488896e-03 1.082119310209305385e-03
3.549510242840293091e-03 9.286109402798582756e-04
3.456785090332478022e-03 9.309918738878679304e-04
2.589981991255044507e-03 9.012940223318609365e-04
3.649050202286652743e-03 1.025392803952500462e-03
4.159392822804573210e-03 8.868225336719715241e-04
3.636561382234586824e-03 1.096637775353661399e-03
3.007038253650548554e-03 8.585967910370054202e-04
3.609332542306210173e-03 9.095025959871888208e-04
3.210949469398764050e-03 1.075858460286203532e-03
3.739477822434259750e-03 9.064830737726147815e-04
3.970515007777852129e-03 8.059641840061555242e-04
4.079379721266792984e-03 1.154670008242508240e-03
2.894765298545706484e-03 7.436525391547728304e-04
3.977326827141610191e-03 1.132071063876739520e-03
3.356923006612339954e-03 8.759994380228011083e-04
4.252598937450828565e-03 1.166477505934801614e-03
2.855256846808322275e-03 8.299535427069828965e-04
3.846473687766682574e-03 9.183875818957610692e-04
3.787561945495096765e-03 1.099084115440916764e-03
3.636285187804059148e-03 8.972189933651170254e-04
3.333670806775532614e-03 9.506415629463408094e-04
3.130635107402114214e-03 9.705732742679320070e-04
2.879389566294344310e-03 1.265041708431440632e-03
4.791836390886300596e-03 1.048353453944438594e-03
3.597699189184964345e-03 9.987517814759509869e-04
3.764572674191021904e-03 7.502599512212741392e-04
3.926785512007171380e-03 8.775061601553190305e-04
3.539048941482299173e-03 9.454912255478229496e-04
4.262584061955411105e-03 7.699366854122012072e-04
2.760304435289614132e-03 1.101169956043368103e-03
4.115314326912899653e-03 1.021419857169149651e-03
3.606924274378700817e-03 1.008092828901100248e-03
3.476558207860963069e-03 1.078547824274133336e-03
4.131856543065953041e-03 1.009918075038886403e-03
4.353606846986905407e-03 1.109738539047290615e-03
2.926160269262159577e-03 8.740634173210416660e-04
3.496719537416177227e-03 1.245051985565042612e-03
3.843202973228434030e-03 9.279594614773731438e-04
3.459596956122450422e-03 1.064010321507064026e-03
3.555970919490030434e-03 9.876671471740602806e-04
3.836042658615977305e-03 9.991154405803290197e-04
2.788446005598579740e-03 8.971977431637818924e-04
2.817781044590328063e-03 1.132958181632391518e-03
3.057176447574336958e-03 8.161669337606835802e-04
3.046600377457865313e-03 8.717789160770442192e-04
3.807030102755839304e-03 1.118497123011517620e-03
4.091878463839240636e-03 1.038973978847862684e-03
3.792075291038643492e-03 6.958622205911471278e-04
3.053114599354210361e-03 1.102652833413144892e-03
3.256119188875603553e-03 9.745536669073618730e-04
3.201116517738027308e-03 9.716034378369803499e-04
3.079285010802451129e-03 1.195866226204474496e-03
2.726869803799440890e-03 9.727806490944949707e-04
2.039588815263008743e-03 1.138027324146992673e-03
4.660005631422488998e-03 8.975200406800968363e-04
3.678267557432995417e-03 1.056083515357676651e-03
3.297324047401312824e-03 9.583499460941209561e-04
4.441327147086927829e-03 8.790256338841750429e-04
2.820841031211850959e-03 8.963152328799567055e-04
3.875519281547769920e-03 1.105803097075801428e-03
4.133129265179238086e-03 9.581277577266607368e-04
3.509127482913593134e-03 1.078984068472968894e-03
4.129815813974195560e-03 8.732972064243374596e-04
4.744163548964140664e-03 9.701965967925341118e-04
3.994851727057007265e-03 1.138728900430082151e-03
3.213149362952801274e-03 1.033685529760436806e-03
4.048003387263028607e-03 1.046897120010968803e-03
3.292443213380396184e-03 1.014955853319330237e-03
3.055391711292992137e-03 9.449602843625916392e-04
2.831141564913780377e-03 9.641601363423509680e-04
3.653710833612074018e-03 1.004953414865018477e-03
3.002612627824852425e-03 7.662817704910303025e-04
4.243508405164931989e-03 9.066410530522543438e-04
2.947997318202431362e-03 1.156618994070844836e-03
3.143780638080715967e-03 1.150820029471328904e-03
3.290033390510865765e-03 9.830668353269171166e-04
2.837088731446851635e-03 1.009819573433489619e-03
3.305679976012106374e-03 9.142124077347943542e-04
3.727138376027228518e-03 1.073613147368691206e-03
4.140943333352626113e-03 7.817900821363790590e-04
4.073484637549885760e-03 8.347579294753505177e-04
3.488658734341626953e-03 1.069055800736682434e-03
3.211669966209639536e-03 1.194237379790346861e-03
3.609678369121742999e-03 8.833964796044284883e-04
3.162779967996469550e-03 1.212113633108516690e-03
2.834019577022887492e-03 8.842823132395247199e-04
3.874753810490744275e-03 1.014436223166576868e-03
3.496378884053061298e-03 9.010004360929036501e-04
3.756038102711588104e-03 8.566492972910538795e-04
3.270560891134686055e-03 1.031150901793327938e-03
3.859460476864653121e-03 7.956095074169425210e-04
2.753152452973025004e-03 8.583177535194724470e-04
3.390047237129917897e-03 1.045139715040545271e-03
3.669750268016296058e-03 9.616238943899217077e-04
3.539351348505036503e-03 1.203401978375301558e-03
2.884393716713943255e-03 1.189773678006642238e-03
3.582146914893003398e-03 9.602045985200426473e-04
2.775959107359193736e-03 1.038088962301546118e-03
3.397267960987716742e-03 9.562170778696958088e-04
4.167969964844166902e-03 9.958908404877233993e-04
3.710823536152742241e-03 1.095969629902742402e-03
2.249946276068377424e-03 9.231531371273711062e-04
3.049401408964391193e-03 1.284458430077461315e-03
3.703454793350728549e-03 1.124446145040639954e-03
3.820412530762643932e-03 9.566442803391117175e-04
3.267932455324813312e-03 9.587730248127948347e-04
3.766797684163756144e-03 1.085233988445565532e-03
3.559635352661577688e-03 1.011136698168998461e-03
3.268272043396919756e-03 1.117652882750203892e-03
3.146708356683519323e-03 1.078139393106912567e-03
5.058982988255580730e-03 1.092313183039765124e-03
3.792468923732372939e-03 8.007780234215702755e-04
3.758393779157394917e-03 9.971549647070866631e-04
3.515158990861055530e-03 9.558095786292793205e-04
3.385650569625999178e-03 1.136333750323427743e-03
3.925657420544199222e-03 1.083320771879333266e-03
3.324850166256337110e-03 9.181108280210427668e-04
3.738925932651680425e-03 9.213896099084050275e-04
4.313368848315383801e-03 9.847241052824478799e-04
3.296924018558940097e-03 8.344394946564238653e-04
3.409112050135832718e-03 9.675595071196366453e-04
3.140188045356478476e-03 1.059541869602439535e-03
3.968774232098074700e-03 1.123122700526198300e-03
3.430215764390253698e-03 7.614808468416944592e-04
3.162058184859856298e-03 1.015467041861762253e-03
3.075367964413889318e-03 9.770214722672914721e-04
3.352674559642581775e-03 1.126389920370537154e-03
2.626972436819801238e-03 8.958514633254346850e-04
2.873444712787243463e-03 1.132211309130421069e-03
3.648682849091861372e-03 1.092622016898907094e-03
3.922400511506266528e-03 1.005636482325567797e-03
3.276674614986671650e-03 1.125996393698156959e-03
3.895691951719299894e-03 1.235892772693873883e-03
3.377533936461420833e-03 5.401836899732131818e-04
2.889698706178645948e-03 8.884789117284916946e-04
3.796253787794267621e-03 1.007029219281994252e-03
2.754599968242395051e-03 1.128704994602718016e-03
4.148934136166129542e-03 8.230451897106936653e-04
3.343949552558741090e-03 1.070270288755057527e-03
3.005071631892974361e-03 1.195377055137394938e-03
3.447341091066859382e-03 9.625675177657897711e-04
3.370744653361034283e-03 1.191944138604683189e-03
3.897834420471965600e-03 9.535684059653787336e-04
4.285232801685217273e-03 8.587740333811144698e-04
3.296872849273697111e-03 1.187489903818439484e-03
3.461669105981053478e-03 9.065911899634820047e-04
3.314726096853189141e-03 9.549640047785967756e-04
2.421445247314824370e-03 1.023855653244077268e-03
4.129341043055984040e-03 1.176827489336975535e-03
3.418385236436040364e-03 9.450005576315036746e-04
3.376290413702301690e-03 8.082085171505764155e-04
1.905884558146098400e-03 1.113469049959505026e-03
2.192735788669334610e-03 9.466074301233859357e-04
4.436019769054750685e-03 1.114580213336532032e-03
1.961677543618005424e-03 1.151321595079883445e-03
2.754191216566858648e-03 1.047403668466808952e-03
3.067944456709721223e-03 9.412261222329315440e-04
2.574707770836044164e-03 9.856770416693764070e-04
4.088424503091992769e-03 9.612705750734176682e-04
3.940423047903617026e-03 1.045797398999716516e-03
4.289110853398077523e-03 1.139876319827753210e-03
4.451563125893239804e-03 1.058123927780032494e-03
3.397978033592169694e-03 1.076855208859429577e-03
3.915608656969868373e-03 1.217989458864363658e-03
3.270515388755158154e-03 1.024034805367956841e-03
3.891665055378569667e-03 1.211145197341655880e-03
3.769970882901269547e-03 1.072107002825125862e-03
3.418335720139090064e-03 9.832073116710158666e-04
3.839537424270153803e-03 8.960208587977067530e-04
4.917962033555698699e-03 7.532070697475153672e-04
3.412220694360622916e-03 9.949425320989065645e-04
4.684427935929931335e-03 1.087688778810457380e-03
3.785432435833529455e-03 1.002759813054009954e-03
2.935377709978411430e-03 9.958994939853640753e-04
3.645415711354261460e-03 8.080538173850052583e-04
3.100559477857449484e-03 1.052094652682623605e-03
2.998724943656417685e-03 1.113983898880297916e-03
3.717368897410633626e-03 9.700518037373453278e-04
3.492326877492202622e-03 8.725057545784271765e-04
3.423366744186046289e-03 8.076175000000000107e-04
3.849617485816966139e-03 9.964950771371449984e-04
3.055880087049464826e-03 9.143874784863339003e-04
5.785643416269712312e-03 7.931559105119941749e-04
4.835649657430558801e-03 1.098608703430322287e-03
4.371177778462129355e-03 9.620718731838092189e-04
3.614861385529576608e-03 8.808473731838982034e-04
2.631418947100130912e-03 9.425288399189937164e-04
4.519001704892950354e-03 8.297925145993579037e-04
4.391687093981849234e-03 1.022910803175720515e-03
2.873753763598394743e-03 9.167794573884199437e-04
4.819826976119837014e-03 1.005425982995313732e-03
5.035782269612665459e-03 1.003361998351669703e-03
3.414998699360405343e-03 9.404462796928484726e-04
2.622276428358918422e-03 9.925025412727745723e-04
4.525555664466036562e-03 8.537757515740479822e-04
3.850807287314045313e-03 1.026694376771495601e-03
3.544654864111008823e-03 1.166708137355791045e-03
4.180423261746561876e-03 9.686283772943140875e-04
4.408234880629796973e-03 7.719951201214902666e-04
3.044780525372977296e-03 9.726501103835189822e-04
3.327277960103403910e-03 7.975088900345874213e-04
3.707355934976908247e-03 1.033709101564922114e-03
3.932530062096405328e-03 1.104092310797000643e-03
3.227347045129017478e-03 1.049218633959557358e-03
4.487980837161316752e-03 8.034261917337637282e-04
3.258402400290369080e-03 1.098011085662373328e-03
4.222842027454901288e-03 8.868891230903305431e-04
4.852735106183145991e-03 1.014842752260899580e-03
4.088964352789653880e-03 6.295874828030533161e-04
3.521374215745052324e-03 1.023601404346435742e-03
3.149933550311969331e-03 9.308051599607153987e-04
2.903522526698617406e-03 1.130479176694993478e-03
3.895328489320872868e-03 1.004724103497270675e-03
5.011740458740555730e-03 1.081362243386616842e-03
3.756836268136331224e-03 8.353101165932611113e-04
4.313362226037185769e-03 1.052871149141023461e-03
1.920477838716599939e-03 1.024196272456773726e-03
4.561967891995829735e-03 9.341782396135110255e-04
4.210903381591624833e-03 9.554160055008014763e-04
3.535902951153694490e-03 1.069463216237884684e-03
3.852318308755746205e-03 9.554824595736745915e-04
2.540348807738408710e-03 1.020848587056058911e-03
3.937573241080742810e-03 9.430898283616555647e-04
4.121896580672258434e-03 9.908701267813718912e-04
3.457475764285686173e-03 1.045715979476908230e-03
3.465012580303799758e-03 7.694664629005849507e-04
3.401042976306677384e-03 9.597237628304520173e-04
4.409830233548626618e-03 9.605943551060795770e-04
3.403004178254094483e-03 1.156433919435953701e-03
2.626762456029501855e-03 1.041419753649082403e-03
3.955429037895514741e-03 8.819463579291365136e-04
3.606159712703608210e-03 1.057545272692600284e-03
3.481229822160377720e-03 9.437184392052442965e-04
2.968563307733605976e-03 7.362334803142041913e-04
3.658326447134212407e-03 9.103813432766449942e-04
3.865482473397544635e-03 8.263923998681335171e-04
2.757491161147145042e-03 8.780129386114360335e-04
3.680862195146573403e-03 1.020949885004485873e-03
3.234517454727173572e-03 1.230055137315857333e-03
3.405085707797914432e-03 9.062977581809791806e-04
3.612837629882545681e-03 1.071236924647066095e-03
4.005317023160313503e-03 9.569456185582022245e-04
3.062887263297453533e-03 9.463582434014982921e-04
3.116361429585649823e-03 8.669702261969713117e-04
3.852105378115046851e-03 7.315508252332868439e-04
3.732545604349620134e-03 1.014945344930439849e-03
4.485090510900095404e-03 1.138406791021816418e-03
3.355160391627831553e-03 9.412064391593378968e-04
3.243447312979342526e-03 1.078332061395224830e-03
3.007015746543753500e-03 8.195318543583508548e-04
3.312293867932100764e-03 1.201973141972778212e-03
3.177684504546865289e-03 1.090011185261293607e-03
4.059283149555562714e-03 8.442275790173871166e-04
3.930458743977812038e-03 9.366188604816775122e-04
2.921059835747461409e-03 9.571777862338314317e-04
3.193156380010401564e-03 9.008367366954986777e-04
1.908108159604370675e-03 8.794394565968513457e-04
3.341315816003117157e-03 1.062287024966116281e-03
3.503369777226797346e-03 9.024848556762663345e-04
1.901478950839608287e-03 1.011068566791914567e-03
4.085878221153657272e-03 1.029936277279157493e-03
3.699200245494768755e-03 1.104017638357162158e-03
3.619106095663706963e-03 9.653706142894920034e-04
2.774131341359483641e-03 1.005511454995846720e-03
3.663308350694855636e-03 8.928538052403097456e-04
3.992137820933238691e-03 8.931585309408995518e-04
3.968254386365053718e-03 1.027141647323370332e-03
3.416396739274743782e-03 8.196288451564374359e-04
2.804352503328319968e-03 9.333778383249543686e-04
2.825844953674754283e-03 1.076933173290957509e-03
3.723481081350647846e-03 9.115208691249974222e-04
3.610376617911171659e-03 1.184662925654606739e-03
3.448971505442178023e-03 9.737789329784088442e-04
2.240341454410960977e-03 8.724733102783070824e-04
3.587706933693131893e-03 9.943403676664320460e-04
2.618529117124113442e-03 8.874085818050014320e-04
3.566670142681892426e-03 9.048998679869160906e-04
3.596051711000883017e-03 9.186127798915241565e-04
3.487521743824396545e-03 1.109559264821310043e-03
3.600439913879153325e-03 9.471756802473572196e-04
4.681474456278775752e-03 1.053543946277154609e-03
2.944290446119207996e-03 1.060799497524355555e-03
5.227073873678998554e-03 1.066785730020412175e-03
3.121059965745207575e-03 1.022852217944305708e-03
3.747306414619124785e-03 8.997892629969234069e-04
4.443614320987654236e-03 1.110432502805836202e-03
4.512456475270147649e-03 9.237482411667889649e-04
3.449755380185539830e-03 7.402633548039570582e-04
2.650628103622748328e-03 9.934227107798857849e-04
3.235099791002882946e-03 8.641010187351877035e-04
2.747001329189180472e-03 1.068216296343553083e-03
3.411090226468302313e-03 1.050880809976336349e-03
3.565591450361026583e-03 1.096897469519171695e-03
3.792169460516586852e-03 9.072885770936054512e-04
3.110575479745343250e-03 1.036990552392330666e-03
3.779830963237376228e-03 8.383910671049645599e-04
3.765257765902314379e-03 7.103536771049332593e-04
3.375659005497207762e-03 1.053914909707165696e-03
4.682061200009299436e-03 9.981846008621784224e-04
5.293385961658190857e-03 1.065916657100057612e-03
2.744675523330044904e-03 9.425399970142531083e-04
3.947503305312888462e-03 1.179359550397048951e-03
3.627648005375239126e-03 1.140644554719613245e-03
3.647530764873814415e-03 1.087881635533357021e-03
2.541295464661654912e-03 9.798928176656153399e-04
3.265707544384149810e-03 9.215787154856332425e-04
1.978757852416128393e-03 8.743107005173938713e-04
3.056857016038206417e-03 1.006453433065013572e-03
2.850456884865656786e-03 1.077056928910757405e-03
2.687364009744804601e-03 8.844225205929306857e-04
3.201302661161292001e-03 9.984307116521740598e-04
3.030005026420436263e-03 1.160427053973595024e-03
3.516132498435050550e-03 1.032331698492187965e-03
4.111875549358497139e-03 1.038546291588538254e-03
3.490089396707171058e-03 9.801186571517979135e-04
3.643478372882659119e-03 1.056170536081483613e-03
4.971909282875770601e-03 1.092164426589583171e-03
3.266717571890316498e-03 9.251511899027373403e-04
2.461827182189907891e-03 1.064789131643695957e-03
3.334736868202993910e-03 8.557359948226423872e-04
4.347854425496813953e-03 1.153594326272360882e-03
3.072305436751423657e-03 9.955149370406248584e-04
3.252206912152702870e-03 1.169150665593384972e-03
4.673952526997245636e-03 8.962924200973425770e-04
3.666526000504678577e-03 1.188386537604367967e-03
3.246256441803687266e-03 7.650895082212308797e-04
3.814749671185130569e-03 1.100570571389871116e-03
3.566323387175534404e-03 8.329343511775375887e-04
2.741884424419567187e-03 9.788648891718388853e-04
3.772552247888154645e-03 1.015369596927071698e-03
4.499469855397032585e-03 9.520063799635057871e-04
3.458470406629757157e-03 1.169925139029180140e-03
3.924861823448213237e-03 1.023998275544021766e-03
3.457103914929891397e-03 1.156851860487158497e-03
3.982059413580247773e-03 9.372791915407734315e-04
3.383128685624051894e-03 8.359815151062910269e-04
3.787375540592767976e-03 9.480492676512547456e-04
2.088048724567676592e-03 1.237049058346047442e-03
2.609051318298157181e-03 1.042993128642983507e-03
2.460896587371335775e-03 1.314736665805878255e-03
3.305162541895341477e-03 1.173842021451348321e-03
4.008867131982685357e-03 1.020970594022437743e-03
4.591124508142857899e-03 1.063134428777777691e-03
3.233492125643319236e-03 8.356376637532252028e-04
2.025993240704571964e-03 9.477267036342423151e-04
3.368244440907725533e-03 1.085439739186189580e-03
4.016127237294982687e-03 9.915734092706463866e-04
2.482567192223085299e-03 1.206001351558372856e-03
3.230878357619829111e-03 8.368970480609336715e-04
2.817509972254854909e-03 1.060285277292123511e-03
3.627020874604753534e-03 8.125087898603583058e-04
3.573048682568322719e-03 8.633419817091880083e-04
4.145415006037989937e-03 9.002080964795723759e-04
3.247458013417154048e-03 9.261940922285235136e-04
3.709223702780462938e-03 9.205429289709395578e-04
3.060164155587957215e-03 1.112133720805346575e-03
2.795975511950998110e-03 1.129131443110118708e-03
3.778654224762545595e-03 1.148950437661112140e-03
3.766042644868820496e-03 1.121832462547184706e-03
3.286422451247840524e-03 1.009392369413125105e-03
3.338973023396619132e-03 9.045199114682865929e-04
3.644996427487251934e-03 9.811729517971217937e-04
4.351824427100144110e-03 1.188016891668369854e-03
3.030230823908111951e-03 8.558515453225552620e-04
4.163909874752689047e-03 7.135038066751593850e-04
3.847603245141380506e-03 9.245871793166573777e-04
2.652915753169433552e-03 9.993089428709759237e-04
3.935818607266436571e-03 1.250218859791689006e-03
3.275237967049223538e-03 1.145683918156938270e-03
4.057952915668921849e-03 1.151578959368769429e-03
3.426130581218532391e-03 8.955234772893968728e-04
2.833013701636163343e-03 8.991435038960505707e-04
3.468566246164343433e-03 9.366721833153219537e-04
3.683769507126446238e-03 9.914053855738388064e-04
3.637693124170205804e-03 1.040558878608074337e-03
3.480249616514795741e-03 9.298211006314202436e-04
4.100528338015462827e-03 9.521216497481977369e-04
3.213843332244297260e-03 8.815145072853169603e-04
4.724739291022934419e-03 1.006070330712323380e-03
3.296661273140376845e-03 1.175728680216504016e-03
4.350409848319861800e-03 1.000700147032036053e-03
4.658498250318131306e-03 1.084616804753850850e-03
3.289100322704095747e-03 1.050586145190203231e-03
4.536373652315950182e-03 1.118190430319629348e-03
3.508597796916315941e-03 1.199579881606868768e-03
3.319099867652604979e-03 8.469836759754287812e-04
4.016830508914537128e-03 8.143121852337111607e-04
3.857927337811425245e-03 1.035517390454964055e-03
3.833940603323547462e-03 9.608743391303594446e-04
3.821560806722230138e-03 9.173701706280939366e-04
3.423183771879550509e-03 9.984299963579790910e-04
3.883985230627376092e-03 1.104584420667874267e-03
3.443785170765708854e-03 1.008556667085332365e-03
3.277696495037992017e-03 1.104142084431531659e-03
4.144628096654272287e-03 9.537065888937406493e-04
3.388505435751583243e-03 8.629236969130457506e-04
2.808437172513634453e-03 9.972423141106627909e-04
4.330019826045269568e-03 7.565359052688223809e-04
3.444803144412129144e-03 9.756946049736276577e-04
3.043487208582247930e-03 9.561507659280167690e-04
3.347015568078049938e-03 9.292595476084529287e-04
3.417352492733838343e-03 1.086218959799706415e-03
3.986429464495533717e-03 9.213071136756857335e-04
3.285361621944196328e-03 1.029322007973606633e-03
3.551287233923340527e-03 1.001809975151409264e-03
2.509361273127692655e-03 7.178737260467122835e-04
4.561489061748594254e-03 1.205893652990683860e-03
3.528725415050790962e-03 1.002766513065677821e-03
2.766737474007864225e-03 9.532334292754224454e-04
3.051508059521102108e-03 1.038957454864680285e-03
3.984817932947929721e-03 9.520424873569340550e-04
3.246657887684345749e-03 1.053380044463098162e-03
3.798273411394712581e-03 1.089094881135344462e-03
3.654177599499967670e-03 9.955602762245652909e-04
3.592491019704553701e-03 1.088766520464205063e-03
3.588011929396874022e-03 1.019991552458828507e-03
3.026297409624590165e-03 8.543348082690949878e-04
2.950837546750341173e-03 1.131378969117332114e-03
4.063184208326106432e-03 7.358454532031561551e-04
3.624771961096938302e-03 7.984884742548334054e-04
3.438198313005927549e-03 8.580935744438359086e-04
4.554608355571025669e-03 9.995117169155636090e-04
3.973393906180686455e-03 9.959306806709227432e-04
3.625632843938273158e-03 1.148391564443787408e-03
3.271963144161830171e-03 9.863842832372358375e-04
3.364242945409998912e-03 1.086590757507810076e-03
3.265235230674279603e-03 1.014872895547587689e-03
3.594727829122691763e-03 1.071957332747899448e-03
3.176891834378405607e-03 1.183561550632721785e-03
4.068963153055269073e-03 1.005562804682198037e-03
3.354493608110182927e-03 9.723876729825077329e-04
2.831849225176957374e-03 1.256581185632832560e-03
3.999104153463514319e-03 1.089424917315045833e-03
2.887014332678162175e-03 1.017555684400946138e-03
3.210766873479408909e-03 9.742472550134244650e-04
2.682874613699454992e-03 8.781076480395840584e-04
4.075386394871670370e-03 9.809937633574951528e-04
3.631566261087662909e-03 9.579201256862163345e-04
4.437476040610164631e-03 1.126445011836469962e-03
2.839385135219706785e-03 9.775450927835109289e-04
3.016424502443317609e-03 9.398116705849108741e-04
3.508869474483112053e-03 1.049553575824919375e-03
3.117710601212801431e-03 1.067029521378555284e-03
3.092412062514169734e-03 8.978610960029355425e-04
2.971085807736582960e-03 8.977237896405952178e-04
3.208630822268423131e-03 1.171406605888239156e-03
4.417672556538366699e-03 9.680345150842317725e-04
3.017915905464816761e-03 9.230398232137327057e-04
3.226960301037041720e-03 8.656556266605059356e-04
3.312419465378806712e-03 1.065660800966297152e-03
3.420266149025556150e-03 1.011821208549363747e-03
3.769935965391173552e-03 8.755299537224728486e-04
3.492012021001448478e-03 9.942769254943201705e-04
4.279125512157933194e-03 1.124937946849677338e-03
3.792318069306931539e-03 8.843581288343558547e-04
3.280010819509896446e-03 1.059101572238420504e-03
3.956395786476953579e-03 7.398368209597103781e-04
3.441437214241962594e-03 9.207411435725756889e-04
2.671145514335213078e-03 1.255903160759476314e-03
4.224404781948541687e-03 8.532763375515360193e-04
3.622132972855277369e-03 1.139895821152490116e-03
3.907880742898924530e-03 9.297058571949126703e-04
3.852679744263250335e-03 1.077015127498490024e-03
4.111787145846290334e-03 9.792671383568555144e-04
3.836241686551197620e-03 1.045399116330717436e-03
2.789694574675909405e-03 1.019193475267186118e-03
4.396317093892993487e-03 1.045704961810773118e-03
4.227502438254247298e-03 9.126487113893587237e-04
3.607203256934310865e-03 1.131756072352113705e-03
3.642594794557823049e-03 9.296747109756096743e-04
3.001244558587478489e-03 9.757050687826298706e-04
3.509625206611571759e-03 1.187079884525681171e-03
3.422478119640157222e-03 8.784256005151285700e-04
3.942514163355085796e-03 7.686938152389676763e-04
3.724512911388547665e-03 1.013542473336773945e-03
4.526273566853209265e-03 1.127605436222581334e-03
2.642270019490902330e-03 9.231879616947738466e-04
3.313865557901775165e-03 1.053870641046144056e-03
3.350541088485131831e-03 1.030628620952663867e-03
3.400415356000002862e-03 9.103096417142860809e-04
1.792929071559075035e-03 1.100695938413149980e-03
3.084355019027193879e-03 1.021161670688912641e-03
4.217796950419694553e-03 9.991201873342930861e-04
3.024039862209979695e-03 9.482291088396383426e-04
2.646034617878307346e-03 1.290973835115755792e-03
3.590170568851891540e-03 9.671819194266031115e-04
2.972667892110301014e-03 9.881461030140431187e-04
3.755308174127085317e-03 1.063053657280294646e-03
4.210756552287392429e-03 9.244021241497387244e-04
3.079227020082512829e-03 1.032189726260582686e-03
2.652072278964145297e-03 1.029428426578105071e-03
3.146956404426603550e-03 9.805606311749800151e-04
4.045276622350792856e-03 1.233248558728163502e-03
3.684228380878341782e-03 1.113008833335039612e-03
3.943267927990479899e-03 1.267898561793295202e-03
3.199456072059903879e-03 6.724833986105806108e-04
3.737446384084992714e-03 9.894817416005925216e-04
3.008498810029805026e-03 1.350791982340168252e-03
3.650146067415730496e-03 7.327245989304811925e-04
4.254776551183515540e-03 8.658865897144225410e-04
3.665751199071489840e-03 1.130176607513862230e-03
2.865694450963338514e-03 9.653035762563264401e-04
3.882878575272057185e-03 8.284225513134188448e-04
3.253820810530850486e-03 1.158474695267278478e-03
3.707348929652846958e-03 8.422810038286705162e-04
3.353860520925962263e-03 9.966074636030941136e-04
3.229030794720428275e-03 1.104710446823987599e-03
4.206009722154213301e-03 8.559548892367599892e-04
5.316712760941636438e-03 8.405234545832550742e-04
3.662225056392053209e-03 8.880801875093050340e-04
3.250309468959519058e-03 9.140812904107553042e-04
3.370987069866590146e-03 9.726413270433703585e-04
3.164928045640287135e-03 9.952463367795261195e-04
2.719917889804334896e-03 9.223989588065137314e-04
4.362486426415336689e-03 9.346852793754837794e-04
3.678746040012277879e-03 1.081277065541299881e-03
2.071139427401010469e-03 8.561399317554370305e-04
4.239660794912259410e-03 8.740501323192352351e-04
3.240790721453873542e-03 1.031148640708529594e-03
3.834137702592570977e-03 9.847880626802441376e-04
2.752043534715302876e-03 9.614388591443294701e-04
4.690132988676940298e-03 1.037718823439661049e-03
2.309936900511482070e-03 8.778319078768006796e-04
3.448994170592978043e-03 7.883353912917806950e-04
2.820428699648669553e-03 8.509778335069376719e-04
4.692102964361381627e-03 9.895712729278125820e-04
3.088373180922953428e-03 9.827472967766112764e-04
4.158638219510193967e-03 1.133875801209536984e-03
3.983270923049628612e-03 8.854441158207123838e-04
3.192661030612186247e-03 9.696074964782609978e-04
3.743349086294414738e-03 1.140284999999999780e-03
3.412927738543005459e-03 8.592236861215323072e-04
3.672588967709655098e-03 7.841462488043565628e-04
3.487694113370500004e-03 8.504804927308440027e-04
4.694049618345061403e-03 1.097598662556110213e-03
3.764517818844995492e-03 1.057538636665793013e-03
2.759392895925883663e-03 9.855110608041200981e-04
3.766577253213958601e-03 1.007664929546245878e-03
4.115477710984495434e-03 1.078400572622017269e-03
4.497154300912580178e-03 8.934915492871751529e-04
3.506314635234902399e-03 8.569554556412303228e-04
1.803515695195363842e-03 1.014734895905517733e-03
4.232217619502974017e-03 1.136364620797579959e-03
3.647829279300301205e-03 9.048061604272912128e-04
4.947315375265918039e-03 9.111623742915303612e-04
4.027934649580194697e-03 1.051509235528307312e-03
2.615384422759539727e-03 1.072504708604738203e-03
2.971546889532642247e-03 8.397043870376321231e-04
3.063597120690845707e-03 1.097150284053485239e-03
3.020925781674305404e-03 9.750990484739094528e-04
3.880266931106966105e-03 9.870957353395458812e-04
3.759183995574779009e-03 9.420215911368978127e-04
3.173448490913076403e-03 9.240766294736016276e-04
3.827854662761243348e-03 1.266288183755141274e-03
3.923207009454033646e-03 1.133722558739439249e-03
3.115756640652566929e-03 8.892715340187835838e-04
3.646600716385866268e-03 9.413684417957007616e-04
3.685929670106532444e-03 8.115108449185613184e-04
2.637938530055088625e-03 9.485185453378181713e-04
3.533149144269387854e-03 7.676260642154951030e-04
1.928640375928192784e-03 9.901938028035299228e-04
2.865920519794844419e-03 9.759434440170228599e-04
4.380894552492245290e-03 8.197443813232103841e-04
2.927516472169320802e-03 9.715024024018775088e-04
3.198777397784876523e-03 9.549999872017302972e-04
4.604481149619611517e-03 1.162844721048182867e-03
2.416544407093885148e-03 1.152503911044717999e-03
2.243779523578027287e-03 8.849494582185491506e-04
3.546722761470017665e-03 6.679821073737270045e-04
3.543502058287399670e-03 9.556892173615561805e-04
2.950937319305823366e-03 1.116520018532301097e-03
3.779772258521281892e-03 8.688015762287165352e-04
3.973412919657669413e-03 1.025517804715139238e-03
3.862751719377906408e-03 9.794896691665442787e-04
4.034700007681999573e-03 1.091750221357212346e-03
4.632962855590180319e-03 9.970650608747326591e-04
4.198331195809246880e-03 8.795092946141479630e-04
3.787359341723610037e-03 9.981305296845404372e-04
3.399836928704881057e-03 1.067146361545769822e-03
3.290539245602328716e-03 8.368652121491699809e-04
3.207940863056321992e-03 9.930951238527911326e-04
2.531368454886891162e-03 8.895311414540538111e-04
3.861822607318111597e-03 9.264912780411806723e-04
3.985924841033566639e-03 9.598470415040892285e-04
3.715020028958061944e-03 7.944178617321094506e-04
3.901366855621956828e-03 1.010848608825770786e-03
3.202660683137100242e-03 9.800986881876047694e-04
3.555357297083261078e-03 8.525771799611163004e-04
3.502057664885363606e-03 9.293490607115673877e-04
5.456314826940623051e-03 9.006773319657047179e-04
3.867870273970466354e-03 9.457633337425267427e-04
2.536812809702706627e-03 1.058074343845811192e-03
3.991317967269833109e-03 9.091643945199765408e-04
3.143029868586203705e-03 1.043658389018162127e-03
5.202238848324890891e-03 9.844153965944710087e-04
4.678937415261856352e-03 1.099419384254932044e-03
3.074307632387785448e-03 1.088712466436984883e-03
3.172071661501378679e-03 1.052010294235907915e-03
2.664539295852530031e-03 8.837930556356378203e-04
3.358978778731393049e-03 7.873119547578193112e-04
3.817200667514895982e-03 9.004409958101346201e-04
3.915072992600969644e-03 1.091494291416588705e-03
3.698908188832648186e-03 9.649679446343772905e-04
5.039169685210788743e-03 8.172151179030945562e-04
2.367559854427789788e-03 1.061774887678705852e-03
3.636178678998294549e-03 9.068880025256547154e-04
2.787106459229952374e-03 8.325285470435707293e-04
3.259513921043242016e-03 1.063777380707877675e-03
2.461667768269386759e-03 1.238715095736717424e-03
2.550011885268871695e-03 1.046631852535646586e-03
3.922224137099842960e-03 9.550340455815828919e-04
3.406216359275387323e-03 1.154449483415065456e-03
4.047849657089332663e-03 9.857098150414024020e-04
5.077180006209562960e-03 1.091661613240321651e-03
2.535711741633353642e-03 9.946960610848504941e-04
3.549303009126153138e-03 1.020195406639594175e-03
4.057729998731537079e-03 1.179021676522451056e-03
3.183090832843426567e-03 1.076497240282140800e-03
3.529392616157466314e-03 1.088341043148534706e-03
3.948888411898059288e-03 9.607800962200897842e-04
3.753202051431645155e-03 9.641026147725222702e-04
3.612971098429638116e-03 8.586370745532329301e-04
4.063970797305206314e-03 1.063856953983065463e-03
3.561694137480329869e-03 9.217903808680307128e-04
3.538825330594391923e-03 8.856651785476069277e-04
3.686747397161963674e-03 7.883774260494429489e-04
4.126801887078699813e-03 1.071347679278083489e-03
2.921182368346008675e-03 1.038390273570492144e-03
3.817606998092590211e-03 9.797578838001469361e-04
3.251485934283738621e-03 1.001549330916174469e-03
3.394892359800799446e-03 1.150610465887163310e-03
2.787876074181488105e-03 1.109108266604591627e-03
2.942933141521473801e-03 9.651398098872405540e-04
2.420908871224534183e-03 8.084637575089525250e-04
3.967273790461041567e-03 1.001600426749357699e-03
3.830324355177492420e-03 7.633858474986390807e-04
2.970157035404891871e-03 1.002756031656990444e-03
3.750799079664126831e-03 1.018174157245365112e-03
3.561984609074899701e-03 9.409278549063532140e-04
2.775083476111082220e-03 1.013506853096312948e-03
3.196697941847016257e-03 1.077490472583202564e-03
3.220771521785185248e-03 1.016149196203788721e-03
3.347764170775876114e-03 9.313966541461636941e-04
3.977185619511192614e-03 9.427274282002578868e-04
3.181860089356601008e-03 8.697953871014886974e-04
4.053737671611414885e-03 8.890120664333420143e-04
2.955292565090101870e-03 1.020507477370801667e-03
3.818286189067343975e-03 8.823867707773000359e-04
3.657071143355524953e-03 1.066214494341107119e-03
3.082436050666157931e-03 1.098637539564267795e-03
3.421787823448989036e-03 1.124157017865956521e-03
3.265887395359515829e-03 1.253198343883163337e-03
3.852647941811761234e-03 1.076288522320624800e-03
4.076899399335436394e-03 9.614379880307782770e-04
2.998064338466867752e-03 1.041283600841756392e-03
3.911702106758149604e-03 8.404705989719529367e-04
2.729164767069535997e-03 1.022321127565783755e-03
3.490368488885551169e-03 9.996943446591670650e-04
3.037025458964286335e-03 9.461845386303676091e-04
4.354137209946413664e-03 1.062713835719944055e-03
3.567246506917379212e-03 9.747929460214751736e-04
3.137548725638727044e-03 1.078527377175285493e-03
2.846160686213495238e-03 1.038536904723900240e-03
3.323437430204113051e-03 7.632191801609379111e-04
2.905584079445551384e-03 1.087787294258351191e-03
2.950173218842893404e-03 1.052960233073871321e-03
4.171674794882722359e-03 1.016581504441545734e-03
3.387165341590876386e-03 8.973954182192277456e-04
2.990280790379934786e-03 1.052523501418894990e-03
3.468671880429713503e-03 1.003719781712260383e-03
4.227684364495140450e-03 9.869574224258110227e-04
4.220022381978496065e-03 9.268110629239440911e-04
4.036311628042479026e-03 9.267852016508288044e-04
3.948935920121869093e-03 9.065299542757811104e-04
3.313383099755044543e-03 9.851985241135707491e-04
3.863241356075579509e-03 9.217005987955555809e-04
3.127549608338534796e-03 1.170635995888239878e-03
3.128241470976038472e-03 8.134456320797320760e-04
4.013873266498473730e-03 8.381545279311219130e-04
4.123130602022877754e-03 1.072490629846267751e-03
3.662030725364685563e-03 9.825361420313521738e-04
4.700967272066806923e-03 9.562581023723613254e-04
4.281093952475570341e-03 9.925790466897618097e-04
4.300334570456056799e-03 8.844575717575339563e-04
3.387419482317643310e-03 9.143465081003315743e-04
3.362472662488603936e-03 9.692523479117306573e-04
3.453837339523459660e-03 1.060020300185983335e-03
3.940311881185693151e-03 1.004689264267449953e-03
3.876703767501920531e-03 8.254998322332575064e-04
2.758710745925559323e-03 9.679277120989195895e-04
4.181772881856626184e-03 8.453936248597791010e-04
3.016373548054767078e-03 9.076517829501806961e-04
3.463531884307585219e-03 9.361207258968517715e-04
3.384901716399300615e-03 1.105506914315090026e-03
3.489117207880126654e-03 1.034643097382464526e-03
4.139090145855977253e-03 9.611306578054371096e-04
3.465859040309245912e-03 8.492209124007865737e-04
2.690149118198685834e-03 1.023868742963249560e-03
3.634687703882106408e-03 1.031638996418981699e-03
2.864272644580541892e-03 7.749690046247702116e-04
3.594130822172396204e-03 1.039763542439339512e-03
4.306147943583195706e-03 1.346866103043493608e-03
3.749430199142731596e-03 9.192793894261333271e-04
3.331720893448111322e-03 9.920848367098058888e-04
3.514501601195537100e-03 9.656757020965768806e-04
3.475278267562196405e-03 1.084769274924770634e-03
3.362146874262760595e-03 8.696292381702914499e-04
2.158993999584541985e-03 1.160741049888342445e-03
2.841080415564375614e-03 1.089255120489079345e-03
3.405930747776863155e-03 1.136036824295991480e-03
4.019791569422260201e-03 8.762669677065724290e-04
3.308186717353108625e-03 1.085515598598230450e-03
3.207767033917312792e-03 9.058806868379694951e-04
4.235054734473421567e-03 8.892353168570398935e-04
2.986745330076961275e-03 7.382055257570286494e-04
3.293719702783783933e-03 1.087595442809523869e-03
4.141127244100257891e-03 8.571102163032966832e-04
2.777272476074157427e-03 1.123857492374157963e-03
3.578506675639264983e-03 1.089629750987340401e-03
3.227631367545522132e-03 9.637351354881029024e-04
3.316669842045073813e-03 1.114936617221950381e-03
2.952355064501821242e-03 1.141607758206421904e-03
3.209082328098961448e-03 9.870955714000382956e-04
2.637614039797365854e-03 1.050942572985565700e-03
4.077040525857235885e-03 8.523492064127899306e-04
4.468421871322057239e-03 1.121663525438524028e-03
3.040567353749405299e-03 1.078610814111671985e-03
4.120358077457505000e-03 1.055838147281426553e-03
3.645352142552457826e-03 1.247224304946916145e-03
2.627854367139864297e-03 1.045574019508800027e-03
2.879842616736313140e-03 1.225910166808066686e-03
4.063002607629623286e-03 9.040294524781570347e-04
3.456439706698207718e-03 1.032284562405953038e-03
3.642311739883041626e-03 8.924770936173233391e-04
3.142887805820985050e-03 8.090661572702595276e-04
3.109329051842954061e-03 9.554001124195018969e-04
3.502967910085005247e-03 8.815417582587931110e-04
2.965198838644453848e-03 1.249889974695757603e-03
3.802817322731214152e-03 9.496885935462874963e-04
2.973994592562667107e-03 1.131330891793326738e-03
3.868913543612639144e-03 1.053358869891298866e-03
3.881284377100914333e-03 7.151802539446687262e-04
3.981604379499818422e-03 9.743033018948810955e-04
3.294001691269807849e-03 9.456148521893482798e-04
4.255033920093828463e-03 1.015951224340595109e-03
3.933665939406716730e-03 1.119962327308509026e-03
3.777627963067361951e-03 8.372222183427796083e-04
2.973744915871804999e-03 9.142739942106725085e-04
3.380035161134895341e-03 8.853125952259830551e-04
3.076982461420896958e-03 1.064758799307147664e-03
3.157894360611034588e-03 7.458583519064761408e-04
4.693300050744585693e-03 1.037869983610719207e-03
2.988860879904876259e-03 1.191870313867139566e-03
3.743824682794793992e-03 1.153883117092170891e-03
2.918224375306104849e-03 8.609441188681812374e-04
5.003969252472183389e-03 9.510283842087096902e-04
4.096707249558479563e-03 1.109983446945994904e-03
2.200739280935516337e-03 1.077952934781668815e-03
3.134232276804166644e-03 7.721242239195499034e-04
2.855070435096025098e-03 8.677783890926963608e-04
4.930288334911616353e-03 8.575304102704677835e-04
2.842263912097529269e-03 9.435568968980799108e-04
3.644047597050957370e-03 8.776050082070537949e-04
3.933879342650266168e-03 8.669972570887691035e-04
3.726322901476230697e-03 8.457766047934229311e-04
3.433931667501246426e-03 1.015799897109098552e-03
3.682745677846439424e-03 1.212353788445516990e-03
3.283834259197066820e-03 1.077117182444369122e-03
3.109643228017316009e-03 1.138826091623026124e-03
3.858218650436360218e-03 1.150413126918157494e-03
2.711299695805288301e-03 9.652589233185155911e-04
3.745114388793217147e-03 1.008668276646486860e-03
3.658471458152213161e-03 7.990804362308707347e-04
4.321075949770713208e-03 8.668461285578233505e-04
3.075877320650442694e-03 1.088765917141669036e-03
2.581271791903969482e-03 1.206061789182138501e-03
3.868260931809471264e-03 8.746119738092571552e-04
3.064068404033485574e-03 1.095529494534734595e-03
3.927535697440043445e-03 8.129377358261465547e-04
3.410973672687505395e-03 1.156181322555751905e-03
2.708493038724472599e-03 1.089698326661829586e-03
4.541356605211765117e-03 1.235355860019458256e-03
2.724858144529572913e-03 9.820679372156391768e-04
2.575073689049588860e-03 1.088708990636888356e-03
4.161668102932192595e-03 1.040156297376635449e-03
3.386756534825616401e-03 8.531965967451193237e-04
4.327314424490345292e-03 8.423119237416160695e-04
4.214815667647897265e-03 1.136927264235144648e-03
3.371123226022096613e-03 1.087090444586107704e-03
2.426639227872796987e-03 9.588112484372839344e-04
3.856534839613299896e-03 7.972142343472667179e-04
3.097511884137243293e-03 1.194207653244499373e-03
2.759440135441364877e-03 9.600295122119023887e-04
3.397200032790734063e-03 1.092458477423022484e-03
3.791775619392506302e-03 6.866441095314143551e-04
4.082179053499052426e-03 7.589249787961658764e-04
2.881884105613208204e-03 9.571499376896278966e-04
3.399203689135968723e-03 9.927185913049360773e-04
3.550615521604595475e-03 8.516629379725747110e-04
3.142668650687534173e-03 1.123631957030312139e-03
3.296998119221197353e-03 9.796526336983983532e-04
3.406105490136005550e-03 1.084300434121854631e-03
3.949076205432491479e-03 9.825543283940047640e-04
3.535157358084672300e-03 1.118619377084189345e-03
4.470851255179372936e-03 1.107405677840182312e-03
3.040246452099104168e-03 1.111865555872689534e-03
3.200003334234444250e-03 9.972075487109921792e-04
3.549537855707318116e-03 1.062201945428571182e-03
3.132814096102996045e-03 9.791325773551452089e-04
3.499198725006502989e-03 8.953612354878029856e-04
2.383168276130970265e-03 8.718335647294458502e-04
3.326152835404041705e-03 9.225634643849330106e-04
2.784302370016603512e-03 1.034284984108965440e-03
3.202659942869052860e-03 1.170133456178255611e-03
4.035790310096905656e-03 6.028800237321788481e-04
2.536842039608785959e-03 9.621464966555322252e-04
3.404425817507566402e-03 1.137692153686412164e-03
3.188403737156338819e-03 8.811508217044423680e-04
2.817066643806790446e-03 8.199657493524062715e-04
2.694790127481735097e-03 7.524538525647896407e-04
4.069321984437529634e-03 9.599666571171361264e-04
3.257028148153327633e-03 9.775720903306063959e-04
3.576748039850583590e-03 1.137530483444456871e-03
3.866488736687721632e-03 9.133628843553899448e-04
4.346428865600808315e-03 8.679851925731288213e-04
3.188657766205657638e-03 1.113588321761211633e-03
3.860128607253297556e-03 1.038341412586133144e-03
2.418408429209091375e-03 8.088216364288056386e-04
3.397009537127045845e-03 9.491534087268799214e-04
3.084091058514136854e-03 9.782167338421516103e-04
2.238011064675267132e-03 1.061876879069206109e-03
2.984151713325025775e-03 1.056087203781286591e-03
2.449216171867339958e-03 1.105045881709735417e-03
4.224058091125135368e-03 8.922944502521202746e-04
2.792225694331535151e-03 1.090440447604444207e-03
2.749810646050139702e-03 1.078686675502957965e-03
3.411928344783635072e-03 9.592892489612562298e-04
3.566569803009220652e-03 1.100851747152973301e-03
3.864726220958390659e-03 9.100573464980083772e-04
3.464488609852648792e-03 9.652173147834148138e-04
3.821987776915986186e-03 7.976492562605152960e-04
3.630671616286508616e-03 9.753016662415887319e-04
3.734093194166755551e-03 7.345080529255097138e-04
3.469371244474498545e-03 8.456069787844975108e-04
3.682308792096573684e-03 8.885056389940541128e-04
2.818095974193002805e-03 1.162795404392431972e-03
3.614583873803586117e-03 9.041584489049576522e-04
3.448188743214871191e-03 1.100086949016623435e-03
4.013388597771319101e-03 9.419629920016307605e-04
3.620917549442074276e-03 9.948102293428162744e-04
3.741246812774629872e-03 9.058426137230296635e-04
2.897036356314792310e-03 1.142090473156305705e-03
3.971887617399899768e-03 9.807825001291123074e-04
2.872206364526994071e-03 7.671596245006174564e-04
2.573908298414200654e-03 1.067852896691273311e-03
2.610348301141028095e-03 9.435815730216268703e-04
3.847405340982236292e-03 1.041481808680589424e-03
3.530530697750931726e-03 1.188926755402477638e-03
2.608231699476329640e-03 7.829939506731034473e-04
2.718812936270816223e-03 1.068325001975494598e-03
4.283700136941216707e-03 1.124514260068941278e-03
3.451642584989491301e-03 9.745233034184505551e-04
4.000096247501755062e-03 1.150140412895186374e-03
4.335189330279561222e-03 8.867465495308994063e-04
3.209295537935266673e-03 8.261216228778267643e-04
2.702712356159843281e-03 9.859952670142992700e-04
4.804594550300505390e-03 1.076269991912522529e-03
2.406949967991517478e-03 9.223435149380380125e-04
3.659179314150373067e-03 7.530361716972095148e-04
3.986287348782741220e-03 6.224366388865758878e-04
2.733288361373485773e-03 1.045609670897294178e-03
3.521007541090287636e-03 9.830114206710502921e-04
3.624328134724353646e-03 7.579169573883794836e-04
3.371880085042689747e-03 9.452298621639228411e-04
5.050706901927290091e-03 9.149958988761832746e-04
4.665891398850026059e-03 9.458184946285981337e-04
4.264952018907224550e-03 7.958726821725327491e-04
3.525353569780561008e-03 1.005649249182253126e-03
3.464781061022611120e-03 8.825924830789962615e-04
3.661576839633346077e-03 1.069129780526063530e-03
3.171382208695961921e-03 1.155994850741415714e-03
2.924935190449543757e-03 9.723859610312763496e-04
2.817312775052287742e-03 1.061210031507473211e-03
4.888522981304905569e-03 1.238722914936894303e-03
2.421514000245694569e-03 9.916330455468354114e-04
4.441912141429448131e-03 1.058268802513353092e-03
3.294374097922473169e-03 8.638087396907656503e-04
3.677043887807794793e-03 9.624992362951770167e-04
2.237428905691102917e-03 1.145478159422444984e-03
3.454493750241119116e-03 9.882204583156514299e-04
2.148670965179739611e-03 1.273080240428300317e-03
2.850687709761254730e-03 9.959992013578930492e-04
4.021382979455427782e-03 1.094475563245195628e-03
3.561719966798935696e-03 1.031925399288383767e-03
2.635347019925626810e-03 9.020463439381754553e-04
3.277511906068768504e-03 1.176903294797924113e-03
2.813694913294798559e-03 9.821499431818187572e-04
4.134540173032994967e-03 9.276340282308593709e-04
3.627380475530915787e-03 8.869759119475439805e-04
3.003430790465444044e-03 9.502055016076771344e-04
4.093241899758358164e-03 1.085871387527624979e-03
4.160268540503060664e-03 1.097139862015598672e-03
4.073508594890079895e-03 9.104770440077170979e-04
2.477827777979388531e-03 9.236681394251708378e-04
4.879598570408266375e-03 1.051714661289064124e-03
2.466192383531836362e-03 8.309388264606023524e-04
3.792405071261127636e-03 9.962954775449821970e-04
3.568365561063529829e-03 8.509376798842557344e-04
2.898622221030716303e-03 1.045028057761349669e-03
4.223654780043492769e-03 1.082486478979346111e-03
3.999075838874041784e-03 1.056526747161156419e-03
2.941553093177621831e-03 1.037071153788476398e-03
3.777141686081852707e-03 9.895586233112899262e-04
4.216793505768316914e-03 1.056147562101461415e-03
3.541176691229335101e-03 7.686685110566803935e-04
3.471088707848822737e-03 7.972440118367917590e-04
3.545762620020517612e-03 1.068986165400148724e-03
4.366318352399478631e-03 9.678309930921187750e-04
2.976102197776780631e-03 9.289184548266207417e-04
1.863345985095427298e-03 1.040419165732204328e-03
