3.688067351151057185e-03 7.449115809738929197e-04
5.048330945242691589e-03 7.343358868954672457e-04
3.920394228490377449e-03 7.042895963377879395e-04
5.116595292747161405e-03 7.224201524947049995e-04
4.387993943776187164e-03 6.482088923002829765e-04
3.691543787114816722e-03 6.401526148746163438e-04
4.634368298557118085e-03 8.722137472368874300e-04
4.480403337208143343e-03 7.378527734641280277e-04
4.276290620903063638e-03 7.293869875966914372e-04
4.486257803248328534e-03 7.603184089667432361e-04
3.066818008904950363e-03 6.743334108923042811e-04
4.905324980663610182e-03 6.777571514804349353e-04
4.348971689158376286e-03 7.234911603388159435e-04
5.489721926044246851e-03 8.313451735772198073e-04
5.354023085036117326e-03 6.707251143603828710e-04
3.294941876778752048e-03 6.822659052407116422e-04
4.218256432111142963e-03 8.900188013769620926e-04
5.924870333788505999e-03 7.797569196906668776e-04
4.241667529604435140e-03 9.452578119964607584e-04
3.925560672143186408e-03 7.059346599974368778e-04
3.190848551781149452e-03 6.049510021468753988e-04
4.337934018996397224e-03 6.621300943247743686e-04
4.156887398602487557e-03 6.338687350834170927e-04
5.628954593999271026e-03 8.316629790183555819e-04
4.432358121826868863e-03 6.770676816228264876e-04
4.467172494183197992e-03 8.350862618595422627e-04
3.539997143976701677e-03 8.176890077154408323e-04
4.447196955469059389e-03 8.686751739024668219e-04
3.623264367006712519e-03 6.969927843760686647e-04
4.300999410205183851e-03 7.298214866636722154e-04
3.949388845829482700e-03 7.813260857661630992e-04
4.421243493125594226e-03 6.538957834218426298e-04
2.879760862180879080e-03 5.505916935685929801e-04
4.173124670760947064e-03 6.317968549533085681e-04
4.541822688676025975e-03 8.497326337146479929e-04
4.075582148125753319e-03 7.994471896470631408e-04
4.054637172939367512e-03 6.788955139691527172e-04
4.093288908154963171e-03 8.455934625455247293e-04
4.465139532563396942e-03 6.759802647228029936e-04
5.538636203280908159e-03 8.356460454915279725e-04
5.442043030869398758e-03 7.488771274180109358e-04
3.693130347940515572e-03 6.721600093656136332e-04
6.460576918810465204e-03 7.184861223020109176e-04
4.283376695677234766e-03 6.377977131389462847e-04
4.672231688918478468e-03 7.015272421902194518e-04
4.463942140389691449e-03 6.368864715132691035e-04
5.262691873400023208e-03 7.179661946329409525e-04
5.563670161163522358e-03 6.836033450996682097e-04
4.603304767837078544e-03 8.136588440358269968e-04
4.450465372622197657e-03 8.281328026623931268e-04
5.871988356978918508e-03 8.104298310995062616e-04
5.278383955887879474e-03 8.206021134832964647e-04
3.589417117711919767e-03 7.390982634892193657e-04
4.125675721218581039e-03 8.376292955050584649e-04
4.958722491681857164e-03 7.079296740681946445e-04
4.878287323012470318e-03 8.039255229260323758e-04
4.687714847971423925e-03 7.164607551542577371e-04
3.239733939728144108e-03 6.606512445992188641e-04
4.895041297705348370e-03 6.813414059876635393e-04
4.886693019586601551e-03 9.050143783353781007e-04
3.073541547070196816e-03 7.646798377328471643e-04
4.345507468012406796e-03 7.065450103411371726e-04
3.392675583485590517e-03 6.178447089117093801e-04
5.136414878751081187e-03 8.338612496528849307e-04
3.776056896099415448e-03 7.086904161741137183e-04
4.523867928510986840e-03 8.133294347055036949e-04
4.440811039410707574e-03 6.590692075379925166e-04
2.799809602635892902e-03 6.793088108470369700e-04
4.261536280345825344e-03 7.663419579333164647e-04
5.714986199404408808e-03 7.718681920072754119e-04
4.994280274769427944e-03 7.399584648679216961e-04
4.529172517410238498e-03 8.290908199845882509e-04
5.050411540898786140e-03 7.354701687453150342e-04
5.931486560598757223e-03 6.759043528065485822e-04
3.176898382283689561e-03 7.604000855888718704e-04
4.198174757234282052e-03 9.944574338369748315e-04
4.852307499058225448e-03 7.742595581935504245e-04
3.307626390834286518e-03 7.992522931577708155e-04
5.444574321923304622e-03 7.176431748308899046e-04
4.322157973279931557e-03 8.139789746211101946e-04
3.036777110411070530e-03 7.071029942494547194e-04
3.463892988431462646e-03 6.924589065161488926e-04
4.170771204077126058e-03 6.643983456745046088e-04
3.901255886652092199e-03 6.326140906174382338e-04
4.002200301020191441e-03 8.059222163364726478e-04
4.313168469055059587e-03 6.859483419212835222e-04
4.760251556388865601e-03 8.939345830898562210e-04
3.461085961402772092e-03 8.758431611150154904e-04
6.254497486025561298e-03 7.567082069847619373e-04
4.542495965871792829e-03 6.943738517906275888e-04
4.570903247067521248e-03 6.946136174816303467e-04
4.980558672918645666e-03 6.991765410555256070e-04
3.669591795194834284e-03 7.504367664793275402e-04
3.477957422381446062e-03 7.741622899311162301e-04
3.646521351279907730e-03 9.567750262281468111e-04
3.333678899236456206e-03 7.079068151341155963e-04
4.211172941343226464e-03 6.401821209853367570e-04
6.554625586334256876e-03 5.868073812060515962e-04
2.778903939774971486e-03 6.454070782371804831e-04
4.235317335088893860e-03 8.560772704992287117e-04
6.214279781829891262e-03 6.701382388490631677e-04
5.463677294440623042e-03 8.572892808823103688e-04
5.233485743142659782e-03 9.397649545206183041e-04
2.837889546080607506e-03 7.087230429328684935e-04
4.623268418129415462e-03 8.430843106081149872e-04
5.304674724624825095e-03 7.410417585819882493e-04
4.508082763978294751e-03 7.546013431062643549e-04
4.494715968279113828e-03 7.063033351886124651e-04
4.997084869849612206e-03 7.077554475102045819e-04
5.231943575312147932e-03 7.410484574533627439e-04
5.456426419378228657e-03 7.881977110536804833e-04
2.891929145842786746e-03 7.087257941572840982e-04
4.442544589773863954e-03 6.527921198693381090e-04
3.331348881986876797e-03 7.569984138809593898e-04
3.544489282402630854e-03 7.852013446805196058e-04
4.662619803882679832e-03 8.422222113385472494e-04
3.445816064388700951e-03 6.948740419212845335e-04
4.848088240496393163e-03 7.157543886864393490e-04
5.865441851306934552e-03 7.712326961586200673e-04
4.615095429901764842e-03 6.671611491761838750e-04
4.916323087801551840e-03 8.889794761315333166e-04
4.300770006920980916e-03 7.355106645738445064e-04
3.285708953391666427e-03 5.479193220552605083e-04
3.984558346491883819e-03 7.082583763316648538e-04
4.959142073593628304e-03 6.730591686656440002e-04
4.407781468062953352e-03 7.315207510514189085e-04
3.640749300681989705e-03 6.926102084702240183e-04
4.522197071818731019e-03 6.864136119254729421e-04
4.289836265094272919e-03 9.534989139037967128e-04
4.502636184922516500e-03 8.394996162442800586e-04
4.716271652046783065e-03 6.950927281746032077e-04
3.702048393041035800e-03 6.493197279463064049e-04
3.840739682633117699e-03 8.541231031322372687e-04
4.392222326888497487e-03 6.898944814301196521e-04
4.301778660246211028e-03 6.658637957838920611e-04
4.086410831229370447e-03 6.370538371398697412e-04
5.332350068326454327e-03 7.568361902208670415e-04
4.212350286256134370e-03 7.844426989074233586e-04
2.678394621338331654e-03 5.772126393563495632e-04
4.993434104226341687e-03 7.312016508101914451e-04
3.730622803424106602e-03 6.674098490904634053e-04
4.391585378920972657e-03 7.371674678351941394e-04
3.373250669454544697e-03 8.147954446521741244e-04
4.373534485723420788e-03 6.283540760523140993e-04
5.357165498693959062e-03 7.360433927170157266e-04
6.576318938534777073e-03 6.941981525010663913e-04
4.270233737332088629e-03 6.824738587213874646e-04
3.343210646264102234e-03 7.862572207339365042e-04
4.133591837266725397e-03 6.579725153801781450e-04
4.028540540270400191e-03 6.579491363664961238e-04
5.588866242745126577e-03 6.933520562371927980e-04
4.169566853536855328e-03 8.843684660653681161e-04
3.425136947516152844e-03 7.966333289140598755e-04
5.709906451055358698e-03 7.316787587622608502e-04
4.367335246415669954e-03 7.198681457823151745e-04
4.540713606442347769e-03 6.156890624068561517e-04
4.354687583547005303e-03 6.046113319469490020e-04
4.098195612033733379e-03 7.137045911312295873e-04
4.158003964972257875e-03 8.737291581889149389e-04
3.865804807422172119e-03 5.737423750628650124e-04
3.837645252663036965e-03 7.218535087541391336e-04
4.092356831456385631e-03 7.013659888930953582e-04
4.542205477985814671e-03 6.491944445793872663e-04
5.928111855163965480e-03 6.838679269012162658e-04
3.843470692870513874e-03 6.597334479725547969e-04
4.033356064684643152e-03 7.078872606103935429e-04
5.659124613199228125e-03 8.153853747886302119e-04
2.825938670294657513e-03 7.014117930774716250e-04
3.966932515713151274e-03 8.069439143145486215e-04
3.569570709739466625e-03 7.047698303296794173e-04
4.581470600734240811e-03 6.963044708595860421e-04
4.569150664364537463e-03 7.771633879417718998e-04
4.215768983277950327e-03 7.611531059487566938e-04
4.406181021638506425e-03 7.403493736534116606e-04
5.183776176415178655e-03 7.708921407722730884e-04
3.768394781366288075e-03 7.776035195251414147e-04
3.992615010939989072e-03 5.833359717061311787e-04
3.574961801733209099e-03 6.688866248062935553e-04
3.033828979508470993e-03 7.997653797095756554e-04
5.027425794637989387e-03 7.167163979574737781e-04
2.750982787703703386e-03 6.727612757808220257e-04
5.106679701859959293e-03 7.918529825651123965e-04
4.383563686556336998e-03 7.743790695762485781e-04
3.304028348284715390e-03 7.369170021308691764e-04
3.969228065489167900e-03 7.960401414085038589e-04
4.219614835065633833e-03 7.693766566844389239e-04
3.856195785431541616e-03 6.431486123824079826e-04
4.629234989771982556e-03 7.963486990018958612e-04
5.216855768205278313e-03 6.933418768693313649e-04
4.326257523920374118e-03 8.033380742414229173e-04
5.647605718620454796e-03 8.798165952438328011e-04
3.948231462071313466e-03 8.327368045498498555e-04
5.060785900618348931e-03 7.566775915999285297e-04
3.715324521113819948e-03 7.922712987734941087e-04
3.913041434344569774e-03 5.685400658875054952e-04
3.939374992377584449e-03 7.728718001732831633e-04
5.373290875784486782e-03 8.102897496583610568e-04
3.540360572286190867e-03 9.714496114349881325e-04
3.225702835755754529e-03 5.739107135836077431e-04
5.236645723469591368e-03 6.749797827760070212e-04
5.211565500510323759e-03 7.762771310245179714e-04
4.236220936732121300e-03 6.376631533832409059e-04
3.006722368485243921e-03 6.019339025286854928e-04
4.216645315938787920e-03 6.170854083925627872e-04
4.960589859930115454e-03 7.768971500662717180e-04
5.385568994889015221e-03 7.411422262817932973e-04
4.574536402263055905e-03 8.240631710622400982e-04
4.877070394566599722e-03 6.341532718496665144e-04
4.663438192663607075e-03 7.428201674600488046e-04
3.202258587575015480e-03 7.834243721292856238e-04
3.398974992365073715e-03 6.674302415184363247e-04
3.350593848434298312e-03 8.159003544283040255e-04
4.434145466030270377e-03 8.688776821474864962e-04
5.322037127766807499e-03 6.725653823273397862e-04
5.311103108294473393e-03 6.351751147669624023e-04
2.936461413979928048e-03 7.084661561668852397e-04
5.985271040170941567e-03 7.831728430555557610e-04
5.822989340545972267e-03 8.846710662899975397e-04
5.216869995341974486e-03 7.432966180490637028e-04
4.336931054386384751e-03 7.656314242056337432e-04
4.399987385325936258e-03 9.341196054321640029e-04
5.615284554689068883e-03 7.722146367597755665e-04
5.546141867449599222e-03 8.092474833916291597e-04
3.186637913201145755e-03 7.421525434563997197e-04
4.544249770541417335e-03 6.017884023413436374e-04
5.792227029356983477e-03 6.916813534707347581e-04
4.111487823428986929e-03 7.515999438167077695e-04
3.210640833092542282e-03 6.901525167660114675e-04
3.950900594232341530e-03 6.395946510088986467e-04
4.645683431980211428e-03 8.258949376620298120e-04
3.669350459543684832e-03 7.564460842437323524e-04
3.855132065038168691e-03 8.413775149463526264e-04
4.595048455140908483e-03 7.251716965723125664e-04
3.653873545196287178e-03 7.417212626080972506e-04
3.429166761739599334e-03 8.642096370066933847e-04
3.344783298552330471e-03 6.190858699100433181e-04
3.724420165187122215e-03 6.800498513153059631e-04
4.078201794819270344e-03 7.112484624394083176e-04
3.316195588335566543e-03 7.664440344028752112e-04
4.889121562534334831e-03 6.645214811160505934e-04
5.305530796670628914e-03 6.473514756829757593e-04
3.498964721990837148e-03 7.392807934194090946e-04
4.179455692304013918e-03 6.960556795155198101e-04
3.040870248936105007e-03 6.546159322840705737e-04
4.004683311117036848e-03 7.000842124453085383e-04
4.800175971548167712e-03 7.656655471252320645e-04
4.330356408651645991e-03 8.597956872470060522e-04
5.718924468608949617e-03 8.430405885575738582e-04
4.453648051815226744e-03 6.386908161602254750e-04
4.180639894662208783e-03 7.484188580215417720e-04
3.769208851182491264e-03 7.040794275101876568e-04
3.287548492681206108e-03 7.710414895099588052e-04
3.479386335783291907e-03 7.132021034683287599e-04
5.080661148139501739e-03 8.311261914121533369e-04
4.517979979601163300e-03 7.598350101379688524e-04
3.033890739649188276e-03 7.533688754889565327e-04
3.328829844833017942e-03 7.512525164016458333e-04
5.079244910435570803e-03 6.073420408644876565e-04
3.700542212867693331e-03 7.467968954386715449e-04
4.843273454451917440e-03 7.378551895641403610e-04
3.009787182001157080e-03 7.839834099305307419e-04
3.598302812024501730e-03 8.031525139291111927e-04
4.927043737205503982e-03 8.139610041229584664e-04
6.048710699532670182e-03 7.183100009938337034e-04
4.459119605632688201e-03 7.128672471421229053e-04
4.907840760796806749e-03 6.708597514643702174e-04
3.967041886798123793e-03 6.546292026895958981e-04
3.815132303411338313e-03 7.992010732246519625e-04
5.418212810923367893e-03 7.432640484681690305e-04
4.960724016953246655e-03 7.621461251268690481e-04
4.581604949401660125e-03 6.752585287988109239e-04
4.708245231493762319e-03 6.720154716702540516e-04
4.532230031283904226e-03 6.908003897986287993e-04
4.113103958457020246e-03 5.431914421597578606e-04
3.304358367306527936e-03 6.581107169305894927e-04
4.176927557364207289e-03 7.717352012202967826e-04
4.684744778869240171e-03 7.529421610340104962e-04
4.092590287421823438e-03 7.394677817120011735e-04
4.571246811433558530e-03 7.575675167408214708e-04
3.310296567828581362e-03 6.138739487809611543e-04
3.972175022212774687e-03 6.815223555461081238e-04
3.919809478591235012e-03 7.667439829142442057e-04
4.267953887917909882e-03 6.085062418847817130e-04
4.344142384624016286e-03 6.821538500850780808e-04
4.739653031221812383e-03 6.443880878873088375e-04
4.136797108033788729e-03 8.152391930452953985e-04
4.843583881357442153e-03 8.257967483081996452e-04
3.999130388694756982e-03 7.832997353991837108e-04
5.440527395846950394e-03 8.721309444694656755e-04
4.108008840802609626e-03 6.655425161332077658e-04
5.157332531600067500e-03 6.723861088471922961e-04
4.171126384310068838e-03 7.283665754946145677e-04
3.614204888344962896e-03 5.973981443718183893e-04
4.089855544077135655e-03 7.902283795749706543e-04
5.862686292230640493e-03 8.852810847326445355e-04
2.937432941284456433e-03 6.796309196516988390e-04
5.433564195192754423e-03 8.391943810471695414e-04
3.700310481326257988e-03 6.953470261220406423e-04
5.040112219438280285e-03 7.283222040842332341e-04
5.889059805121890472e-03 8.256603295974149865e-04
4.327965822194633147e-03 5.979367808412489483e-04
4.654671966405246608e-03 7.126857900649708139e-04
3.972562997941499197e-03 6.368589482307643280e-04
5.251265659644948659e-03 7.795623377271377339e-04
5.266402157616728585e-03 7.551241633993419381e-04
4.716678117564887703e-03 7.082378029227703875e-04
4.193554595612631643e-03 8.126210687878381890e-04
5.015214504243009803e-03 7.965318520612084353e-04
3.587256046258034767e-03 8.499808185713318828e-04
3.658940023494496128e-03 6.362454780828637885e-04
5.550966429723985622e-03 6.901237645678726150e-04
4.279910317431948399e-03 6.767631083951144294e-04
5.703454020307387878e-03 6.926284095735632529e-04
4.297606745348358376e-03 8.058100960608361634e-04
4.687838272777731553e-03 6.510718986452528577e-04
3.888420289348617186e-03 6.155657614311548821e-04
3.655916689937423972e-03 6.974451740358344511e-04
3.803173584382744856e-03 6.588694025190536480e-04
4.466791159051051313e-03 7.696008271227043705e-04
3.148962957992900661e-03 8.673926596152145866e-04
3.534790613383531361e-03 6.164662383835322907e-04
5.629658551897145230e-03 6.776447563505853854e-04
3.869020404195349424e-03 7.472521899096357676e-04
4.987610789586878479e-03 7.516105931661020605e-04
4.620491670001414600e-03 6.326316271355241026e-04
4.006514519027725395e-03 9.044792236544940385e-04
4.154136249836035653e-03 7.995193484603152359e-04
5.765227065187534562e-03 8.929941997870386198e-04
5.827958652142334328e-03 9.608155726694565151e-04
3.789840404609487456e-03 6.947633061795350021e-04
2.842309313841541625e-03 7.635154266942050178e-04
4.394298250326797092e-03 6.400530769452450084e-04
4.126975618600304402e-03 7.817387643991649798e-04
6.335099282011866402e-03 1.032845763925012341e-03
5.422831606990779173e-03 6.646351303717394545e-04
3.704703384719347254e-03 6.703210715827672556e-04
3.667927502971131837e-03 6.471330347849977302e-04
4.628078649042400433e-03 7.517990140210840336e-04
2.544895805684929506e-03 7.042723969520039637e-04
5.839096290986800844e-03 8.353461404841216716e-04
4.275844662644934582e-03 6.933288299761421756e-04
3.389287535715192201e-03 8.701072278901056129e-04
5.051527268100502836e-03 6.943074909640593569e-04
3.019297198729000049e-03 7.689440162051587721e-04
4.489186070546004846e-03 8.715683002535296953e-04
4.561994728561074956e-03 8.855094055150872570e-04
5.499081919146602861e-03 7.529100160663997022e-04
3.806634770952706335e-03 6.708823599804377433e-04
4.886896076669545660e-03 7.183146768477097774e-04
5.463888614551049017e-03 7.518862802840100895e-04
3.974865322461133485e-03 6.723363806212384608e-04
5.098603231275452077e-03 5.794313080501435967e-04
3.643322980610349485e-03 8.035585181180344852e-04
3.718796923423650820e-03 6.174102000684946346e-04
4.260617821190703508e-03 6.895430643557935160e-04
3.877050288585219464e-03 8.099553815062016365e-04
3.096214289879951117e-03 7.502917312960219378e-04
4.589275242171965939e-03 7.765023377688599600e-04
5.764118117559524981e-03 6.970524399038461856e-04
6.039685077747559624e-03 6.852716425526175510e-04
2.604270959225189405e-03 6.513039330169478761e-04
2.658480267395871028e-03 7.641761191040692550e-04
3.448246509070150047e-03 6.911954830676425533e-04
4.363401864981559727e-03 7.562734201559461822e-04
5.275568704079541642e-03 6.790732306576149511e-04
4.042430748919937852e-03 7.958746427818307089e-04
3.765668718106351953e-03 7.638317395130793256e-04
5.140412968000779813e-03 6.340282987556469796e-04
3.815200365979152294e-03 7.112222947652370279e-04
3.569055436068303659e-03 7.053708333285786452e-04
5.354423358858399241e-03 6.977579482554908605e-04
4.232130239233840817e-03 7.454920756684598306e-04
5.036673445437346922e-03 7.695504717797984175e-04
5.657038197569046710e-03 8.611587511638435803e-04
4.729137919273478097e-03 7.429198645729260348e-04
3.983386530404194742e-03 7.565850285726930880e-04
5.292054935278442396e-03 7.892640002256752973e-04
5.884445647411128480e-03 7.112198937709717514e-04
4.513068000670980920e-03 7.390489461991749630e-04
4.015198450674157919e-03 7.688495656976329943e-04
5.073001575766350989e-03 7.782048546873867332e-04
3.906198763046217406e-03 6.999755233229781924e-04
4.911139097442498644e-03 7.977178660498970321e-04
3.919735610633153129e-03 5.131396175161437095e-04
3.635386479612450015e-03 7.615324303598168879e-04
3.980281735534193892e-03 6.637562593075773017e-04
4.369490043582792936e-03 5.871941519743994033e-04
3.687521661906913422e-03 8.567080626931757080e-04
3.489583496364265756e-03 6.415988257561581727e-04
4.978652824010306246e-03 6.883207816313877299e-04
5.652125825929416904e-03 6.475465668761713669e-04
4.437972284170978512e-03 6.717186292002158771e-04
3.900469425480097493e-03 8.013987451142282796e-04
4.140104823480479472e-03 7.857552928028246984e-04
4.652993559815301987e-03 8.128872319504934106e-04
5.032712568750441658e-03 8.074942495563786722e-04
4.660561346525416565e-03 8.600042892044569738e-04
3.406228595495742421e-03 7.101209231633524681e-04
4.793994600723477245e-03 6.468210712490753307e-04
3.865804358580301765e-03 6.690441802227029043e-04
3.532031954991840961e-03 7.403898227919804243e-04
4.229240717256404873e-03 6.498650320220990696e-04
3.657405167682202616e-03 8.942629537054098358e-04
2.992809596545678661e-03 7.282568707199726194e-04
4.706670784828169939e-03 7.982957797167404730e-04
4.475914067199201173e-03 7.158823057199492895e-04
4.329680078195671973e-03 8.492483647478284419e-04
5.661459090177527534e-03 7.611151692218480480e-04
5.058529690348385205e-03 8.386748503664143021e-04
4.151250198602184603e-03 7.641567391485474831e-04
3.049528731956100032e-03 5.963544046494203112e-04
3.877460009253951012e-03 6.169528306728689617e-04
3.416427082372364664e-03 6.377172724183183651e-04
4.085973021211529617e-03 8.809627428560663732e-04
5.877576476957375312e-03 8.318543367067016180e-04
4.329254552469135806e-03 7.739516664917987527e-04
4.104577845170733624e-03 8.383080261458517165e-04
2.678851505133447112e-03 7.560380707480652846e-04
4.067752094967651798e-03 6.651596193846344212e-04
5.592437935388664544e-03 7.899179612571033274e-04
3.100792178459458367e-03 7.739939405909090344e-04
4.369176479797721308e-03 6.915442444573036748e-04
5.174675544112405413e-03 7.485881488115690881e-04
5.483493544515897523e-03 7.019616370537007767e-04
4.444628551449741720e-03 6.444814570412841842e-04
4.802956814862838382e-03 7.619455348898563490e-04
3.202994460573958552e-03 7.322235570826088292e-04
3.922194369198388382e-03 7.262615983146110355e-04
5.552436777983635850e-03 8.917597753996565901e-04
4.607507622974901969e-03 7.868091100680553321e-04
3.304608757570018981e-03 7.277816748417780977e-04
3.707233581941892994e-03 7.752535460321785098e-04
4.344856319965931593e-03 7.009519930428548739e-04
4.037192405821384521e-03 7.495045583594474488e-04
4.859283409999385836e-03 7.631919557113605061e-04
5.631883815368063720e-03 7.532974842033761734e-04
4.624775791810995483e-03 7.123524417450682314e-04
3.016539905434098730e-03 7.328907496130681633e-04
4.686405026560543953e-03 6.836194293383232503e-04
6.084270698957641027e-03 7.168195183469988369e-04
3.502983351397460487e-03 6.992123764541047053e-04
4.651553085515593849e-03 8.325616269158677427e-04
4.365892456509086299e-03 7.317564175480472093e-04
3.601171513178045430e-03 5.605551900397487105e-04
5.523973980471193548e-03 7.939745492039445001e-04
5.193506914565798604e-03 6.822363043471478712e-04
4.458716572139772780e-03 9.685401581126240611e-04
5.381720981584047978e-03 7.009355173960915434e-04
5.028286326301922848e-03 6.130943243148377977e-04
5.533606655659430336e-03 7.819856674200821069e-04
4.831859233723061718e-03 8.718878664953067219e-04
3.183650236115290189e-03 7.032032388237976616e-04
4.551525648166588819e-03 6.303429948283418736e-04
4.433202081900484461e-03 7.867482572736199256e-04
4.021379054301096011e-03 8.168339620975471286e-04
4.909895900472279265e-03 7.888295377569780591e-04
4.994972179262028265e-03 7.989342575823870111e-04
5.828933550138307856e-03 8.403509260248315932e-04
5.182738935604346703e-03 7.260320721074139429e-04
4.644897684710241025e-03 7.761600814711144911e-04
4.468256379796165315e-03 7.482045283649981643e-04
4.407334694432846894e-03 6.216106026985587915e-04
5.109772142396907038e-03 8.144753120142651705e-04
5.723445873954432876e-03 7.770380725359939990e-04
3.699244758776577130e-03 6.363022403361134720e-04
4.017313549806436276e-03 7.290102431956231328e-04
4.171069228922951247e-03 7.989636320808225518e-04
3.908465711128845770e-03 6.566796899050841982e-04
4.955553052024168521e-03 9.759826823121169840e-04
3.398575039161482684e-03 5.926331306057126217e-04
6.021622400525380135e-03 7.046445983275786019e-04
3.757967760771980647e-03 6.231550902536052818e-04
4.236554975425952697e-03 7.847451013252323797e-04
5.081972476462104718e-03 7.971877532714768608e-04
3.957834699707877928e-03 8.166089841030769406e-04
3.895254346819386915e-03 7.841895297885382579e-04
3.981321128125108084e-03 7.307682416705786436e-04
5.030146187855820405e-03 7.131704818757527917e-04
4.224375961665791969e-03 8.354487320161037940e-04
3.990514494568319151e-03 8.310287889001374221e-04
3.982293888602843682e-03 7.209411295678139512e-04
3.665764830888881311e-03 8.241857803662338286e-04
3.291209808267911603e-03 5.971053770509818096e-04
5.056382167477558622e-03 5.925623020493980082e-04
6.381628580452895251e-03 7.979080005155947874e-04
3.950058181130078165e-03 9.056338322569827117e-04
3.472772330147878492e-03 6.939255047510541801e-04
3.855941378358303771e-03 7.676617885924120685e-04
4.634388177263595865e-03 8.647034050322805875e-04
3.742695423225478844e-03 8.124047251500145488e-04
3.740613111021025977e-03 7.184834101663245282e-04
4.732550214058956622e-03 8.111457356009067797e-04
4.192123921862663319e-03 7.883211212321434951e-04
5.117475430055786791e-03 7.012275244120488469e-04
3.587120097403168496e-03 6.939003839644331722e-04
6.555942477250366329e-03 8.881715561052978694e-04
3.944853575507847009e-03 8.811937716583036120e-04
4.821336842735340564e-03 7.109700050487730363e-04
4.506617089814844018e-03 7.539314652598652503e-04
2.704460544217685784e-03 6.102359097147633596e-04
4.564389762723456735e-03 8.118482117172112506e-04
5.194258974609377785e-03 7.212566086787757652e-04
4.948135915830105536e-03 7.873071590698674151e-04
5.759514059442938719e-03 6.830407999263670002e-04
4.354984740038874043e-03 7.583336292115018355e-04
3.142077897738769672e-03 9.097894734486148801e-04
3.992327918293609931e-03 7.444442835418370666e-04
5.643491519856408400e-03 6.776283313916534826e-04
3.111172921093015385e-03 8.521428204827555903e-04
3.240882040869858764e-03 5.793005223595940967e-04
4.965822108712394933e-03 7.488281540919969684e-04
4.372712650347995895e-03 8.009699835139872737e-04
4.577881002381469812e-03 7.124645941628240855e-04
3.975874507423834622e-03 7.475542432334635274e-04
4.884762250635836696e-03 8.220791286488329883e-04
4.514097158035675593e-03 7.246817892527866300e-04
4.445242406633910862e-03 7.381940908039905883e-04
4.909406957170622983e-03 8.489875731126526534e-04
4.132438355031049261e-03 8.162017952665441469e-04
5.011784066951814783e-03 7.390875222363680079e-04
3.613202313511758475e-03 6.858299459357854264e-04
3.191554559764522587e-03 7.816538461900104148e-04
5.317247333159233480e-03 8.837042379892432430e-04
4.007059139258637055e-03 6.817364110918401002e-04
5.213653570545152306e-03 7.764072717646637329e-04
4.513492595308030327e-03 7.041233920113257111e-04
4.131383135412740673e-03 5.365888462402040567e-04
3.448373456867620361e-03 6.688354304309001262e-04
4.463809300955095920e-03 7.029048450977735171e-04
4.061429692086390882e-03 5.979913190289451626e-04
4.652973559870777695e-03 7.535928775006949139e-04
4.572447591490813243e-03 7.951002770904410603e-04
4.016503519914524888e-03 8.307845829242559502e-04
3.790668975362713414e-03 7.761127945260045844e-04
5.299697211323660742e-03 7.465636079157084420e-04
3.533203990264535254e-03 6.784807387898746231e-04
6.145688251518313834e-03 7.588819187655365108e-04
3.405131410656829765e-03 8.450524810859332426e-04
5.829496030667275994e-03 6.588961275007209880e-04
3.787105103350431757e-03 6.473483106639509000e-04
3.665237178494640518e-03 7.579028533872993797e-04
4.332624760776760363e-03 6.689208782010024100e-04
5.457790804885003823e-03 7.368064491689530144e-04
4.103581072984909157e-03 6.539843406418254347e-04
4.044585767141187227e-03 8.464695845432977477e-04
4.797726010947081336e-03 7.165670978252348770e-04
5.299708711303284699e-03 7.757585768448259020e-04
4.817931402439024069e-03 6.926190181518154495e-04
3.445786107401549621e-03 6.274943988307603348e-04
3.592798140959055538e-03 6.857405931780388101e-04
5.287878948898518117e-03 8.950049725904367067e-04
3.930991572809189837e-03 7.400027673720013582e-04
4.377274922058612197e-03 6.908071712222036125e-04
5.091248428218878366e-03 7.827851956825451806e-04
5.409543122831545446e-03 6.561082117493521838e-04
4.991404298700830196e-03 8.219917889785199926e-04
5.510673210551272384e-03 7.404192831406549921e-04
4.136206504866918147e-03 6.816148476716030321e-04
3.972258457827225128e-03 7.012001796815298766e-04
5.442767685267400381e-03 8.552472661057234542e-04
3.790292252075098001e-03 7.237502787263711945e-04
4.871807189123381586e-03 7.288316646478551876e-04
5.252703404087300139e-03 6.075498838445966658e-04
2.772380616279493219e-03 7.949285722543348231e-04
3.646228488644156010e-03 7.468752394086808485e-04
4.950606398798354339e-03 7.081919146713685359e-04
4.121510792943447986e-03 7.124628422550064854e-04
4.688784013116917802e-03 8.561526134163180641e-04
3.376293271435858862e-03 6.301365762791634939e-04
5.916003424128686572e-03 8.219979959204552463e-04
3.729476334173871099e-03 6.959398082883131451e-04
4.198827920479864667e-03 8.267332441196405864e-04
5.842986822660637194e-03 6.745752588034655949e-04
3.512731110154535073e-03 7.829088730497985992e-04
5.843539845618725241e-03 9.145460510048370947e-04
4.627839781713398784e-03 5.835722336364763518e-04
5.099682009492126182e-03 6.297838540028978830e-04
4.234076835427949721e-03 7.171598166757798274e-04
4.100184173815358581e-03 8.619896628714466061e-04
3.728761947631836424e-03 7.649128097008011697e-04
4.131337713902844509e-03 7.910129109182700759e-04
3.922226393692620182e-03 6.927756998225725795e-04
4.164473181657343814e-03 8.465560350784314151e-04
4.491457111801251331e-03 8.486187126703346236e-04
5.584753591119920833e-03 9.544263446620509335e-04
4.247283054224957125e-03 7.782600960334162647e-04
5.711127851616744876e-03 7.781672882364609224e-04
4.007344156890307527e-03 7.755125558288298053e-04
5.638230246086070943e-03 7.975029070985272146e-04
3.451440687577278163e-03 6.038459376049980796e-04
6.354151906337661762e-03 6.773336208839464846e-04
4.966436928076564672e-03 6.565275073185965942e-04
4.784476188519419006e-03 7.102219342516708465e-04
3.637086139455078439e-03 8.191905678264187196e-04
4.182580488010330909e-03 8.003185960492438739e-04
5.019818716644447454e-03 7.615735969106754910e-04
3.725469666214765996e-03 7.499780580961081054e-04
5.209226017997716125e-03 7.411132298132769736e-04
3.699524350277804633e-03 7.117578463568262391e-04
5.242296931779651288e-03 8.336987975442223002e-04
6.011257868251044731e-03 7.325303814543572588e-04
3.897274397251182954e-03 7.548587675579855561e-04
5.526683043103586788e-03 8.413725081016853536e-04
4.866896062758264627e-03 8.153868721056570885e-04
5.380098280787240506e-03 7.700430264787075591e-04
4.784130732364340333e-03 7.306551231808115559e-04
4.034671381930986928e-03 7.670150850090629545e-04
3.418165969845628205e-03 7.331173308122006932e-04
5.875990833671234682e-03 6.922702289155712157e-04
4.098967209650715426e-03 7.048809314765174059e-04
3.757621660427476213e-03 8.637628816778798084e-04
3.290509590999977745e-03 6.818909500497988057e-04
4.837284951011961744e-03 7.244831231717303519e-04
4.981241480496230445e-03 7.157298912616837224e-04
3.820599267984541286e-03 7.379555898236229853e-04
4.942301599309258976e-03 8.094551396727710105e-04
3.527140176358546479e-03 7.427301399208639972e-04
4.328931735532836299e-03 6.031077957393859209e-04
3.781816508333318491e-03 7.544794873479167534e-04
3.634440775480579557e-03 7.563036954589046025e-04
4.344888091135135771e-03 6.979127571363637726e-04
5.862949371312799196e-03 8.175837197877544463e-04
4.452875217736343080e-03 5.071637835949633667e-04
4.331804448009037717e-03 6.684032839353332839e-04
3.215840768541106814e-03 6.111173919177297119e-04
4.109340757053511414e-03 7.130611182548089082e-04
3.119141181584538392e-03 7.014027200460766411e-04
4.428477467780565259e-03 8.601708984374995806e-04
4.103931110971974563e-03 5.916603279450242557e-04
3.788626225701795160e-03 5.872924678648046249e-04
3.765621978145050879e-03 7.615128286673958748e-04
3.663727727133702077e-03 7.147374326092846694e-04
4.671469762110035812e-03 6.230168714615768374e-04
3.922325669734602789e-03 6.337573228885610326e-04
4.371999106351863625e-03 6.560379040925849161e-04
4.529067412070738978e-03 7.119947688440680282e-04
4.173327601635707512e-03 6.595419319334655441e-04
5.319037942112189894e-03 8.040400175338994690e-04
5.321596734631575676e-03 9.039310994524202194e-04
3.672559056417907392e-03 7.027068579004995454e-04
5.969445445846362740e-03 7.420460417281350566e-04
3.458151302434326734e-03 8.388972515083999507e-04
3.830500156057163857e-03 7.027272098557838962e-04
5.357521850746216167e-03 8.020068336892364255e-04
6.578725477368944398e-03 6.714135766120054747e-04
4.730425990256519053e-03 6.676770236735556129e-04
4.956812115429816423e-03 7.162630913898221114e-04
4.977754187936901317e-03 7.937036795227413394e-04
4.045333581226530362e-03 7.661580506882292949e-04
4.086828704182199345e-03 7.645451876130849450e-04
5.775410708638315481e-03 8.592407765438235404e-04
3.785199174825606191e-03 7.974364397158890255e-04
4.083892585143441938e-03 7.603590198991619104e-04
3.949427440682155843e-03 8.394685533648519942e-04
4.666672809047507989e-03 8.685565932081311998e-04
4.299475095531211065e-03 7.658126435465771858e-04
5.949043613079717414e-03 6.864176993137252386e-04
4.826451736102724613e-03 7.274785120590092791e-04
4.185813604714367156e-03 8.902600855835217462e-04
3.521876462797408208e-03 5.592438249761911596e-04
5.248244439946416970e-03 7.120458537321609381e-04
4.606093157652165967e-03 8.229495645173238484e-04
5.548733858249181930e-03 8.129136961417856699e-04
4.048702931396226147e-03 9.498412276992472493e-04
3.782504230362970354e-03 8.340126394668222372e-04
3.810761695019833101e-03 6.246715754236079965e-04
3.560810446306095136e-03 6.017368095933450138e-04
4.987746115538546979e-03 6.776247970020088125e-04
3.423402835795273571e-03 7.024338378507714300e-04
5.023850194991737010e-03 7.237517931417865313e-04
5.284237024853100269e-03 7.414437883277223782e-04
4.246662582121973027e-03 6.774361406239045669e-04
4.744987433035715782e-03 6.660848709239131213e-04
4.235666893819915561e-03 8.532943131747529417e-04
4.289814831501850313e-03 6.928984165834333906e-04
3.295081424273804075e-03 7.859798356365652787e-04
3.865341942009503391e-03 5.392330507464454222e-04
2.846185511907707837e-03 6.844090711262672830e-04
6.038667398014091470e-03 8.087802143494888336e-04
3.823553616127460617e-03 7.525412797729778055e-04
4.438056407238584120e-03 7.002521142170280372e-04
4.121123509465695299e-03 7.062130837213240588e-04
6.053121985183445089e-03 8.131460051944108163e-04
3.377385957022743281e-03 7.078142414802215303e-04
5.145168433016987161e-03 6.871045958560398695e-04
4.096851870965040852e-03 6.826857899744130740e-04
5.969699426628845285e-03 7.550919156743751345e-04
4.585740362660030087e-03 7.532908141094187601e-04
4.604036245749045832e-03 7.393999686191468721e-04
5.741157112204161098e-03 6.749085684837660259e-04
4.212898965271790093e-03 7.398027483067421079e-04
3.774964904309990616e-03 7.885624081306731679e-04
3.564127782859109837e-03 7.090418843047732777e-04
4.507552269672679759e-03 8.505806849732261204e-04
4.628274558746278342e-03 7.631076140837971152e-04
3.630558624808852969e-03 7.066621837944319761e-04
4.684199790432750504e-03 8.044339751854108446e-04
3.527001673638336179e-03 7.199019865082830535e-04
3.362081559241764279e-03 6.987782239224384767e-04
4.186265933790305274e-03 6.502823752140520679e-04
4.344515075116019490e-03 7.754841355927907971e-04
5.492785555983651508e-03 8.411459715491918570e-04
3.516633211678831927e-03 8.066717836257313772e-04
3.548974045920953117e-03 7.105752131125827762e-04
5.316344304938310471e-03 7.646137176785298105e-04
6.200573364977664433e-03 8.765689702251308005e-04
4.040777689081784425e-03 6.756777647032994509e-04
5.819784679746006599e-03 7.583467155879967557e-04
5.056912778034348098e-03 8.472456305984501362e-04
5.774870279060590264e-03 6.631794034468425176e-04
4.796260946819197804e-03 7.096713334584107752e-04
4.421995183692678001e-03 8.005854590566759523e-04
3.893419261932828251e-03 7.852826310805852443e-04
3.890640472262514582e-03 6.146845029838838171e-04
4.390120124029040470e-03 8.766967305540031936e-04
2.955665384557310156e-03 6.827035880205142241e-04
6.022993083321002798e-03 7.315751341987487269e-04
2.741060815852009239e-03 7.994001615637691145e-04
6.230748755859698979e-03 7.753656744436143201e-04
4.413112344275711522e-03 6.939846558617645579e-04
4.197800295540901443e-03 5.959569830014484941e-04
3.515165000933131393e-03 7.067951320965997972e-04
4.045049346594978626e-03 7.288761634245588712e-04
3.307632192192482001e-03 7.930830821811939071e-04
3.663539731668644019e-03 7.743577904544325262e-04
3.203479413904544281e-03 8.249616656965221353e-04
4.708923827721003992e-03 6.829170934532448247e-04
5.187087107960715836e-03 7.877528442711889461e-04
4.711769406612179023e-03 7.175131636743288912e-04
5.203499993685621085e-03 8.826213888285506202e-04
5.956885993904752208e-03 7.748370004823892021e-04
3.998544088396568420e-03 6.533956913986712538e-04
3.422573939359780434e-03 8.875755853225132620e-04
3.994699258547352791e-03 7.891336972167908338e-04
6.056095291990465715e-03 8.417702985573161708e-04
4.583731228250184121e-03 7.122932705490900946e-04
4.734380830825646834e-03 7.706168116838145715e-04
3.723406124166386225e-03 6.761901123485045389e-04
2.913058090523861898e-03 7.827745970247106718e-04
5.148686117125442566e-03 9.473335178358074015e-04
6.351346434642893626e-03 8.558088095982320986e-04
2.881935680034324390e-03 6.072657872171738878e-04
4.845467280222350535e-03 8.281162521249149644e-04
3.965676307922166507e-03 7.400737468234716088e-04
4.739865757048382540e-03 7.754914254975792337e-04
4.415651044103672575e-03 8.361330071909203569e-04
4.843649466202720744e-03 8.024398375016701798e-04
6.010076676834110072e-03 7.434888477399549970e-04
5.058006166100343856e-03 8.705654896768710025e-04
3.222669303509226053e-03 7.742632560505873862e-04
3.785760784018368449e-03 7.260267361117675195e-04
5.587340842044517981e-03 7.414789048499666061e-04
5.079126221540771619e-03 7.912342938047648398e-04
5.429686592487373807e-03 8.911210090616532645e-04
3.778701518789730120e-03 7.453290406707565631e-04
3.450366714308514531e-03 6.487093243593065840e-04
4.974802017210082708e-03 8.352624796367238112e-04
4.872603364136754260e-03 7.711095855326357976e-04
5.569471715471311854e-03 9.030444129466102653e-04
3.350944868671450975e-03 6.658087108188866536e-04
2.962821415240202930e-03 7.199456503800633284e-04
6.135146057588509658e-03 7.718620852358743520e-04
5.688737245801392395e-03 7.360162005269767866e-04
5.218817454564798723e-03 8.378942063433773325e-04
5.439624565727051685e-03 9.363318710854072469e-04
3.738419635437006602e-03 6.258605824597815795e-04
4.519795882647039721e-03 7.934476758429512321e-04
3.807295857908591860e-03 6.369721837697200082e-04
4.522354923633155332e-03 8.420882790123458391e-04
3.773715711778170227e-03 6.665668772793373375e-04
4.193100652315396963e-03 8.180970876317347111e-04
4.340818883728000260e-03 6.037767781805468978e-04
3.741120098576304794e-03 7.119490653919414514e-04
3.276436238599459826e-03 6.941139818706818735e-04
4.521325144201468992e-03 8.545731574320427357e-04
4.985656925927538403e-03 7.032644520992648116e-04
3.563754400421629154e-03 7.400611231107028128e-04
4.393343351688549885e-03 7.567285962429536874e-04
4.961847943288228910e-03 8.129824403419899388e-04
3.528442444295911383e-03 5.871038044782820112e-04
4.197088032000756072e-03 7.810826844430520397e-04
3.004709222076514669e-03 7.133380494441875610e-04
3.844481617036039738e-03 7.110533106267904677e-04
3.048864297803122961e-03 6.964566295908096363e-04
6.283022871445160043e-03 8.287683864264350306e-04
4.117425730031599486e-03 8.130887370348094910e-04
3.938912458089044270e-03 6.879002746819076145e-04
5.168517713355142394e-03 6.499587601870979083e-04
4.694845958904109336e-03 7.200512420382168153e-04
3.825210606594935201e-03 7.685437826257309358e-04
3.840349219766340388e-03 8.726736404437027616e-04
2.975601134067954248e-03 7.379714963867930241e-04
5.386896924344156297e-03 9.762911529425584737e-04
4.163513011076768605e-03 7.294752510921362777e-04
5.118273107860372116e-03 8.635323054238163093e-04
4.159677294249044047e-03 6.930953975022912999e-04
3.681261092015029619e-03 6.295193750678498672e-04
3.464751420607819696e-03 7.268202473304171980e-04
5.806189802620971216e-03 6.655781990754437412e-04
3.411161121115894885e-03 6.144216681775274995e-04
4.806929775459293716e-03 8.167900910671680934e-04
3.979844727164220074e-03 6.457394913657178541e-04
4.515929183634266771e-03 7.682605180937263339e-04
5.022177769531617313e-03 6.144164720482107487e-04
4.231938706359869226e-03 7.286299509929694378e-04
5.484424606425647442e-03 7.680154508060005325e-04
3.609698681273402435e-03 6.834832207470870882e-04
2.991257075736200501e-03 5.817121070797629879e-04
3.920708464840429348e-03 6.158059438320254240e-04
4.991267463325708281e-03 7.330982506347550904e-04
5.099059058412016947e-03 6.513086774410294533e-04
3.956009524782295658e-03 7.227692882359925330e-04
5.582870239410104782e-03 6.929120443081552986e-04
4.819230820081360327e-03 7.943750768381178419e-04
4.144932523838391544e-03 6.941546834039705616e-04
4.267464373358073951e-03 7.551201091989205973e-04
3.029675346508176655e-03 7.031800642912430918e-04
3.379313782480796845e-03 6.700629893063840157e-04
4.734878432865211213e-03 7.324194519554115676e-04
4.576376821557689989e-03 7.763635343073051805e-04
3.977537629437869621e-03 6.563599371301774088e-04
6.021911078919570115e-03 7.371449330862379565e-04
5.043635516796159124e-03 7.855792048285577690e-04
4.339677799003744361e-03 9.227260011460608003e-04
3.950561702374772929e-03 7.285791748940853574e-04
2.742518749999999818e-03 7.765621508379892983e-04
3.608542100787861303e-03 6.835751956605837232e-04
5.946327513474843757e-03 7.207102837451144842e-04
4.375211287194968705e-03 7.742943222582668620e-04
4.280365322756326391e-03 5.862439388356770241e-04
3.940529829551600062e-03 8.279929999243936618e-04
4.034927199921755150e-03 7.529217868512389335e-04
4.214022499119897749e-03 8.400621668694854957e-04
4.494978560698554594e-03 7.691369702513996395e-04
4.717954821257076999e-03 6.966728742235855183e-04
4.273408011703553298e-03 8.055370314932876284e-04
6.600662047361867228e-03 8.105739368967485297e-04
3.945492598852042704e-03 7.115797428696251335e-04
3.846171576825892398e-03 6.091853501720373518e-04
4.512690530479218469e-03 6.492386294611996421e-04
3.934007639676038483e-03 6.139099809708218735e-04
4.947157218960592483e-03 8.144734786268514968e-04
4.018518665450504165e-03 5.748120140743582813e-04
5.169225171319321091e-03 6.805880607553867071e-04
3.354073649476686791e-03 7.543765410295791719e-04
5.303612075081056906e-03 7.288720429139475526e-04
5.409864227878003265e-03 8.593017476941095661e-04
4.352112548511782864e-03 6.291546014424055774e-04
5.327651042458427487e-03 7.798007120408546444e-04
4.101652969314928572e-03 6.043629201672379766e-04
4.437654217438995706e-03 7.818192672095845407e-04
5.279571718562393011e-03 8.793825107552768897e-04
4.382781369334023090e-03 7.317405082728745645e-04
3.855774712125379679e-03 7.638244296787445944e-04
2.715394105568571560e-03 6.549154931414578450e-04
4.248879738780931940e-03 6.573115283605938247e-04
4.216094476125608649e-03 7.786303654813497106e-04
4.045084321150710198e-03 7.698100405306333239e-04
4.387062598836228601e-03 7.304439110252842907e-04
3.410485354080767303e-03 7.797051588424782362e-04
3.248153185106845801e-03 7.276935541626429254e-04
3.273711547066753772e-03 7.279631810536813614e-04
3.476393899178622116e-03 9.133424799400552928e-04
3.337883462249969894e-03 7.846045033056894954e-04
4.599397217877706188e-03 7.151739610749848321e-04
4.023762359101518658e-03 7.385633538622102820e-04
3.961634672118369976e-03 5.570111888392924532e-04
5.380478994067332092e-03 7.615596792709072946e-04
5.824202271939162706e-03 6.395444680717590064e-04
3.887276398159921539e-03 6.435749558522284785e-04
5.200646210075676214e-03 8.051553115345623599e-04
4.681282206975163722e-03 7.202288746799290209e-04
4.668652346014493665e-03 7.641370768633541340e-04
4.622199791248355477e-03 8.126005496547858984e-04
3.781921149334441234e-03 8.401589113553620822e-04
3.106274381303795410e-03 6.474248706701943214e-04
4.701644422158882120e-03 7.008373356277170776e-04
3.627228788533618745e-03 7.145027135406135281e-04
3.524252512695226405e-03 9.572047638974771943e-04
3.925909647689385627e-03 7.987437368806188940e-04
4.646221358482299259e-03 7.632646093602946883e-04
5.281399360097723331e-03 6.681170461312645800e-04
5.362252310239573258e-03 6.875048260082636557e-04
4.370286178904114749e-03 6.866170788397355645e-04
4.636579299486778306e-03 7.105174213203886528e-04
4.451952685158464158e-03 7.151681865073859995e-04
5.923135789998224335e-03 6.607145538269869464e-04
4.287278695671598722e-03 6.552630834684842987e-04
4.045131732966231533e-03 6.595783554827878113e-04
5.001656213621313504e-03 7.225550200278773021e-04
5.963478261749520851e-03 8.654387696154582262e-04
4.345925619984114009e-03 7.718619186968624958e-04
3.714005949657279287e-03 7.385955152640856156e-04
3.991486617350004269e-03 6.882254128682142175e-04
4.954996445662146649e-03 7.358114316565437943e-04
4.492147168217366406e-03 8.246079392363522007e-04
2.993248234411981581e-03 6.583329488668145189e-04
4.375397171697095397e-03 7.362068581691579060e-04
5.280661925709766516e-03 7.627494705126327190e-04
3.779793379256592752e-03 7.447786517577233969e-04
4.213566277877069631e-03 6.775296959423442915e-04
4.203561284722221250e-03 7.606232958418542543e-04
3.469609454444238985e-03 8.242921704263706222e-04
4.248975402788878093e-03 6.381467639543118376e-04
7.076481459838645377e-03 7.647142082951693043e-04
4.355557385858249350e-03 7.782022940811100234e-04
3.932740314814883037e-03 6.972830367710451237e-04
3.622836253048018675e-03 6.385731740590197200e-04
4.372560098855829934e-03 7.734903666305304555e-04
4.889393165642737064e-03 8.714679272952785506e-04
3.942430076328718759e-03 6.459047689811593359e-04
3.814023193359375539e-03 6.318190762958829582e-04
4.700962041618338486e-03 6.990017951492144685e-04
5.062404340208068697e-03 6.560329182626661784e-04
6.540208673619032562e-03 7.177912261090547237e-04
4.251369794469176712e-03 7.346246062014006196e-04
4.646829015973372688e-03 8.660388994089553713e-04
3.353235604498866311e-03 7.720577016348213533e-04
5.493852365582282786e-03 9.606734875168526210e-04
3.461808325904792549e-03 6.669594167729892302e-04
5.838512064937339055e-03 8.243156168995482069e-04
4.279431665602594949e-03 6.570267846171371114e-04
4.707161751087759333e-03 7.639020555441568446e-04
3.912883941551104257e-03 7.338323130973594711e-04
4.627981991686179984e-03 8.992697367842170369e-04
5.643890980027138800e-03 8.308209660215357855e-04
5.309711299387099258e-03 7.315213741884055805e-04
3.711693809908924932e-03 8.029758548758665366e-04
5.020477668559559896e-03 6.492763788770174963e-04
5.449682570172393638e-03 8.302528432322590479e-04
4.734793706635385784e-03 6.614121627134696537e-04
4.096898818506979935e-03 6.407045795101201993e-04
4.204594871901097194e-03 6.011125439147129660e-04
4.511366242552738472e-03 8.382495758860707136e-04
4.521750952788269017e-03 8.866557623111633859e-04
4.460810128876017445e-03 6.885118382777276639e-04
2.361596646920443524e-03 7.404055183937976927e-04
5.454398466565813820e-03 7.119329024710731053e-04
5.210892394722613057e-03 7.471839287846940162e-04
3.430603546333796730e-03 6.999027679455179082e-04
5.476189597661925389e-03 8.571957491998108544e-04
4.659774796902232778e-03 7.261161125371211810e-04
4.304098917756350208e-03 7.005005572753656698e-04
3.448674073888840889e-03 7.269917298244544168e-04
4.096493830399007031e-03 6.521171263840688098e-04
3.092488548875432959e-03 7.198949393248707095e-04
4.656082618612470900e-03 7.743986341323424831e-04
5.105621426980719302e-03 8.187944421572079497e-04
4.870005635887218916e-03 7.317851007998600913e-04
4.219731612444812749e-03 7.986093768704232527e-04
4.615125860528137766e-03 7.172777016134095117e-04
2.760393131905098697e-03 6.626549413199397899e-04
4.544300758840403957e-03 7.176562086122040100e-04
4.165205855587925977e-03 9.277009367046978004e-04
5.227120231647849370e-03 9.069710995113730058e-04
4.016855111266476666e-03 7.717376160834317619e-04
4.292704257370551571e-03 7.740260129062480430e-04
4.892773113792763841e-03 7.738162269261194756e-04
3.352022232949233762e-03 6.825230910728070487e-04
4.207164011773283085e-03 7.126622917847938920e-04
3.058427341421249626e-03 6.200451601146683266e-04
3.258209486175031415e-03 8.382289691997222127e-04
3.647037220290854677e-03 6.523405511972982587e-04
4.951460155135469984e-03 8.060877321880474244e-04
5.517580958778625297e-03 7.339832976744187611e-04
4.173602860306341138e-03 6.999157780267169010e-04
4.300124856397295747e-03 7.117156999653040600e-04
4.290298407940001772e-03 8.186205596215390427e-04
6.178181107757295745e-03 8.510704442845887143e-04
3.873652523331104144e-03 8.150499771890141500e-04
3.124687235040627276e-03 7.173884395009605917e-04
3.796918819627825934e-03 8.313762788044868658e-04
5.551982560425124287e-03 7.869871695045696199e-04
3.600954308438900249e-03 6.946525494195662960e-04
4.443315649367301882e-03 7.098670639258993897e-04
3.959338038692623504e-03 7.139848479534079834e-04
4.228551607451129860e-03 9.460717542248768238e-04
2.512896837995002523e-03 6.475588086234171500e-04
3.663809525364868005e-03 8.188226645339484596e-04
4.740431340629834914e-03 7.483777496585621632e-04
3.902086840630595438e-03 7.303041421841175405e-04
4.448711486922684623e-03 8.249790242361142991e-04
3.836389213563360951e-03 7.377729649863548579e-04
4.658135436233452019e-03 7.647679050938352386e-04
4.218630491896598229e-03 6.870444087309380285e-04
4.804778814561901437e-03 6.672453317785450796e-04
3.629035993640249581e-03 8.547102507047914070e-04
2.874503148783154674e-03 8.500390217990256084e-04
4.591508209009357785e-03 7.979979688259798871e-04
4.551317226930180412e-03 7.467735336452433923e-04
4.307025948488403186e-03 6.538795759963995620e-04
3.866918977072728286e-03 7.301521500495272449e-04
3.412330858818482787e-03 8.201577628898110714e-04
4.235916913214737498e-03 6.970777333080738171e-04
4.628634214214986421e-03 7.348006893107724953e-04
3.798734204453807408e-03 8.796105579569922029e-04
4.181984686409997987e-03 9.195394128563114545e-04
5.015370301148428141e-03 6.541455216069790371e-04
5.319678666400380618e-03 7.064121914832978714e-04
3.819258678158705695e-03 8.121313158339733482e-04
