5.837240552093998606e-03 1.558644993533563018e-03
4.433174312876406002e-03 1.518543461055637481e-03
5.662469196959831960e-03 1.792865633196331779e-03
4.993883126703644280e-03 1.291748882827178880e-03
4.070843990228053405e-03 1.408825691007780561e-03
6.191339029455409163e-03 1.646718572430061608e-03
4.736485368847275987e-03 1.416556682949841883e-03
5.430089592182009949e-03 1.543012253415178238e-03
4.109868584272871432e-03 1.757439890223237320e-03
5.147586974102915519e-03 1.449980056322349364e-03
4.661853750585910790e-03 1.614548654962758229e-03
6.171123869241367833e-03 1.703313066309499911e-03
5.451838363770297388e-03 1.046107752016928443e-03
4.516760209938399002e-03 1.506151727134384449e-03
4.724656072768029270e-03 1.837773208503500934e-03
6.431060482543694834e-03 1.421552418027565443e-03
5.920307801728690901e-03 1.173386167503225703e-03
5.838566434374348017e-03 1.380023269287193209e-03
5.742996008476576424e-03 1.333400706802929546e-03
6.390604479178842688e-03 1.277198969207925944e-03
5.683729050303144674e-03 1.670719303764056857e-03
4.249065446628692150e-03 1.092993738554156853e-03
5.739653934564724162e-03 1.315724510067655317e-03
5.349919172898702155e-03 1.463243784314518202e-03
5.488420750356631794e-03 1.464447453143012277e-03
5.498065759876528784e-03 1.769142349263811472e-03
5.772800081352442818e-03 8.324833174863356883e-04
5.632275041740311683e-03 1.312931346564872107e-03
5.328793206728294277e-03 1.615663854293502080e-03
5.478491539595917691e-03 1.452371857277855519e-03
5.085154464267925903e-03 1.331635572281732920e-03
5.295033353978555873e-03 1.367365831147505581e-03
5.468052189262855543e-03 1.023324792457804173e-03
4.799326304261252070e-03 1.648563500022284453e-03
5.466984282124618191e-03 1.289607245584221051e-03
4.482223177552914668e-03 1.163422041189278010e-03
5.841371690845027602e-03 1.551896463351925279e-03
4.947584231215259275e-03 1.371525276328890283e-03
4.593963007335339320e-03 1.643861603271700974e-03
5.345412496238611741e-03 1.277569246911693665e-03
5.107838993781816349e-03 1.127066372067439060e-03
5.418568535090367323e-03 1.216819230333051087e-03
4.791914307724470454e-03 1.289190130092892142e-03
5.064577579958677231e-03 1.305986868964822923e-03
4.957325371647626142e-03 1.582021294266674474e-03
6.099324722963154338e-03 2.045385591486812045e-03
5.673106596424342014e-03 1.484235822053273091e-03
5.486586067748319868e-03 1.485942853462603620e-03
5.489961192643143424e-03 1.600918264571302152e-03
5.281685270850582786e-03 1.456802339348854452e-03
4.801399864262321029e-03 1.158856700890414275e-03
4.763251423552620524e-03 1.429971810362052785e-03
3.975885175839657254e-03 1.073858492564986429e-03
4.753624271525967206e-03 1.505266509288203302e-03
5.600951455318229147e-03 1.324872405654734788e-03
5.089966772341787335e-03 1.729514263577545561e-03
5.573348741846373931e-03 1.185486120093125250e-03
5.838175056910332485e-03 1.650598269968752080e-03
6.067070898747100975e-03 1.332439561137215185e-03
4.140257298817263086e-03 1.116755075092791885e-03
5.470825796416665596e-03 1.183695300610389679e-03
4.689310545314443260e-03 1.414867275138378868e-03
5.237681874660460486e-03 1.715519341449550693e-03
6.142533285605179631e-03 1.667451899825063552e-03
5.612591211324492735e-03 1.594153711324493511e-03
4.606084995351273498e-03 1.231595263848914547e-03
5.657113870722170652e-03 1.120101904985681095e-03
5.786318498539401098e-03 1.506959629991978713e-03
5.899173467734452475e-03 1.360301684821583730e-03
5.458208813244375471e-03 1.798789331213399663e-03
4.843339527828269264e-03 1.201915357627273513e-03
5.457301535908480258e-03 1.303086503228742922e-03
5.091962185650886381e-03 1.081511359126984288e-03
5.545857137541576609e-03 1.772798079783171514e-03
5.097681267127455312e-03 1.348303126065204848e-03
5.601047396959432829e-03 1.373994735120612947e-03
5.436228981624364673e-03 1.396670751783387308e-03
5.089115828739468501e-03 1.425943253365233787e-03
4.975498847235666246e-03 1.604996671155934675e-03
5.357019309184334575e-03 1.077110456314680099e-03
5.145215148295286499e-03 1.273595196856769579e-03
4.749358113561100159e-03 1.291696994487591833e-03
4.273284600838483591e-03 1.439369032358274285e-03
6.301560857087187134e-03 1.840677972975446070e-03
5.433982854063107090e-03 1.305632059723007068e-03
4.917368219628002503e-03 1.245144350974579373e-03
6.082027255087061983e-03 1.413271796135895722e-03
4.772610264633461892e-03 1.745666931518753077e-03
5.574770837644492556e-03 1.659417045976579802e-03
5.257506803336727333e-03 1.341207707924891310e-03
6.182706607922543521e-03 1.387935726863673714e-03
5.598659486512906104e-03 1.614731467359878771e-03
5.486382908950433734e-03 1.193372902189105810e-03
4.968175742382467154e-03 1.208024761690790119e-03
5.089700945552282259e-03 1.409090882659202234e-03
5.359639838039585887e-03 1.785421982916196929e-03
5.692921733959389885e-03 1.194727499101746722e-03
5.216773594453908910e-03 1.335947437665435450e-03
5.708394694184027417e-03 1.428154911660519267e-03
5.284262402542993370e-03 1.333644392651978788e-03
6.105945838252653697e-03 1.739301732358550711e-03
5.153364131511059543e-03 1.532511407024262241e-03
6.018985456192874409e-03 1.630105300940465221e-03
4.724775427329475259e-03 8.425742987392407157e-04
5.509874967808406007e-03 1.505494185213242112e-03
6.111861579414374669e-03 1.825222448979592262e-03
5.865399981990993168e-03 1.385537588122302431e-03
5.115997104578871336e-03 1.307973783869284187e-03
4.318933465106929159e-03 1.271210014159359931e-03
5.205371546198829524e-03 1.273986901792114679e-03
5.114227582989614752e-03 1.193239080710182913e-03
5.400763602039763793e-03 1.331018120979706940e-03
5.097926742774505984e-03 1.342320067604440420e-03
4.560362670959208428e-03 1.407319416368971393e-03
5.214995725504834208e-03 1.189713018885170132e-03
4.919636343896372117e-03 1.146139672674375198e-03
4.757117616297113112e-03 1.540200136265944091e-03
4.899132429870249258e-03 1.466010879806063736e-03
4.387977241663053654e-03 1.379984880551943542e-03
5.405562988488982548e-03 1.319478908106494312e-03
5.285852582001497948e-03 1.593936701924126903e-03
5.147872041948797252e-03 1.270665770310722576e-03
4.688128515339664779e-03 1.194302836425926518e-03
5.428987477864063126e-03 1.656624217105211183e-03
5.859108259665568585e-03 1.395760749057368879e-03
5.150452251012391236e-03 1.340157767496633762e-03
5.239556553261674569e-03 1.713100012026468966e-03
4.824564383536264316e-03 9.960776935453914162e-04
5.557016295399271576e-03 1.554223355942787807e-03
5.357532429366613363e-03 1.382286159611044148e-03
6.289291919667357698e-03 1.590190412528278254e-03
4.190168689999436251e-03 1.533270729122656771e-03
5.692399516245118599e-03 1.476010537460509080e-03
6.075457916404544516e-03 1.270955868273465541e-03
5.928499964932418959e-03 1.838366219004699056e-03
5.521684613074819871e-03 1.356491929925934250e-03
5.485489860693774575e-03 1.150275488224140885e-03
4.702847613855774822e-03 1.081189983386612354e-03
4.425205629235347618e-03 1.488816142247895548e-03
5.153075452605417571e-03 1.536776175062820257e-03
6.038094473469056422e-03 1.265143284925154474e-03
5.767215356563646679e-03 1.171159582095912879e-03
5.200645787897448073e-03 1.436803918689547564e-03
4.606606679009675812e-03 1.615388106989381267e-03
4.806324937116943780e-03 1.199594831242627689e-03
5.732458113597042534e-03 1.459471137282694923e-03
5.259325809501552186e-03 1.276749259022670483e-03
5.934459709522370979e-03 1.319402753202667021e-03
3.831402726606367333e-03 1.361304140704316500e-03
4.933886392443135455e-03 1.895177804852384885e-03
5.659006250222919053e-03 1.562836048025630304e-03
5.079029146349257028e-03 1.285336645706088412e-03
5.743285933749326874e-03 1.262005240987859730e-03
4.737703711688041192e-03 1.702975822601163420e-03
5.377752960396703537e-03 1.706867861016217458e-03
4.727240296848169050e-03 1.306795957689912968e-03
5.304991251562906143e-03 1.054855365622514194e-03
3.782981059949316709e-03 1.458337161418985471e-03
3.997450880292502569e-03 1.301058776556138739e-03
6.083326170846034379e-03 1.556230095991753635e-03
4.024995994671096318e-03 1.958674340244331499e-03
4.670985431961792618e-03 1.539130107887720124e-03
5.051811504197327787e-03 1.421713705025181912e-03
5.244749442306535087e-03 1.907590148856081781e-03
4.698310273483945372e-03 1.659380743282605182e-03
5.844230420787538231e-03 1.483704487086849556e-03
4.606384291413597072e-03 1.664492050385448689e-03
6.310986120883244586e-03 1.706967473412294815e-03
5.343367349520670995e-03 1.259443528077196835e-03
5.385131075137636163e-03 2.334060245584514311e-03
5.350587703073943213e-03 1.637893560938947276e-03
5.069356190201091544e-03 1.252567899687257640e-03
5.280849741860347245e-03 1.531562500106084133e-03
5.088733393922057965e-03 1.113328216093686365e-03
5.000380327214620432e-03 1.339620000126167223e-03
5.669346205974190415e-03 1.468288391135034619e-03
4.607370973185626224e-03 1.599384439780382385e-03
5.560075550890855763e-03 1.436766877421470244e-03
5.767264693350969765e-03 1.566483643725173017e-03
4.706699084109066018e-03 1.502509892710162265e-03
5.758181115093095014e-03 1.173742988526679321e-03
4.719700155691976089e-03 1.181012689765674212e-03
5.238294925921531398e-03 1.167898966325571107e-03
4.921452659546677461e-03 1.417864701095221608e-03
5.916875861855952316e-03 1.595285988471342861e-03
4.372245472749169970e-03 1.542084569627903213e-03
5.751236280487805573e-03 1.424473601083032625e-03
4.828349034833539707e-03 1.112819070579420047e-03
5.613650969595255190e-03 1.434809257391245251e-03
5.919268225840780204e-03 1.450190221661055035e-03
4.991946995409842804e-03 1.586062725797990781e-03
5.522498675085375439e-03 1.513316764403463497e-03
5.237780096487182867e-03 1.175203243086962333e-03
5.297789335382602563e-03 1.610210415315417197e-03
5.659033357247343632e-03 1.526190977456933504e-03
5.581666765101249601e-03 1.645379384270805262e-03
5.469563590826490365e-03 1.207021896908894122e-03
5.128259107079220086e-03 1.175388535978082747e-03
4.941737069719622302e-03 1.154674722953504202e-03
5.142386680938126724e-03 1.042427700152831396e-03
5.743594176383219098e-03 1.714161683941798882e-03
5.252922433978493046e-03 1.672471074349904732e-03
4.762348135953277731e-03 1.207673239104066444e-03
4.970584900327647618e-03 1.159830596126599405e-03
5.178433544767006326e-03 1.929505069693691769e-03
5.127074552399381140e-03 1.646829630068414154e-03
5.299650147097031971e-03 1.339823753689964141e-03
5.115315239033858298e-03 1.360318978350097668e-03
5.179081157012889979e-03 1.187267922601290384e-03
4.785881871241341734e-03 1.608805884399238566e-03
4.488054965871930181e-03 1.516213191720837969e-03
4.627144605024087823e-03 1.598994501910342130e-03
5.769721364006947205e-03 1.249301960960342520e-03
5.250855659041307223e-03 1.150721337376381555e-03
5.484110471520749902e-03 1.227520521148542463e-03
5.633003382244113240e-03 1.993885756110241620e-03
4.438104786001648323e-03 1.595168403579245867e-03
5.400820287335912628e-03 1.251506856651407032e-03
4.063043810334453741e-03 8.915821410825728460e-04
5.810306354865442911e-03 1.470002501869189853e-03
4.337829703079685260e-03 1.275216470197356117e-03
5.077723926202753514e-03 1.331381723208008424e-03
5.416464142187984651e-03 1.119679017991053469e-03
4.719189176245208034e-03 1.446391466208476768e-03
5.697924351969238521e-03 1.424255871888890218e-03
4.282776999510976013e-03 1.116951001958127595e-03
5.801752925973444053e-03 1.359998331013948089e-03
5.108027984100909497e-03 1.284462511464097957e-03
5.050545029716029151e-03 1.039804805766155263e-03
4.321905880771781915e-03 1.634942429214689304e-03
4.530280008129036751e-03 1.476342684338103175e-03
3.910888529512575665e-03 1.496618156135953682e-03
4.732275665984670386e-03 1.507607479320729376e-03
4.639393953319215572e-03 1.070244712629350422e-03
5.080290434834834265e-03 1.109244653905390020e-03
5.482848451006409538e-03 1.392050955754751311e-03
5.333268621452077682e-03 1.224679849654033330e-03
5.245060499275533417e-03 1.645332116307925098e-03
5.263168634675177357e-03 1.447425284921482471e-03
5.007023399381809077e-03 1.113171658178359292e-03
5.248226349913160879e-03 1.399649629137359819e-03
5.340070230691141250e-03 1.553642062806930707e-03
6.004917660318716613e-03 1.616560630379371925e-03
5.142339107429487292e-03 1.131147961145996658e-03
4.070595259030302185e-03 1.387838090328359121e-03
5.169026458700966276e-03 1.941982372621028517e-03
4.857247766557889514e-03 1.571900205979463510e-03
4.994754513656525854e-03 1.359858701554616947e-03
5.510529640619570534e-03 1.280827109251669134e-03
5.197909135613350100e-03 1.361627990881662548e-03
5.430804033271461988e-03 1.457165555546240804e-03
4.267236169416150152e-03 1.167291553535530985e-03
5.787156695380008681e-03 1.385559123111327739e-03
4.619167790020032444e-03 1.255304179822664627e-03
4.372630900194933966e-03 1.211576170465203601e-03
4.185465117086764088e-03 8.734625108267155425e-04
5.428535554881415946e-03 1.494517555894586116e-03
5.282399429824562349e-03 1.624755878378378359e-03
5.356942238217569756e-03 1.083469388324406583e-03
5.052409593029490859e-03 1.419278623678101514e-03
5.704515509222921055e-03 1.422364092488059275e-03
5.449536306214203783e-03 1.646568182010014645e-03
6.416349770152851226e-03 1.418024386960464256e-03
5.081014917439412651e-03 1.322249922866466573e-03
5.603589646228363322e-03 1.544089134117118895e-03
5.270788057562175721e-03 1.509876656463276590e-03
4.781584995821646679e-03 1.288108362606379216e-03
5.262533142854253394e-03 1.363698968275334905e-03
6.197011055167915040e-03 1.568654793854765616e-03
5.648279970070804908e-03 9.865039895296048595e-04
6.375487742926341100e-03 1.360975356308689963e-03
5.861353674968997930e-03 1.526665867615062226e-03
6.288417734215946860e-03 1.246946933065443564e-03
4.980582064184878657e-03 1.456984884821332883e-03
5.001959162777127113e-03 1.844525550481321404e-03
4.780056971203226757e-03 1.110787253895569515e-03
6.110661583143843847e-03 1.711775165381502345e-03
5.887787322566844991e-03 1.542209890767453403e-03
6.356171953094963065e-03 1.501627018454441053e-03
4.909913860103981217e-03 1.409447452103798496e-03
5.451911571900586173e-03 1.361660232614873107e-03
4.999136209021207838e-03 1.275027001686732109e-03
5.704397989603197938e-03 1.799984174037321796e-03
5.762392401062941399e-03 1.560517971354718862e-03
5.719737518079224398e-03 1.217937688178248644e-03
4.963819432225873539e-03 1.759834816765177244e-03
4.952112721467809807e-03 1.194999684122429037e-03
5.556953144251683407e-03 1.399947003817232898e-03
6.527795527724759156e-03 1.957080394425254975e-03
6.113154616409831148e-03 1.756252997779920999e-03
3.900737919874761039e-03 1.267353428170446940e-03
4.976232886944191407e-03 1.558860851715731816e-03
5.832235184532062224e-03 1.713169186202905588e-03
5.314822348317559120e-03 1.376195805555835774e-03
4.726309784853201246e-03 1.309035774644036910e-03
6.432889590866756359e-03 1.792728824708438636e-03
5.595413907494892203e-03 1.414803750890998970e-03
4.758502776621575600e-03 1.169629531007539960e-03
5.223870993797214909e-03 1.233972722586078926e-03
6.078038063421378409e-03 1.495970390859566179e-03
4.323633180885166558e-03 1.807991829766405220e-03
6.366947580337869311e-03 1.688597392165828472e-03
5.817725122765097720e-03 1.739841276371040853e-03
5.030991163930370429e-03 1.373936077246321183e-03
4.875835882613872851e-03 1.134343552188881322e-03
5.144948667148616615e-03 1.364015621741269902e-03
4.450845363405577480e-03 1.177456901516026229e-03
5.581654782184765004e-03 1.685512947275491459e-03
4.848376624296892555e-03 1.518164408027332423e-03
5.053019735657264880e-03 1.925887609831881215e-03
4.326715728545912909e-03 1.262313127758146877e-03
5.252964024163826046e-03 1.273829873993175335e-03
5.533514869927157881e-03 1.280284869927159194e-03
5.304915632384453288e-03 1.355635063039420038e-03
4.724273578423651178e-03 1.277358782732006303e-03
4.912114075176409779e-03 1.175238595582496839e-03
5.487647568341707041e-03 1.789681341860464847e-03
5.502795122954028464e-03 1.499566630306970599e-03
4.953618251046854222e-03 1.379302172417821559e-03
6.382531698972047224e-03 1.177906128966979072e-03
5.476671519587925432e-03 1.844691722013466024e-03
4.253047708262326643e-03 1.105080562516896382e-03
4.956125840839131422e-03 1.413025057062298291e-03
4.697521693268575001e-03 1.443232857583089850e-03
4.359322301882753714e-03 1.150039392834835894e-03
5.198655131291813301e-03 1.523802293388974672e-03
6.466522853936109046e-03 1.453045894688459200e-03
5.308358357486574197e-03 1.400554694588737039e-03
5.245180122856259348e-03 1.318765582918232735e-03
4.289247533443700175e-03 1.316482845875022265e-03
5.827325280111408413e-03 1.448591654840056253e-03
5.398556736720197535e-03 1.465320475204119318e-03
4.627192952315238410e-03 1.166865138107587435e-03
5.250800178758126269e-03 1.223076194467768085e-03
5.552375362345437528e-03 1.439491965236595721e-03
4.020942898290668852e-03 1.295890530750738777e-03
6.246121236358397576e-03 1.291896677998776539e-03
4.436619372441823195e-03 1.141768846067711804e-03
5.058417295542055186e-03 1.292976761069922296e-03
5.218848638210102711e-03 1.240088991340700369e-03
5.241566544535068532e-03 1.921760578181391657e-03
4.799297473392042691e-03 1.254628623494193377e-03
5.221236041515894648e-03 1.191725555738424713e-03
4.668343848089717522e-03 1.277074753153232926e-03
5.143108301809554313e-03 1.555866967869641571e-03
5.298167189906170110e-03 1.369669804750116163e-03
4.421609591428216253e-03 1.469873065019797935e-03
5.544833149559721258e-03 1.198256167507716656e-03
4.529642042413241712e-03 1.572023971072098250e-03
5.644272641405575011e-03 1.633433132999533369e-03
5.141509250848078257e-03 1.495304849087375964e-03
5.031813054770509740e-03 1.037928903836283188e-03
6.203120526911120106e-03 1.388994604883200552e-03
5.335540651181706374e-03 1.753268550072894453e-03
4.789984812618840876e-03 1.372228876523473671e-03
4.821773748453943471e-03 1.240975974306507499e-03
5.089265329514269971e-03 1.199219615204858910e-03
4.224111333497871691e-03 1.282848578395833460e-03
4.223995656751850306e-03 1.564701263369498241e-03
6.166619463825205594e-03 1.550584146474236419e-03
4.745267697399259930e-03 1.529670866777611826e-03
5.513989442452001642e-03 1.513857701909936604e-03
4.981823604859751502e-03 1.316067962061203030e-03
6.422327385299965788e-03 1.447370605638949705e-03
5.366536408169757418e-03 1.251157678887987630e-03
5.237212336926693780e-03 1.690815796046191448e-03
5.072104057814240397e-03 1.702113812795034075e-03
4.979582210943923545e-03 1.586052694021970874e-03
4.637566466577905736e-03 1.633456741476509025e-03
4.680881316021579149e-03 1.491941170196606258e-03
5.129492805663265521e-03 9.702859695545907855e-04
5.077909623536265397e-03 1.308665149537513103e-03
5.032281011631246741e-03 1.406775885345932283e-03
5.679932019658323096e-03 1.646957337384076514e-03
5.185420014712538959e-03 1.347321167194809278e-03
5.354727177330116834e-03 1.627925703946083835e-03
5.910051616096446796e-03 1.033338283378850515e-03
5.504840777197078823e-03 1.484721717989566933e-03
4.635964074269777191e-03 1.524869595960205541e-03
5.911223912163698045e-03 1.436351693911861122e-03
5.561138559323433248e-03 1.757461824726182405e-03
5.135215357134666724e-03 1.278985603264083930e-03
3.668328057061612160e-03 1.345837815174185433e-03
5.237361449860902275e-03 1.424850089316684115e-03
5.487638781016070805e-03 1.466177506914331189e-03
4.456774436479750065e-03 9.978521004141767837e-04
4.795944072910928932e-03 1.515560733833806219e-03
4.931667624521072699e-03 1.304212962962962314e-03
5.597790464705278655e-03 1.487925059775702368e-03
4.520541925000167924e-03 1.478635372629581984e-03
5.926160675974367388e-03 1.642808698469632117e-03
5.132119038234762669e-03 1.449306771597380639e-03
5.032700010960364755e-03 1.326700293333631358e-03
5.155026940277933692e-03 1.558622765035358590e-03
5.206846847580947485e-03 1.173860920244230738e-03
5.930976366337430139e-03 1.492981992497756068e-03
5.032048078483375951e-03 1.731581271476022917e-03
5.272609905199929919e-03 1.518356058215103097e-03
5.496704868192749290e-03 1.351739639990294506e-03
6.117640846610898284e-03 1.596174452359805981e-03
4.758605232260142495e-03 1.159667594046962305e-03
4.665860878202279967e-03 1.238004026720429702e-03
5.309497771602214242e-03 1.373564108855713584e-03
5.702925637954704870e-03 1.233404796764678768e-03
4.979605956273158544e-03 1.629722680810195660e-03
5.604998301544853248e-03 1.699989809697027583e-03
5.517741927439152871e-03 1.257464150808270406e-03
5.116275434303683284e-03 1.466904116791410088e-03
5.261973171454067608e-03 1.741518937938349009e-03
5.138001114026267274e-03 1.217194819286146956e-03
5.809508437617819272e-03 1.527518031113753996e-03
4.706044116656767952e-03 1.677884572269230630e-03
4.221882695485853522e-03 1.345047905276064003e-03
4.561810340750845419e-03 1.047410603493883260e-03
5.202767474958506187e-03 1.439361862939554561e-03
5.733108251293700039e-03 1.087282388754165106e-03
5.495809482773735856e-03 1.380621205996752053e-03
4.798145310446988616e-03 1.219318482587607730e-03
5.017796842452959538e-03 1.426774796704145159e-03
5.973688542797863515e-03 1.403055622438547159e-03
4.600558536940769008e-03 1.348885620274102018e-03
5.400128088074968025e-03 1.445178173067683536e-03
4.945410034399305363e-03 1.481377293000860421e-03
5.076611689413111639e-03 1.264381143055495586e-03
4.945688038898685655e-03 1.144321518233816981e-03
5.317334333506215649e-03 1.423751944821572768e-03
5.636037818631095195e-03 1.253341930473199405e-03
6.302876769450089373e-03 1.462391123845695803e-03
4.859492862602177166e-03 1.645691561102020223e-03
5.621277221064103699e-03 1.636483301265477400e-03
5.391389511258678525e-03 1.462733053270079235e-03
5.043575363549487184e-03 1.784658272324705485e-03
4.486069787326389495e-03 1.330002187500000169e-03
4.996983828664415712e-03 1.087503707876407311e-03
5.246877775993548550e-03 1.448012816878585865e-03
5.904800951242003548e-03 1.295875234289689147e-03
5.411324952229299226e-03 1.212845076791808745e-03
4.804711512049569984e-03 1.357025402331389760e-03
4.742042219164766328e-03 1.729231917309327800e-03
5.552811712828432944e-03 1.321945745611722688e-03
4.921640026600673616e-03 1.238919612665144096e-03
4.149211896538813546e-03 1.314513918669642538e-03
5.371225483466252580e-03 1.482524590609108532e-03
4.944769354509883155e-03 1.264931713744116282e-03
4.786138691066481494e-03 1.220787775461385513e-03
5.821604834214081682e-03 1.229477988837236573e-03
5.972302081027652115e-03 1.565370664017667630e-03
4.387358034606642261e-03 1.568477955091391153e-03
6.254777884300095382e-03 1.436072028444243098e-03
4.975441463886442865e-03 1.391709335717745575e-03
5.217243996134020637e-03 1.534560797131909659e-03
4.141193693316632882e-03 1.427386472325216588e-03
4.474751369540670536e-03 1.344080040470106534e-03
4.767250790625879656e-03 1.165192369141069498e-03
5.111714013304068625e-03 1.421488559204902484e-03
5.757960089575055174e-03 1.749532300507794470e-03
4.926644965320314123e-03 1.488126838051255551e-03
5.261996860040026730e-03 1.314324835489407870e-03
4.841958750024227126e-03 1.038077744626115639e-03
5.535393967681673071e-03 1.959910499918889742e-03
4.587304260099839617e-03 1.444850621302348455e-03
4.849327267129624475e-03 1.808423996619646810e-03
4.804165081846770678e-03 1.407749698436321821e-03
5.408072695223922581e-03 1.038836725836167875e-03
5.215677196146754381e-03 1.758855343777853113e-03
6.047295959266966482e-03 1.664379879623493087e-03
5.324951106203097174e-03 1.424502628923045820e-03
5.990841895813034217e-03 1.636983412209747513e-03
5.815862758183035219e-03 1.222894994976260214e-03
4.918292543849430223e-03 1.265159743899972947e-03
4.615389894967543774e-03 1.438892893493410978e-03
5.461366396467995203e-03 1.611340730559816586e-03
4.127798675040485546e-03 1.345392368564581140e-03
5.725773706344972937e-03 2.106618414890531858e-03
5.005766333661499506e-03 1.218243115062465562e-03
4.688655112965314092e-03 1.577398419903475527e-03
4.669304070891823651e-03 1.556658898545565470e-03
5.726706232524971310e-03 1.393698732524970224e-03
5.435806054557549075e-03 1.063980611483967371e-03
5.489939292539976722e-03 1.640527741130914799e-03
5.144331220564588546e-03 1.430955732102578027e-03
5.261457616100399630e-03 1.154578836836488414e-03
4.392841627012552749e-03 1.419117387764353517e-03
4.810357287138651745e-03 1.435678534440443200e-03
5.671028892682910064e-03 1.302531519412510833e-03
5.717986272098362494e-03 1.537567481117501625e-03
5.287992985179774605e-03 1.626435368311518080e-03
5.458503833290820860e-03 1.542421912717351767e-03
4.523324623237722289e-03 1.404940654070347501e-03
4.887884923802219943e-03 1.577187454561817300e-03
5.337974125103472391e-03 1.465705541727688839e-03
4.912218993239365200e-03 1.316189515915442906e-03
6.392444053529080204e-03 1.322407095371345423e-03
4.577828982834292182e-03 1.266007574996847861e-03
4.660980264824926209e-03 1.760514750006189882e-03
4.838295799823522786e-03 1.359383280969824912e-03
5.233761917821745657e-03 1.413574858526874933e-03
5.361371367570761347e-03 1.436238192305974151e-03
5.783746347014737457e-03 1.196388923643090449e-03
5.286987184621084850e-03 1.461541460345358416e-03
4.145771112010154108e-03 1.292787487660170811e-03
4.921790305013166306e-03 1.148227260342558420e-03
4.790174154125971875e-03 1.505598224143792638e-03
4.941118849272286596e-03 1.443659896850740506e-03
4.817561295482815018e-03 1.430219178758075985e-03
5.954921352988837117e-03 1.246450444521055240e-03
5.154610391945106153e-03 1.369521288393252267e-03
5.509910058613503615e-03 1.648140180730192075e-03
4.400875409205275840e-03 1.311287217736875794e-03
5.434127515293193933e-03 1.551624405883749065e-03
5.634900062769928122e-03 1.404201289349794012e-03
5.622414231803807977e-03 1.803713632584187264e-03
4.935899778044445380e-03 1.456843699586515654e-03
4.647393174290413362e-03 1.608085660176520855e-03
4.449480084388675316e-03 1.651318133244582828e-03
5.504899539932561064e-03 1.552044495339472601e-03
4.660561625874125660e-03 1.256399104095562739e-03
5.706549225343972645e-03 1.553070999537518870e-03
5.044209592048229038e-03 1.470145581845974355e-03
4.458018508632323115e-03 1.727947397104442288e-03
4.917676864282309081e-03 1.786961114103172111e-03
4.271055409183553524e-03 9.436900147163393253e-04
5.438090454662741942e-03 1.237141360621203667e-03
4.372434271060790696e-03 1.035564954514028900e-03
5.722470459709536397e-03 1.162958384330969788e-03
5.398195103187185956e-03 1.398176682787752225e-03
4.449954044494756726e-03 1.574186961797440290e-03
5.622529777821049131e-03 1.282564644302607504e-03
5.818660398032037689e-03 1.622643357403866487e-03
4.742288981654798133e-03 1.379674584333368589e-03
5.096667795698531407e-03 1.323053252896975313e-03
5.419903927645706998e-03 1.416356246160526333e-03
4.623365573224993454e-03 1.135587747571156639e-03
4.645814357372115254e-03 1.497319707579698603e-03
4.629486232650191144e-03 1.273673990720761628e-03
5.443851406513202859e-03 1.705887326053433500e-03
5.357540775282305413e-03 1.301323035594456699e-03
4.946395258951118493e-03 1.199479033703827746e-03
5.404098183081197312e-03 1.383689307579190429e-03
4.844869943984462558e-03 1.379105119200309173e-03
5.594579467916707682e-03 1.606143385488761118e-03
4.966513017452318761e-03 1.417036855380915611e-03
5.024367072846875303e-03 1.146867452761775319e-03
4.292171087615486054e-03 1.981453211741361631e-03
5.246789337835333460e-03 1.349923310451864788e-03
4.793324705893978535e-03 1.383270570547627185e-03
5.688598380054919398e-03 1.389003724014243289e-03
4.950273757444262519e-03 1.229193761152084239e-03
5.582985913995540221e-03 1.426883157784359897e-03
4.599819541258015620e-03 1.423085146848076599e-03
4.970299078434141198e-03 1.195117213035856631e-03
4.309672551126928451e-03 1.182103864224400480e-03
5.952107828710844623e-03 1.248209887859544906e-03
5.577144422226968691e-03 1.768481899825536914e-03
4.723562408550412844e-03 1.665344902012022609e-03
4.442707063779965417e-03 1.206132751474521233e-03
5.319552495107125398e-03 1.420169141749915397e-03
4.268052670938655806e-03 1.748271963000521366e-03
5.482857507538498043e-03 1.474849671680414278e-03
5.119262413793101638e-03 1.382212509960159237e-03
5.833126087860716208e-03 1.825114586998150251e-03
4.899499894546077705e-03 1.386121647792832538e-03
5.402058000635048818e-03 1.235087735730465647e-03
5.362836405329208730e-03 1.748254076301759699e-03
4.015887144496961374e-03 1.648927250812418479e-03
5.409330780832109428e-03 1.117922951650615442e-03
4.628939632967404502e-03 1.640705227509313587e-03
5.709504827260908875e-03 1.316243982801442152e-03
5.041615289663283102e-03 1.472139789897550927e-03
6.393650543818425909e-03 1.498907906986608708e-03
5.258464673466693023e-03 1.540383385095441633e-03
5.291502922205196767e-03 1.310515454158832881e-03
6.403845437265831206e-03 1.118173395022360609e-03
4.824887857840806128e-03 1.380170535698519623e-03
5.306069373839431697e-03 1.449713790049289488e-03
5.767024511835927743e-03 1.285801887282213242e-03
4.849348936557701037e-03 1.562494309827312669e-03
4.537386994255030760e-03 1.018356131677369738e-03
4.720754843672628903e-03 1.509120074691219435e-03
5.898284917649002958e-03 1.790513826770285784e-03
4.715840347254383891e-03 1.253561625048136771e-03
4.875223476222324305e-03 1.253702033967262798e-03
5.840115379863349866e-03 1.707141832355313490e-03
5.244979538044834688e-03 1.335669151876231692e-03
4.599124871425439194e-03 1.868770328658391150e-03
4.694508908607641397e-03 1.428055741933919156e-03
5.634794489527509935e-03 1.558379222729089440e-03
5.403110480027940171e-03 1.288758741278671349e-03
5.905375006366198401e-03 1.618499639556182125e-03
5.229997191318853239e-03 1.570581562809590312e-03
5.407167904637876811e-03 1.367127832358964188e-03
5.209191292013289586e-03 1.676862528955359432e-03
4.578762332764777648e-03 1.398963465250037093e-03
5.979977767192738193e-03 1.470156513820160488e-03
4.764838624915572821e-03 1.333860570843478470e-03
4.738586331942653412e-03 1.313974152455474765e-03
5.179941512808080260e-03 1.890621519562554103e-03
5.605397108757426486e-03 1.172527963579045578e-03
6.213518921512286089e-03 1.332577538709160334e-03
4.472707057656277567e-03 1.705403648756901583e-03
5.293527498417785471e-03 1.951281587202830002e-03
4.570223321518220895e-03 1.505417293809370276e-03
4.969243513012780618e-03 1.225820529644298983e-03
5.028720681748406404e-03 1.456678620361518978e-03
5.670013112003823540e-03 1.822597219895202543e-03
5.080190975963717881e-03 1.409334675027502795e-03
5.134188149767919020e-03 1.685581961669882414e-03
5.160831560283690375e-03 1.523072475570032237e-03
3.927459729313842289e-03 1.527329931650095842e-03
5.493763189687336616e-03 1.457140953558846682e-03
5.267048363812414959e-03 1.327970349549480655e-03
5.636459335897397484e-03 1.958741345845815048e-03
5.140318961271136099e-03 1.328595195010551450e-03
4.755911973796799960e-03 1.342269297868078828e-03
5.979565383534934768e-03 1.299287214520847365e-03
4.987287596744095948e-03 1.364381412700194345e-03
5.119666491468581257e-03 1.378569476543209903e-03
4.910766519425197735e-03 1.071404431804747533e-03
4.299711749930777531e-03 1.573684234207507662e-03
5.536511397354051608e-03 1.335677620758310381e-03
5.164489791787890867e-03 1.093762366319679527e-03
4.672291114963769698e-03 1.411461957857141616e-03
4.818274172451209557e-03 1.398325429258919384e-03
4.988247239802073504e-03 1.335066803967174288e-03
5.228440529336734165e-03 1.540195236868785716e-03
4.561070965857965190e-03 1.457213500580188583e-03
4.946479393364433194e-03 1.361687060792133794e-03
5.319392613055698264e-03 1.096246791560234616e-03
5.012271576219902956e-03 1.248333428161064670e-03
4.765226188594762213e-03 1.897841967843136518e-03
4.221419439778934315e-03 1.152456958771771881e-03
4.880154063642703349e-03 1.476991959325204542e-03
5.032508250208624426e-03 1.421434085415821183e-03
5.033436334696215694e-03 1.349565341106471030e-03
4.914752865972628337e-03 1.464125785365896597e-03
4.723360528947060863e-03 8.829070035632277788e-04
4.568146250436434103e-03 1.667383066711116161e-03
5.522090276395798074e-03 1.756272404734938834e-03
5.062346576997439965e-03 1.517746041002161674e-03
4.886748613926368730e-03 1.423446949380142946e-03
4.692094851668895082e-03 1.435973921698804195e-03
5.179070222904622739e-03 1.445402153878849261e-03
4.865594768247559314e-03 1.320733098553736069e-03
5.505542493146513630e-03 1.573982750969547210e-03
4.955467476383554858e-03 1.176755997354859105e-03
4.854267231485321146e-03 1.306025903461755650e-03
6.069021114009806768e-03 1.120188464491790343e-03
5.627388121970128103e-03 1.318542919860124507e-03
5.141979880084714821e-03 1.352550449569341930e-03
4.531327354298902640e-03 1.171006063712323004e-03
3.924113708970895786e-03 1.237393140074385944e-03
5.935405711305473224e-03 1.289089517513469134e-03
5.390669258962873557e-03 1.324151774253394011e-03
5.283752038814114316e-03 1.195849861493234736e-03
6.059254385151738656e-03 1.381900713624177688e-03
4.617187362339329575e-03 1.356527737868012083e-03
5.354117231723474861e-03 1.745917503462603246e-03
5.408315093319088045e-03 1.475442528384024237e-03
5.123964997381963427e-03 1.781869919862587304e-03
4.917650431199913422e-03 1.378516965804348592e-03
4.618232339923544934e-03 1.293372004381610190e-03
3.818713217006732084e-03 1.126202033692420574e-03
5.799992170457029909e-03 1.346815252467612909e-03
4.928780996236788170e-03 1.285998813444944218e-03
5.241494447608281357e-03 1.402879244128271306e-03
5.187958211642964765e-03 1.645860112937463059e-03
6.268558700260376190e-03 1.616195763628043135e-03
5.008597874802758927e-03 1.298248335045608989e-03
5.284977316416764048e-03 1.618250192233756804e-03
5.622658663712372384e-03 1.371814057931865748e-03
5.406208354026392424e-03 1.240733728176055418e-03
5.587894758452170360e-03 1.257241741210791616e-03
6.419277408101599532e-03 1.511302632774803433e-03
5.408253452531610293e-03 1.491970347389470503e-03
4.643522401385245107e-03 1.515250623194414580e-03
5.011526798040859612e-03 1.214662286524595966e-03
4.951457781289267043e-03 1.123505958826760080e-03
5.406681201161262981e-03 1.796438699355554832e-03
5.288028048354944353e-03 1.377384856323980852e-03
4.912719792736698621e-03 1.101335259291497939e-03
4.902950012876327278e-03 1.967584891593075497e-03
4.165453872864306392e-03 1.138141714292130501e-03
5.580936058316343824e-03 1.458986432785379372e-03
5.345886745412766448e-03 1.413913286774486468e-03
5.276483259358432515e-03 1.338658028135936455e-03
6.068329166141566561e-03 1.424258850438409009e-03
4.551399076500422559e-03 1.678419363905326233e-03
5.818756372468593743e-03 1.676118445473896148e-03
4.482988580053092614e-03 1.552090486832751739e-03
4.702754795458180190e-03 1.110826959492482949e-03
5.045823322174842855e-03 1.163637452360929449e-03
5.230209732157946670e-03 1.284694017368593613e-03
5.238775291159352906e-03 1.777607472863523570e-03
4.555325154218771259e-03 1.231355619558799396e-03
5.268171496020346636e-03 1.311218093653481950e-03
5.210495674374642817e-03 1.323493857514177309e-03
5.466034477265958348e-03 1.750725168174430829e-03
4.592136959048739864e-03 1.556585032609791256e-03
5.024080613990794184e-03 1.684311352046568514e-03
5.428165002886815339e-03 1.364829374446843453e-03
4.084092294208759022e-03 1.083845283910314910e-03
5.615071381406626025e-03 1.500709986782552833e-03
4.118238878685054165e-03 1.399271590378603752e-03
4.791377273464502221e-03 1.279720762747009683e-03
4.729942263089121669e-03 1.344583569761493734e-03
5.230712769572657544e-03 1.445013171038883127e-03
5.784568193501762705e-03 1.285369837503253128e-03
4.964294242660862930e-03 1.368785731800377858e-03
5.813542517492390621e-03 1.316758391618263330e-03
6.093921200106937504e-03 1.560859927965225656e-03
5.443411052268936137e-03 1.192177183221316151e-03
4.975445464480874116e-03 1.219371506849315032e-03
5.502670861670291846e-03 1.865916236515745806e-03
5.163139468341172017e-03 1.091644685551731173e-03
5.328640152920736776e-03 1.559991480242495449e-03
5.108787369759140891e-03 1.192793650303753273e-03
5.326971806797577320e-03 1.351696197993479138e-03
5.268442302570953452e-03 1.338818087657170884e-03
5.061862464073307866e-03 1.557330930245687988e-03
4.943679511659888372e-03 9.317047243504252311e-04
4.824035690790789976e-03 1.374333698037168367e-03
5.249022458670519857e-03 1.354901971772433942e-03
4.740382781494721816e-03 1.330725583967491601e-03
4.972573848235384807e-03 1.511197711871748329e-03
5.569991793625275571e-03 1.560139039049533889e-03
4.990269489531936123e-03 1.234821971749614248e-03
4.396224641818485303e-03 1.425162747347594400e-03
5.236668529834134778e-03 1.351001898598308288e-03
5.571082911008986768e-03 1.014962426073305656e-03
5.380474620073394214e-03 1.843396779937339506e-03
4.470755741377590263e-03 2.061658026204564627e-03
4.533509204500197828e-03 1.354175956567278292e-03
5.092756258305979403e-03 1.310855932061643671e-03
5.012640410823817304e-03 1.184245923942983973e-03
5.440229768767005335e-03 1.487148113844655043e-03
4.900665995897617207e-03 1.475997450438894026e-03
5.482283035142411672e-03 1.540488313159822523e-03
5.004755387837814436e-03 1.191853314759435192e-03
5.312722817450774362e-03 1.327609582156658811e-03
5.333610685366111000e-03 1.510846047208214485e-03
5.587098415581003182e-03 1.517299467635513377e-03
5.269126669172235697e-03 1.482399273713912776e-03
6.032152231187231511e-03 1.314009604594340835e-03
3.598871166900585380e-03 1.184478696326266272e-03
4.727067133812950031e-03 1.437220734405144024e-03
4.430724924790598734e-03 1.527292091998391516e-03
4.548096241241388581e-03 1.276730865443939829e-03
5.002711548931528668e-03 1.571495803075175597e-03
5.666819091480583548e-03 1.619916775525468604e-03
4.466582134172573416e-03 1.344858763446079566e-03
4.367785787215408208e-03 1.426065368896311299e-03
4.950322667825210986e-03 8.120544432174481905e-04
5.279122841681909740e-03 1.553245607752860814e-03
5.228519361945802371e-03 1.647140806858508021e-03
5.395397738217475557e-03 1.209220271347326769e-03
5.109136383896916225e-03 1.432007041465154125e-03
4.564385847401031086e-03 1.196858632049888202e-03
5.430021530601298295e-03 1.347470322165337294e-03
5.940946729314182731e-03 1.308793944885701518e-03
5.177989311720528759e-03 1.478126366937018493e-03
5.776621386239058978e-03 1.476116481855365044e-03
5.733079298652033959e-03 1.040421889257981628e-03
5.350298753516950084e-03 1.489572763283631817e-03
5.076569122868877793e-03 1.494830870537018500e-03
4.147308659682644172e-03 1.260960336701274923e-03
4.227869966363189541e-03 1.520936681729155625e-03
5.308261635842559910e-03 1.748597563666006187e-03
4.960513118309986536e-03 1.266776956304198646e-03
5.913515312305006773e-03 1.495838822907929501e-03
4.412342628112419368e-03 1.175419318459782880e-03
5.714497429257218986e-03 1.846084358436786334e-03
5.914293249539150782e-03 1.283860544352752493e-03
5.559138846314277266e-03 1.292398805492203043e-03
4.775080121598190841e-03 1.469166204007692732e-03
5.420973867759098890e-03 1.751112251825395587e-03
5.776624178577550485e-03 1.297803168559278665e-03
5.446109291377176920e-03 1.417658634368823556e-03
5.554274830014476090e-03 1.410691686306332670e-03
3.787001558834289516e-03 1.171319683652549378e-03
5.213072357874114909e-03 1.470172431457633135e-03
4.303225553126105614e-03 1.082536678577836328e-03
4.482454168285927160e-03 1.000004507888851719e-03
6.117389511466355366e-03 1.238621244547144767e-03
5.004993491087546612e-03 1.251702228673490236e-03
5.930253784406781629e-03 1.416694104623268191e-03
5.371214166666667469e-03 1.339109381188118833e-03
5.617933321545950758e-03 1.836771967275221355e-03
4.470351950217600796e-03 1.092372994699581691e-03
5.304159102740217506e-03 2.294763425307109854e-03
6.428900922103377574e-03 1.389854726451201974e-03
4.912345258186328473e-03 1.079432184182217182e-03
4.876410271668774575e-03 1.181740381591532161e-03
5.959672831292514052e-03 1.937983545578231140e-03
5.374076774454937012e-03 1.447181696905530755e-03
5.824678640044527594e-03 1.204611915463416191e-03
4.779468673468471353e-03 1.259792817304087936e-03
5.114556593002324465e-03 1.377723270177612239e-03
5.553928311871668758e-03 1.121189666056385476e-03
5.589858957762348229e-03 1.569445322274355030e-03
5.838630611872051325e-03 1.484254918751277269e-03
5.089916973955829066e-03 1.310081119722303518e-03
5.419530572284556209e-03 1.371489990544280755e-03
5.179065184542442149e-03 1.233987881910865708e-03
5.252899174707156837e-03 1.396498860158249238e-03
4.588425193981811659e-03 1.123654683145900932e-03
4.858115272277420751e-03 1.660969452741001143e-03
3.616258448121946467e-03 1.558184496377406410e-03
5.037040865811434273e-03 1.608770167759487110e-03
5.582515910201235262e-03 1.329410586430862041e-03
4.313148969178659357e-03 1.284884377852069971e-03
5.584954189313956485e-03 1.485654887778595961e-03
5.649558547659165250e-03 1.753659462714412219e-03
5.208413476739977635e-03 1.491614336297087014e-03
4.528852409583311589e-03 1.663616266906543881e-03
5.635046171929824002e-03 1.183211113235294173e-03
5.281431173889470157e-03 1.456730945925947211e-03
4.956642607474325002e-03 1.221741354365015993e-03
5.105738671467851229e-03 1.500661904249528042e-03
5.811620477023549114e-03 1.257202853743511015e-03
4.421638021938455697e-03 1.430757680058112203e-03
3.985968998559420370e-03 1.156986229920049401e-03
5.471532144899519771e-03 1.372294225828178454e-03
5.453430371042638017e-03 1.228590412499877028e-03
5.925181499393740621e-03 1.485465860865599558e-03
5.359356251950881181e-03 1.381186737180867524e-03
4.396207003686781849e-03 1.192840090171124823e-03
5.489297652749735960e-03 1.535300264963102533e-03
5.286290161624413418e-03 1.510459310196168685e-03
6.503100186517641115e-03 1.498920338994287659e-03
5.597816677205030150e-03 1.688096307068825269e-03
5.279057169861087195e-03 1.180587719573893395e-03
5.073076736786948440e-03 1.448246490436584395e-03
5.326867908292448953e-03 1.574757224092739136e-03
5.269641087242200699e-03 1.356662278996718105e-03
5.731197468804743664e-03 1.342350014477101776e-03
4.911041389758620014e-03 1.252750869064362315e-03
4.631534688027848755e-03 1.430839084877221726e-03
5.069633046990062487e-03 1.275892021038087546e-03
4.829151116993802943e-03 1.791383646914014019e-03
5.134792364535034105e-03 1.420243118574023283e-03
5.027870947792291954e-03 1.426357787698711438e-03
4.365856949729159456e-03 1.620197675535610176e-03
5.186481193318464265e-03 1.369963725220116032e-03
4.951794775703764057e-03 1.591670608805680455e-03
5.346143019347516893e-03 1.586048451526731210e-03
5.087324550280296863e-03 1.377772514449678368e-03
5.532592916863404882e-03 1.412124109788129170e-03
5.170791848394437271e-03 1.272516428062082970e-03
5.221115925785661804e-03 1.206434585502447893e-03
4.884876970702383726e-03 1.393370945136420411e-03
5.811034911044012444e-03 1.268457638014193305e-03
5.578555765904056121e-03 1.693248175844338718e-03
4.977556350486368394e-03 1.346228020144513756e-03
6.145532563759672183e-03 1.223061300118326354e-03
5.012039187009208717e-03 1.370595074397099001e-03
4.726519600145843818e-03 1.233614701601059432e-03
4.813941774858216185e-03 1.183104294283236812e-03
5.357905039392087294e-03 1.582008141732233137e-03
5.431208313406063991e-03 1.454379627776766336e-03
4.036031002928610299e-03 1.453613964762970117e-03
5.216196801729982083e-03 1.259241566127889929e-03
5.234358312732653729e-03 1.322399110415364495e-03
4.552414404268971884e-03 1.616914475984404130e-03
5.018888825362317549e-03 1.832720545035834312e-03
6.096710970028612099e-03 1.311841792271961366e-03
4.753830015373613528e-03 1.441285265488244068e-03
4.830393741289405393e-03 1.391384187801580560e-03
4.992875312980584943e-03 1.138819820714697924e-03
5.898355114857957437e-03 1.249935550574629703e-03
5.004635761891327271e-03 1.473070631530018102e-03
6.444384731541299809e-03 1.462526433065579508e-03
4.715029911584925522e-03 1.146467880679847380e-03
5.519828371522332057e-03 1.128341337674997492e-03
5.104519184459124261e-03 1.441507448935717018e-03
5.330876204898208660e-03 1.194126098973808097e-03
4.797160207470999548e-03 1.137400065592329961e-03
4.839782857801930120e-03 1.404049254015587956e-03
4.868148918366265072e-03 1.551677577342475481e-03
6.105868327604434438e-03 1.181364903589424489e-03
5.987141560492804590e-03 1.523196484045769060e-03
5.474611045954372139e-03 1.551355755046623236e-03
5.969403253810049229e-03 1.494703018048214619e-03
5.180761075648514236e-03 1.419252871217076967e-03
5.253052910092736658e-03 1.445349446570261742e-03
4.656878681200935649e-03 1.240094558866317986e-03
4.461627753354205535e-03 1.699824980014320083e-03
5.200946485693734925e-03 1.160484747098881279e-03
4.814093188344375010e-03 1.125664143445819203e-03
5.234622328693818230e-03 1.341307381069554950e-03
5.203732109336852048e-03 1.513061884977879180e-03
5.554661288850779033e-03 1.568740668008207885e-03
6.306089628262626784e-03 1.417114159364558142e-03
5.419631277508878131e-03 1.325342437505093104e-03
5.561120103887501158e-03 1.343684523698304711e-03
4.738581690555392772e-03 1.586736772608133336e-03
6.359235774305215839e-03 1.976678226589772061e-03
4.169474244927824820e-03 1.363381702918703160e-03
4.865509369015353497e-03 1.377359513893637371e-03
5.490299016714703974e-03 1.527858819291491414e-03
5.061653080266519285e-03 1.537207988256603791e-03
5.039074150443456461e-03 1.528449401960876560e-03
4.237031862469362031e-03 1.013262612596563554e-03
6.366708300621683365e-03 1.483840729453149735e-03
5.925933277667495315e-03 1.772855130271411327e-03
4.422881879019667853e-03 1.606345173438313316e-03
4.826510508935732968e-03 1.113225922384163428e-03
5.507982153986562893e-03 1.060463228920115273e-03
5.556680176680784192e-03 1.546267333932477197e-03
4.819311705893315756e-03 1.249568304532772860e-03
4.196553968930638416e-03 1.464225265018349051e-03
4.754746856243333847e-03 1.664968295622943403e-03
6.165496424062428746e-03 1.618871745753606463e-03
5.493290632046391418e-03 1.688809449857343967e-03
5.888687443836555270e-03 1.304261029842386727e-03
4.710344040576346092e-03 1.212873594724087414e-03
4.452538415531653165e-03 1.409785263347992489e-03
5.612927112564481368e-03 1.362308599012139595e-03
4.783273552757615933e-03 1.517704625543354023e-03
4.307803265184504370e-03 1.318039769796271231e-03
6.235581376522373633e-03 1.543825147870577516e-03
5.555516948759424249e-03 1.136245333656295872e-03
5.630689805448422722e-03 1.508563719143357802e-03
3.942149626336585722e-03 1.028147355033327912e-03
5.696883503277124644e-03 1.511531878332023201e-03
4.488729650152626510e-03 1.265320480804862837e-03
4.070052627219145763e-03 1.383149186018102364e-03
6.763137683427815870e-03 1.913930529730605403e-03
5.726197947186192037e-03 1.603677166124953821e-03
4.428119044930090356e-03 1.542182139040574208e-03
6.238511439351122727e-03 1.296964627514061823e-03
5.140151974805753400e-03 1.683398422576388824e-03
4.798704838527764575e-03 1.443077601191929214e-03
5.003620453855241873e-03 1.457026321340963975e-03
4.922490087003779033e-03 1.662925086281549173e-03
4.249191607007323998e-03 1.379946548409171107e-03
5.567911451262987088e-03 1.236520561900772940e-03
5.593649880081240540e-03 1.017777847168790288e-03
5.504594767874534597e-03 1.095244280705605236e-03
5.014623763584595030e-03 1.359145037527133065e-03
4.498241923246053438e-03 1.443537202255662467e-03
5.891925666839641779e-03 1.752342313972004260e-03
5.125923736172486797e-03 1.996594963138015929e-03
6.186676436501326731e-03 1.149595216339424891e-03
5.202337439920912653e-03 1.638548670724809548e-03
5.196484566313473892e-03 1.463510544214453131e-03
4.784128049755130042e-03 1.651177258813620041e-03
5.447284420135574921e-03 1.330851696609101865e-03
5.074439706118495305e-03 1.201550981470104204e-03
5.522295264173898884e-03 1.662979658411773212e-03
4.846719708423401739e-03 1.472790061057626266e-03
4.586099434383427396e-03 1.216941189603065266e-03
6.095654566871138401e-03 1.779925850119700240e-03
4.793784267965202697e-03 1.586265023043214586e-03
4.709537702667209759e-03 1.778224512272698560e-03
4.409505473527260133e-03 1.255873272247033309e-03
4.983618887148369946e-03 1.361674173180308853e-03
5.557983972176739999e-03 1.539871371972070064e-03
5.458385131960112602e-03 1.494621286054244975e-03
5.974453022266617598e-03 1.515854901965867085e-03
4.766668466112936389e-03 1.272761711087317575e-03
6.038744850023955273e-03 1.542516453137562048e-03
3.425420156652051341e-03 1.436076718830991581e-03
5.379157754129079358e-03 1.417257771403816801e-03
5.053427763429751800e-03 1.565943483126721551e-03
4.090171848901017274e-03 1.362334030010020711e-03
5.358650868045594130e-03 1.115345675583273143e-03
5.071141353081596442e-03 1.565787594911662159e-03
4.956235690235442394e-03 1.249265470651991609e-03
5.419979883565254931e-03 1.606970255186877588e-03
4.537019881656802894e-03 1.399414852071006283e-03
5.710865577882849077e-03 1.562810620111205204e-03
4.658577070199446633e-03 1.967788143505974727e-03
5.063451056379428099e-03 1.301683291910340177e-03
6.456766987295562213e-03 1.317402908041483654e-03
5.033307952642409287e-03 1.151062440258860840e-03
5.710957463122826559e-03 1.472899065850874619e-03
4.541270097164172570e-03 1.231057638692411487e-03
5.526951832478214401e-03 1.484924749332960144e-03
5.534290991930382320e-03 1.369152550566576920e-03
5.045752504096193310e-03 1.197877776866592293e-03
4.931433675652079247e-03 1.357835937404813006e-03
4.645451079089673273e-03 1.597361549263657610e-03
6.011149337608295840e-03 1.824615317959467483e-03
5.399327619390346077e-03 1.651995223267813161e-03
4.309848821820666878e-03 1.474393902726816316e-03
4.601507275114154021e-03 1.502270115117439880e-03
4.668226971135464726e-03 1.469883935739050868e-03
5.278868537049904476e-03 1.536093139892714910e-03
5.013314973341887609e-03 1.308962571730669855e-03
5.044725719560990557e-03 1.137431704012111140e-03
5.360366963234520013e-03 1.722624314335621624e-03
4.830448024561316729e-03 1.363845924964552682e-03
5.187808866803199012e-03 1.350819772127921127e-03
5.522828944059735359e-03 1.221261559251562556e-03
5.062875937324717510e-03 1.269929972485739009e-03
3.898903483698209528e-03 1.337113212276548786e-03
4.803236953783988211e-03 8.507689752802803738e-04
5.974499120956397978e-03 1.542136373165618789e-03
6.158308144463670551e-03 1.405257841562644475e-03
4.270823637024705535e-03 1.506655225940175180e-03
