4.486892093347511282e-03 9.947500484884820842e-04
5.195876900118143529e-03 8.637443765146797341e-04
4.977626927967315588e-03 8.838320479987985976e-04
5.748170090333296761e-03 8.509234371892807200e-04
3.783791314641103860e-03 9.007094192424964845e-04
5.118064175815263683e-03 8.840036465359848647e-04
3.811827260521687393e-03 7.267571752944138258e-04
4.812975324290711190e-03 8.189129395537306970e-04
4.102811523708966429e-03 7.887133775842568523e-04
5.805284833410533259e-03 8.268880794400673868e-04
4.623721880304115968e-03 8.019656668538219148e-04
4.419160887137303824e-03 9.584528353355028542e-04
4.785900376225767604e-03 9.426573126696999837e-04
4.956732943926762426e-03 7.990162159197041489e-04
3.717539375000000843e-03 9.556392187500007416e-04
5.526127797335687528e-03 8.339268921802360729e-04
4.967183066075214759e-03 8.980986764038515011e-04
5.082866678589270833e-03 7.110849899927775995e-04
5.981103524840195376e-03 8.700395343791470209e-04
5.052518901245288234e-03 8.248327961014748425e-04
4.499881761429670897e-03 9.397592298230450069e-04
6.926297067215790755e-03 9.288915866361621134e-04
3.553002437095545939e-03 7.859592727823214988e-04
4.221988713690123796e-03 1.010238749970381262e-03
6.445813591512935745e-03 7.561725674852832080e-04
6.461889791658697105e-03 9.105317705187460434e-04
5.532587302619459274e-03 7.737316093058626502e-04
3.141340627254184635e-03 4.931193748657869370e-04
5.965190128103685201e-03 8.257477399547754520e-04
6.242324867229026922e-03 9.035860816374701723e-04
4.580651067240148165e-03 9.042760926068085878e-04
5.587444337488728374e-03 8.279570592338538664e-04
7.019913642270462530e-03 8.875282890100394829e-04
5.537696977422340919e-03 8.755257434283766297e-04
4.415296704125577266e-03 8.765674319493934339e-04
4.180978390892037613e-03 9.257257254508608054e-04
4.264958879243571296e-03 8.226345386237026444e-04
4.249141064232418545e-03 8.269603220328502124e-04
4.655249014766081779e-03 8.208203574372757326e-04
5.456203427446677627e-03 8.149671916843627103e-04
5.942475410074346022e-03 9.268906649583506276e-04
6.107873292538030033e-03 9.079796084650093363e-04
5.858753648982453245e-03 7.505963750980579417e-04
6.068242173942867655e-03 7.284679517206445708e-04
4.464087141831591873e-03 8.561869842109764896e-04
4.579138397372239239e-03 7.853447228858499154e-04
5.370213611111113519e-03 6.350766161616163471e-04
5.122528148668877880e-03 7.433508285018922438e-04
4.732078571411317373e-03 8.032234843255062857e-04
5.876499339469377393e-03 8.523140232225564312e-04
5.447998997908967168e-03 7.483794330128651189e-04
4.375700022162714968e-03 9.045990458589695795e-04
5.003971620902626476e-03 7.453468356091347584e-04
5.592563392026567506e-03 7.693770564512231614e-04
5.883417602959449023e-03 7.666013236291252357e-04
4.016684851263949488e-03 8.173091644804741669e-04
6.669414598675982297e-03 7.972136784305849976e-04
4.141198890658506597e-03 8.062508566576714495e-04
4.025990778963803307e-03 7.105410126086614828e-04
5.657560529006281334e-03 8.710640642609670517e-04
4.359794660106052454e-03 7.580979847030442590e-04
3.719560382919472399e-03 7.354422558002636718e-04
5.705421016203434878e-03 8.310913127445026605e-04
5.634387478394581143e-03 8.884132758427471964e-04
7.624655472062347693e-03 8.715144975231562362e-04
5.486144625677038048e-03 8.119012641476354777e-04
5.655550237024642608e-03 7.512763887861599989e-04
5.299790025798102773e-03 8.681442237654010121e-04
3.520157767224525551e-03 7.245422853793207635e-04
3.412445363709012188e-03 8.144347037003278828e-04
5.098234276241397044e-03 8.004926415179360825e-04
5.202940785040858357e-03 8.558559364953277756e-04
4.709901605243226909e-03 8.220783046152830426e-04
6.295075985787287540e-03 7.872507026381157401e-04
3.505636556561952683e-03 8.030270767869157958e-04
4.233551546316504516e-03 7.741556302916225004e-04
4.075940036583969479e-03 9.058419641001287268e-04
5.791457441876545625e-03 8.669408830767473236e-04
5.478942242634767847e-03 8.426374686357994675e-04
4.508410180118700358e-03 8.179797162471556977e-04
5.624895082463620549e-03 9.394391554610378439e-04
3.430772102854279249e-03 9.191194006995055113e-04
5.127266442245838156e-03 7.227159723210242271e-04
4.660056528698022088e-03 8.001589010601722549e-04
5.077869832088333611e-03 8.481122822382781458e-04
4.274773443713984766e-03 7.877464411300047877e-04
3.322627565927493976e-03 7.834817511424104668e-04
5.561039449889853062e-03 9.459084270866849982e-04
4.115294706817859693e-03 7.257206945058504097e-04
4.388546368313084138e-03 9.051954695170888595e-04
4.308710957116274574e-03 8.746181122128664611e-04
4.420969696969696654e-03 9.025793010752689157e-04
3.559821334257610645e-03 8.171406691957009685e-04
4.011765170871276799e-03 9.359390571751686778e-04
7.147567333415838844e-03 9.222328352678017989e-04
4.367761054997227645e-03 9.268585954423305554e-04
5.174836052721828138e-03 9.888328749781481308e-04
6.673103885485955934e-03 9.468629477570167765e-04
5.339917122375597951e-03 8.012406504027139382e-04
5.215767093369813243e-03 7.514496566427939124e-04
5.326361630614613422e-03 1.008333724659878691e-03
5.425127542127776772e-03 8.022929160280704766e-04
4.078300035178451279e-03 8.073516887577418012e-04
5.041608077460042227e-03 8.888362850474249531e-04
4.857964102925277881e-03 7.661437713744759584e-04
5.971080819304152437e-03 6.795497586980920853e-04
6.210197137138878144e-03 7.911837361446788421e-04
3.971939528582458037e-03 7.692811663742317972e-04
4.872154798957855672e-03 8.862257742810047967e-04
4.687670105419618899e-03 9.810317125624760850e-04
4.754943708530394268e-03 8.385507096493786212e-04
4.771277536438788339e-03 8.860378037115925051e-04
4.734957512839407801e-03 8.626652429032089214e-04
5.407306918231606814e-03 7.706982088037322249e-04
4.433861774796482060e-03 9.915274180713373915e-04
4.808202967857362967e-03 7.192744564888527928e-04
5.801686039037979789e-03 7.349191020438995909e-04
5.912368907402087807e-03 9.583314780235563770e-04
3.865236995163675617e-03 9.327367343357940857e-04
6.013121623879539787e-03 8.773606348182969852e-04
4.548999790815428518e-03 8.916171476392815900e-04
4.295343811578913526e-03 8.802866938488991067e-04
5.511062883565742004e-03 8.339557061475341574e-04
4.525958541997403620e-03 1.049050424190600336e-03
5.320739615309670947e-03 8.417982776284123857e-04
4.653694125533845358e-03 7.653912800702996656e-04
6.159474917171307504e-03 9.129643526006476226e-04
4.684138392441210622e-03 8.319786662048592185e-04
3.433165681922631385e-03 9.026415889794835992e-04
3.511174383512256393e-03 8.583229458352035742e-04
4.367229541459009823e-03 7.529459198657171073e-04
5.005252511705543354e-03 8.359089879089450859e-04
6.959496697053769651e-03 9.270761462063146184e-04
5.003004112260998372e-03 8.179660645301676082e-04
3.783401071409038009e-03 8.222193305283286751e-04
5.265188505523990363e-03 7.862124191782318390e-04
5.997565116755259815e-03 1.007084430106056994e-03
3.587860195076995797e-03 7.916145270812976076e-04
5.005895961568894610e-03 7.497272500744399425e-04
4.043459193473031982e-03 7.386643925529813191e-04
4.382206045524378139e-03 8.736063503346856024e-04
5.111703890033551627e-03 7.818047208122145880e-04
5.240505824512391858e-03 8.202701225150757806e-04
5.380494749933227919e-03 7.224269375479295619e-04
6.008027066283087511e-03 7.285952018099176941e-04
4.728124688400196438e-03 7.461161052624388579e-04
5.399766944080762639e-03 8.857451409460590343e-04
4.819896666205717925e-03 6.206421124716553868e-04
5.054731331345325117e-03 8.204483247321916464e-04
4.925742211250688264e-03 8.497177376970071550e-04
6.843950752174305166e-03 8.010744080882828194e-04
5.064739542895709684e-03 8.033744735427926888e-04
3.687898830514803414e-03 7.323593207108830072e-04
3.666655456036686713e-03 8.697349953255939081e-04
4.202901400830149660e-03 8.798133042445989297e-04
5.124221894478567588e-03 7.194335741464454557e-04
6.468855382693015216e-03 6.589874496843386867e-04
4.830750628629651780e-03 8.272783906960157717e-04
6.634310469610923966e-03 8.908613510211802833e-04
5.889004916285864658e-03 7.967750324173884357e-04
5.605097123907417170e-03 6.572734090135299613e-04
4.224252623262408218e-03 8.740261119919163612e-04
5.586563419110972609e-03 8.429232808285845417e-04
4.461405258082623733e-03 7.564359524819872340e-04
4.452806199170263740e-03 8.119262504299418984e-04
6.933409471785427318e-03 8.895880477837525080e-04
4.595448007655504076e-03 8.036270862170090184e-04
5.030578323815542048e-03 7.232010743802692269e-04
4.851891391010417290e-03 8.759171775952809659e-04
5.078399208848182605e-03 8.342890499853063612e-04
6.135871324321070207e-03 8.019033463859951598e-04
5.980221123428585035e-03 9.259737330093200909e-04
2.783302382889581237e-03 8.502789430113467375e-04
5.697950788841701399e-03 8.040355705901485166e-04
3.997211228775918862e-03 6.025254919260809470e-04
3.063186457783651992e-03 8.580857733273860363e-04
4.600734860769384142e-03 9.106482140456097002e-04
4.529871180981050877e-03 7.966714275293737633e-04
3.735117299019462007e-03 8.600942656377504525e-04
4.476181278121613497e-03 8.696029855808189157e-04
6.095186190882006215e-03 7.484105694446197389e-04
5.051797994771909175e-03 8.338625585187557599e-04
3.746979653269586971e-03 7.784725175410427871e-04
5.114420478150341100e-03 6.945936784984399091e-04
6.003053244518648766e-03 8.116612144434623161e-04
4.674194434451274874e-03 9.132733424542665863e-04
2.970798327476488823e-03 8.022095196144491411e-04
4.383793681353303183e-03 9.403273055416143866e-04
4.998162771214688903e-03 7.495573067696603264e-04
6.196218645507386991e-03 8.815709620829089224e-04
3.942079177056189397e-03 7.424462430952690796e-04
3.186446756863798527e-03 9.133759221850763646e-04
4.884605062860138298e-03 7.743508761034693239e-04
5.339481751850897601e-03 7.467969842554150013e-04
5.264595060774768416e-03 6.092861443851124888e-04
5.934121743255253885e-03 7.673294185171405110e-04
4.448978984733350552e-03 7.565890157892505522e-04
5.019456374660107890e-03 7.910876443953527215e-04
4.546976092518252924e-03 9.128535974492189321e-04
5.944592330640589839e-03 7.788763724949440302e-04
4.763981277791381509e-03 6.825702902524399948e-04
4.389581728195937615e-03 9.490918435584329554e-04
5.545499728082903604e-03 8.402544555326846212e-04
4.483910282795428373e-03 8.543447829144867585e-04
3.670788993303748197e-03 8.330375926112694234e-04
5.636438985228002171e-03 9.072705605908022459e-04
5.025533072994779055e-03 8.848028779460174976e-04
3.401372016394605454e-03 8.546593765137026118e-04
4.108503153327696354e-03 7.659368116967042554e-04
6.282765181584458458e-03 9.948614138084710921e-04
4.316870418796229028e-03 7.850100658400616408e-04
5.008841122334081221e-03 7.149947937450090024e-04
4.049477485355816413e-03 9.231125602241009630e-04
4.468693351655634444e-03 8.804884987656587825e-04
3.803012581366730076e-03 7.359219961780165452e-04
4.713586616928622415e-03 6.851668032274579271e-04
3.968531612419359117e-03 7.174429593711611737e-04
5.470180416102712884e-03 7.062639437617366719e-04
6.079099857554975082e-03 8.524745056022055940e-04
5.910013581567310353e-03 6.868215906951546847e-04
3.628570450044262940e-03 8.303082200800249299e-04
4.563824970649027479e-03 8.384146364504522358e-04
3.665773173814711097e-03 9.312989564531241665e-04
4.303383789534188930e-03 8.729493234102263678e-04
3.406726379856045168e-03 8.524015991990359017e-04
3.591664776247652582e-03 8.922231031110059926e-04
5.129959102274934957e-03 1.001725060067138514e-03
4.124258304095246817e-03 8.514953304023984391e-04
5.634058038494749870e-03 8.492049820323842270e-04
4.432973848655943037e-03 8.840466172805851392e-04
5.913836836453601267e-03 6.651252676404682991e-04
6.006104505407433743e-03 8.094713558175134493e-04
4.850349815334343770e-03 8.106905547740534974e-04
6.746471540463664686e-03 9.239846156260259416e-04
5.594691722967098241e-03 7.641323746466648689e-04
3.553348650987196884e-03 7.851834992033273914e-04
6.131680218291530281e-03 7.733883992295690702e-04
5.494046333988013286e-03 7.965318158828252294e-04
6.080844210238312182e-03 7.022839526122638633e-04
3.713627303922719617e-03 7.743709062627783914e-04
5.192657771479121734e-03 6.948027700273204507e-04
3.724106613135345911e-03 7.445340055377275409e-04
5.257933351428513251e-03 9.179626431531530536e-04
6.410487234015736779e-03 7.677187189840449597e-04
3.385860342567637970e-03 7.174265482676786109e-04
4.076502111217033923e-03 9.289637724211048230e-04
5.660553893351868635e-03 8.025255896757546277e-04
3.266908720571742256e-03 8.152640127944766387e-04
4.366646017347519323e-03 7.338043465328519029e-04
5.326982058672290188e-03 8.892664354796956999e-04
5.972023373621680384e-03 7.112333543166590461e-04
5.936736232698012518e-03 8.517436510436807379e-04
5.462004200347365772e-03 8.249497862434402055e-04
5.823838260657566296e-03 8.077307764855082631e-04
4.329469058311407638e-03 7.465919796055376463e-04
5.589969606328792050e-03 8.017806421636130675e-04
5.275755526393026418e-03 9.389383393576395927e-04
4.062986084493662269e-03 7.696345269309894533e-04
5.500119313293312662e-03 7.985476273968116238e-04
6.178649837873193169e-03 9.281160138803100845e-04
4.650782871052596378e-03 9.327153045069207400e-04
5.488460019528029060e-03 8.304400627970493507e-04
5.240475521852474942e-03 8.343037896130546267e-04
4.369011347678915073e-03 8.125781027629127608e-04
6.102472640805520036e-03 8.465957104066274127e-04
5.055629562730134911e-03 7.594194687876680821e-04
5.335275050929030524e-03 8.459783320854345062e-04
5.021793262975414972e-03 8.743738451362299997e-04
6.847190231576914289e-03 8.928310404534216087e-04
4.732956443843709150e-03 9.050617236955431355e-04
5.024481186804260341e-03 9.195217477801783485e-04
3.878143040645620678e-03 7.656661639642020492e-04
4.506928333030208768e-03 8.724839529863723936e-04
2.973362350318714369e-03 7.769912250978327226e-04
6.051028274054749342e-03 9.700052115141466046e-04
6.327784416608187544e-03 7.616373319875670072e-04
4.960958199841877109e-03 9.272142990072174129e-04
3.583639579515798205e-03 8.633804349557879301e-04
4.790937871257346103e-03 8.248210253792097974e-04
4.997426653639957389e-03 8.110212593161692180e-04
4.240429999272527124e-03 8.355298566907939364e-04
3.973514583551781588e-03 8.797391014581169063e-04
6.181099578389638062e-03 8.845381625683723182e-04
5.541499522105727653e-03 8.399667754571487309e-04
7.662475286935570111e-03 8.464994488441484949e-04
5.147409815755618796e-03 9.300906642463307441e-04
5.972117196676517831e-03 8.519408086128748246e-04
6.994459551877552084e-03 9.410419868321468059e-04
6.725450977257163218e-03 8.428432121766105036e-04
4.780468589757250371e-03 8.182238992039674464e-04
4.130059198410420199e-03 9.004455867226349294e-04
4.720005384426416255e-03 7.755342478585798300e-04
6.577731611889677671e-03 7.547995731642760317e-04
2.990320251907312588e-03 8.344103798793210897e-04
5.622882751437227600e-03 8.921442591373877516e-04
5.432485762684724322e-03 9.681844888577426696e-04
5.816476702452916259e-03 8.892879532916216382e-04
5.948028895332145398e-03 8.685686264474411309e-04
4.264391816320238157e-03 7.390826487418809170e-04
6.130157999506577991e-03 8.453522539772257045e-04
5.670219186463011478e-03 8.647066619502038771e-04
3.880993988914410546e-03 7.811761626870224531e-04
5.612463787286176183e-03 8.184646488980553813e-04
4.604121113825544558e-03 7.606049568802090858e-04
5.999052823535798093e-03 8.249625994034940095e-04
3.777446883531111396e-03 9.009046636269361788e-04
5.223389027337848288e-03 9.415842191886433397e-04
6.783813523114523569e-03 8.268289190629567534e-04
3.131406708681082340e-03 8.913270698708842784e-04
5.183136406546067290e-03 8.048863026796388310e-04
4.222135480627979380e-03 6.729130251968005105e-04
5.163916432640157372e-03 9.257886031073437770e-04
5.151605275330427801e-03 6.928868795152567190e-04
3.415506754137830753e-03 7.770462793079970735e-04
4.589020260757799979e-03 9.778961389985065152e-04
4.913857700592506525e-03 8.186685781012325094e-04
4.139759200254896666e-03 7.729562717765630503e-04
5.848131052527018661e-03 7.897253859165828888e-04
5.527468458658386236e-03 9.114714444340154837e-04
3.973787346453729746e-03 1.005477831642938389e-03
5.109083114733259726e-03 8.813897270701056197e-04
4.370804379962581199e-03 6.387743442766186542e-04
4.418150136388377183e-03 8.780387634203853237e-04
5.625450162763188933e-03 1.011918050678352029e-03
5.368671134932247874e-03 7.281436115297232337e-04
5.317552271203825585e-03 9.058780580975282423e-04
4.695619762811634873e-03 9.622181896823832261e-04
4.991619538201608371e-03 7.059488425334739482e-04
3.693393252427185167e-03 9.852143604651164045e-04
4.953067304956280947e-03 7.998023766408672141e-04
5.687375057571859328e-03 8.852225545857320089e-04
5.946481060695247428e-03 8.802124233859530411e-04
4.874342947728768118e-03 7.676023635962495040e-04
4.318763673349520008e-03 8.104466185549978434e-04
5.459075669312717094e-03 8.632957175036265344e-04
6.460366406526219310e-03 7.879344217958593162e-04
3.413453177361349452e-03 8.747436640698674380e-04
5.907397708883326166e-03 7.956985494877107145e-04
4.620307353693228931e-03 7.515181764465284596e-04
5.526302732131217928e-03 8.674810724460105867e-04
5.352306457318754297e-03 8.294874377672851583e-04
3.897738713942628958e-03 8.500321666022863515e-04
5.632375930898071530e-03 7.640208085739133570e-04
5.399160283146129877e-03 7.498303989310927450e-04
2.960190683513540602e-03 8.099139088412675392e-04
5.613607719608706449e-03 9.658446937323640798e-04
4.943306342475881597e-03 8.207566491347603353e-04
5.818874160140690560e-03 7.605150097842815855e-04
3.862279692790090199e-03 8.334952546587760152e-04
5.036838760047565762e-03 8.636331499706736189e-04
4.691442097750981449e-03 6.709515691585011795e-04
5.109835255625558119e-03 8.843810974967161601e-04
4.385523246388463997e-03 9.508176639354120338e-04
4.606051132010026937e-03 8.833275502149410402e-04
6.084256372600951521e-03 9.591852020435678427e-04
5.090632469217365799e-03 7.575091381515149276e-04
3.743221377818178788e-03 8.588437483683396051e-04
4.948592872682626605e-03 8.199203974160205804e-04
5.498055200798357064e-03 8.298547197862809121e-04
6.415608750207341289e-03 7.841375092561546790e-04
5.902718309896761405e-03 8.237991432300935347e-04
4.772789994131643697e-03 6.482776187755177498e-04
3.184153677836136075e-03 8.073170352518456005e-04
5.985551723732422495e-03 9.757921830033789009e-04
4.058506426854359937e-03 6.828547024339455280e-04
4.020023058111870523e-03 9.994915430860599852e-04
5.249222721307885385e-03 9.675332934203274447e-04
5.705401685280586319e-03 8.328086798021786192e-04
5.488210853592823471e-03 8.403790373580856312e-04
5.578794088143153133e-03 8.352061081617566905e-04
7.514324122319749992e-03 8.316916914814809778e-04
4.692010177817664170e-03 7.448503832677997932e-04
5.794410653434314308e-03 8.637618527489890428e-04
3.729503067893241708e-03 8.027558584183945752e-04
5.519922432885461874e-03 8.461347571317922797e-04
5.147056237601252589e-03 7.914220704764589375e-04
3.595728307412380566e-03 7.367574396926775517e-04
5.979518864686980510e-03 8.694563995985376409e-04
5.141120445182694419e-03 8.394540668750457603e-04
5.300914232956736687e-03 8.299498478449536054e-04
5.560158038014338146e-03 9.041694129257468954e-04
3.853929582465714411e-03 7.375196741236795779e-04
5.234861958086942622e-03 8.369983064769224382e-04
6.660186223599097802e-03 8.162053303644248043e-04
5.294844384374081982e-03 8.899289553311770214e-04
3.338889409099807248e-03 8.268189889317412904e-04
4.732326554255086512e-03 8.618656416923872309e-04
4.276832775563768098e-03 7.030774696580653453e-04
4.619976080302430101e-03 9.488257063040605229e-04
4.508170098864314017e-03 8.098844853358209842e-04
3.861658298974789821e-03 7.648317218221878464e-04
5.317948678340538547e-03 7.677437050382381707e-04
3.870876493172266137e-03 6.210751818641285869e-04
3.769842760039499897e-03 8.723047886297379721e-04
5.882544155635399501e-03 8.099904546194315255e-04
4.505673118886205537e-03 9.525268496373509065e-04
4.449581572699983986e-03 8.470706586044768425e-04
4.873982095100478501e-03 7.347823803857642415e-04
4.752013801221435796e-03 8.433536576266118315e-04
4.299830077095293836e-03 7.855662186835891611e-04
4.539692900161600327e-03 9.491449276071925196e-04
4.009074536602805217e-03 7.993302310937135070e-04
5.867953974929460484e-03 8.256480632485506095e-04
4.775644002029548300e-03 1.000197425886093731e-03
4.708165975373016128e-03 8.869383740158429119e-04
4.509210559254266636e-03 9.061452229369712031e-04
5.287398086274167075e-03 8.855099132414932057e-04
5.855778520039205126e-03 8.994377210257147211e-04
6.381660403584319546e-03 8.719321304040092728e-04
4.127366232509012411e-03 8.585189573923481888e-04
4.090640383020724066e-03 7.162306851137822125e-04
4.271216307995288550e-03 8.179597333199633939e-04
5.890384019034332515e-03 7.741626481184584298e-04
5.328973894432170559e-03 8.519501264578586974e-04
5.363094448186273358e-03 8.981549785649848693e-04
4.039467977952342949e-03 8.856838247819213191e-04
4.411727943155350530e-03 9.627585565975745356e-04
4.087167126926280307e-03 7.809512443061828119e-04
4.790790995013988370e-03 8.133116314205221433e-04
3.375640718562875064e-03 6.794416666666667787e-04
3.450487585693130192e-03 8.786630241470420183e-04
5.711113585424873809e-03 8.103540269019137484e-04
4.326885249128656005e-03 9.119140153394938867e-04
4.213045388563514161e-03 8.490626683851400236e-04
4.907166699994514741e-03 7.398918092464258460e-04
3.636516495350066748e-03 7.951067689083483013e-04
4.060093106823254097e-03 7.093081161050338642e-04
7.650141005052744740e-03 1.046710298993996186e-03
5.696366247032532033e-03 9.786785377364347772e-04
4.544748357839282875e-03 7.196560804916332654e-04
5.854538207537199508e-03 7.176776055104014829e-04
6.605030349780425560e-03 8.591711944867913000e-04
4.975352417313055366e-03 9.309654658502863672e-04
6.472619207317780766e-03 1.016684276623146602e-03
3.364101794128768370e-03 7.653173588670600424e-04
5.376103334248235992e-03 8.300364318503335214e-04
4.870197299481523502e-03 9.153805601863348540e-04
3.536803252883805298e-03 7.466412046994667234e-04
6.797800924475746499e-03 9.028125613463388937e-04
3.328906539139368098e-03 7.416802202135777200e-04
5.177713434591213297e-03 7.484668139412283677e-04
5.188269812228814282e-03 9.087940795733110344e-04
5.172540430703144801e-03 7.939617922580135710e-04
4.996087329541278564e-03 8.349798422115355546e-04
3.325316859634956570e-03 9.350282890966434002e-04
5.218687053545414262e-03 8.304158271303187016e-04
4.557993660205732732e-03 7.484294279440905371e-04
7.430082931794966018e-03 8.847334448278249257e-04
5.132972905509389228e-03 9.944041615480346628e-04
7.053630730485648502e-03 8.647114242655507465e-04
6.317309770933828179e-03 1.000654252910044163e-03
4.622665442089108137e-03 7.308141147583893009e-04
5.801780903045180605e-03 7.642042004636976065e-04
3.998866073723179697e-03 8.803997896485751774e-04
5.103993094198323865e-03 9.238889389222160057e-04
4.490340869058150747e-03 8.316101337767417339e-04
4.108710065381781379e-03 8.697014428162267883e-04
4.003024391125703865e-03 7.498690823189947327e-04
3.937091518576990579e-03 8.687064383602452521e-04
5.677069821457754982e-03 8.717059391606494937e-04
5.143434652012984082e-03 8.382971030441441814e-04
4.542596100847604013e-03 6.664640301405326149e-04
6.241801873950330454e-03 8.584409333136794069e-04
4.502972012284223169e-03 7.328742162383581693e-04
7.464172205382517238e-03 9.898774486605675833e-04
4.342467283053846883e-03 9.489474670015783653e-04
5.720222604961839805e-03 8.192974600401096031e-04
3.966127893953235936e-03 8.343106107949622421e-04
3.155857028079974303e-03 7.654837268142214001e-04
4.487800442748943533e-03 8.461444725996885045e-04
3.934805903069381848e-03 7.278633382881867769e-04
4.326667595325346498e-03 7.418838415108559370e-04
5.145768505630574953e-03 7.404669219332158129e-04
5.453578183758340733e-03 8.667666349726805977e-04
3.293263175940894499e-03 9.294061001798322287e-04
4.717474085270326536e-03 8.534597538595100697e-04
5.615596809519523940e-03 7.939827034715852801e-04
4.852169150276153427e-03 8.595182083088397746e-04
3.451613337923143104e-03 9.391025274835816975e-04
3.263423875047717984e-03 7.947551592007234215e-04
4.594052720670351031e-03 8.227414085069051581e-04
3.949993362081474779e-03 7.629741484979162512e-04
4.585904392213961851e-03 7.455859508203295863e-04
4.008205588487499978e-03 7.901992864166383461e-04
3.835019101535863759e-03 1.022656551798986537e-03
6.644899942360006119e-03 8.744699762009553639e-04
4.001674545229858861e-03 6.191110928489043349e-04
4.720676107102112808e-03 8.614022992177963094e-04
4.467020895083425279e-03 7.822206544204226121e-04
4.466588216134848369e-03 7.595869399072908068e-04
4.578347963973180765e-03 8.261606656945359988e-04
5.254227500696724736e-03 7.446880548117722773e-04
5.897604100670235903e-03 7.876318631092024984e-04
5.358661778770069939e-03 7.420174984540253227e-04
4.196031504790500438e-03 9.197755202466477995e-04
3.982507466050985712e-03 6.145599291051732048e-04
3.993804925031237477e-03 7.853657243509649510e-04
4.176862300762443532e-03 9.634624458464565409e-04
3.273159122014489102e-03 8.621477406126329185e-04
4.926727218881656392e-03 9.127225664924473866e-04
4.127908909872283864e-03 9.159127902648845189e-04
3.873946238474664568e-03 8.694640946120509636e-04
5.362200440863689431e-03 8.663037301135297638e-04
5.144906058088600208e-03 8.598467105008811588e-04
4.807348909332632113e-03 8.677802749606748503e-04
4.537252925568095556e-03 9.196711404232863320e-04
5.667814533412685735e-03 8.407794964099097549e-04
3.627904717534207769e-03 7.996173184155926919e-04
5.807497982655939264e-03 8.889466370139927119e-04
5.843832025345278153e-03 1.013478499014382065e-03
3.555049217610546999e-03 8.590659552799434755e-04
5.034865733413221994e-03 9.340428114274054641e-04
4.338136271398829874e-03 9.557082028826456794e-04
2.998317201231859644e-03 8.049463312291557171e-04
4.954755539331446614e-03 9.133114748332532128e-04
4.091750112665599841e-03 7.525574080235027325e-04
5.306890776695365880e-03 8.329681070684815877e-04
5.732404284050821031e-03 7.165393523339848823e-04
5.040989304645393174e-03 8.279689455171467807e-04
6.768273774999999937e-03 8.852878567901234508e-04
3.995023286080158151e-03 8.307890169295586297e-04
4.474237255123016295e-03 8.599219448893325032e-04
6.539230398766826893e-03 8.332246677052143917e-04
3.931427833608322486e-03 8.447814840697029024e-04
4.683451045691622294e-03 7.880188092947381338e-04
6.225493926967576828e-03 7.410143137409986929e-04
3.387323341330900853e-03 9.066196556421111333e-04
5.241247410593636441e-03 8.138327659760508266e-04
4.903707490562186563e-03 8.771093562338297010e-04
5.894175751879699755e-03 8.880186011904762748e-04
4.797144324946181655e-03 7.995157700885367671e-04
5.395766920192498345e-03 9.114288491224758256e-04
6.220409054878445199e-03 7.881946953552497080e-04
5.974163591142414749e-03 9.449562151551483061e-04
4.020780005432801618e-03 8.056579547351905247e-04
4.429840345860447913e-03 7.228911177369463058e-04
6.070319508472505655e-03 9.456171769043976482e-04
5.687847246125803113e-03 7.530197370399781568e-04
5.510952107818596450e-03 8.700343322005729295e-04
4.644361365280444409e-03 8.229482465328799351e-04
7.821458707994019197e-03 8.029208474170921629e-04
4.788337865867445600e-03 6.883214502024946266e-04
3.103305102859402198e-03 7.016716973313493052e-04
3.850462071979711496e-03 7.259627205247144634e-04
5.697954055436165073e-03 8.268085115402137820e-04
3.951776962940635810e-03 7.216372475257153271e-04
6.924733777437945374e-03 9.208625036831330100e-04
4.750082527120919919e-03 9.332926476673579583e-04
5.239893125000002344e-03 9.043459821428574685e-04
6.594976933014487508e-03 9.857837419575783341e-04
5.957457500283422532e-03 9.037427846620750289e-04
5.635203661346129857e-03 8.391781345144678095e-04
4.137339440743926892e-03 7.779289112198732072e-04
5.283276349414275236e-03 8.303549684234099847e-04
4.533223598822372184e-03 8.082924538603596196e-04
3.941885097702177085e-03 7.563416285841775485e-04
4.395230397906528877e-03 7.835767059430731162e-04
4.980583696429109926e-03 8.305868170948501336e-04
4.619393006043861875e-03 7.612629821165491821e-04
4.755842423767840839e-03 7.926270249425280360e-04
5.359540331794595582e-03 8.375471973248991599e-04
4.642019576335333457e-03 9.196495763353344137e-04
5.508417403529456205e-03 7.411860944927814530e-04
5.036989007261386334e-03 9.093424984591018433e-04
5.419364753103178209e-03 8.470932013790406561e-04
6.473243906118227378e-03 9.467243957572659590e-04
6.130822456286657077e-03 8.703138463389215257e-04
4.171362333966257933e-03 7.086555157844390143e-04
4.051004560152839454e-03 9.637397324123986569e-04
4.884611782663326150e-03 8.681191797161553559e-04
5.200325036698499707e-03 8.428941525885827847e-04
5.611288061720875672e-03 9.029130795018114721e-04
4.114729482831728721e-03 8.081140631773264024e-04
4.874626071122009283e-03 8.943202366760797653e-04
6.007690002499736955e-03 8.076866545627717740e-04
5.161624394845362208e-03 9.111796696629211696e-04
5.296651961206897373e-03 7.761382336956521326e-04
4.585748368141490984e-03 8.888798544128792859e-04
4.655961877168005025e-03 9.246496466475244164e-04
4.156577702768949646e-03 8.974045889416918309e-04
4.760158084584080636e-03 8.643162111282858169e-04
4.205722023179042299e-03 9.281233936222850391e-04
6.673456741052543467e-03 9.058832006423123487e-04
5.547185096344949863e-03 9.298625344187396715e-04
4.334762573701232170e-03 7.796400073813590428e-04
5.308683900812022002e-03 9.292034064583932834e-04
6.339435116569975062e-03 8.582787757843217359e-04
4.244353344720203959e-03 7.082161522422277325e-04
6.700794741536861797e-03 8.751517224244532772e-04
4.832168181976187124e-03 8.611145406385132964e-04
4.179479745438260431e-03 7.856128106985494014e-04
5.418502563832115065e-03 9.318206697781977266e-04
5.104989128696189003e-03 7.158733746135742190e-04
3.973055808680537974e-03 9.189409667265147378e-04
4.873546878688351548e-03 8.235603376910913265e-04
4.680525281374929049e-03 7.863938824309484391e-04
4.339482930695205340e-03 8.546854689707901465e-04
3.817854812646512015e-03 8.118866280965968130e-04
4.687307641757542005e-03 8.906548126661350704e-04
4.371875379980968458e-03 9.597128097081071389e-04
8.316989888577546938e-03 1.001617475450133042e-03
5.211050483509703686e-03 8.984226201154874546e-04
5.038619065313807571e-03 8.222135206659232686e-04
3.954761036126672180e-03 7.653310834826313521e-04
4.873831387419196894e-03 8.728587816313837597e-04
4.087537602875096661e-03 7.148833070264379438e-04
4.116563291817225065e-03 8.719999405862134461e-04
4.760366332535213157e-03 6.414356490828097314e-04
5.921135705660873598e-03 9.714253531570526913e-04
5.211164914404022019e-03 8.815713332766046033e-04
5.135842514532424317e-03 7.899540825148787656e-04
6.767659522734600051e-03 7.590283262002713548e-04
5.465158946852570650e-03 8.250406952148928988e-04
4.176471742092666140e-03 6.777276060204037115e-04
4.319942582445552084e-03 9.413434031615554396e-04
5.388853602420147493e-03 9.055508794078670314e-04
3.113009174073512898e-03 9.628479259677121937e-04
5.090586062784894714e-03 7.659327525729480628e-04
4.937156597972677287e-03 9.216365240827833387e-04
4.997421299114398335e-03 8.177377101758646427e-04
3.811455373329417778e-03 7.535500875898580760e-04
5.550233686048388140e-03 8.183761918354266664e-04
4.924367683171582480e-03 7.496770863247338452e-04
3.978933351302301955e-03 8.579030122914939153e-04
5.060969575989113407e-03 9.300126527569257950e-04
5.348049787326388665e-03 8.958810373263888975e-04
6.101055413285251701e-03 9.315420481842763860e-04
4.928884424901122663e-03 7.864829438746413380e-04
4.255808115334535138e-03 7.294370777327400471e-04
5.473712761435853974e-03 7.338906206137136949e-04
4.669672805738865097e-03 7.224947826604745816e-04
4.324739486171387190e-03 8.407366090265115362e-04
5.279895057242574991e-03 8.144538975981984895e-04
7.040839770828801088e-03 7.663255455185846157e-04
4.482665701147278518e-03 8.707163575399724581e-04
4.145373909614987439e-03 8.458140526569088522e-04
5.981987189957297529e-03 9.346758451048086617e-04
4.917107454362168971e-03 6.917045233102309945e-04
4.202563551105081147e-03 7.759981186726488218e-04
4.266984317245622708e-03 7.990044179154847390e-04
3.728816195319431016e-03 6.903433259781194438e-04
5.091128079789731566e-03 7.740631677348190545e-04
5.341788407777213997e-03 8.896408630528616262e-04
3.312018995884377041e-03 7.421939627223799385e-04
4.654156184329642267e-03 8.344008200196693622e-04
3.370232979373568270e-03 7.830174747131518186e-04
3.450478823720373907e-03 8.207226531893320161e-04
3.671383784879871017e-03 8.588762159182199976e-04
4.683992975025981498e-03 7.597006869319108567e-04
4.453360184245027178e-03 8.012636930169568386e-04
3.999190278452979981e-03 8.394100559793740918e-04
4.892193236447486132e-03 8.336635398712996872e-04
4.311243809656731610e-03 7.320806152122872256e-04
5.754378527388919091e-03 8.880219280100351510e-04
4.679463856764928993e-03 9.907045052206934262e-04
5.463801898949123374e-03 7.589603929022586178e-04
4.879371316303691107e-03 8.152903181351927589e-04
4.032540417606464422e-03 7.737807610749324137e-04
5.373309455991023310e-03 8.828646779000275851e-04
4.988264792392108592e-03 9.666364415762562388e-04
3.908385149018153183e-03 7.865376129108310509e-04
4.777468950512587034e-03 8.442939323439820499e-04
5.291511726333477349e-03 8.614195857154727460e-04
3.786926937541507457e-03 8.651038303081811385e-04
4.579438229614600682e-03 8.182961194184435990e-04
5.903180738494630958e-03 8.817417014618600737e-04
6.075804295187789764e-03 7.736035076734712815e-04
3.911392292693084694e-03 7.921553240547057114e-04
3.472845335196248374e-03 8.975363192295700721e-04
6.152971356564959117e-03 8.756964519656419135e-04
5.437010485661098076e-03 8.876811506442627711e-04
5.555800265963757589e-03 1.088449717431536718e-03
3.638853862859793651e-03 9.389732447130281177e-04
4.532472682274464419e-03 8.846757983695382544e-04
5.630429515664193800e-03 6.795960231889917186e-04
4.211180167176309386e-03 7.609583380759428386e-04
4.472762459939045969e-03 8.571543013978515004e-04
5.348709694001948893e-03 7.927892454854410182e-04
3.943418805804559980e-03 8.014878881627297011e-04
4.523968123933296524e-03 8.485590898295557183e-04
4.835178829267900748e-03 7.880274444324215921e-04
6.130020430324235360e-03 7.855497802186845509e-04
4.458970593029546944e-03 8.305265151953661286e-04
4.802484229061646480e-03 7.496127159037514059e-04
3.932013301341629428e-03 8.995523284909488207e-04
4.122704158561708507e-03 7.859755759367602606e-04
6.209926828710725204e-03 9.533879124836217413e-04
6.268759523682048730e-03 7.454996997320393996e-04
4.595706523731278581e-03 7.811573711889039295e-04
4.501439612907050074e-03 9.351004268527188766e-04
5.101827485276303267e-03 9.079665905711057586e-04
5.002669116384508320e-03 7.011044673238896836e-04
6.654671084101954591e-03 8.973474897069298999e-04
5.559223841377334413e-03 8.595796560058173398e-04
6.043967998445335874e-03 9.716194567445328835e-04
4.556811372013653411e-03 9.790510333617459711e-04
3.095242169914893572e-03 8.838049099194106219e-04
5.192512955456524484e-03 8.255156121322712766e-04
7.076210211212118420e-03 9.947965520642463623e-04
4.753729187750761059e-03 7.689592958921371213e-04
5.302369686380132771e-03 7.244755353963869791e-04
5.264798266729352368e-03 7.777705808613050208e-04
5.474024027409107179e-03 7.381401269288949971e-04
6.426711668271770268e-03 8.145059220220881094e-04
5.354355424450023618e-03 9.686988635852069674e-04
4.557867329788888207e-03 7.640551239581881444e-04
4.626995957759359734e-03 9.179427221894031564e-04
4.325836422311956676e-03 7.902336783974899794e-04
4.696690705220995209e-03 9.013878084780975334e-04
3.723483979995856254e-03 8.070863867675824154e-04
2.752630013490002785e-03 7.637064786914676048e-04
4.962345714093496091e-03 7.564356362059598392e-04
5.089046387321102122e-03 6.856655537258783163e-04
4.526801021363874647e-03 8.506579888423797210e-04
6.114148898099750623e-03 8.572682067706597362e-04
5.320305779660135063e-03 8.595926950965395233e-04
4.383038018490277576e-03 8.384866034626811335e-04
4.087593627841862309e-03 8.215914060753864122e-04
2.945072260107441629e-03 7.863341073070348637e-04
5.459669518353801182e-03 8.953931388697779518e-04
5.187091853675796296e-03 8.590969242225323299e-04
5.421995881186724917e-03 8.261869807027567630e-04
7.271918902179684736e-03 8.223565619698625703e-04
5.414885918900102200e-03 7.845169273034659696e-04
3.934265639276895467e-03 8.446247019501265879e-04
4.763798079910929947e-03 7.957268551057809607e-04
4.291953304054110276e-03 8.297112533085449415e-04
3.444775927351302700e-03 7.765402565406298195e-04
4.629944973081257485e-03 6.911806984765736777e-04
3.568336437013592925e-03 7.021293324665564680e-04
6.066638693124381740e-03 9.718837083172320078e-04
6.615232903322675745e-03 7.598966822802059960e-04
5.798617995952799233e-03 9.718233535854068532e-04
4.148462868527323308e-03 7.369114549257464123e-04
5.671271087683763326e-03 8.866392608379357158e-04
5.052421812105844894e-03 7.710783429313406790e-04
3.833049209482313271e-03 7.441738386930586788e-04
5.111269483014905732e-03 7.374783115841094952e-04
6.573426657856768461e-03 9.543141880576579313e-04
5.289872583573165636e-03 7.551103117234559932e-04
5.541542905699231754e-03 7.640952768430166187e-04
4.307640305753581908e-03 8.769085410848312650e-04
4.421243978739099363e-03 8.661697027182598506e-04
5.255359403156630721e-03 8.136631374116866898e-04
3.717364872123479248e-03 8.657030144358028156e-04
3.513203418469523255e-03 6.729976884560515474e-04
5.583917066987993151e-03 7.868499301240749295e-04
3.362346863279797472e-03 8.882313320014444168e-04
5.519681424628324930e-03 9.575210304912241521e-04
3.705522801066821973e-03 7.510881500076067212e-04
5.946532346393987312e-03 7.909704269989498680e-04
4.364186305163997304e-03 8.269305265350152673e-04
4.973848599037562074e-03 8.963472468438919271e-04
3.918184677065487780e-03 9.618755908723505615e-04
2.987602432479150374e-03 8.049125350754661066e-04
4.240021994841451473e-03 7.760266171515093400e-04
6.438508960370536473e-03 8.905668175133918049e-04
5.704593885568814450e-03 9.295539106037266006e-04
4.905363668571418104e-03 7.890223457357235879e-04
4.088619196453304079e-03 9.056686320536866137e-04
4.257410814108252700e-03 8.293617674723524104e-04
4.356783716763327867e-03 7.595678782540113460e-04
4.779100827437961566e-03 7.845452178350692009e-04
5.839353693923442397e-03 8.917065696238648176e-04
4.486035953608144902e-03 8.461632914089368398e-04
5.631621827216951037e-03 8.280912141570798569e-04
4.500657996688686366e-03 7.951438040828490237e-04
5.339257879635106105e-03 9.169461368098870673e-04
3.912080174614426288e-03 8.506687288312918217e-04
4.992708890603565937e-03 9.605225480109739512e-04
4.680279374323615370e-03 9.021077577650826436e-04
5.479598017785334424e-03 6.991256884258200245e-04
3.751423587592365213e-03 8.096257675036659966e-04
5.468742827009804783e-03 8.625369284205568069e-04
4.368854698853857736e-03 8.121503881752159103e-04
5.220269667186861785e-03 7.903900759180015672e-04
5.441554388764214753e-03 8.375589964065845942e-04
3.839685953933242961e-03 9.404269477520552870e-04
5.270458356645076753e-03 9.620084306917245625e-04
5.140083654575433939e-03 8.141939179758330997e-04
3.955302767532532272e-03 7.389053652978973871e-04
5.211071333916512775e-03 7.566594354947432611e-04
4.555771936342436872e-03 9.995222138261320149e-04
3.737199650825180717e-03 8.139320226200534667e-04
3.061821114653110517e-03 7.518758376192813831e-04
5.277913897183891812e-03 7.882063589286933620e-04
3.454130116992050730e-03 8.198671330449303811e-04
4.160282285644327158e-03 8.805850050061831032e-04
3.794696191612319074e-03 8.965585154078153755e-04
5.400197631308644060e-03 8.433412533166707555e-04
3.436235454302154213e-03 6.881318659473792615e-04
4.245460862047879640e-03 7.966023322598670678e-04
6.301105603613251817e-03 8.829559814141893287e-04
5.820641850734534564e-03 9.816910437025617824e-04
5.556388949166804828e-03 9.283001199160828814e-04
6.540290746996459299e-03 8.502661009329236068e-04
3.598969243731428309e-03 8.456583197920680434e-04
5.561771559872558980e-03 8.226571452166163683e-04
4.946437240354296071e-03 7.356801860501229568e-04
5.886176678854673772e-03 7.738012211887707091e-04
4.604185305080489739e-03 9.791026353571934300e-04
5.749899481726356010e-03 7.740671742768597896e-04
5.714295704998113151e-03 7.253641268402981823e-04
3.985022959010544111e-03 9.122525257552743924e-04
5.635829132564483882e-03 8.706463257879275448e-04
6.515780811285581779e-03 8.697806297607745723e-04
5.049986591923696921e-03 7.559573881086436653e-04
4.260125384917281231e-03 8.844427828764641090e-04
3.267133204447068839e-03 8.439894462557181011e-04
6.692615724936849982e-03 7.689985167140366961e-04
4.961392110788760343e-03 7.839653993359838426e-04
5.266693191880885555e-03 7.233244491940357158e-04
6.175070817361884290e-03 9.562246628919199428e-04
5.298936016735970866e-03 8.859553463406871516e-04
3.209581801475720406e-03 8.350348838897375670e-04
4.000774337746524668e-03 8.914314094461699318e-04
3.632440698856606066e-03 7.672408154746822263e-04
3.972977837213009789e-03 7.087828372130101050e-04
4.278758634339572750e-03 8.727001722721492534e-04
4.579054410629604908e-03 8.258222196368357731e-04
6.071005167737288447e-03 8.175679002484854052e-04
6.086148590172629075e-03 7.429204744456247098e-04
3.689411887152962716e-03 8.595668432160223724e-04
5.461626438514981079e-03 8.858361116217614017e-04
6.635578015275641478e-03 8.751834780497367043e-04
3.522197542231414631e-03 9.828559631457596882e-04
4.128246405639309814e-03 8.384218802769333786e-04
5.088769771667727045e-03 9.045795044232337332e-04
5.441198553791667426e-03 8.035096967854507295e-04
4.111251589581110290e-03 8.186042856968764325e-04
3.315286559666292664e-03 7.906671833088598422e-04
4.471920138888889860e-03 8.282996558505406571e-04
5.032182183238816976e-03 8.948501976143768879e-04
4.737310605272366734e-03 8.650723388816729817e-04
5.991400022045858219e-03 9.014393277122560678e-04
5.513912966799859941e-03 7.986236396487761532e-04
4.985063237521952274e-03 8.721651678858592356e-04
5.603799914916315038e-03 6.529608877669909519e-04
3.820948225580811635e-03 7.235286420509247710e-04
3.129876711346302794e-03 8.818108190319306171e-04
4.815602861783593695e-03 8.894145134974177020e-04
5.875649948670466985e-03 8.841703991990296132e-04
4.763264860744498806e-03 8.435061739658952350e-04
5.392520339604902832e-03 7.338303184518124318e-04
4.497387964708984831e-03 7.629213149285062967e-04
4.079526916381815901e-03 8.150896839393753646e-04
6.298661247147831384e-03 8.084352360455320050e-04
4.086101086150493826e-03 9.310466830272565424e-04
4.447429533794873026e-03 7.037461158238269773e-04
3.314478155115168148e-03 8.815296244572694588e-04
5.541844546375444651e-03 7.486562845535146447e-04
3.619785998225148738e-03 8.286752630538865788e-04
7.389238209805453622e-03 8.621918251554587173e-04
3.601528563267869087e-03 7.372183996241625254e-04
5.176661497894969981e-03 7.972868553334551281e-04
5.070767180714512261e-03 7.325869365210803267e-04
5.144448812932712715e-03 9.284497062224398222e-04
3.612915611003032421e-03 8.536309388337678591e-04
3.947195607127118241e-03 7.846535973565270470e-04
3.823274038881371850e-03 7.336812776628996420e-04
3.695111656178255450e-03 7.353035864059231453e-04
4.165882040533630364e-03 1.020725364120372630e-03
4.253320067007170316e-03 8.559467380254467527e-04
4.478431461329629611e-03 8.455549339670925639e-04
4.820311400046164464e-03 6.856665125706251900e-04
4.683109263387428590e-03 7.325810918751836202e-04
5.147245795760709876e-03 8.901586394105655622e-04
5.850998789870872317e-03 8.666963869500054823e-04
8.391378838099322265e-03 7.732069058648909348e-04
5.245373988816726639e-03 7.901650089316699732e-04
5.902584461361772353e-03 7.916233476923227206e-04
5.420550986836228727e-03 8.229690406134347082e-04
4.263918736487269830e-03 7.942865631050965731e-04
4.210470582112241233e-03 5.851338941463197531e-04
4.065667513516413659e-03 8.476842177206192269e-04
3.895174328657051606e-03 7.483967446071226187e-04
4.506605964218421585e-03 7.204709318165503171e-04
5.748678316700407340e-03 1.007812142725868091e-03
4.200581446838020684e-03 8.894173428905324677e-04
4.848066789351733116e-03 7.530809968939253122e-04
6.580518499092165643e-03 8.956659663425664292e-04
7.562079683240203326e-03 8.966948404141812439e-04
3.828923262912498331e-03 7.520740225060672506e-04
3.666013105244575292e-03 8.184786323101037779e-04
3.601307806781788284e-03 7.398619982500403243e-04
4.406721204188483558e-03 8.055319940476189135e-04
4.716717216454544871e-03 8.944210429135800861e-04
7.463670627842795488e-03 7.697219624322148819e-04
6.015924110967001831e-03 9.439046336845618220e-04
5.847816591081703153e-03 8.396039453774455617e-04
5.873417718695186397e-03 8.260764777847188220e-04
6.049841169619116742e-03 8.223031595229698433e-04
5.652128994633933562e-03 8.347852602389004137e-04
5.865500730301874584e-03 6.707915408168248174e-04
4.097720125910171186e-03 8.602255697168035165e-04
3.532905219037318044e-03 8.766232190373175661e-04
4.303085802825485674e-03 6.793828488164721556e-04
5.397486278795824051e-03 8.912876253715009420e-04
5.859939557612586954e-03 7.357144599086304360e-04
4.335676172391177835e-03 9.101894391952752503e-04
5.179897699805774240e-03 7.918785828550167294e-04
5.730771106064576348e-03 8.161129224318415445e-04
5.145850873424093024e-03 8.081514108177332472e-04
2.461561962290565505e-03 7.490122315253175444e-04
4.081855706569665308e-03 6.363778005031285557e-04
6.712981218951127003e-03 7.955922265904975810e-04
5.871819885204083989e-03 9.509426583133253784e-04
4.744250676424551123e-03 8.337850636164792452e-04
3.869375163014330751e-03 6.905548520365799780e-04
5.866031743076692041e-03 7.243074301309289104e-04
3.923559372735579455e-03 8.595541901273806400e-04
5.275172416833741849e-03 7.275984100507960342e-04
4.260008805528775651e-03 1.049743678666107804e-03
4.019203434047078499e-03 7.976999725086153254e-04
4.060468979136737204e-03 7.360501198926999635e-04
4.103751404431837946e-03 8.356282961450307422e-04
5.608277802288398096e-03 8.112476220054204434e-04
4.553250819907380710e-03 9.166481240949769663e-04
5.442925895817644390e-03 8.487570308664318117e-04
4.175072241474423081e-03 9.136720421187179402e-04
4.171286205690297871e-03 8.422202746616812806e-04
6.277923151480604459e-03 7.549623509549127816e-04
4.986830191333641027e-03 7.774547197729399402e-04
7.134345417002727757e-03 7.969616806267040875e-04
5.959973984275481786e-03 7.614589198351796092e-04
4.926358343061089558e-03 7.609959569044420650e-04
4.456236640309015583e-03 8.208782661673967541e-04
4.056186642330518455e-03 8.079075806937770958e-04
2.382208652886451308e-03 6.312296493839950062e-04
6.275853964228687853e-03 7.855954715146638368e-04
4.449055875902263417e-03 7.804333540608651264e-04
4.287795793809417999e-03 8.824770150000407071e-04
4.342661973103040252e-03 8.067081295444399015e-04
4.633703046892072124e-03 8.290001006579790065e-04
4.128890501895506569e-03 7.217878408533741179e-04
5.006896051916445364e-03 7.344999907982430404e-04
4.682877769061850014e-03 9.128615933381313942e-04
4.758575652386740247e-03 7.659428693382332697e-04
4.034432297667050853e-03 9.047351795708951988e-04
2.993183063428555765e-03 7.792926530826476458e-04
5.786717836505895184e-03 9.125517587961517237e-04
5.948119378040748854e-03 7.758811044695797634e-04
3.745465661129281434e-03 9.202857427817344102e-04
3.026661462756481506e-03 8.863454760083156348e-04
5.030027070048367563e-03 9.580326656539888980e-04
6.240939992428386034e-03 8.795857794654216803e-04
6.234547305818960439e-03 7.349118626017396962e-04
4.657514895526450489e-03 8.124021596635065288e-04
4.443430440814794338e-03 7.847256372571461466e-04
5.174243975329795471e-03 8.458424886318296294e-04
4.443847070725330875e-03 8.415017655917524618e-04
5.495255292916527076e-03 8.743718148354691529e-04
3.741932167230136753e-03 8.299461858147740749e-04
4.612173756074687027e-03 8.614838929716860886e-04
4.708577222241221334e-03 6.953469590833268694e-04
5.779192939553497339e-03 7.781596908562292674e-04
4.478719732577606145e-03 8.172939114542844118e-04
4.469363759029234065e-03 9.143470910057882248e-04
3.205183797402954334e-03 7.931450218927500739e-04
3.913633740386636244e-03 8.614326838123952459e-04
5.549633649606905590e-03 7.021910575233426561e-04
2.896320704040278738e-03 8.539304536791806266e-04
3.093617394074927966e-03 9.078253950833620927e-04
4.654147043554153311e-03 8.575658628511563216e-04
7.125844749998405496e-03 6.675197772948262588e-04
2.680642903186646140e-03 7.991643092092355757e-04
5.277548456473624486e-03 9.514332757507319369e-04
3.819979785894876776e-03 7.576115098807663460e-04
5.494049126902047012e-03 7.897378265924496436e-04
4.224039666743475280e-03 7.476022222255022031e-04
4.581135988303227519e-03 7.744670091407345391e-04
4.410618701240918461e-03 7.333619766779102874e-04
4.231177565036021472e-03 8.149526242502418572e-04
5.413578039809811317e-03 7.888387514235320518e-04
3.991978640394804219e-03 7.971888199852706540e-04
3.877379627714325205e-03 8.864159121845696220e-04
5.123269550444183897e-03 9.103251625288076012e-04
3.977142010622540524e-03 7.336021087085971108e-04
4.707946406846486367e-03 8.864285764039022330e-04
6.650264445940728270e-03 9.159833621968831510e-04
5.724008888565317726e-03 8.013579604409916488e-04
3.800236045494477782e-03 7.913890442586697356e-04
4.380704730498619949e-03 7.284411943918678647e-04
5.027425744207861431e-03 9.971119029348561851e-04
4.478576020931169729e-03 6.855638297648477967e-04
5.404438248439437549e-03 7.850774670661136686e-04
4.380677384491677567e-03 8.885970477029962603e-04
6.041536437098832951e-03 1.048551529892382790e-03
6.344166354038793983e-03 8.170632609292359343e-04
5.820750712325929548e-03 7.467161920084393377e-04
5.313438144835074678e-03 8.381177550299750501e-04
5.745647513558550280e-03 7.868988231913427419e-04
4.143181253226669788e-03 7.463408971589077789e-04
4.301089666333030546e-03 8.203906690839401052e-04
5.488017809426209634e-03 9.170826692041107991e-04
5.364926528564219199e-03 9.060506904139293020e-04
5.540858585917471726e-03 8.830875291010326913e-04
4.047080317955060492e-03 8.225762775510204626e-04
3.661110168967954184e-03 7.533290015318032861e-04
4.099855340888173064e-03 7.230673112240958459e-04
