-3.166547533952820785e-03 2.313929313929338305e-04
8.320783132530462081e-05 1.503719912472649021e-03
-2.777288135593220398e-03 -6.736327256558187905e-05
7.878111040204219652e-04 1.535008976660695872e-04
6.132264529058146585e-04 6.451266638042090721e-04
2.860779384035199401e-03 4.113675958188158280e-04
7.042105263157916574e-04 6.503574620196617400e-04
-1.195504087193458628e-03 1.371416159860991283e-03
2.709644322845419871e-03 1.104230266027040556e-03
6.093350383631726845e-04 1.334490740740741340e-03
7.370242214532880766e-04 1.740074731433910709e-03
9.126770060687805454e-04 -5.002024291497957163e-04
3.504023408924676120e-04 1.006880733944955737e-03
-2.034541723666208942e-03 2.572062084257219433e-04
-1.780233271945966115e-04 1.677995642701526598e-03
-1.026694045173133058e-06 1.568202348690155186e-03
-4.027061855670049483e-05 1.313742071881608209e-03
-4.812455261274155294e-03 6.203007518797014645e-04
-1.700402144772117418e-03 3.156862745098066767e-04
-1.468498168498165012e-03 1.258983347940404330e-03
1.118226600985223985e-03 7.608189855746870945e-04
2.120668693009119306e-03 7.964639931004755197e-04
-5.929614873837971969e-04 1.784224250325945355e-03
-2.777957336780865084e-03 1.502590673575131914e-03
-4.670177748518761045e-03 2.023574315222273403e-03
6.047557840616990359e-04 1.702002612102742826e-03
4.553001277139213151e-04 1.180996472663139660e-03
-3.445680628272252593e-04 2.192575406032499282e-04
1.419642857142858466e-03 1.675293605915616733e-03
-3.236933797909401851e-04 6.396226415094351551e-04
3.140885984023252691e-04 6.584249084249091995e-04
5.981863664790505655e-04 2.059210526315791417e-03
1.703503184713377281e-03 -7.240120274914069436e-04
8.539421440726029187e-04 1.316140506891964423e-04
3.582770270270271753e-03 1.704977375565612345e-03
-2.838401908169339155e-04 -5.633859862292408659e-04
-1.438679245283006742e-04 1.766556291390729760e-03
-2.990136054421766582e-03 -1.305449127288207077e-03
-5.233516483516468089e-04 -5.652553470100245373e-05
2.722017220172199235e-03 -1.300668151447653784e-04
-2.661630358397750178e-03 5.913694407749903008e-04
-1.448595146871007764e-03 7.597254004576680514e-04
3.299462044231921045e-03 -4.054398640033989422e-04
-2.874507227332432279e-04 2.074841437632136704e-03
-2.225729803122876004e-03 4.160676532769574314e-04
1.204268292682922884e-04 7.178265014299337835e-04
1.696940726577437619e-03 1.200528867342443929e-03
7.312373225152153048e-04 9.015256588072132361e-04
3.610909090909092140e-03 1.325888568683958758e-03
1.557142857142860886e-03 -1.944941808415391160e-04
2.187836021505377634e-03 -2.385537013264851043e-04
-1.237911025145064538e-04 1.373576850094878005e-03
-1.071029776674937506e-03 4.834874504623530751e-04
-3.038637851997365844e-04 8.875545851528395197e-04
-5.006544502617627239e-05 5.726730857404874067e-04
2.358270202020203501e-03 4.941756272401441738e-04
4.823451032644931113e-04 9.764409881061307398e-04
-1.505393401015229105e-03 -6.076233183856383490e-05
-7.121934604904614800e-04 1.364058355437668688e-03
4.742939666238768850e-03 2.126766784452304912e-04
1.965901639344263662e-03 -7.231759656652212624e-05
2.213642213642214637e-03 1.123309287646529712e-03
-7.424554183813426378e-04 2.344140805928672088e-03
3.006280530355898584e-03 2.069620253164559075e-03
-9.761396011395988195e-04 1.682825484764544034e-03
-1.791030534351144808e-03 7.454337899543389111e-04
3.075833857772184484e-03 1.100541027953112934e-03
3.595313489550349632e-03 1.449504057709649889e-03
-1.698258539852645025e-03 9.783410138248863075e-04
3.369700748129698053e-04 3.755020080321307845e-04
-8.505487411233036933e-04 1.280299591466183906e-03
1.013099041533547595e-03 1.070478723404279139e-04
-8.242112041210538677e-04 6.660914581535821869e-04
1.711870255348516305e-03 6.750223813786931145e-04
-2.447139303482584634e-03 2.804044943820224560e-03
2.871695680206320152e-03 9.584870848708487929e-04
1.998671978751664392e-03 1.656929347826087287e-03
-5.821501014198762151e-04 1.695827725437430787e-04
-6.639127561136793807e-04 3.796875000000011179e-04
-5.950413223140475598e-04 3.096401599289219089e-04
-9.700934579439230137e-04 6.483387927000484365e-04
-5.971128608923869036e-04 8.056260575296112164e-04
8.706415620641570589e-04 5.426038062283758444e-04
1.039920159680641056e-03 1.093327702702704025e-03
1.516961130742049829e-03 1.481072555205049197e-03
-1.275941837409119532e-03 9.908599916909025408e-04
-2.809822017139087906e-03 7.209144409234961902e-04
1.887508626639064187e-03 1.007304429783224516e-03
-3.166127989657398483e-03 1.819295900178254490e-03
1.204211229946523147e-03 9.339500860585217600e-04
-1.797150610583446396e-03 7.768448961555479400e-04
-1.410519125683058197e-03 -3.076592082615986436e-05
1.708741030658841083e-03 7.861176470588250543e-04
4.470918009810819090e-04 1.237630503858376443e-03
-1.511643379906851435e-03 7.629172382258811880e-04
-2.893200295639318433e-03 1.129915730337079441e-03
-1.156942392909894287e-03 9.997805092186143501e-04
-4.603174603174582137e-04 7.993338884263130389e-04
-8.734547820429386161e-04 -7.525839793281635139e-04
-2.905063291139238849e-03 2.015214384508991902e-03
-2.228323699421963424e-03 -3.587655379339879744e-04
3.329113924050652266e-04 9.543996333638873593e-04
-5.552030456852708639e-05 1.592655849701112535e-03
1.984758117958913999e-03 1.940868263473055112e-03
5.102739726027433502e-04 5.447496677004882949e-04
-2.702574525745257347e-03 2.610103626943018887e-04
-1.767411300919840894e-03 1.674259681093405406e-04
3.755033557047001368e-04 7.618198037466555536e-04
8.841103086014458472e-04 -1.702834366696172363e-04
-4.443619176232273781e-03 -1.287386215864741456e-04
-1.584375000000000713e-03 8.823008849557528082e-04
-1.835074626865671474e-03 1.552312528064661362e-03
2.807023643949932510e-03 3.555846422338624073e-05
3.133986928104598229e-04 1.847718029823771204e-03
6.362545018007391146e-05 1.741448245224345862e-04
5.115627189908915828e-04 6.341252699784030548e-04
4.364123159303898223e-04 1.488095238095240398e-03
-3.009728978457259802e-03 1.083690068493151689e-03
1.182705718270570666e-03 -1.621800529567510134e-04
1.287360335195532118e-03 1.602406902815623705e-03
-3.655913978494562910e-05 7.218444538886531394e-04
9.195156695156719417e-04 9.022609514837501852e-04
-2.158206987475280118e-03 1.450228310502284495e-03
-2.216791979949872624e-03 3.242320819112817347e-05
5.502846299810455256e-05 1.238117647058824223e-03
1.377468910021946869e-03 -4.049933716305780126e-04
6.608391608391615216e-04 -6.839945280437605970e-05
1.170747018204640463e-04 9.993649449618969074e-04
-1.668984700973571815e-03 1.355245683930945012e-03
9.063545150501699970e-04 6.484130531962466974e-04
4.218281036834927410e-03 9.589340323285287879e-04
2.036265950302216469e-03 1.509385665529010614e-03
5.042819499341242868e-04 9.125218150087279455e-04
7.323895027624321204e-04 2.312749003984064609e-03
1.721389645776568323e-03 3.197042192257706347e-05
-2.039600550964185653e-03 1.211974110032363857e-03
1.577946768060838880e-03 1.173860427591778350e-04
1.178191489361703811e-03 1.109327548806943045e-03
1.397256097560977458e-03 1.783886894075405009e-03
-7.834261838440078783e-04 1.273152270703473794e-03
4.615384615384599551e-04 1.717108217332734450e-03
2.649616368286446082e-03 -9.849448685326539672e-04
-2.400391900718455208e-04 9.422521655437940359e-04
-7.610837438423635358e-04 3.458543289051770053e-04
1.471817606079799242e-03 4.900497512437818060e-04
1.450974230044000616e-03 9.179476526796852666e-04
-2.556084296397006898e-03 2.391500904159132510e-03
1.945242984257359014e-03 1.184956561499772706e-03
1.572444143534192226e-03 5.034562211981588554e-04
2.782711663706338148e-04 3.865159128978247526e-04
1.037473976405278156e-03 7.888513513513524446e-04
5.531002638522449031e-04 1.387563884156732064e-03
-1.531757233592095447e-03 8.156235929761372887e-04
-7.149035262807700714e-04 5.378854625550673731e-04
-1.788866930171277092e-03 -2.209302325581380443e-04
-1.018400566171265937e-03 7.084462511291782704e-04
1.201963117192148467e-03 4.125621328513338817e-04
1.075016744809111340e-03 9.079118028535654100e-06
-1.114824619457312422e-03 1.062165775401071157e-03
1.080294117647059935e-03 1.857333333333333883e-03
8.371069182389940687e-04 4.643169877408071596e-04
1.717171717171723784e-04 1.124595469255663775e-03
7.699939867708959634e-04 -5.904522613065306576e-04
3.761558784676365575e-04 9.599471830985925516e-04
3.419396274887607796e-03 6.937869822485213988e-04
-2.115826419910656932e-03 7.495450409463169823e-04
-4.178321678321673060e-04 2.474125539051269095e-03
-2.000332667997337631e-03 1.157871396895787924e-03
1.048697270471464363e-03 1.263429308122046265e-03
-1.852085967130176133e-04 1.983210483210485521e-03
3.062583222370177300e-04 1.601292108906338248e-04
-2.252176616915422223e-03 8.481906443071492684e-04
-1.891715976331360786e-03 8.973214285714292910e-04
8.351314902225243824e-04 8.187442713107236092e-04
2.282097004279602572e-03 9.743531547889259939e-04
-2.236751548520281752e-04 6.907312529110392089e-04
2.235441452723877333e-04 1.958660508083142054e-03
1.265957446808510826e-03 9.258589511754087252e-04
-9.034969737726961016e-04 1.028341793570220928e-03
-1.283828382838282873e-03 6.354767184035491588e-04
5.398230088495589284e-04 9.625761531766767812e-04
-2.009446693657218706e-03 1.210060549604098992e-03
-3.723404255318974820e-05 1.109579755987350055e-03
9.184100418410061752e-04 2.790088826554467261e-03
2.144051446945337627e-03 1.796562228024370465e-03
2.381781647689218580e-03 1.057408189109329457e-03
1.836586901763226018e-03 1.958178438661710777e-03
-2.705601907032164949e-04 4.495149911816588638e-04
1.850000000000001166e-03 1.558810668998704570e-04
-2.149625085207905462e-03 2.433166248955733965e-04
1.297419354838711758e-03 9.695652173913056181e-04
-5.923501033769809718e-04 9.988393686165288575e-04
2.140012254901960814e-03 9.286987522281659781e-04
-1.374476987447694485e-03 8.696774193548391721e-04
1.339848675914278144e-04 7.566666666666682899e-04
1.882022471910113105e-03 1.755535472209671446e-03
1.818092105263156583e-03 1.304788213627992768e-03
-8.894200127469719134e-04 1.175207756232687526e-03
1.188486842105265177e-03 4.429049211657915810e-04
-2.200288184438037656e-03 1.186687584043032758e-03
3.966013071895424513e-03 2.949039264828751247e-04
1.724584103512017677e-03 -8.246527777777520527e-05
-9.629893238434151159e-04 1.997125059894589057e-03
-1.445348080676641311e-03 7.462356067316470879e-05
-1.524547048509642495e-03 2.637241985068087668e-04
8.826170622193719442e-04 3.414804469273749542e-04
2.582417582417581223e-03 1.078018995929444198e-03
-1.864351245085195288e-04 9.682773109243710203e-04
2.106752411575560889e-03 8.934531450577685302e-04
9.572327044025177867e-04 4.950271247739610088e-04
-6.148897058823515676e-04 1.281264528126453651e-03
-1.399746192893398843e-03 6.049838486386712897e-04
1.498245614035103842e-04 2.536384439359269053e-03
-9.291019581363960632e-04 1.649976492712741964e-03
3.526582278481015052e-03 8.710955710955727493e-04
1.463786531130876816e-03 -5.163355408388512792e-04
1.996323529411765663e-03 1.640070921985816235e-03
-3.689151599443653024e-04 1.701605709188243527e-04
4.899665551839508864e-04 3.557772236076486112e-04
-1.091877496671088773e-04 1.051968864468865762e-03
3.139595564253097604e-03 8.924876293297356444e-04
3.059280169371928751e-04 1.704076850984068267e-03
-8.002689979825132818e-04 5.761660248181442023e-04
-8.850493653032439831e-04 -8.585630366018782793e-05
-1.701098146877143757e-03 1.419973544973547131e-03
-1.363378282469833707e-03 9.141856392294237096e-04
-2.985938521909744636e-03 5.293088363954702116e-05
-2.822128851540592624e-04 1.842105263157896647e-03
3.809134906231096719e-03 1.389810972798525114e-03
1.586137281292061092e-03 5.739528795811538664e-04
-1.019308943089431221e-03 1.215370455591350358e-03
-8.122215149586249107e-04 6.810231744643651568e-04
-5.245901639344251882e-04 -4.238410596026387118e-05
7.194408322496756523e-04 -4.357239512855195433e-04
6.570868713259324975e-04 -6.382932166301950741e-04
1.788486842105264799e-03 6.832191780821931897e-04
1.226703755215576919e-03 5.783842794759828671e-04
8.226527570789887982e-04 1.079271070615034789e-03
-4.344615384615370499e-04 8.993333333333340153e-04
-1.249999999999997641e-03 -2.067585593596973630e-05
6.170580110497244763e-04 1.909722222222223461e-03
-3.944223107569699740e-04 9.830547818013009136e-04
6.662492172824046851e-04 -5.766233766233751310e-04
1.513149847094802380e-03 1.038565629228688442e-03
-1.464668094218412936e-03 4.148936170212780923e-04
-3.167457627118641563e-03 7.448308270676988420e-05
2.273927392739277104e-03 1.168200644270593570e-03
-4.011356045424169410e-04 8.509329940627652529e-04
-5.211623499684139849e-04 1.388358344702139355e-03
7.035483870967753359e-04 1.887704174228677090e-03
-3.879587894397934175e-04 2.594360086767913691e-04
-2.084269662921345127e-03 8.387861545756290999e-04
-7.311486962649716087e-04 -2.867746288798909819e-04
-2.414390406395734538e-03 3.727272727272997935e-05
-2.148310387984979277e-03 -1.205395996518697504e-04
-1.567126269956455693e-03 1.691774698256594094e-03
-1.656145063801208166e-03 1.037952338923214118e-03
4.168384879725107019e-04 1.136236609222171078e-03
-1.321647379169500714e-03 2.110323438192293101e-03
-9.126819126819103387e-04 6.886708296164155549e-04
4.521410579345091010e-03 -3.911790780141834547e-04
-1.564404432132963669e-03 1.417713004484305204e-03
6.821338383838402393e-04 2.280190930787590314e-03
9.402476780185779802e-04 -4.279698581560267031e-04
2.479901269393513207e-03 1.348879743941474056e-03
3.150728309056376512e-04 4.071729957805912009e-04
1.029936305732485945e-03 1.478086710650330232e-03
2.493949044585988626e-03 2.283813747228392865e-04
2.888054363376252841e-03 -7.021978021978009157e-04
1.051196808510640283e-03 9.592575826165692819e-04
-8.102595797280589835e-04 1.235372934345691301e-03
3.490161630358400765e-03 8.272239606616022195e-04
9.916720051249222709e-04 1.524142599277980136e-03
2.115235635894125148e-03 1.168577494692145174e-03
1.453976205385098955e-03 -1.868730920191874608e-04
2.662466843501354102e-04 4.230945821854926840e-04
-1.383928571428549425e-04 1.381474978050923610e-03
1.306012658227849671e-03 -1.540264167021713365e-04
1.317172897196263164e-03 9.056350626118073524e-04
-2.260928961748636236e-04 1.356607310215557794e-03
-1.686046511627893390e-04 1.011075949367089234e-03
-1.957142857142855647e-03 1.143250688705235561e-04
1.694045174537995690e-04 -1.254635618801204977e-03
1.878119001919388836e-03 2.740764884832681651e-03
9.858695652173940505e-04 7.326436781609195091e-04
-8.618951612903194255e-04 7.659574468085115747e-04
-6.365313653136520176e-05 1.325702629193111458e-03
3.077970297029703102e-03 1.957870370370371968e-03
-9.936828806064426558e-04 1.100875172731462888e-03
-9.340511440107673738e-04 2.026679371129109630e-03
1.796126760563382775e-03 2.612102742708293124e-06
1.750471401634214031e-04 9.950704225352119230e-04
1.539879356568368439e-03 7.352162400706102174e-04
2.473883421650266423e-03 4.821911632100993306e-04
1.686445971268260737e-05 6.972789115646270191e-04
5.502167630057834113e-04 1.970671046457062817e-03
2.940409683426445809e-03 1.530125899280576456e-03
9.368055555555594282e-04 6.848667239896832123e-04
2.028645833333334991e-03 2.332311320754718465e-03
6.539780521262020556e-04 2.286524500907442543e-03
-1.397384305835010091e-03 8.839779005524929121e-05
3.824731903485257579e-03 8.099083369707557947e-04
-2.925877763327268679e-06 1.862015845070422561e-03
1.001281229980783899e-03 6.319111885067485966e-04
1.424215512137359373e-03 8.016175071360624391e-04
2.175740868366648779e-03 1.176763305928171192e-03
-1.241857241857239171e-03 1.769680611785875686e-03
-3.313295615275779066e-04 1.490761108666962100e-03
2.013361462728551193e-03 1.801340354236477623e-03
2.883357041251780224e-03 2.337668369716676322e-03
1.402240325865582258e-03 5.364057239057252926e-04
1.870544720914593890e-03 1.162544169611309536e-03
-9.572322670375508439e-04 1.133114035087721093e-03
-6.879751209398735252e-04 9.765797613787029121e-04
2.581705729166665960e-03 8.635346756152126498e-04
-2.053827006845051258e-03 8.752819124943629452e-04
2.585627938213561918e-04 -5.494122768828888946e-04
7.730000000000013336e-04 8.217183770883062545e-04
4.049331635900700783e-03 6.670141784820706561e-04
3.786048064085447210e-03 6.541573033707868707e-04
-4.760297096556362763e-04 4.709882139619236290e-04
-3.608785175017153752e-03 8.239644970414218561e-04
3.686661961891323034e-03 1.104510942384994646e-03
-2.327935222671894416e-05 -4.059539918809060304e-05
3.091032608695734319e-05 1.165505226480837830e-03
9.990170380078640475e-04 1.258523953388002332e-03
1.232616940581545068e-04 2.153417015341702219e-03
5.554803788903930331e-04 -9.963436928701850117e-05
3.100450740502254388e-03 8.558077436582117118e-04
3.081612258494339281e-03 3.595672464997881190e-04
1.533185840707965977e-03 5.743707093821528911e-04
1.215953307392998945e-03 -1.009615384615373732e-04
2.447803946530872909e-03 1.802096985583235677e-04
1.632957559681700492e-03 3.176265270506124609e-04
-6.538228155339809253e-04 2.129663330300275367e-03
-1.373005319148934986e-03 1.797285269247886818e-03
2.099930843706780074e-03 1.590039147455416272e-03
-2.301360985093973532e-03 4.356368563685642111e-04
4.778671328671331431e-03 3.352297592997825933e-04
9.467761557177635295e-04 2.176308539944902653e-03
5.040376850605673411e-04 1.121718377088305523e-03
-7.795889440113389383e-04 6.587053571428586789e-04
8.264026402640287051e-04 2.678100263852270101e-04
-1.799365079365077480e-03 -7.386713594368663274e-04
4.146981627296592488e-04 6.321976967370437428e-04
3.589828269484804900e-04 1.654197080291972119e-03
-6.194573130377213025e-04 2.837872340425531912e-03
-1.839088397790051340e-03 9.967472118959292999e-05
-1.272636484687081869e-03 1.161751563896336022e-03
2.844653665097515629e-03 6.960125448028691353e-04
1.557371349095965996e-03 1.796353935082261233e-04
3.141160027952512529e-04 1.431838365896981715e-03
-1.768197879858655766e-03 9.290512174643180028e-04
1.363765038924279237e-03 1.737042001787311891e-03
4.121803499327073776e-04 8.229654878568401499e-04
2.051665533650578847e-03 -5.988023952095750037e-05
1.159316770186336444e-03 6.811946902654879808e-04
-7.038834951456039170e-05 1.702595688517379068e-03
1.554319371727775430e-04 4.722858451672021967e-04
3.237704918032816644e-04 7.629063097514343986e-04
1.375562700964631487e-03 7.595194922937455401e-04
1.745639534883723686e-03 1.071676802780191853e-03
1.587378640776701414e-03 5.168933742869690796e-04
1.107022282241729161e-03 -1.958605664488006104e-04
-2.556295802798132753e-03 6.325356649792933513e-04
-2.450115118956252506e-03 1.264850379633765919e-03
-1.975857687420583318e-04 6.703096539162119866e-04
-4.010883482714467491e-04 -4.432896520560314336e-04
-6.724489795918356773e-04 8.622448979591857071e-04
1.734027777777778995e-03 7.278396436525624369e-04
-2.351042367182245348e-03 5.716886663632248997e-04
1.597222222222250505e-04 6.391119508738793507e-04
-6.372613561553636336e-04 1.054148471615721496e-03
3.197000681663282867e-04 8.750000000000014277e-04
2.072244623655916836e-03 4.262835609986000704e-05
-3.390388413429878478e-04 9.094922737306864726e-04
7.946367956551272189e-04 5.349666983824947391e-04
1.520388349514564330e-03 5.436046511627922470e-04
-2.847869507323568406e-03 1.348999129678246552e-05
-1.334092387768379736e-03 2.976465159206554634e-05
1.163787587971849488e-03 4.319592198581576558e-04
-2.076997422680411202e-03 7.370996441281148443e-04
1.584228187919463435e-03 1.095384615384616123e-03
1.750776880049722010e-03 1.501780943900269229e-03
1.516954574536148737e-03 4.068605179463895987e-04
2.291779891304347033e-03 1.618058908739740702e-03
1.305095962938450805e-03 1.464169381107493411e-03
3.006896551724149986e-04 5.524336283185851638e-04
2.351916376306624652e-03 1.187820811945870803e-03
1.088486842105264047e-03 1.494071146245060794e-03
1.654275092936802270e-04 5.567217507816004480e-04
2.296204107031740390e-04 1.313938053097346570e-03
-9.562821454812613997e-04 -1.011111111111098434e-04
1.137608550434203013e-03 1.360180412371135399e-03
-6.111111111111127260e-04 2.330969267139483287e-03
-7.287909151636587151e-04 -4.898139946855616404e-04
-1.518091079226447943e-03 4.512765957446819597e-04
-5.437026841018621737e-05 2.655814905814908589e-03
2.498432601880878120e-03 4.044614691302395406e-04
-7.534837425348359140e-04 4.532403609516004136e-04
-4.929245283018853646e-04 2.777284826974268234e-04
1.834640057020670749e-03 -3.458044982698952447e-04
3.192651757188499743e-03 1.174850555081128917e-03
-5.933579335793344759e-04 8.988962472406195189e-04
1.216963736939152873e-03 2.298370246552460677e-04
-4.228940217391300750e-04 1.286919831223629724e-03
-9.763108022741602814e-04 -4.154804270462611731e-04
2.198287671232878899e-03 9.192825112107638232e-04
2.898341744772885099e-04 9.924705882352956136e-04
-1.356754921928037330e-03 2.580821917808219686e-03
2.398989898989898392e-03 3.276020174232013621e-04
2.677173191771735784e-03 5.721260541500231738e-04
-8.400135869565195437e-04 1.460759493670887865e-03
4.899022801302948963e-04 4.170324846356983981e-06
1.684418145956608588e-03 1.544604316546764264e-03
9.104139715394573900e-04 8.845646437994731607e-04
9.953457446808531336e-04 6.022579244463747332e-04
-3.354816824966069680e-04 6.504854368932055497e-04
1.742672119972734886e-03 3.968808193668540507e-04
7.903958468526962010e-04 7.619647355163745427e-04
-2.153794940079886493e-04 8.899122807017548903e-04
-1.598153846153844418e-03 5.522514868311765088e-06
5.560117302052797325e-04 2.917953242170274867e-04
-1.217706364209197346e-03 -1.087234042553190212e-03
3.071560196560197027e-03 1.865895458440466914e-04
-1.659120310478647930e-04 -4.377912395153765908e-04
1.066464237516870578e-03 2.200301204819276983e-03
3.495265151515153726e-03 -4.325021496130678389e-04
3.053380782918176865e-04 7.950928381962880497e-04
-3.565128900949782100e-04 -3.146993318485500940e-04
1.739280774550508695e-04 -5.228339735381850987e-05
2.022713321055890842e-04 2.010302197802199802e-03
1.957382550335572385e-03 1.486272684969754598e-03
2.408090844570621222e-03 6.338329764454144594e-05
-7.791247782377292135e-04 -6.599999999999970690e-05
-2.484232655921486460e-04 7.796373779637393161e-04
6.125672043010767665e-04 1.317513649727007413e-03
-1.333094041636753669e-03 5.308612440191397318e-04
-1.895764394440765293e-03 8.836534167038868686e-04
-1.889278206026628144e-03 7.944071588366902322e-04
-4.366427171783123407e-04 1.407967618236046544e-03
-1.411870503597121001e-03 7.426035502958600867e-04
-1.084118438761774109e-03 2.345076400679136383e-04
-4.064290260980243301e-04 1.596553247901016243e-03
-2.041197183098589479e-03 3.184139784946238109e-03
-2.671907756813417766e-03 1.213231794383628267e-03
-8.443843031123142179e-04 1.339484978540773962e-03
1.273895847066579788e-03 5.818699572852412518e-04
5.735735735735877195e-05 2.086992890004200462e-04
-3.482432432432431158e-03 1.168050699300701017e-03
-2.365487316421895081e-03 1.401596892533450971e-03
-1.389290407358737944e-03 2.503331852510015405e-04
6.883539362394290291e-04 1.311706629055007893e-03
-1.122754491017964248e-03 2.140915269596752166e-04
-1.949464012251148374e-03 4.772727272727288498e-04
-2.211079943899015715e-03 1.550047438330171131e-03
-3.977936404931849287e-04 6.506994489190360848e-04
-5.015713387806418041e-04 1.107189829022358751e-03
-2.085774058577406255e-03 1.713488164359089263e-03
6.902768834513855903e-04 7.273361227336130712e-04
1.532269503546102333e-03 -4.514119601328881576e-04
-6.393129770992337247e-04 1.253899480069326248e-03
-3.292096219931268833e-04 8.174709562109048816e-04
1.075241157556272283e-03 9.092321349312047166e-04
3.247716092761770371e-03 2.145282186948852757e-03
-1.289968652037617970e-03 2.128681177976953377e-03
-5.544147843942502825e-03 1.536574487065121277e-03
4.193093727977566335e-05 1.140967153284673042e-03
4.429118773946388106e-04 1.432505643340858600e-03
-2.637516688918557523e-03 -1.362084660901227576e-03
2.915480427046265345e-03 -1.986597492434057717e-04
3.320890410958905747e-03 1.038813781072830088e-03
-3.924657534246563128e-04 1.693847656250001017e-03
-1.809327411167510743e-03 1.285581826611035096e-03
-1.870640456563073988e-04 9.149484536082553231e-05
5.589519650655020355e-04 2.189702517162472536e-03
-1.782520325203250291e-03 -3.690116529995464385e-05
1.144430051813473967e-03 1.179194956353056154e-03
-9.113005050505027004e-04 2.664075993091549548e-04
-1.992892679459842570e-03 3.018402154398565004e-03
-4.355468749999975137e-04 3.126779972439137564e-03
1.241583541147134361e-03 2.377307519135544122e-04
2.997385620915035947e-03 7.628405538186696158e-04
2.610985703536508910e-04 8.488909426987076550e-04
-3.639618138424816269e-04 1.179882193022203409e-03
-1.993510707332901005e-03 8.942222222222230088e-04
9.558730158730229355e-04 9.915325994919569914e-04
2.301620859760396005e-03 1.391383219954649923e-03
1.993084370677731566e-03 8.545216251638288124e-04
3.552210121716866385e-04 1.847118345798503137e-03
-8.185926404131690405e-04 1.225866916588566700e-03
-8.282732447817824388e-04 3.322565759113997445e-04
-1.001244555071561506e-03 -7.939856373429071646e-04
1.651505646173150521e-03 7.780032467532484609e-04
1.100703324808185741e-03 -4.048140043763559303e-05
1.360376044568245959e-03 6.474537037037050987e-04
-2.460961898813218847e-04 6.408903166590191811e-04
-1.165490699166130736e-03 1.578567996155707794e-04
6.350964974982150745e-04 1.367608695652174295e-03
-1.371562709590878459e-03 5.906221821460809441e-04
2.991798107255522112e-03 1.557213930348260019e-03
2.111460517120897218e-03 3.939537080774699221e-04
-1.601618122977344853e-03 1.200365965233304421e-03
2.159351789331534488e-03 1.200538358008076218e-03
2.355681016231475893e-03 4.963855421686847830e-05
1.356687898089195760e-04 3.630424638357448758e-04
1.764909847434120976e-03 -8.019936565473337559e-05
8.288100208768293736e-04 1.724207235372936155e-03
2.054937867887510726e-03 -1.628014842300552387e-04
-2.653061224489788373e-04 1.905393457117595963e-03
3.485804416403801096e-04 1.394318181818182548e-03
-1.262949640287769609e-03 1.167501137915340432e-03
2.839819318971509299e-03 -5.562527044569439772e-04
2.992343541944076160e-03 1.012151215121513464e-03
-1.825195312499995441e-03 4.388984509466452712e-04
-3.732492997198877741e-03 1.125114364135408867e-03
3.245721271393665485e-04 7.520769567118652343e-05
2.155048859934854347e-03 9.102244389027596002e-05
-1.197658402203853655e-03 1.517973856209152124e-03
1.688874083944038066e-03 1.309587217043944526e-03
4.363756613756613993e-03 5.675262237762251439e-04
-5.531080265540122077e-04 9.341209451341626457e-04
1.176866173503698758e-03 9.717688575209541173e-04
1.379080612924727062e-04 1.112110574813514633e-03
-2.192439862542935804e-04 2.254764065335754415e-03
9.881486226777729497e-04 -3.187250996015921736e-04
-3.920557491289194084e-03 1.867799811142588709e-03
2.048188874514876578e-03 1.393324883819180857e-03
7.156726768377257193e-04 1.650973291081939609e-03
-1.130434782608694686e-03 -1.093008200258954515e-03
7.523809523809542408e-04 2.934016941596077378e-03
8.146270818247709766e-05 8.656749555950273489e-04
-1.699092088197134628e-04 1.418545789231479004e-03
-2.794900221729489705e-03 1.233783783783785285e-03
2.117903930131026697e-04 8.772241992882580039e-04
-9.948152948800768403e-05 9.832155477031820270e-04
-2.193786034593207725e-03 1.514476614699481568e-05
7.122608079376374071e-05 -2.357414448669192136e-04
-1.550798722044725809e-03 2.754598474652326262e-04
1.575504523312461647e-03 7.896790980052048083e-04
-5.427769985974737225e-04 2.173302107728338189e-03
3.961766644693479620e-04 1.148843299869055671e-03
-1.392952127659571751e-03 5.725984949092537786e-04
8.786666666666694122e-04 5.147182506307833262e-04
-1.087239583333315913e-04 7.907570831398055920e-04
1.697791798107255992e-03 9.869428185502041647e-04
-1.121883656509697116e-04 1.230769230769250490e-04
1.374770361298223095e-03 1.026431718061684804e-04
8.841269841269842758e-04 5.889649272882815142e-04
-7.673835125448029947e-04 8.636160714285726851e-04
-1.754231311706626415e-03 9.722470904207709992e-04
3.006012024048239641e-05 1.146977388094141004e-03
1.641509433962263891e-03 2.063210550250115221e-03
8.166454081632668147e-04 1.482719417917237456e-03
4.444822888283389626e-04 -6.022526501766767727e-04
-1.842522179974649416e-03 4.898523985239860946e-04
-2.235158311345644255e-03 1.740749414519906450e-03
1.396978021978024327e-03 1.580230496453902253e-03
-1.034628975265016858e-03 1.346420824295011670e-03
-9.943382873319162821e-04 2.068261633011416346e-03
2.470996216897858224e-03 2.019136626613263381e-03
2.897418478260897594e-04 1.108156827399729358e-03
2.544915782907049978e-03 2.474273463554075257e-03
2.132768361581950742e-04 1.265121412803534755e-03
-1.589195068890496450e-03 7.214932126696847314e-04
1.016348773841963850e-03 -3.454347826086943615e-04
1.138134592680047899e-03 -7.239947552447544791e-04
7.231051344743286277e-04 1.825760917512131865e-03
-3.595759717314484741e-03 1.550045085662760851e-03
1.128016085790887763e-03 1.904603806994246539e-03
-1.362938596491224640e-03 -8.998705222270065543e-05
7.535117056856214862e-04 4.505196565747869174e-04
7.014874915483445498e-04 7.434878587196493485e-04
2.348759221998659216e-03 1.406548431105048664e-03
1.678132678132680149e-03 -4.624604251469908956e-04
9.056895485466917887e-04 1.185316231755862175e-03
-1.296662125340596267e-03 1.487597611391825629e-03
5.930537352555793906e-05 4.783642415596784585e-04
1.203870076019354120e-03 1.051582141309060714e-03
1.090942028985507914e-03 2.463157894736843316e-03
-2.296615581098337532e-03 1.601721794290905199e-04
-3.169957686882904661e-04 1.687055160142351008e-03
2.441252420916722576e-03 -1.807307525010848131e-04
1.644421629021219737e-03 1.992650334075726174e-03
-2.947634069400629098e-03 8.024691358024870034e-05
6.300970873786416841e-04 2.963224893917980416e-04
1.474237288135591762e-03 1.734526112185687729e-03
-5.976855003403655281e-04 1.757419354838711664e-03
-1.132653061224489196e-03 1.086573236889693591e-03
-1.659153005464477412e-03 1.450899031811896502e-03
-6.964643095396923179e-04 1.694664902998236104e-03
8.157099697886578658e-06 1.289879931389366526e-03
-4.039869281045750660e-03 1.344251901944210808e-03
4.805653710247354210e-04 -1.288045875606517662e-04
-2.511828644501278105e-03 -2.392344497607634430e-04
-1.592333333333330802e-03 1.894805761676125657e-03
5.040710584752047460e-04 6.327608982826979063e-04
1.488456464379948755e-03 6.876451463074784685e-04
-1.303770086526573335e-03 1.180301180301189426e-04
4.984481688392311928e-04 8.660873440285230939e-04
-3.594028826355522184e-03 1.783919597989952607e-03
1.647398843930636750e-03 1.714158504007340416e-05
-6.844459738472106602e-04 5.522890484739697084e-04
1.108509234828497503e-03 2.936237090255950678e-03
-2.360939431396791657e-04 6.636568848758597229e-05
1.408349641226354929e-03 9.961849192100539954e-04
3.264688067837689207e-04 5.487223906453015570e-04
-3.328513786146601768e-03 1.949410163339384064e-03
-5.910041841004167774e-04 1.944394213381556462e-03
1.358622994652407181e-03 -3.578947368421024557e-04
-2.166058394160580262e-03 1.721402214022140853e-03
-1.505858028945552011e-03 1.231808278867103489e-03
-2.053328804347827156e-03 2.296401515151577644e-05
7.962962962962987423e-04 8.453315881326369397e-04
4.276773296244796804e-04 6.217194570135757071e-04
-7.032490974729214191e-04 1.776508972267539475e-03
-1.787726358148893253e-03 9.011086474501117183e-04
1.498405612244898405e-03 3.919422449930143695e-04
1.506341789052071745e-03 1.234290843806106017e-03
-1.350066050198148616e-03 1.762006657156443400e-03
1.480897513644633453e-03 -5.979671280276806092e-04
-1.872602739726026864e-03 1.021495745633678367e-03
-1.418547249647388953e-03 1.194694244604318188e-03
8.047316384180791884e-04 2.604166666666686146e-04
-1.864754098360654191e-03 1.566011877569668158e-03
7.211538461538465191e-04 1.689051418439717128e-03
1.916158536585366471e-03 1.413729128014843588e-03
1.910020449897751552e-03 1.317252112049799436e-03
-8.227079538554919833e-04 1.708257713248639105e-03
-8.040491684743299042e-04 1.156629116117851176e-03
8.406349206349234817e-04 1.785595682855958691e-03
-1.143900889453619693e-03 5.989166274140385934e-04
1.380677966101695898e-03 2.254308337214720129e-03
9.842069892473147633e-04 1.168052516411378656e-03
1.992044063647512551e-04 1.582570905763952930e-03
1.363978127136024213e-03 6.234135667396075711e-04
-9.052984165651624827e-04 5.857389056441198458e-04
2.828776041666685261e-04 5.261802575107304113e-04
-2.046503957783640023e-03 1.555405405405406232e-03
4.131347962382446795e-03 5.423093873953296158e-04
1.600803750837259318e-04 1.391803278688524999e-03
3.147138964577680920e-04 9.378330373001794425e-04
-1.681528662420381194e-03 -5.253540429419826640e-04
8.660035108250453044e-04 1.555212014134276909e-03
2.250673854447447710e-04 1.274419623302673740e-03
1.034377127297485006e-03 1.415939366100138225e-03
-3.186274509803908731e-04 1.297602256699583920e-04
-1.919101924447609705e-03 1.364170337738621844e-03
8.930987821380352663e-05 1.531842818428186823e-03
-8.005445881552066510e-04 5.777680140597558434e-04
-2.970880681818179134e-03 9.171518137035400420e-04
3.215384615384617780e-03 1.805034324942791923e-03
-1.105775470473720342e-03 1.572515666965086482e-03
-4.583333333333324574e-04 6.331282952548338743e-04
2.591290322580644921e-03 4.454463480613172935e-04
1.076620825147349891e-03 -4.787332408691631147e-04
2.321406539173351616e-03 -6.065424806905940535e-04
-2.678018575851361170e-04 1.313590449954087341e-03
-1.400616860863603853e-03 2.113646433318566199e-03
5.962050599201059202e-04 9.206488382288473748e-04
-8.606998654104973129e-04 1.160086767895879755e-03
5.293493635077810896e-04 4.777027027027040099e-04
-7.822742474916370052e-04 7.145872420262675516e-04
-9.004584151931562539e-05 6.833842128216322670e-04
3.339958875942428910e-03 1.109687228496960111e-03
-4.250825082508231218e-04 1.235768713581355399e-03
-2.613234253361640131e-03 1.446580241394725868e-03
-9.386503067484656786e-04 9.909584086799287737e-04
5.922939068100363785e-04 8.687530325084928543e-04
2.329457364341085135e-03 6.394997843898244392e-04
-3.434967320261436436e-03 7.999073645206123545e-04
-1.661236702127658277e-03 1.883762200532389068e-03
-1.146671289875170457e-03 4.884279475982548999e-04
-3.987425545996028074e-03 8.169662428759320643e-04
6.982872200263700799e-05 -2.367321353949004468e-04
7.614457831325300956e-04 -7.483443708609084058e-05
9.803921568628586275e-06 1.596119929453263930e-03
-1.457898399443282927e-03 1.086619127516779294e-03
2.108116293155665264e-03 8.597265108072352701e-04
-3.645150720838792515e-03 1.790638099673964824e-03
5.268477574226172397e-04 5.676093680954494725e-04
1.477201748906936066e-03 7.745575221238955961e-04
-1.511756569847856136e-03 1.119541720709036009e-03
-2.427254772876890742e-03 1.543998194945849813e-03
2.850168350168350191e-03 6.990397206460072102e-04
2.387475538160470953e-04 1.043831168831171104e-03
2.872170439414115616e-03 2.024368630926010135e-03
3.359047619047620444e-03 1.540352504638220141e-03
-3.881118881118863985e-04 1.383705357142857003e-03
-2.024873828406629703e-03 1.289844509232265790e-03
2.501656726308842602e-04 1.612721765469495635e-03
2.403247631935047108e-03 2.159625435540070242e-03
2.271976206212820894e-03 1.133518776077887310e-03
1.431262392597488792e-03 6.912870411322444850e-04
-1.254999999999998088e-03 9.007838283828404572e-04
2.459807073954984875e-04 6.404187528447888083e-04
-9.603481624758186891e-04 3.586534311609845837e-04
1.297611147976113080e-03 1.308510638297873466e-03
1.393666666666666968e-03 1.895609528257824559e-03
3.974274406332470137e-04 1.335235378031385646e-03
1.533968253968253899e-03 1.069019085663561359e-03
4.723231667748213972e-03 1.482736842105264767e-03
-1.088804422944019941e-03 2.099908966772875453e-03
-1.035412605588042264e-03 1.558450087565675267e-03
1.518152866242039080e-03 4.826007326007332454e-04
-1.396903589021814733e-03 8.229486616937266080e-04
-4.135338345864528436e-05 1.197462900909526499e-03
-3.934043970686198219e-04 1.097416812609458385e-03
3.571865443425101998e-04 1.496494303242777203e-04
7.522063815342850150e-04 6.705320600272866860e-04
-2.431849791376910867e-03 1.455842391304348026e-03
-2.175732217573195779e-04 4.697516930022588451e-04
1.602797657774887065e-03 1.985058466868775025e-03
5.356435643564364012e-04 -4.388392857142837792e-04
-1.576576576576556950e-04 9.815623483745766417e-04
-3.676075268817203742e-03 1.384316415180615167e-03
2.073459715639810585e-03 1.901827553889410931e-03
-5.718654434250694638e-05 3.972633467922856106e-04
-6.512083605486590878e-04 1.044941282746162823e-03
-1.382911392405062126e-03 1.618994162550517219e-03
1.501108647450114268e-03 8.047641289117244160e-04
-1.547143840330349315e-03 2.229206049149340917e-03
1.286295369211514243e-03 1.363354037267081997e-03
2.043178519593614757e-03 4.893520616221192724e-05
2.242125984251968750e-03 6.210782147591709015e-04
1.250974025974027366e-03 -1.257390896292818333e-03
1.043898809523813786e-03 1.007240017551558255e-03
-9.958506224066122263e-05 2.129417163836623290e-03
2.836257309941534149e-04 -1.899048407116238964e-04
-3.514012303485984125e-03 4.714845450587746862e-04
1.348775645268034942e-03 9.484444444444465249e-04
-2.719922380336323360e-04 1.763926940639270764e-03
1.665719696969698719e-03 1.027038445289396151e-03
-1.852094240837696450e-03 2.211066488174932149e-04
-3.539918809201620178e-03 6.704152249135085506e-05
-2.669263456090649467e-03 2.633830627468191320e-03
3.225928256765264301e-03 1.879779099405283146e-04
1.862778152393795546e-03 4.543867306852911181e-04
-1.904889484259877312e-03 1.331603977518391207e-04
-9.250468457214237796e-04 1.169839896148854117e-03
-1.560344827586205478e-03 3.752688172043022199e-04
1.364213197969727442e-05 4.865554010199362855e-04
-3.001200480191906200e-05 8.622741295725004119e-04
9.914664981036671286e-04 1.327673244607619450e-03
-2.211844431349440677e-03 1.647388864911523976e-03
1.303267528931244387e-03 2.311000452693529159e-04
3.064681724845995815e-03 1.275085763293312474e-03
-2.145070422535211036e-03 1.465501990269794030e-03
-1.959860935524650703e-03 2.187261146496817087e-03
-1.442050520059431342e-03 2.757040679481451671e-03
6.027440970006372328e-04 7.880410531012952378e-04
-5.648665425201737731e-04 1.890637775960752817e-03
6.085772634445216342e-04 1.975609756097562730e-03
-1.468619246861923916e-03 -6.633073751717801685e-04
-5.188394875659349970e-04 9.321527138914455267e-04
-1.009358288770047338e-04 -3.242753623188399776e-04
-3.017919887561486096e-03 1.894479073909173398e-03
5.435949027498332203e-04 -6.827292110874193286e-04
3.228911564625851823e-03 7.464563328760880729e-04
6.031641397495062385e-04 2.764891696750905459e-03
-2.721056194989843625e-03 1.047619047619048746e-03
-1.672012578616353029e-03 1.324644549763034831e-03
1.666789940828405751e-03 1.541740282685513446e-03
2.416280608868300213e-03 9.305077452667827624e-04
-1.803458009880024937e-03 1.327149321266969965e-03
1.479936305732484740e-03 1.794923629829291720e-03
7.998624484181585418e-04 9.772727272727291855e-04
2.248315982853645988e-03 1.671479342514441092e-03
1.588133240804997506e-03 1.805165382872678942e-03
-7.348284960422136851e-04 1.424354243542438024e-03
1.405498281786941471e-03 1.649106733852602298e-05
6.747997086671552467e-04 1.594788858939805111e-03
-6.045161290322572474e-04 5.578607653296659358e-05
-2.162542955326460670e-03 1.685925282363163460e-03
-4.376675603217138142e-04 -7.674107142857111447e-04
-7.638700947225949374e-04 -3.786620026235227514e-04
2.607398568019112244e-04 1.107521919704678961e-04
1.106822880771885474e-03 2.588868529546495441e-03
5.228571428571448946e-04 1.435577351761049380e-04
1.693778353856125124e-03 1.411846367422490891e-03
6.351733899504604297e-04 4.418604651162793954e-04
1.917938931297736411e-04 3.857593510590357410e-04
-1.580028839221337853e-03 1.104497354497356891e-03
4.497422680412416457e-04 1.149847759895608092e-03
-1.136633663366334911e-03 1.335371376811595725e-03
3.761041529334212871e-03 8.413173652694620926e-04
1.591283459162664031e-03 -6.497018739352633824e-04
2.874130297280203406e-03 6.301311891663144774e-04
-2.161011310711910202e-03 1.068081343943414353e-03
-2.174859987554448389e-04 1.846657316503165733e-05
-1.185290404040403216e-03 5.093196644920800062e-04
2.401549386701123327e-04 1.288506281991625823e-03
8.580246913580259326e-04 2.182015429122469152e-03
-1.099600266489006700e-03 1.881087470449173144e-03
-3.255427408412480458e-03 -1.695402298850565538e-04
-9.208306294613890228e-04 -4.201927105152890784e-04
1.966532797858100770e-03 1.476527900797168459e-03
-2.248819959541441791e-04 7.479102507699088125e-04
8.077411167512702763e-04 6.227790432801837530e-04
8.027210884353770236e-04 1.415176524530033534e-03
6.445287792536372098e-04 2.092827004219428096e-04
-3.726121562952241454e-03 8.007194244604328142e-04
-2.787596401028273347e-03 6.036117381489850692e-04
-5.730460189919638330e-04 9.937661220980238425e-04
-1.313114754098360136e-03 7.866578599735811299e-04
1.497102382485536454e-04 1.617889709075121278e-03
1.289795918367349879e-03 -3.725779275484390643e-04
-3.042234332425067071e-03 8.538812785388147537e-04
-1.259817671809256544e-03 -1.111111111111092055e-04
8.130328867235089548e-04 1.235294117647070642e-04
-1.944479695431470916e-03 -2.784188034188026266e-04
-2.671874999999999771e-03 2.117792792792794372e-03
2.373230769230768537e-03 9.285714285714299692e-04
-2.910645161290321276e-03 3.732677693339602420e-05
1.838300570703870407e-03 7.596846846846859545e-04
-3.334024896265556231e-03 3.586858685868594184e-04
3.165396825396825549e-03 4.135355364418307118e-04
2.900254129606099837e-03 1.676405489154493989e-03
2.842525399129174415e-03 6.434262948207186217e-04
2.120511259890444072e-03 9.103967168262653946e-04
1.803802008608322571e-03 1.036938139741886951e-04
-8.497571131158912494e-04 3.716032608695651255e-04
1.464105793450890490e-04 1.201373504652194319e-03
-2.943239795918368810e-04 8.306519898391204583e-04
6.773195876288684277e-04 9.060846560846830895e-05
1.784695201037614495e-03 5.532286212914496121e-04
-2.673830594184564268e-04 1.056874160322439804e-04
-2.537454545454545865e-03 1.010245901639346628e-03
1.745524296675191175e-03 4.525547445255483948e-04
-1.671929824561403048e-03 1.511016949152543896e-03
1.877624671916009640e-03 9.513987671882427307e-04
-2.960942543576500479e-03 8.896961690885092948e-04
4.942667471333752824e-04 1.615811373092928280e-03
1.204103671706263732e-03 1.684521107580573378e-03
8.258017492711390876e-04 3.537117903930142647e-04
1.272927366104223304e-04 1.363996273870517325e-03
-1.307220708446866272e-03 1.235096369341103905e-03
-6.642066420661344752e-06 1.793805309734514174e-03
-3.015200517464422005e-03 5.973356252685869602e-04
-1.779032258064515773e-03 2.171638468388246198e-03
-8.024079320113300818e-04 1.959635416666691266e-04
-3.577170418006428692e-03 1.419714540588761561e-03
-1.453529000698785059e-04 5.245901639344280071e-04
1.111789859499083847e-03 6.385342789598124529e-04
-4.634562841530047851e-04 1.951219512195135610e-04
2.449622166246857359e-04 -4.301052631578940926e-04
-4.932295192958670261e-04 1.340087145969500598e-03
-8.854748603351924371e-04 1.843750000000007004e-04
1.391532540237932093e-03 1.112766903914592107e-03
2.081427581427583440e-03 2.548221174453498667e-04
1.009127789046652957e-03 2.553773158608226013e-03
-4.058675078864351117e-03 9.117244525547456725e-04
-1.088703837798694462e-03 2.331384015594544033e-03
-9.398003742981913666e-04 9.634314627414913368e-04
3.878133704735380483e-03 -4.175849403122102897e-04
1.780856423173807126e-03 1.219344842850819113e-03
-1.000345303867400566e-03 7.091903719912487358e-04
-8.935810810810803891e-04 1.172778257118205604e-03
3.681588902900378556e-03 5.684628975265035777e-04
2.370114251352977916e-03 9.567219152854519260e-04
3.007614213197977102e-04 1.566962305986697654e-03
8.311036789297658427e-04 7.603342128408105026e-04
1.120101137800253062e-03 4.721742881794666275e-04
-1.161056105610558864e-03 2.167738970588237602e-03
2.315970056144728284e-03 1.565609863496259446e-03
-1.395279255319145737e-03 -1.341406613879818029e-04
2.144315861130046818e-04 2.670378619153680418e-04
2.801115241635687876e-03 1.283902439024391454e-03
7.952973720610539957e-06 1.783874045801527898e-03
-9.971608832807553682e-04 1.293566254793353416e-03
7.177792465300743361e-04 1.100780234070220876e-03
-8.904945407835571786e-04 1.179966044142615736e-03
1.267905405405406671e-03 1.300882899628253136e-03
1.430191353649895103e-03 1.250221827861579347e-03
-7.813765182186209772e-04 1.667955326460483475e-03
-3.353158602150533175e-03 7.826691380908262601e-04
-2.930316091954019569e-03 1.250000000000024150e-04
-1.252728512960433940e-03 1.184605205116895724e-03
7.135826771653565976e-04 4.352287302265946470e-04
3.919973975276502777e-04 -1.726862302483055762e-04
6.381620931719247685e-06 1.202725724020444484e-03
-9.979716024340751224e-04 6.421937195931025485e-04
3.535392535392536777e-03 2.946020128087850480e-04
-2.497639919082941546e-03 -2.553284036537608942e-04
8.185985592665377284e-04 2.368874773139748816e-03
-1.077978580990629790e-03 1.347094801223243203e-03
2.426873198847262405e-03 9.892735251097043488e-04
-1.502779708130644494e-03 2.088655649843681062e-03
-1.002139800285303936e-03 6.421031262687795999e-04
7.562913907284786246e-04 6.787450287229352926e-04
7.534246575342540839e-05 9.930915371330541089e-06
-6.545386346586640289e-04 -4.496159060099143062e-05
1.298097251585625389e-03 5.406654343807943563e-05
-3.404248145650704948e-03 5.119549929676522329e-04
1.667096774193549402e-03 1.588493530499076808e-03
-2.040677966101660658e-04 9.850584668687750040e-04
-3.422995780590712585e-03 1.838629142078983822e-03
1.714095744680852688e-03 7.943009795191464115e-04
2.479411764705885795e-03 1.431965442764581884e-04
-2.376094276094274215e-03 1.296363636363637812e-03
-2.858461538461537802e-04 8.314321926489253540e-04
7.826350941105041700e-04 6.983920034767495321e-04
-6.140285071267787996e-04 1.118493150684933416e-03
3.047784810126585604e-03 6.839231105286166590e-04
-1.558561643835614354e-03 3.195966681280145642e-04
-7.509881422924890573e-04 -1.118604651162786247e-04
6.627177700348460586e-04 1.908512505484863397e-03
1.806567164179106967e-03 5.293209876543212905e-04
1.080532656943564802e-03 7.600000000000021018e-04
1.503186968838528606e-03 1.062527520915897833e-03
-1.433310297166551922e-03 1.915307971014492327e-03
-5.988793671720479437e-04 1.615674769488700401e-04
6.334405144694554065e-04 1.015644820295983925e-03
4.482067510548522898e-03 1.396510516252391209e-03
1.205534825870647770e-03 9.682472480948360041e-04
2.526602564102565628e-03 2.004972875226039477e-03
3.450928381962866526e-03 1.136029411764706088e-03
-1.624828060522694314e-03 5.573207385143856421e-04
-1.597411444141686723e-03 4.177646524307142653e-04
1.720064724919097504e-03 8.824692442882258077e-04
-4.889937106918246842e-04 7.121829710144937523e-04
3.122478386167150052e-03 9.630489864864876437e-04
-9.904542462146140053e-04 7.013232514177702905e-04
-7.051520794537557632e-04 1.661333934204597008e-03
-2.310756972111554196e-04 5.503464203233254673e-04
-4.236517218973335640e-04 8.107869142351918634e-04
2.349043715846994406e-03 1.826932309169468100e-03
2.195850914205347334e-03 9.492847854356471586e-05
-4.129852744310572423e-04 1.738311068702290798e-03
5.072016460905371749e-04 -1.061423390752493220e-03
1.272866789441375653e-03 5.942498919152636866e-04
2.587636363636366607e-03 5.585129784425885016e-04
-1.763319044703000153e-03 1.680836707152498673e-03
-3.047989623864893257e-05 6.071578066136485829e-04
-2.694196428571427309e-03 7.257777777777792887e-04
1.721446700507615196e-03 1.033558558558559607e-03
5.361403508771935651e-04 4.054112554112563249e-04
5.928623452294251150e-04 1.827857473391949561e-03
1.908127208480645638e-05 -9.352916134525311644e-04
-3.166444296197461119e-03 9.565995525727072433e-04
3.040393754243044065e-03 1.014229636898923096e-03
-2.168400520156038645e-04 2.148472596585805292e-03
3.438127090301008881e-04 6.005497022446190354e-04
7.941760423560415669e-06 3.902064119455447714e-04
-8.228969006957597733e-04 1.552185548617324238e-04
-9.348387096774167775e-04 1.370435547734273011e-03
8.400254939451904084e-04 1.238835376532400074e-03
2.397776405188387951e-03 -1.313333333333333236e-03
1.372013651877162382e-04 -1.320797462618933252e-04
-5.269662921348315827e-03 8.956501619620567270e-04
3.500637348629703251e-03 8.084007187780784236e-04
-1.054340836012860466e-03 -6.211396259243130756e-04
-3.778994845360804833e-04 8.396559329510371950e-04
-3.471337579617810249e-04 8.556677374942648273e-04
-1.035006195786865877e-03 -2.276867030965248979e-05
-1.252013422818790351e-03 1.174800354924579677e-03
-3.120711974110030890e-03 3.037974683544325126e-04
-9.137931034482733687e-04 7.370651204281901707e-04
6.003963011889044401e-04 2.220695970696257194e-05
-4.567939887288648289e-04 1.097470562581772096e-03
-2.090250329380761475e-03 6.832777314428699605e-04
9.906896551724153448e-04 3.955393718707341118e-04
-1.846938775510182230e-04 2.190707350901528391e-03
-1.971902017291065484e-03 2.559030837004407088e-03
3.104356992269855214e-03 -1.463684676705031998e-04
1.307421625079975428e-03 -8.362445414846962860e-05
1.897163120567393738e-04 1.163243006993007955e-03
-1.024552090245523265e-03 1.996472248353715635e-03
-2.131245601688949460e-03 1.508701787394168626e-03
1.593150684931507769e-03 1.563582384957941168e-03
4.180509042196923694e-03 1.464657415437988983e-03
2.353940217391331069e-04 2.065566254011932544e-04
-9.709150326797362333e-04 1.121250000000001586e-03
-1.693089430894304881e-03 1.699113175675677706e-03
-2.487224982256917415e-03 6.713395638629292934e-04
-1.706114398422088347e-04 8.116166077738526516e-04
4.410112359550593612e-04 1.591578947368422385e-03
-8.104761904761881774e-04 8.533783783783798578e-04
9.574004975124394100e-04 -6.088759850684343075e-04
1.721132897603485029e-03 1.103088480801336577e-03
6.733766233766248950e-04 9.318671841310916274e-04
-5.958815958815939957e-04 1.002967359050445416e-03
-2.456026058631901677e-04 3.271466905187849481e-04
-1.456419316843345210e-03 6.272925764192154160e-04
1.525077399380805020e-03 9.967532467532482215e-04
-1.923381294964026777e-03 9.896449704142023639e-04
-1.400956284153004154e-03 6.509098979138934916e-04
2.601572739187449552e-04 -6.866048862678876660e-05
3.828021248340000827e-04 1.183565694972540158e-03
1.238949391415759870e-03 2.072977858111162575e-03
1.056924101198401540e-03 1.695955056179775100e-03
-8.439849624060150046e-04 3.662034961900505854e-04
4.550183598531236579e-04 1.141614629794827397e-03
-7.802233902759494978e-04 9.558180227471572282e-04
7.301532033426207232e-04 1.903284671532848304e-03
1.310924369747901771e-03 5.852119026149702656e-04
2.691878487290764142e-03 2.551109177903447696e-04
8.158611300204228955e-04 2.000428265524625566e-03
1.156689065363470520e-03 2.795092552733533745e-03
-1.432253313696611307e-03 9.524147727272739379e-04
