-1.149330900243305739e-03 1.733592400690848068e-03
3.914302258251355126e-04 1.374087591240877185e-03
9.478085351787797269e-04 2.641704592470001697e-04
3.725833804409272709e-03 7.445299837925441330e-04
7.125938763720427241e-04 2.144680851063836312e-04
-1.396428571428566913e-03 6.934398654331380349e-04
1.590192644483366452e-03 3.953156822810609456e-04
-7.813026389668681262e-04 4.603393843725334068e-04
-3.080789946140033951e-03 -4.582484725050877848e-05
-1.085260892953196412e-03 -3.611878453038676567e-04
3.861696072851512657e-04 -2.660283097418816335e-04
2.671351351351354455e-03 -4.168352893565352630e-04
1.932244242099627951e-03 -9.733361774744019208e-04
1.512520413718023652e-03 -3.314001657000835151e-04
-3.771517996870060079e-04 -8.220588235294112997e-04
9.636752136752162927e-04 -1.210232350312779540e-03
1.822189349112428086e-03 -7.111263109895125381e-04
3.449425287356324820e-03 -8.531002913025460981e-06
-1.090739589807329570e-03 -4.877787307032582266e-04
-1.985661178969724567e-03 -1.044713748432892102e-05
-2.058302967204576114e-03 -3.667858739383103432e-04
2.311254396248537020e-03 2.674199623352176668e-04
2.025977995110028219e-03 -4.966292134831446327e-04
-2.649487643158524985e-03 8.190072639225178062e-04
7.060063224447063956e-05 2.537569772434533156e-04
-1.185714285714254730e-04 1.747359154929580265e-04
-1.806755260243629547e-03 7.911996679119971112e-04
-3.175706866705132071e-03 -8.079694785926235011e-04
-3.144835545296765220e-05 2.033932951757969000e-04
-3.093769278223295325e-04 2.194409678765130937e-04
6.611203549639520704e-04 -1.759619737437754551e-03
-2.016526610644253734e-03 2.424855491329481506e-03
-9.475609756097506074e-04 -7.070063694267350119e-05
-7.377562642368988566e-04 -1.224532224532223887e-04
-1.476730987514185325e-03 -4.981684981684973441e-04
-1.335457705677865715e-03 -7.641421224871417298e-04
2.023917995444192430e-03 -4.431325301204821782e-04
-1.534988713318240618e-04 -1.219008264462828808e-05
-2.806757557794850892e-04 3.854254422914910332e-04
-7.923351158645238358e-04 -9.507042253521148681e-05
-2.684210526315764216e-04 1.004510309278350885e-03
-4.005614973262031087e-03 -3.827188940092157146e-04
-2.516370699223081757e-03 1.378348214285714550e-03
-3.085316308763778707e-03 9.284779764500655872e-04
-5.558166862514668863e-04 1.043053706169553120e-03
-3.106263982102906978e-03 -5.085940943146752269e-04
-4.707851491174640224e-04 -1.630642954856361369e-03
6.531038080333928389e-04 -1.238297872340418128e-04
-3.753333333333330746e-03 -5.041739894551848988e-04
5.877693282636302840e-04 5.190582959641262296e-04
1.704038577456305163e-03 4.423404255319154195e-04
-3.422857142857126697e-04 5.912244897959187786e-04
-8.959234095120419735e-04 1.262218444538886885e-03
-5.119506321493073712e-03 -1.635004397537378031e-03
1.311382598331348919e-03 1.082541054451170855e-04
3.077796706416846507e-04 2.438356164383558716e-04
-1.519023282226005358e-03 1.750838222967310417e-03
3.813318155947669061e-04 1.769366197183093990e-04
4.143814747105819759e-05 7.500000000000012082e-04
4.840702210663231980e-04 8.617065994115278790e-05
7.315668202765440720e-05 -2.555580558055804696e-03
2.317845828933475481e-03 -2.178046672428679629e-04
-9.138675623800337740e-04 8.578231292517018601e-04
-2.226249313563973421e-03 6.134199134199149308e-04
2.255208333333336927e-03 2.026576576576578134e-03
3.198437500000001626e-03 1.733333333333335205e-03
-1.311247216035631418e-03 -4.354243542435414665e-04
-3.418775750441430984e-03 1.154248892468788621e-03
7.846153846153857726e-04 1.174109263657957666e-03
2.544582043343654714e-03 6.593309859154931982e-04
-3.204243353783226521e-03 -8.349429323968400509e-04
-1.484426229508193761e-03 -6.461569910057237158e-04
3.570772058823532685e-03 3.938325991189431429e-04
3.492419648271683809e-03 1.398783836798745328e-03
-2.413021618903966707e-03 1.232740364252436988e-03
-9.892065344224005002e-04 5.285532994923868022e-04
-2.674902831760129791e-03 -2.120331950207466568e-04
-1.796973518284934333e-04 -4.969135802469144044e-04
1.910105393676380390e-03 -5.600087604029778572e-04
-1.418877551020405331e-03 -3.505917159763304470e-04
-5.959093421779944246e-04 -5.586206896551713106e-04
-1.959308807134867614e-04 1.214221014492755440e-03
-1.298255179934565406e-03 -9.061277705345382810e-05
1.826608187134507290e-03 5.087150385083103344e-04
1.153706583722140938e-03 -1.430145438519167718e-04
3.807737397420872961e-03 -7.549563838223619008e-04
2.551834130781908608e-05 -7.915445793218916018e-04
9.265695067264620314e-04 6.054066333484784367e-04
-3.136443661971830693e-03 -4.826123833757429830e-04
-5.551778242677825152e-03 -4.664094416704483016e-04
-6.987951807228882537e-04 -4.342281879194618828e-04
-6.488386308068411126e-04 8.597386688444272991e-04
3.166943982251857513e-04 7.344226579520698713e-04
-1.219804134929266875e-03 5.298085291557878655e-04
-7.704385489983702276e-04 1.790393013100455698e-05
-2.675931401537553090e-03 -2.344240251008506012e-04
6.217087587318675945e-04 5.635915808329605096e-04
-2.890811455847211507e-04 -8.562950402712906424e-05
2.529573170731710258e-03 -1.454302181967888439e-03
-9.510181618051698291e-04 5.591828138163437148e-04
-2.965915338097801449e-04 1.644965277777777853e-04
-1.888573052870944980e-03 7.538601271571361345e-05
2.164277522935785427e-03 3.465735486687037087e-04
-2.864219114219092180e-04 -2.123042505592832472e-04
1.786777843955096834e-05 -2.023516483516484606e-03
2.721631205673803689e-04 3.814860938148619115e-04
-2.434180790960447077e-03 -1.388415672913112650e-04
3.187655086848639567e-03 -5.857385398981317711e-04
1.385706492089482881e-04 4.791762013729976982e-04
-1.518053855569153829e-03 3.342684505826495119e-04
8.878260869565252934e-04 -2.055529631357906986e-04
-2.049888517279815480e-03 1.127014418999152615e-03
1.222682119205300904e-03 1.176879617557583446e-03
2.683869148336158646e-03 8.676735798016232829e-04
9.336188436830860585e-04 8.181625740897546751e-04
2.659847244953629768e-03 -5.012886597938141092e-04
1.083136094674560460e-03 3.063044379925347919e-04
3.097995545657023127e-03 1.394568006843457551e-03
1.829578278451764791e-03 -1.699354838709676721e-03
-2.115229885057468007e-03 -9.273204903677751722e-04
1.492339422510315225e-03 1.339991122947183262e-03
8.773371104815920344e-04 -1.059260747288067600e-03
-6.504672897196231342e-04 -4.640591966173354872e-04
7.138694638694851463e-05 -2.470799640610934719e-05
4.904347826087003797e-04 2.470183486238542304e-04
5.465686274509860137e-04 -8.609693877551007090e-05
-3.730116648992554693e-04 -6.367099955177055485e-04
1.408045977011524222e-04 -4.679891794409376214e-04
-1.327548806941428183e-03 3.693029490616626552e-04
-5.180840664711614018e-04 1.211149375807146810e-03
1.319870283018871691e-03 7.293597304128058212e-04
2.001564945226920553e-03 1.251065643648769797e-04
-3.520463112547114574e-03 -6.226901590030080964e-04
6.140350877195617290e-06 2.326855123674913695e-03
6.851749028317638676e-04 4.912683823529417340e-04
3.264371257485033147e-03 -7.876439326837907486e-04
-1.928342930262314002e-03 8.423824959481369685e-04
2.271444695259596056e-03 1.090008613264428338e-03
-2.180931744312020974e-03 -3.298158958239787034e-04
1.928444180522570278e-03 2.359374999999999006e-04
5.910518053375244133e-04 6.494107744107754194e-04
2.834297281665706762e-03 2.163009404388719313e-04
-4.938739789964964252e-04 1.012368972746332304e-03
-9.219330855018550508e-04 -7.630119453924907088e-04
-2.632798573975041537e-03 -4.039535883111218507e-05
1.687004270896924499e-04 1.320485965647257183e-03
1.664767096134791690e-03 -3.414467697907182806e-04
-3.757932166301965974e-03 -1.451649862511457173e-03
3.768371546149360722e-04 1.599955966534568003e-03
-3.581154684095801078e-04 8.813559322033909845e-04
6.495485327313796353e-04 -7.520204168438966935e-04
1.111809732094042784e-03 -1.889449348465739034e-04
9.367417677642999934e-04 6.865273454868834951e-04
-3.889528193325625968e-04 -1.979433878814684279e-03
2.137671680837151256e-03 7.462494642091725564e-04
7.530312699425678992e-04 -8.283881315156371369e-04
2.818720379146922445e-03 5.732905982905993087e-04
2.120892018779346657e-03 -7.340425531914888902e-04
-2.607123727905728133e-03 -8.009367681498831418e-04
-2.202517162471032694e-05 1.599685675797037250e-03
-6.238457360130347405e-04 1.442095992954654001e-04
-1.974665924276165600e-03 -3.790901835594558746e-05
-2.715085444902765998e-03 8.156043956043977031e-04
2.740903387703894425e-03 -7.136109918419913977e-04
-6.859226023555769266e-04 -2.314799331103679393e-03
1.664876476906935183e-05 -1.478550603915033281e-05
-1.518306636155603538e-03 1.261261261261261498e-04
-8.549457177322018720e-04 -2.772823779193198676e-04
2.270856201975852626e-03 -1.508596654275092290e-03
-2.114716106604833839e-04 -1.034271725826192787e-03
-3.787519747235382987e-03 -6.747933884297512832e-04
-3.314529914529907619e-03 -1.600128644939965289e-03
1.649472450175851809e-03 1.743723353860730839e-03
-2.554954441913434137e-03 1.948318293683347271e-03
1.720000000000002126e-03 1.109037769784172386e-03
1.679507758159447771e-03 -8.089270008795067289e-04
1.228094968908991337e-03 -8.522819885900570188e-04
-1.334359605911324825e-03 -1.528080469404860487e-03
6.011104617182997387e-04 -3.088421052631581975e-04
1.609426681367146904e-03 1.808969383354896553e-04
1.504716981132078919e-03 5.499547920434005518e-04
1.085515766969538881e-03 2.198660714285722434e-04
2.702272727272728072e-03 3.445268207588338501e-05
-2.668232044198889756e-03 1.741371045062320867e-03
-2.008492022645390947e-03 8.614561027837281705e-04
-9.332760595647131069e-04 3.545907769007056111e-04
-9.531162268388503837e-04 -8.361204013377353746e-06
-5.250746268656660866e-04 2.187104930467764731e-04
-2.771310993533213952e-03 -1.209462275948311851e-03
-4.831024930747883665e-04 2.506643046944195406e-04
-3.492965367965361959e-03 -2.250105618926912399e-03
1.906305244549237263e-04 -7.935181410517734525e-04
-1.789936102236415732e-03 1.910852713178294192e-03
1.087965616045847564e-03 -9.437418229393811390e-04
-1.033351264120489429e-03 2.600377893245163561e-04
-1.688519813519811499e-03 9.555505415162461212e-04
7.826475849731705193e-04 1.060606060606060930e-03
-2.795358649788997848e-04 6.612688553682345878e-04
1.160280626011921009e-04 -4.546548956661303751e-04
-2.860923423423421350e-03 -4.646602827177364692e-04
-6.837776517300048120e-04 6.559329510366133063e-04
-4.999999999999967578e-04 1.329796640141468755e-03
-2.873480662983422373e-03 -5.996110630942087880e-04
2.845303867403645677e-05 9.991039426523307511e-05
-6.322843822843774320e-04 -1.387283236994215870e-04
3.074290484140236503e-03 -1.197374276813528661e-03
-1.207602339181280179e-03 -1.278416629809818114e-03
1.026817640047681486e-03 -4.108238387379486078e-04
-6.302054414214130140e-05 1.323961393201846968e-03
-7.956926658905670493e-04 -6.321814254859606979e-04
1.220552884615388719e-03 -1.081464240372408689e-03
-7.847222222222186667e-04 9.487179487179493243e-04
1.387367244270548043e-03 -1.003756260434061757e-04
-1.836079545454541353e-03 8.486574450772996171e-04
5.443139348638595474e-04 -1.541345329905740051e-03
2.954812206572817249e-04 -7.520661157024736358e-05
3.116844602609760394e-04 -1.617331617331617801e-04
1.090858104318587240e-04 2.217060810810819675e-05
-2.158622719246612587e-03 -3.177153056671128671e-04
1.557962858750706154e-03 4.489655172413798355e-04
-2.364824717765845854e-04 -8.974193548387089745e-04
-1.270903010033420206e-04 -4.260985352862797505e-05
-9.440658716638217511e-04 -2.915407854984891872e-04
-5.242009132420088514e-03 -6.366838891498351151e-04
5.847214244686990822e-04 -1.413881748071952139e-05
7.650421179302104762e-04 -3.355426677713197197e-05
-2.009787928221854706e-03 -6.587301587301588488e-04
1.097487711632991539e-03 -3.863423760523849461e-04
-3.111592632719387564e-03 -7.633318642573819288e-04
1.426014319809073725e-03 -4.473002159827210505e-04
-1.339463220675909071e-04 -1.847321805145499284e-04
7.452885747938800109e-04 -1.778233151183969201e-04
-4.748263888888867206e-04 3.725743855109950623e-04
1.037256061502074556e-03 2.646048109965640021e-04
-3.948896631823418262e-04 -3.855855855855854224e-04
-7.015900056785843216e-04 5.738498789346247082e-04
-2.310031185031181499e-03 6.032430213464698909e-04
3.796791443850810750e-05 5.022540983606556047e-04
8.388379204893002799e-04 -1.250519318653925795e-03
-2.220480668756490334e-04 2.362542955327532715e-06
1.169971671388161249e-04 -1.432195571955707282e-04
-2.326695371367058351e-03 8.959965187119239231e-04
-1.529395296752516240e-03 -2.519313304721028054e-04
5.163073521282542100e-04 -1.556660899653979427e-03
-1.942942942942938811e-03 -7.681368507831832625e-04
1.527495517035269874e-03 2.164805716837875198e-03
-1.163434903047028514e-04 -1.612331081081081570e-03
-5.517990074441682814e-04 7.948164146868257323e-04
9.194915254237341802e-04 1.769765421372720103e-03
-3.016025641025634786e-03 -2.805925289823958365e-04
9.583571021107100373e-05 1.123956043956044924e-03
-2.523446019629222228e-03 -2.021373056994816772e-03
1.063774024461272604e-03 4.810508182601212377e-04
-3.940565031982942376e-03 -3.033185840707960804e-04
2.623736029803141610e-04 -1.595721694036298733e-03
3.090598290598293649e-03 5.814260563380289817e-04
3.214370195150804185e-03 1.065566254011922386e-03
2.692992874109304208e-04 -3.296415626258558272e-04
1.715123094958969762e-03 9.699441820523829706e-04
9.235074626865911410e-05 -9.540255169379667716e-04
-2.433967391304344818e-03 3.111322549952427914e-04
-9.560327198363563180e-05 -1.501650165016482836e-04
2.672200337647724026e-03 -1.440905096660808618e-03
8.132530120481982691e-04 1.229789103690686908e-03
1.031333690412431165e-03 -5.811965811965800360e-05
-3.394795127353264150e-03 -9.074762494836846301e-04
-1.705899198167235096e-03 1.795444394819122210e-04
1.083553675304074065e-03 -1.301405152224823728e-03
-2.600114416475927796e-04 2.999777282850780470e-03
-1.154566744730677183e-03 1.131436314363144010e-03
-3.740031897926602970e-04 -1.348281642917016068e-03
1.729775280898881648e-03 -3.726127590410406088e-04
5.036045314109208540e-04 9.778837814397233971e-04
2.934916718075264701e-03 -1.184625492772667637e-03
2.879778051787918510e-03 -8.550976138828623790e-04
-2.494165694282355467e-04 1.275946275946281204e-04
-2.585561497326199863e-03 1.670721816707210986e-04
-6.402620607504258250e-05 -1.610477397549640692e-03
5.825458588104527255e-04 1.332458442694662301e-03
1.065323897659231633e-03 -9.608985024958415281e-05
4.638961038961068786e-04 -4.768722466960341900e-04
3.238684369342189565e-03 -1.313852813852800700e-04
-8.907193849533181313e-04 7.088918677390536934e-04
7.202757036186137156e-04 3.218166014776181966e-04
3.823997641509433668e-03 9.300911854103345155e-04
4.119160260201065737e-03 7.964256368118326690e-04
5.180863477246247691e-04 1.277032690695725217e-03
-2.811398354876594907e-04 8.450704225352121800e-04
1.004681100058516918e-03 9.349137931034492326e-04
2.314845938375353820e-03 1.103156958648288674e-03
1.267421602787459616e-03 1.625207296849089675e-04
-1.522946175637390114e-03 -3.606557377049176422e-04
1.247082847141194268e-03 1.172514619883041967e-03
-1.760519801980149439e-04 -1.115233522479265995e-03
-4.327503015681479783e-04 -7.438034188034185062e-04
3.268608414239923689e-05 3.796137339055804041e-04
-1.248493975903611436e-03 -7.186016400517843594e-05
1.873146622734764158e-03 -4.772727272727279283e-04
3.947482908638908460e-03 -8.190115761353513636e-04
-7.262979683972874785e-04 4.560739806641456824e-04
3.123957754307984903e-04 -4.024239934264592106e-04
7.608069164265179440e-04 -4.086167800453513834e-04
-1.298093101514297132e-03 -1.961639058412793889e-06
-5.898617511520725179e-04 1.584801310938139867e-03
-4.532093581283708076e-04 1.087522045855379444e-03
1.592200557103067666e-03 -5.599027409372239359e-04
5.853391684901585395e-05 1.067683712935109212e-03
1.707613563659631309e-03 1.791962699822382795e-03
8.571049840933250841e-04 -1.360440491317238933e-03
-1.564625850340102574e-04 -1.400000000000000419e-03
1.651339829476251506e-03 5.616132955006087691e-04
-1.576770538243620805e-03 2.350763535400278708e-04
-1.828770949720669040e-03 -3.315307820299509068e-04
3.058471192241874435e-03 5.958788898233814170e-04
-1.918829376035334315e-03 1.213899292550978505e-03
-3.101562499999997117e-03 3.063364569388673207e-04
-2.818466353677618816e-03 -2.589326096788780417e-04
-4.190120620333087392e-04 1.036767849508337010e-03
-1.918013856812929947e-03 -4.637681159420286377e-04
-5.306618093503285985e-04 -9.325086805555543720e-04
-2.335995436394723579e-04 1.658344003414425824e-03
2.632010081915567810e-03 -1.197017268445837453e-04
-7.267981438515039132e-04 -5.977011494252642919e-06
1.939899833055096180e-03 -9.532040472175374191e-04
3.645527369826439407e-03 1.525330396475771573e-03
-6.122630331753520488e-04 -1.402413209144791903e-03
2.408200734394130241e-03 1.304683947248749983e-03
-3.789603960396037332e-03 4.424107142857149001e-04
3.260447321954094979e-03 8.974148543290932792e-04
2.243984331281481063e-03 -7.655187074829929508e-04
1.072835820895527400e-03 1.238968982088247978e-03
-1.330873671782760274e-03 -1.317192358951579847e-04
2.007033997655338631e-03 -3.576072821846500431e-05
-1.730769230769194339e-04 -6.061407076047178964e-04
-1.031454005934715401e-03 8.547754034016587579e-05
9.462209302325638336e-04 5.626094570928198051e-04
-4.527421236872776066e-04 5.939930855661206118e-04
2.116390816871333274e-03 1.038556701030928561e-03
-2.696250732278849833e-03 -2.358078602620080190e-04
-1.342519685039366513e-03 5.120879120879189906e-05
-1.541617122473241085e-03 -9.754683318465650439e-04
-2.498746867167918242e-03 -1.367418032786884988e-03
-1.547706905640481266e-03 -1.111111111111109945e-04
-2.134718100890204470e-03 2.150887573964498523e-03
2.100940265486726279e-03 1.041012216404887296e-03
-2.543692129629625785e-03 1.088118374558306144e-03
-2.184347826086951126e-03 -1.211201629327902148e-03
1.157215047725998350e-03 -1.448036951501155412e-03
-1.663767395626238824e-03 -7.695560253699790286e-04
1.551274083281543609e-03 8.423843869325417294e-04
-5.430690245293750325e-04 7.747576906868946633e-04
-4.257707969749850198e-03 -2.322710004221188902e-03
1.373278236914606985e-03 -1.431747443308133290e-04
2.024766899766902370e-03 1.059020510673925599e-04
-1.436784599375646098e-03 -2.878384376387038723e-04
-2.132879045996590069e-03 -2.460674157303363195e-04
1.066548881036518542e-03 1.005659555942534306e-03
-7.471451876019545362e-04 1.537727850784231061e-03
3.275735294117650045e-03 1.068162020905923798e-03
1.582098061573548224e-03 -1.588322717622081418e-03
-1.904371584699452455e-03 8.443804034582140386e-04
2.710072342793571742e-04 -6.964056482670079838e-04
5.092006900517584813e-04 6.675116180819683101e-05
-1.972697186982897300e-03 2.553704515563351191e-04
1.189785258270894560e-05 1.000415110004159179e-04
2.628458498023728885e-04 1.064559216384684554e-03
-2.472421400992825570e-03 6.786328460877050824e-04
3.184676958261881304e-04 7.728692547969653491e-04
3.280627640313821865e-03 -4.228886168910649308e-04
-9.819937369519781897e-04 -5.108352144469516893e-04
-9.847328244274786407e-04 7.438852304797759002e-04
-1.186352509179921860e-03 -7.252308984047018629e-04
-3.081725312145269053e-04 3.431503792949575494e-04
1.682526432943799678e-03 1.417525773195876023e-03
-5.251818690542764574e-04 -9.751223491027730898e-04
-1.783685968819594993e-03 -1.312664329535494223e-03
-1.207887323943655474e-03 -2.176797945205475530e-04
2.998772252915922823e-04 3.130983463881641267e-04
-1.070049641478210394e-03 1.599016253207871099e-03
6.381066506890805442e-05 -8.297506448839205451e-04
-7.317679558011010556e-04 7.437647058823531688e-04
-1.079670329670283363e-04 5.659516202647204208e-04
3.649425287356391915e-04 2.445286885245903132e-03
-9.908485856905114002e-04 -5.739484396200815637e-04
8.594377510040211287e-04 -1.075776926351639136e-03
1.247858366647634472e-03 4.246284501061577772e-04
1.727793696275110738e-04 -7.753686036426715679e-04
-3.996646171045254532e-04 -6.051292920729127705e-04
1.912014563106799762e-03 5.191863153028210016e-04
-2.341025641025620547e-04 1.082785538208711276e-03
1.158635625338389668e-03 6.601182931981418832e-04
-3.125213918996005546e-03 1.160901926444833383e-03
1.145454545454553446e-03 -5.147978324301786049e-04
-1.146942800788948577e-03 -4.825754356141081060e-04
-2.436268829663960044e-03 1.334841628959288265e-04
-1.546107784431136056e-03 -1.326151877133106404e-03
-1.319667431192654778e-03 -3.775183150183153880e-04
-3.310126582278480681e-03 6.795454545454548100e-04
9.306192660550496702e-04 1.313065976714107141e-04
5.761880165289262785e-04 -6.328157784305497337e-04
-1.328887627695795031e-03 -7.429945629443740268e-04
1.673733480176213409e-03 6.727389627089588658e-04
-4.292857142857142531e-03 4.140625000000012351e-04
-1.825685506435365067e-03 1.020736352094795112e-03
1.197543500511824365e-04 -3.726457399103145574e-04
-6.052332195676855906e-04 1.578098106712563699e-03
2.422680412371169302e-04 3.506059339740922741e-04
-8.987068965517207601e-04 -5.682791095890405179e-04
1.818181818181861440e-04 -9.332454984628878007e-04
-2.990259740259734907e-03 -1.083507306889353386e-03
-1.241260593220334506e-03 1.254442999566537107e-03
-2.697068403908790477e-03 -9.650624710782045859e-04
-2.939017504234866466e-04 -5.672175078159845895e-05
1.577553249590390441e-03 5.980985306828003620e-04
-4.781603288797511126e-04 -1.414458913336315760e-04
-1.991501416430593255e-03 1.264907764907764742e-03
-1.003387180823343827e-03 2.059181191730845436e-04
1.513377926421440641e-04 4.269054560599755302e-04
1.779661016949207102e-04 5.870593293207229451e-04
-3.394438138478997856e-03 -1.012256014525646751e-03
-3.806332453825855312e-03 -2.487629329734580125e-04
-2.874516307351621477e-05 -8.051892811569549141e-04
2.296865759905384208e-03 -7.050840155105555411e-04
8.357256778309445295e-04 1.714256368118325258e-03
-7.855917667238364191e-04 8.036862408915567725e-04
8.575931232091707577e-04 1.604656745079213916e-03
-3.410623409669208492e-03 -7.417770183682180756e-04
1.568085106382980645e-03 4.639534883720929505e-04
5.656114214773434561e-03 1.190759753593431149e-03
-5.115340253748526219e-04 -5.958298230834039276e-04
4.855555555555609009e-04 1.921052631578948941e-04
2.798309859154933955e-03 -2.802791535344452260e-04
-3.994334277619796284e-05 -5.496150556030666274e-05
1.814946619217125987e-04 -1.073547847889678390e-03
2.222253680634204368e-03 5.189793336145086646e-04
-4.381675098369832268e-04 -1.451750640478191841e-05
1.983030303030305485e-03 3.770560944749050208e-04
-1.474022183304112953e-04 4.323501872659186117e-04
4.053053670573773955e-04 -5.633971291866019405e-04
9.408418657565477102e-04 1.027096774193549025e-03
2.769641734758016352e-03 1.902245706737116420e-04
1.144643828167483902e-03 -1.221375707444492982e-03
-2.430017867778402115e-04 5.679487179487185738e-04
-5.441613588110399448e-03 1.419897244278382179e-04
-3.128205128205088803e-04 -1.251068376068375154e-03
1.081667618503715823e-03 8.460721868365181668e-04
-1.475444096133747248e-03 7.411145239139990638e-04
6.005229517722318090e-04 5.982721382289423514e-04
-7.018633540372645101e-04 -8.862365591397847013e-04
2.921632896305128603e-03 -5.709249274160101964e-04
1.648844707146701659e-03 3.716989436619722986e-04
1.417679222357234219e-03 1.330799411476215645e-03
-1.792237442922370349e-03 8.448417591450892768e-04
-3.640191897654583130e-03 9.158981115502863200e-04
-4.444444444444440971e-03 -9.143035863219351128e-04
-1.529971988795513762e-03 1.091903719912475822e-04
5.542533081285448519e-03 -3.080051369863002629e-04
-1.467930029154516361e-03 3.331887201735376082e-04
-9.450386215092060121e-04 6.092490453966915810e-04
-1.415903890160126585e-04 -7.159763313609477991e-04
-1.274059734513270214e-03 -1.382131800088449200e-04
1.976477337923143328e-04 -2.268106734434556287e-04
2.964985994397762326e-03 -7.264867144664695310e-04
-1.085048426150118797e-03 2.310822510822512464e-03
-1.749578414839795875e-03 1.313882352941176442e-03
-9.426274944567616942e-04 -1.596061093247588217e-03
-2.085747392815720752e-04 4.454264250994261062e-04
-8.625410733844415161e-04 -1.043584070796459802e-03
-1.586447118429342015e-04 -6.873905429071801125e-04
6.286871023713163460e-04 1.784115840280826870e-03
1.979248457655640239e-03 -4.162916291629188421e-05
-2.840383530738858388e-03 -7.460422163588395191e-04
8.102040816326556288e-04 1.256581786793268228e-03
5.202020202020225543e-04 1.588425925925926723e-03
-1.382577826324408489e-03 -1.018648018648011204e-04
5.767045454545491898e-04 8.169014084507056350e-04
2.682016179215933175e-04 8.009970918155392364e-04
1.889983117613960265e-03 1.378005342831701251e-03
1.201010101010104112e-03 9.793133802816910045e-04
-3.580750407830321329e-04 5.886157826649449402e-05
-8.975321888411953242e-04 2.811839323467225124e-04
1.756495468277947296e-03 -5.997641509433961548e-04
6.845493562231807355e-04 -1.866467576791808886e-03
1.071849865951744708e-03 1.057708333333333894e-03
-1.307546145494024739e-03 -1.603901996370235257e-03
-2.069444444444409968e-04 -2.118421052631580352e-04
-2.879006410256407331e-03 -4.145929987347106872e-04
1.171717171717174839e-03 -1.557167235494880900e-03
1.394416804864570059e-03 4.857203751065655782e-04
2.394689197344602224e-03 -2.896678966789663378e-04
5.389175257732022961e-04 -8.143725575336509216e-04
1.250896057347671789e-03 -4.411266412537061862e-04
-9.556451612903199425e-04 8.776480760916563831e-04
5.245803357314655999e-05 1.469196246430029898e-03
1.689429928741097153e-03 -8.820016474464588462e-04
-8.796706776440734897e-04 -2.371711944803765626e-05
-4.137784090909086068e-03 3.209598031173095277e-04
-3.396025345622117296e-03 9.325531914893626971e-04
5.447805456702299468e-04 -1.603284356093341676e-04
6.891527253103133877e-04 -9.760139555167892484e-04
-4.368553811659191960e-03 -4.791105121293802297e-04
-2.900481540930976553e-03 -7.442837144190375892e-04
4.302757158006408566e-04 -2.108814846055733813e-06
-4.703632361034670167e-03 -5.835567470956204428e-04
-1.488332384746724477e-03 3.060941828254857893e-04
-1.268577494692088841e-04 -1.707953063885266445e-04
-4.736463133640549800e-03 1.509517485613109987e-04
1.082555425904320294e-03 8.654946852003292737e-04
3.406779661016951215e-03 1.581280788177339162e-03
1.195286195286199152e-03 7.604306864064602984e-04
1.583952912019827948e-03 -4.982758620689654297e-04
-3.309943181818179956e-03 5.443599493029155833e-04
9.889844169801230000e-04 -1.770367054610554210e-04
-2.087347649448630972e-03 -2.219789842381774585e-04
3.314825753101006880e-03 1.037260151717983147e-03
3.454981353223274178e-04 7.515981735159815540e-04
6.196172248803870309e-04 -9.368215371254884089e-04
6.745942921096866312e-04 -1.682867288060364407e-03
-1.113119533527691732e-03 6.212121212121219380e-04
1.690651906519069058e-03 2.562245359891356078e-04
1.398897058823533792e-03 -4.461931093151842395e-04
3.468712029161607254e-03 -1.502663934426228453e-03
-1.728032345013473525e-03 -1.938277087033745902e-04
6.336805555555619128e-04 1.726847918436703964e-03
-1.960317460317456510e-03 4.742547425474384165e-05
2.171487603305791332e-03 1.252779012894620790e-03
1.857650273224046439e-03 5.652913653764359133e-04
1.118630136986303609e-03 -8.121238177128119488e-04
1.558479532163747731e-03 3.169892473118292699e-04
-5.600117096018703347e-04 -5.051717004551091765e-04
3.772942569567794453e-03 5.868983957219255825e-04
-1.229051819184119078e-03 -4.770396790013379140e-04
2.457392776523706097e-03 1.197562097516100118e-03
7.710733778047340527e-04 1.558704453441308051e-04
-1.143719144267687279e-03 -4.310708263069138748e-04
5.480943738657026660e-04 4.262419416003039130e-04
4.597949271451723450e-04 2.096233443708610516e-03
1.039664157498558072e-03 2.079298089737894890e-03
1.852029914529919937e-03 -5.235468816291883329e-04
1.505447247706427020e-03 -1.390714872637631894e-04
-4.013240857503135289e-04 9.590028842192012534e-04
-3.660418963616289653e-04 -1.117553433378809915e-03
-8.432965757399850902e-04 -1.084128360797928059e-04
1.876594564614534472e-03 5.179343128781344844e-04
1.660818713450298292e-03 -1.413822166034542848e-04
2.803604153940136585e-03 -8.072916666666651701e-05
2.756224667052724624e-04 2.926225820962668361e-04
-1.024377318494962318e-03 -1.070203160270879290e-03
6.755871108683832215e-04 -8.538899430739743036e-06
1.646469968387781436e-03 7.206303724928360454e-04
-2.504697592483847313e-03 8.120471014492753985e-04
1.724333522405006771e-04 -1.114061172472388108e-03
6.413994169098351793e-06 3.586469534050184616e-04
-2.340758579169170163e-03 -1.315403934700711507e-03
-1.569999999999997613e-03 -1.073302790503955851e-03
6.855312333155421994e-04 -2.449897750511243356e-04
-1.078916715200926987e-03 -9.192533557046982020e-04
2.361339923119209171e-04 -1.763733994217267997e-04
1.161244292237445909e-03 -3.574397339983370766e-04
-1.929940119760473671e-03 5.745518146042856867e-04
9.207217058501970808e-04 -2.213333333333323888e-04
-3.292156862745095926e-03 9.010128913443843411e-04
2.072551390568322643e-03 1.442260940032415086e-03
-1.461517010596761167e-03 1.679991262560070727e-03
-1.712917350848382246e-03 -4.517453798767823358e-06
-5.620645978467361239e-04 1.968026924694994510e-03
-3.203453858607656964e-03 2.004132231404966201e-04
1.007505773672088753e-04 1.087533156498674382e-03
-1.273344651952456252e-03 4.241706161137447388e-04
-1.977480045610030285e-03 1.242221261884184210e-03
-1.424623115577826847e-04 6.703688181056167419e-04
-1.926992437463636047e-03 6.469928186714558101e-04
-5.016583747926992498e-04 -6.637353433835841950e-04
-2.204940282301844079e-03 1.687418655097614600e-03
-3.602771362586603267e-04 -8.379373848986961372e-05
-1.894093078758943933e-03 -1.146331409727947750e-03
7.650122549019655561e-04 2.713114754098367603e-04
-2.808183401044685862e-03 -3.268442622950812337e-04
-4.012089810017265001e-03 -4.143867924528300134e-04
-1.901849642004767868e-03 -6.109479865771804416e-04
-5.769230769230710137e-04 1.869130257247857228e-03
-2.830717488789237773e-03 -1.115570175438595265e-03
1.113908118313408375e-03 9.660337552742616829e-04
-2.432853025936595765e-03 -1.106966292134831976e-03
-2.239267315397821655e-03 6.657000828500420119e-04
1.509683098591552836e-03 -1.739690721649381021e-05
1.933064050778998373e-03 -1.124885215794304817e-04
3.036189924724962304e-03 -1.565995525727011266e-05
-4.022727272727268100e-03 8.492975734355070290e-04
2.189644792293801885e-03 2.292202227934878728e-04
-1.314363143631430784e-03 -3.998696785403994488e-04
1.671286031042172051e-04 -1.322447292269533260e-03
6.497490239821559176e-04 1.557874354561102808e-03
-3.499185225420963288e-03 1.875276426360018194e-03
-1.872775800711739234e-03 3.350181965224435787e-04
9.997222222222249769e-04 -1.261978704525287907e-03
-1.524293785310731073e-03 -6.297344362211576780e-04
-2.151930609960826021e-03 -1.868106028217185769e-03
-9.579180509412743778e-05 5.587096774193560768e-04
-8.899883585564579390e-04 -7.099067081297196326e-04
-2.050081212777472330e-03 -4.942477876106199115e-04
-6.560814859196707207e-05 2.281659388646292512e-04
-3.651776103336901668e-04 1.438896189224701230e-04
-8.914893617021212458e-04 7.139629462268328418e-05
2.909812819058464292e-04 -2.436992738146092773e-04
2.901701877934277814e-03 3.608870967741940211e-04
-7.530637254901925487e-04 1.731160896130349159e-04
1.257417102966845593e-03 1.171459227467812293e-03
1.362291554599251355e-03 -5.369978858350954844e-04
-1.961149547631679130e-04 6.301131418624894912e-04
-1.547384774728115817e-03 -5.283446712018149348e-05
-1.687671232876709415e-03 -1.967697907188347957e-04
2.332597904026478298e-03 1.541666666666666012e-03
-1.627471940138910586e-04 1.448617416425924259e-04
-1.334549244398117391e-03 5.877437325905297437e-04
-1.639189960068450835e-03 1.345282241450357808e-04
1.684129901960789398e-03 -4.695149087672416795e-05
-1.351170568561870823e-03 -7.629198966408260721e-04
-1.100352112676054872e-03 -4.053579270970580472e-04
6.323891625615805359e-04 6.376604850213983327e-04
1.748895027624312653e-03 1.252727272727273628e-03
1.196051919956738017e-03 -1.243875765529307668e-03
1.005178365937862278e-03 -1.241063829787234082e-03
-5.243568691844543560e-04 6.483565961278709138e-04
-7.091836734693845925e-04 -4.839606501283136189e-04
-3.257798705120659678e-04 3.110353642948444322e-04
-2.359223300970869457e-03 3.024978831498732063e-04
-7.988281249999942043e-04 -1.603874690849134551e-03
1.576771653543311731e-03 1.147308781869688446e-03
-1.115697674418599005e-03 4.018223234624157363e-04
-1.638400969109625807e-03 4.333185644661057749e-04
1.301663982823408807e-03 -7.140724946695108143e-04
-3.957636566332163727e-04 1.979666095890412082e-03
1.466199756394642945e-03 3.305749128919867590e-04
-3.309674027339602666e-04 4.286372007366491955e-04
8.399014778325144355e-04 6.904967602591796910e-04
-8.258678611422140547e-04 9.349845201238393211e-04
-1.532249173098119673e-03 9.807525951557104042e-04
6.386351423965673296e-04 7.341623650868152806e-04
7.295130641330185503e-04 2.979253112033202117e-04
2.498527679623090397e-03 2.145154804985924409e-04
1.108905275099265723e-03 -5.085984522785891174e-04
8.211777417612576701e-05 8.254177660510126106e-04
2.538072575847714289e-03 8.592687074829939015e-04
2.164951245937167361e-03 9.770797962648566232e-04
-8.744915746658336094e-05 -2.114740368509209032e-04
1.087468982630275830e-03 3.267533673943329945e-04
-1.878102592388302241e-03 3.517387218045117084e-04
2.639515219842166870e-03 -4.001713796058269709e-04
-1.659901261656607924e-03 6.401604530438889402e-04
-9.540462427745652688e-04 -8.876221498371339317e-04
-1.843416370106756071e-03 -1.407830342577488618e-03
-9.867413081909210976e-04 -1.207534246575340999e-03
2.274019329167424405e-06 7.227956989247317100e-04
-8.483146067415363767e-05 1.573503127792672462e-03
-1.247691472026068614e-03 -3.840889649272889359e-04
-6.348773841961798071e-04 5.384267631103069850e-04
-2.042694497153696529e-03 8.182020471740105447e-04
2.526344980587912330e-03 7.684036393713818700e-04
-7.479224376731041248e-05 -6.950954861111109575e-04
4.120972644376903055e-03 -1.329218106995880646e-04
-1.594174208144792703e-03 1.544066317626528349e-03
-1.901224262659982059e-03 -1.040962837837829320e-04
3.405727923627688974e-03 2.923940149625936838e-04
-5.871636771300396771e-04 -6.085254458460195599e-04
1.273455377574374920e-03 5.117565698478574159e-04
-1.174776286353464800e-03 -2.533274179236908482e-04
-2.256276150627609545e-03 -8.623129801860084835e-04
1.602651048088782814e-03 4.369538077403305296e-05
-2.849645030425959104e-03 -6.609147609147596625e-04
2.662437948152237416e-03 -8.738474434199500337e-04
-4.997064004697558161e-04 -8.679966044142528342e-05
-1.973167916907089814e-03 1.804782608695650959e-03
-3.336262448740468282e-04 1.311067019400354331e-03
-1.239722507708115309e-03 5.423076923076934966e-04
1.447837150127229220e-03 -2.455981941309243644e-04
8.853427895981098861e-04 -3.648305084745757194e-04
-4.494695700725835153e-04 -4.024905023216547887e-04
1.493146929824564666e-03 7.497962510187483240e-05
-1.789044289044269690e-04 3.967297762478488930e-04
-3.363539445628964961e-04 -2.237510584250629710e-04
2.132370283018869810e-03 2.395059121621623092e-03
1.174736188702674372e-03 1.594650205761324511e-04
3.762500000000042395e-04 -9.338235294117651526e-04
4.133499170812606795e-03 7.632258064516132508e-04
-9.606077658975776049e-04 8.617719442165714663e-04
-2.570056497175138115e-03 8.183139534883714658e-04
6.780063291139305391e-04 -5.936960276338404630e-05
-2.723943661971793724e-04 6.227355072463819352e-05
3.501422070534702339e-03 8.037922506183059251e-05
-2.888831437435361062e-03 -3.155216284987279727e-04
9.324009324009584210e-05 2.158398607484777879e-04
-3.234950321449419600e-04 -4.995278564683656736e-04
-3.870233352305031986e-04 -1.541745283018867638e-03
-1.177437020810507759e-03 -9.137638062871713054e-04
-2.872570794003328435e-03 -1.856763925729361159e-05
-7.146596858638699055e-04 -9.297052154195004515e-04
2.703133297928878758e-04 4.351225697379545944e-04
3.911362284354620513e-04 6.395150999574652703e-04
-2.922546857772871220e-03 -4.376033057851246564e-04
-9.254587155963287090e-04 -2.613778705636733701e-04
7.955049944506143497e-04 6.567404426559361611e-04
-5.193565976008658255e-04 4.817686504610229747e-04
-3.368006518196628180e-03 -8.646983857264230319e-04
3.967327887981385781e-04 2.345349354695160061e-04
8.415393322014771364e-04 3.820351193156237032e-04
-1.775452488687778892e-03 -1.930481283422459931e-03
6.746438746438800527e-04 -7.525274725274724592e-04
7.946377638334318908e-04 -8.152034261241960632e-04
4.150973006905213022e-03 8.115913555992148578e-04
-8.112044817927105932e-04 -1.148076091655857211e-03
2.624521072796995422e-04 -8.766907123534708720e-04
-4.546884100174720250e-03 3.116710875331522672e-05
9.099669603524272558e-04 1.287523452157598959e-03
-5.527343749999939857e-04 7.501053518752636698e-04
-1.389729729729727086e-03 1.515856236786472262e-04
1.061596298438405002e-03 -5.762457044673532361e-04
-1.720708446866480498e-03 -1.719855305466237542e-03
-3.085914669783712148e-04 3.930830873049348919e-04
-1.149008498583563949e-03 -1.018644067796609662e-03
-3.944872554831020195e-04 3.206287683031871236e-04
2.835858585858587466e-03 -3.834883720930223265e-04
2.864066193853431752e-03 -2.030643072939138994e-04
-2.237522019964763385e-03 1.083779333058872574e-03
-3.950403690887758579e-05 -3.604202401372221410e-04
9.966499162479085499e-04 1.598606418918919114e-03
6.187319884726246843e-04 5.313999127780207011e-04
8.089793641940925617e-04 -6.417100694444436652e-04
-1.877439724454645640e-03 6.843881856540081927e-04
1.722972972972992942e-04 -1.249241439098396425e-03
4.386484884410243130e-04 -7.290349768225940711e-05
-2.694924123495223329e-05 -1.331639416703491287e-03
-2.816293929712457723e-03 8.616071428571430183e-04
7.654398003743008265e-04 9.441524310118275427e-04
-2.097453222453215995e-03 2.034744408945688842e-04
7.354703415218704667e-04 3.801489921121831172e-04
-2.181866104375324109e-03 1.664426523297495334e-04
-6.049450549450524845e-04 -6.224369085173497591e-04
2.437897169266341408e-04 2.981366459627389192e-05
4.804299889746463620e-04 3.478162989644323984e-04
-3.740141259564446104e-03 1.821711270260084441e-03
8.393876491956462748e-04 -1.523539668700954171e-04
4.716926632004678059e-04 -9.648324369052535066e-04
4.687875150060043369e-04 6.027310924369747545e-04
-2.229625223081497555e-03 7.496754651665951241e-04
-4.325221238938017562e-04 -6.542553191489376002e-04
3.707713498622595971e-03 -7.430788590604015800e-04
6.957831325301478559e-05 1.239246210569439326e-03
2.737819025522044390e-03 8.939393939393944048e-04
2.537194775695631854e-03 -9.352094240837694004e-04
-6.918103448275833220e-04 3.159329140461216660e-04
1.965831435079733441e-03 9.923501912452337040e-05
1.394209956709961456e-03 -9.762741652021078098e-04
-3.401254773595195537e-03 2.290598290598294586e-04
9.730748519116899425e-04 4.258828996282537139e-04
2.478684531059704337e-04 1.615448504983391922e-04
6.426615553121600710e-04 1.667715827338130900e-03
1.011394465545308562e-03 1.577936578829835243e-03
2.493765586034944531e-04 9.135472370766499917e-04
1.303038829487905299e-03 -2.744006849315055031e-04
1.992206982543647410e-03 -7.247611134191930728e-04
-1.745114461194860163e-03 -3.663716814159292089e-04
3.767454350161140043e-04 -1.313414124529878324e-03
-1.403301886792447878e-03 -2.057208717518860339e-03
-1.835372636262452926e-04 1.914045192733724828e-04
-2.201197604790415888e-03 3.682564503518381978e-04
1.234104046242818467e-04 -2.986289631533846313e-04
-2.144502014968333384e-03 4.477676636324236020e-04
2.778725824800928846e-04 6.343648208469058547e-04
-2.423659989171630773e-03 -2.647198480531811303e-04
3.856566820276539800e-04 2.832182039821220035e-04
-1.493812610489096086e-03 1.813793103448276814e-03
1.317150063051705788e-03 6.221505376344095648e-04
-3.262478968031403814e-03 -1.943957968476350340e-04
-5.899696048632169969e-04 4.568057311420150018e-04
-3.738519719070754047e-04 2.214432989690723590e-04
1.300970873786412834e-03 5.196280991735541949e-04
-1.350590883511334456e-05 2.043596730245213333e-05
1.563473744950953691e-03 1.178127772848270140e-03
-1.229388670779581064e-03 -5.143249607535325344e-04
-4.854881266490218610e-05 -1.289367429340511524e-03
1.514414414414417664e-03 4.912536443148689085e-04
2.604142011834320244e-03 -1.020726495726495455e-03
3.920492721164618721e-03 -9.416559416559296461e-05
-2.650761124121774667e-03 1.459488734835356514e-03
-2.994955156950670008e-03 -2.064914645103323784e-03
-1.166038751345529513e-03 -4.674502712477402030e-04
1.061201572150539030e-04 -1.873977086743033849e-04
5.055232558139558657e-04 -2.687074829931967892e-04
-1.166580711707061084e-03 -1.289842753931156303e-04
9.721320346320374813e-04 3.721033868092695493e-04
1.883083140877598672e-03 -1.632699275362325107e-04
4.764177428411045219e-04 -2.506793478260865263e-04
4.143835616438378759e-04 1.428663239074550676e-03
1.966261398176295284e-03 -4.573799910273655851e-04
-1.840896036760447728e-04 -4.562191288729232417e-04
-1.097521551724133133e-03 3.298344771901494691e-04
3.139653110047848066e-03 6.247388215628916185e-04
-1.155264564404055640e-03 8.490088570223526619e-04
-8.986095017381202097e-04 1.291843470061290061e-04
-1.400401836968999001e-03 2.911259941398073561e-04
1.269605037206644272e-03 7.079291438211728982e-04
-2.720231213872829640e-03 1.247710423026603078e-03
2.370288248337033572e-03 4.807081252837037055e-04
7.628895184136020788e-04 7.074988355845363312e-04
-1.770844991606039401e-03 1.755584756898820450e-03
-1.292042889390513901e-03 -5.548728813559312533e-04
9.323104693140818423e-04 1.145605596851770758e-03
-1.555619930475045755e-04 -4.997737556561073630e-04
3.745942921096815075e-03 -4.838435374149653622e-04
2.970747889022924866e-03 -3.317013463892287705e-04
6.811385853939094228e-04 -2.928782132321955693e-04
3.452451269935049509e-04 3.222082283795139651e-04
1.080212409167134735e-03 7.760507880910688834e-04
1.905485789821550341e-03 -7.202476038338660779e-04
-1.085832471561483582e-04 -3.945623342175060954e-04
-5.463776070252458414e-04 -1.582606700321247681e-03
2.646866485013628974e-03 -3.711490424646127521e-04
2.460848774656307705e-03 8.029844290657447070e-04
-2.820665083135388308e-03 -5.288840262582058692e-04
1.402209051724141210e-03 1.057208717518860752e-03
-2.973965287049363409e-04 -6.274080560420308055e-04
-1.425581395348833299e-03 -5.072783414203492177e-06
1.483635448136962293e-03 -1.138084632516697095e-04
-2.771191464137490049e-04 -7.094936708860762444e-04
7.876750700280160970e-04 -3.444304857621431366e-04
7.243916242218819584e-05 2.967365028203056555e-04
1.959721380981229409e-03 4.839688041594453986e-04
-1.226448215330598395e-03 -1.912257495590829115e-03
1.846237141310233185e-03 2.956220199393151692e-04
-1.913965087281753171e-04 5.274032187907786448e-04
1.240731335703406171e-03 4.370237561631527568e-05
4.773869346733716854e-04 -3.606387391124013671e-04
2.228253760627867033e-03 6.667418772563174934e-04
4.131754705525228369e-04 -2.256465517241377854e-04
2.639767932489511392e-04 1.697031039136302592e-03
-4.025626740947071958e-03 -2.564157399486742366e-04
-3.289612676056332362e-03 1.826143790849673199e-03
-2.021714922048993557e-03 -5.630810092961488099e-04
-3.434343434343431738e-03 -4.150537634408601973e-04
-2.183076104310797353e-03 -1.791486007094988129e-04
7.023137697516983451e-04 -3.496985357450470245e-04
1.598943041691134291e-03 1.724774405250205887e-03
7.830655129789900132e-04 6.308026030368760455e-04
2.275561097257351316e-05 1.659861167823603048e-04
1.842570036540806594e-03 -6.822250639386190016e-04
1.963819691577702552e-03 -4.408967391304339156e-04
5.688876341050294605e-04 9.437027147307522693e-04
-1.628899352560326478e-03 2.049424797613983644e-04
-1.333503836317129904e-03 2.524945770065083542e-04
8.403294367693971362e-04 -6.087142246903002875e-05
-9.826889786497374282e-04 1.113969050606440940e-03
-3.482352941176441010e-04 1.283269961977245463e-05
4.951868629671597527e-04 -7.976559044670503877e-04
2.117067833698109771e-04 1.045689655172413537e-03
1.960104643557884774e-03 8.623124448367175442e-04
-5.002796420581616952e-04 -6.341151385927504313e-04
-1.283489096573156715e-04 1.863809121621620886e-03
1.237839366515842976e-03 1.020591763294682397e-03
3.420074349442385779e-04 2.019747899159663514e-03
2.289023717595168727e-04 -4.329148685759119414e-04
-2.154961832061064956e-03 -5.376862401402273664e-04
-2.984338747099764440e-03 8.276014109347456160e-04
8.463888888888913137e-04 -2.880123402379905387e-04
-2.925113464447803586e-03 4.747974797479795437e-05
-1.487068965517235417e-03 7.073117338003510673e-04
3.397358943577451153e-04 -1.495218295218295971e-03
-7.989189189189133166e-04 -2.853179684165598265e-04
-4.540332147093644453e-04 2.512650836901536306e-04
-1.297387437465255533e-03 5.840827338129496232e-04
-2.335641981885984691e-03 -2.441056910569099872e-04
-2.849101479915429596e-03 -2.250574712643666115e-04
7.105105105105140968e-04 -1.664516129032259160e-04
9.483165977554664818e-04 6.252921926133708395e-04
5.233372228704826152e-04 -2.733892321270956155e-04
1.013758782201405880e-03 1.778225806451613636e-03
1.930289944478719372e-03 1.856536502546691321e-03
-8.897818599307193423e-06 7.358653431161036066e-05
-1.063528077141233505e-03 -2.366636528028931972e-04
-1.057029926595141238e-03 2.056892778993438383e-04
-1.134565499351486081e-03 -6.508135168961218838e-05
4.037190082644634588e-03 -1.098193244304792020e-03
1.287820862916442578e-03 -3.375796178343946625e-04
-1.267867518884365809e-03 -3.002958579881645214e-04
-1.257340720221603514e-03 9.256600277906450267e-04
1.314222712238152877e-03 -9.601336302895318881e-04
-2.711256544502612699e-03 -2.859353970390310883e-03
-1.265270506108155365e-04 4.774696707105726442e-04
1.585714285714288603e-03 1.727310231023103555e-03
1.194414019715230729e-03 -1.067151411462794217e-04
2.553918843802116360e-03 -2.038714991762754830e-04
-2.075854082223478375e-04 3.445549028468146793e-04
-6.793792740662771886e-04 4.157048639736194567e-04
9.570312500000247025e-05 -3.021839563208741377e-04
7.668092909535470861e-04 1.506223175965665760e-03
-3.257821901323701592e-03 4.322448979591839288e-04
3.239678284182311539e-03 9.773237539290532960e-04
2.880331753554507719e-03 1.096691018478728212e-03
1.988428745432457823e-04 -5.128205128205119527e-04
-1.068111455108355142e-03 2.400079936051163234e-04
1.026331538001253637e-04 8.756185335132706622e-04
-2.146663217796166562e-03 6.737668161434989334e-04
-4.488708743485809484e-03 7.732452142206029406e-04
-1.974419988102316375e-03 1.356332703213613720e-04
-1.457998929908998445e-04 -5.032679738562055073e-05
4.670128283445360235e-04 -6.786516853932583477e-05
5.338068181818222653e-04 -6.990679094540483863e-05
4.104522890237180185e-03 -3.117888029130591224e-05
5.851602023608826501e-04 1.529937444146560119e-03
1.634593023255815833e-03 -1.567158067158067871e-03
-2.963938179736687502e-03 -2.615938766321450359e-04
9.674539170506964028e-04 -1.759142496847413903e-03
-1.782608695652169745e-03 -3.292405638926780608e-04
-2.541950113378682596e-03 1.162601626016259316e-03
-1.269102990033217984e-03 -2.566945606694556519e-04
8.729698375870107319e-04 1.493784826403764818e-04
-7.772062804547890703e-04 -2.927321668909826707e-04
-4.868571428571396285e-04 -8.242769500438209369e-04
3.797482211275315413e-03 4.647887323943659618e-04
-1.814435840707962107e-03 -4.272997032640941115e-04
-4.481260184681744302e-05 -1.492554676593765275e-03
1.367063492063494510e-03 -9.014629948364997016e-05
1.418176139912557176e-03 4.233063485300385723e-04
1.742224565102801258e-03 6.211874745831646918e-04
1.065011820330972027e-03 1.029689608636977921e-03
-2.180827886710237553e-03 9.682093425605546155e-04
-7.325789160214389367e-04 6.209643605870025307e-04
-5.944444444444397634e-04 3.575445173383317373e-04
1.711602209944754942e-03 -3.124426078971520647e-04
1.423280423280425542e-03 -2.652882703777336391e-03
2.874848851269694002e-04 -1.731433506044895653e-04
-4.027777777777729012e-04 -9.153577661431057692e-04
-7.667404537908112643e-04 -1.315880571181306854e-03
-1.181792559188271727e-03 -1.518702118071200958e-04
-2.895369813589844868e-04 -1.256388415672905648e-04
-1.543669402110191833e-03 -4.809286898839033956e-05
1.665338645418329823e-03 -2.975043782837122190e-04
1.117338003502628581e-03 -4.635439681838262596e-04
-8.128544423440005741e-05 6.496865203761764077e-04
-5.156337241764366325e-04 3.583089158643797231e-04
1.072085889570556505e-03 -4.023121387283237977e-04
-8.985861881457277763e-04 -1.145280556763809791e-03
-9.500274574409627026e-04 -8.214440121055214508e-06
-4.045323325635096987e-03 -1.604796888504753626e-03
4.802901023890786963e-03 -3.999999999999998565e-04
-3.189095127610204819e-03 1.154850746268657347e-03
1.473986856516980434e-03 -1.300637232589895147e-03
2.386897767332551903e-03 9.025321543408368211e-04
2.230683713173990147e-03 4.679061531651180421e-04
1.641864057672505050e-03 -2.601975096607971700e-04
-2.951593860680479590e-06 -9.779050736497477820e-05
2.286464410735127104e-03 1.084545812033032306e-03
2.245517640254482937e-03 6.255448997384484722e-04
1.454318936877079188e-03 -1.594764171354391431e-03
-5.364555614688642669e-04 -6.969498910675376658e-04
-6.399782135075862352e-05 -2.839075447012649051e-04
1.135040745052616873e-05 8.719371243643099035e-04
3.800465386852825214e-03 4.965971926839663191e-04
-1.353077816492444024e-03 -9.476818375159499520e-04
-4.310344827585794569e-05 -5.340462680052372952e-04
1.999729290741747521e-03 8.708651399491109659e-04
2.879828326180259527e-03 5.404586758978811292e-04
-1.032079646017697002e-03 4.283914321713612233e-05
2.953305033353551077e-03 -1.528756130182791452e-03
7.744444444444499934e-04 -2.738145195132173754e-04
-5.485579752795725688e-04 2.663453478625325333e-04
-1.478384527872577585e-03 -2.478206724782063626e-04
-6.856816885339369477e-04 -7.393595460072962134e-04
3.946165966386562529e-03 1.229421031902324171e-03
5.582497212932010849e-04 8.450268262484526014e-04
-1.388248215266333100e-03 3.094243268337970977e-04
-3.093241551939920897e-03 -1.243528904227781231e-03
6.172539489671995333e-04 6.414249146757674495e-04
-1.261120263591426587e-03 -1.931616341030192678e-04
-6.923774954627909001e-04 -3.007585899152165928e-04
4.834821428571432246e-03 4.352422907488989875e-04
-8.658823529411730337e-04 1.209546232876712634e-03
-3.310038824181918415e-03 -5.483734685255590643e-04
2.561631419939580483e-03 9.921040408732025549e-04
-4.282334384858004894e-04 2.391405885100429348e-04
-6.140045636052475671e-03 3.727039726612577423e-04
1.915268002165677061e-03 1.658404686795862139e-04
-6.796089385474807839e-04 -2.922050854522715321e-04
-1.245699541284398231e-03 -1.284001743679162848e-03
-1.368468468468467432e-03 3.906390639063924103e-04
-6.451316595223485859e-04 8.042832909245127082e-04
-5.164543524416092754e-04 1.321084864391954862e-04
-6.993365500603107229e-04 -4.972044728434496215e-04
2.915604128718885836e-03 -1.507029876977148840e-04
-8.229937393283954334e-04 1.161883408071749625e-03
-2.479737130339536560e-03 2.353345554537121802e-04
1.964044253226803101e-03 -1.539491298527401661e-05
1.833022388059707538e-03 -1.501515807708964090e-03
2.872364039955610515e-03 8.758460236886644228e-04
-2.205969267139474936e-03 -4.139013452914790505e-04
1.921164342025471908e-03 -7.025806451612898011e-04
-6.794520547945179755e-04 -1.047027506654834910e-03
-2.358233369683729590e-04 -7.034313725490189996e-04
1.167083854818556183e-04 1.184792219274977972e-04
-4.365079365078921637e-05 3.789521228545625147e-04
