-2.242058449809404032e-03 7.435146443514660877e-04
-4.034700315457405862e-04 1.158246346555323863e-03
-9.208819714656319181e-04 2.148148148148151955e-04
-1.910805626598467786e-03 4.090153718321561972e-04
-4.212590639419909813e-03 9.381362568519961654e-04
-3.405279503105592114e-03 -1.021471088435373315e-03
-2.474968314321925825e-03 -7.098792062122512249e-04
-1.010737294201860190e-03 1.392618849040867541e-03
-1.237658227848100400e-03 -9.818840579710131147e-04
1.059136420525657500e-03 1.798422968054995581e-03
-1.191744340878837425e-04 1.037974683544304376e-03
-1.356269113149847355e-03 -3.087221095334674093e-04
-2.207301587301584156e-03 -1.133768352365414900e-03
-1.359986945169711471e-03 5.292326431181495865e-04
-1.876913265306122576e-03 1.164271047227937117e-04
-9.030054644808744625e-04 5.593910806174965224e-04
-2.077210460772106575e-03 5.756646216768931609e-04
-1.284301977231872959e-03 -6.438188494492035714e-04
-3.805376344086021899e-03 6.316898440792258424e-04
-2.633189122373301352e-03 4.048435490784402127e-04
-1.189856957087143791e-04 -9.458476027397244362e-04
-1.149603900060937366e-03 -1.026663822525594868e-03
2.524872448979590105e-03 1.675187032418954097e-03
-2.925287356321840462e-03 8.161512027491495678e-05
-2.071737786023499905e-03 -2.926720285969636973e-05
-4.478003939592923688e-04 4.204291461779169348e-04
-3.572347266881034655e-04 6.792130025662969101e-04
-1.133599508599509188e-03 1.505256518082422621e-03
2.701219512195111557e-04 -9.486242476354248779e-04
-1.185034439574203383e-03 -3.791185280273849027e-04
-1.818609022556391111e-03 -3.905472636815922804e-04
-1.422061596480200590e-03 7.253864930838095247e-04
-9.144353899883596488e-04 -2.583025830258301641e-04
1.901606425702810589e-03 1.247392574050911515e-04
3.974999999999981153e-04 1.843904633378317618e-03
-3.678571428571429484e-03 4.069627851140464455e-04
-2.639171758316359844e-03 1.173320158102767689e-03
-9.756923076923090321e-04 -1.336599999999999637e-03
3.958468526930543124e-05 1.390739939420164700e-03
-1.210526315789463742e-04 4.878048780487931183e-05
-3.197321428571426542e-03 -1.747776365946632085e-03
-1.110619469026547824e-03 -4.811360746078775839e-05
-1.472857142857142507e-03 -2.160305343511449705e-03
2.776365946632768414e-04 1.115978306216103581e-03
8.591054313099034641e-04 8.443017656500809804e-04
-1.512787723785167680e-03 -4.037918515530448992e-04
-1.404986522911067306e-04 5.837563451776644319e-05
-1.123545516769336623e-03 1.399877899877900169e-03
-4.707576706324357284e-03 -4.232241599319432708e-04
4.467329545454517192e-04 4.694048616932222222e-05
-1.969706433479077173e-03 2.815845824411136017e-04
-3.721171446003659899e-03 1.914893617021273245e-04
1.791181873851806976e-04 -1.573964497041419053e-03
-1.325526932084308222e-03 -1.616349656009711611e-03
-5.335403726708080495e-04 2.536473530637766934e-04
7.555622369212266565e-04 9.075850043591985813e-04
-5.419799498746867691e-04 1.282534972445952643e-03
-1.733720930232558527e-03 -3.079178885630364090e-05
-5.812854442344048654e-04 1.227097602739726963e-03
-8.656626506024099523e-04 1.252173913043479235e-03
9.411564625850327376e-04 5.812940688511000547e-04
-2.331347962382445543e-03 -2.957957957957950477e-04
-3.209951456310671273e-04 1.606995884773664658e-03
1.672240802675570564e-04 3.316347329800246879e-04
-1.828289067325512005e-03 -1.923586572438160374e-03
-6.429463171036296570e-05 -5.773935048502730700e-04
-1.816539923954374209e-03 -4.837398373983614527e-05
7.425421530479882435e-04 -2.084219481071879763e-04
-8.652317880794720660e-04 1.788682231895538568e-04
-2.071906354515049790e-03 -3.725172274017025009e-04
-1.596802841918296828e-03 -6.646039603960385679e-04
-1.669344473007714066e-03 7.617823479005999491e-04
-4.896182183523093649e-04 -1.801390699695779062e-04
5.559189012426403844e-04 1.470884413309983237e-03
3.240343347639487747e-04 1.157802964254578187e-03
6.552538370720168001e-04 -9.303157894736828514e-04
-1.324425108763209328e-03 -3.781431334622807248e-04
2.213391739674591858e-03 7.988578680203058460e-04
4.308814204185159561e-04 -5.596441568944595388e-04
1.543463381245706084e-04 -5.075448613376829995e-04
1.369791666666667160e-03 3.746719160104994718e-04
-4.099819059107357236e-03 -1.261054421768706716e-03
-3.633792603335748821e-03 -8.623188405797096176e-04
-1.059963658388856375e-03 1.596943231441049459e-03
1.916932907345939119e-06 8.474178403755867678e-04
-7.629444791016864839e-04 3.260869565217561103e-05
-1.947496947496948471e-03 -3.993999999999995167e-04
-3.217059197963080801e-03 -1.022391043582566690e-03
-2.093611638203667861e-03 8.658008658009146485e-07
-5.332906530089628330e-04 -9.844668345927720925e-05
-2.827251324308417170e-03 -5.004442470013322104e-04
1.775280898876402955e-03 3.036248131539618679e-04
-1.584740259740259529e-03 -1.990008326394669246e-03
-4.918432883750807269e-03 1.065794850837760389e-03
-9.893758300132711057e-05 1.891726466863656933e-03
2.297872340425543669e-04 1.672609400324149946e-03
-3.335887611749679613e-03 -2.614942528735633709e-04
-1.805123216601815968e-03 -1.168342807170965648e-03
-1.408763897972529610e-03 -7.670606176134197891e-04
-2.568773234200744625e-03 -1.913967611336030335e-03
-7.142418661755684526e-04 1.634392443108630653e-03
-2.320505456634132737e-04 -1.143996641477739812e-04
-1.876736111111111140e-03 5.468620974401333917e-04
-3.160264105642259565e-03 6.865671641791044628e-04
5.936408106219432561e-04 4.456255110384297165e-05
-1.143079800498755794e-03 -9.706698374950453864e-04
6.325665859563894084e-05 4.093441920274322205e-04
-2.078095830740511827e-03 4.224066390041495691e-04
-1.095149253731340531e-03 1.088105726872264003e-04
-5.009445843828717578e-04 -5.997547015535564362e-04
-3.130392788151964336e-03 -7.878245299910341707e-05
-9.389928986442845670e-04 1.091972569584510715e-03
6.647091722595067703e-04 8.292887029288711085e-04
-1.041507024265644725e-03 1.104626927886632260e-05
-6.442141623488779889e-04 1.500805801772767177e-04
-3.347839506172840644e-03 -2.299679487179498243e-04
-2.294950738916256335e-03 -7.716204869857252796e-04
-3.035952063914777298e-04 4.091898954703843279e-04
-6.807039597737278916e-04 -1.145988420181967907e-03
-1.140743073047859914e-03 1.406034482758621723e-03
-1.857142857142858854e-03 7.321652065081359030e-04
-2.016949152542373350e-03 1.233968804159446065e-03
-4.758064516129034693e-03 4.084737827715372222e-04
-9.647249190938522690e-04 1.226562500000000222e-03
-1.387172599059773243e-03 -1.225185832968953741e-03
-4.940750493745900982e-04 -1.840715156440470804e-04
9.437869822485189103e-04 3.800555114988105575e-04
-1.189243027888446744e-03 -2.640036730945806280e-04
6.999999999999993424e-04 1.402169546002411020e-03
-3.559405940594057797e-03 -5.442265795206963812e-04
-1.928395820528581994e-03 1.056563951034192534e-03
-1.335884874464177575e-03 -3.015126737530650944e-04
-2.664838709677422399e-03 -8.311769616026698721e-04
-1.040317250495706230e-03 -2.761257434154615721e-04
-7.786407766990285917e-04 7.711975524475538990e-04
1.595993322203671924e-03 4.914965986394586542e-04
5.426904176904167286e-04 8.211618257261424575e-04
-1.215986394557826578e-03 1.191816981962165066e-03
-3.835801674179006686e-03 3.374947101142620749e-04
-3.735823882588393957e-03 -1.035185185185183692e-03
-7.323333333333333171e-04 8.088811493252063981e-04
-2.205064854848684042e-04 1.270651722706518790e-03
-6.753289473684206869e-04 -2.229082047116164120e-03
-9.971319311663485140e-04 -2.300372362432752881e-04
1.824729891956777730e-04 -6.558982909545624457e-04
-2.262068965517240703e-03 8.387029288702933794e-04
-2.133160956690369117e-03 -1.678526048284624626e-03
-1.140172520024648403e-03 -1.560958904109588721e-03
-2.888888888888888756e-03 5.495867768595135328e-05
-1.685344827586205156e-03 1.034786437692798898e-05
3.617234468937875064e-03 8.457846410684479246e-04
-1.163206871868290200e-03 -4.417394923012903573e-04
-8.440729483282683084e-04 -6.349172677131942029e-04
-2.722114137483786379e-03 4.748754152823929289e-04
-8.919262555626189439e-04 1.428964059196617675e-03
-1.674898511502028635e-03 1.607589658048383071e-04
-1.988184079601989975e-03 -1.622415219189412595e-03
-1.066785927251044175e-03 1.017580577647552104e-03
1.022307202039516704e-03 4.988344988345006989e-04
-4.454996690933160641e-03 -2.098631950573696253e-03
-1.627205463858849826e-03 1.239279588336197825e-04
-9.788530465949822276e-04 1.047844998022935594e-03
-1.634210526315791169e-03 -7.136422136422130875e-04
-4.165944272445820662e-03 -9.109694862881392852e-04
-3.071514423076922903e-03 3.806096528365785392e-04
-1.943742098609363065e-04 -4.787676935886759732e-04
1.505838967424538812e-05 1.229695431472082722e-03
-1.055700325732900633e-03 3.064228367529001919e-04
-1.599218280216476232e-03 -1.342682412484182868e-03
-2.930854154561303524e-03 -8.356272119543819163e-05
-1.874999999999929024e-05 9.342539159109656838e-04
-2.869822485207102532e-03 -7.914273995077927707e-04
-2.188853503184715835e-03 9.286009933774840236e-04
-4.511051574012046308e-04 1.440862341772151164e-03
-5.532451165721490212e-04 1.600161225312382964e-04
-4.090006406149902102e-03 -6.225922953451030204e-04
-1.593916125221501697e-03 -1.006404782237403346e-03
-1.266512549537650431e-03 -9.746274667740589576e-05
-1.904829545454547659e-03 -7.181555004135640454e-04
-2.045311516677164284e-05 2.622022647403364861e-04
-3.083588487446420855e-03 -6.919171405361482664e-04
-4.237726098191204878e-04 -7.725261464199511922e-04
4.691516709511580848e-04 2.091713596138480657e-05
-5.891447368421085917e-04 2.335511982570812983e-04
-3.543249561659846288e-03 -7.996668054977082310e-04
3.152309612983754308e-04 9.125103906899429112e-04
-6.791229153798676024e-04 8.764044943820329585e-05
-2.607490864799028030e-03 9.541223404255322295e-04
-1.288971041281577632e-03 1.382725832012671120e-04
1.939048894842568987e-04 1.089883111648530523e-03
-1.452462380300957026e-03 -1.000203169443314704e-03
1.991178323881523404e-04 -8.469429626590060543e-04
-1.779358353510895234e-03 -1.280082041932542386e-03
-3.482858803021500992e-03 -1.587017124651516242e-04
1.237206502107159045e-04 6.113146113146109744e-04
2.270391779062299286e-04 1.081983805668017013e-03
-1.131237848347374985e-03 -2.970986460348164432e-04
-2.481084489281209452e-03 -6.382316313823148748e-04
-2.903988603988604065e-03 -6.926744690073682095e-04
-9.627696590118309293e-04 1.057154776804338989e-03
-1.049482535575680395e-03 9.908782350445488694e-04
-5.922047702152438350e-04 6.827086882453159596e-04
-3.509316770186331766e-04 -1.477224350787554458e-04
1.262585034013605180e-03 -1.395213193885758759e-03
1.623456790123447690e-04 -8.392496974586507574e-04
-3.567919951485748822e-03 1.696223316912973036e-03
-5.716041794714612497e-05 7.271047227926074599e-04
-2.549866131191433176e-03 1.123308598865124970e-03
-4.818059299191307658e-05 -5.981595092024539822e-04
1.343771043771043328e-03 9.235421166306697098e-04
-5.418734491315136716e-04 -2.925198495611810318e-06
-2.261038961038961889e-03 -1.204574066302977788e-03
-1.409878127004490951e-03 -8.845525132815686533e-04
-3.809566250742719897e-03 1.278242677824267543e-04
-2.130530973451328497e-03 -7.499999999999987146e-04
-2.243125419181757774e-03 4.920634920634930822e-04
-2.372065021071644020e-03 2.343386023294509804e-03
1.630751964085295266e-03 1.109902912621359844e-03
3.915981198589886742e-04 -1.466145833333332539e-03
2.096977329974802939e-04 4.343220338983065317e-04
-7.412903225806459235e-04 -1.044075440754406708e-03
-4.227740763173845422e-04 5.394348376212581469e-04
-4.210665880966413255e-03 -2.852589641434257264e-04
-3.273929471032747170e-03 -2.616859768278053289e-04
-2.171361502347443661e-04 -1.386442141623486042e-03
-1.130068621334997907e-03 -9.040798611111103842e-04
7.361206305688824210e-04 1.147119341563787066e-03
-1.120319214241866914e-03 6.467770034843207060e-05
-3.370396108408627240e-04 7.226292226292218299e-04
3.381689232753055658e-04 5.344967532467538975e-04
6.681367144432181831e-04 -9.100868127325342132e-04
-1.800477489768079805e-03 7.639917695473263590e-04
-1.835122242098987354e-03 -4.289879216992896629e-05
-3.258758451137063524e-03 -2.605968858131477509e-04
-5.639740566037727398e-04 3.707232568211346114e-04
-1.016748080949059566e-03 6.202020202020350952e-05
-4.649621212121229918e-04 -9.767540152155534602e-04
2.083333333333310157e-04 1.125761885412433772e-03
-2.787756370416406490e-03 -3.843661401377072915e-04
3.192806603773585563e-04 -5.662401981015256075e-04
-2.232612507305661810e-04 -2.663951120162934305e-04
-1.192118226600987147e-03 3.426416632694663966e-04
-3.279166666666668509e-03 -5.060467055879886572e-04
2.082352941176465256e-04 2.303113167858646983e-03
-3.043256130790190136e-03 2.472945891783576394e-04
-2.749691738594327479e-03 3.162450066577896543e-04
-2.591355599214146231e-03 -1.035899653979237582e-03
-7.037151702786373754e-04 7.748908296943238542e-04
4.662710805746410705e-04 -5.137015177065753970e-04
-1.380823767724509822e-03 -5.739149119037380894e-04
-7.277327935222701683e-04 1.597167584579063302e-04
-7.375000000000012839e-04 -9.107551487414180169e-04
-4.873046874999995112e-04 8.161380971497394230e-04
2.569398545935228095e-03 1.834278768233386795e-03
-2.893575600259572743e-03 2.319696330662169084e-04
-7.892924232936754251e-04 2.142558528428097206e-04
-1.706393544382370621e-03 7.871183605186122048e-04
-1.153130812151271622e-03 -7.429990966576292127e-04
-1.596385542168677002e-03 2.279966818747406702e-03
-9.454094292803977154e-04 1.251120162932791054e-03
1.764075887392899762e-03 1.482701812191114554e-04
-1.214644877435578155e-03 1.317180616740088296e-03
-2.101398601398601473e-03 7.334423548650870249e-04
-1.553958944281524316e-03 1.875256042605489724e-03
-1.327784891165174463e-03 3.409090909090928333e-04
-2.586747759282968882e-03 -1.283255086071987284e-03
-8.944281524926798424e-05 2.713427713427718729e-04
-2.976005188067447349e-03 1.653879310344829288e-03
-1.305519480519483572e-03 8.203125000000011623e-04
2.638693820224717254e-03 1.803995006242220685e-04
-1.352904434728293987e-03 -8.985382631126247817e-05
-4.451693851944795582e-03 -4.680134680134663940e-04
-1.542383683875077100e-04 -6.526151444184222607e-04
-1.895820336868373574e-03 1.049681528662420489e-03
2.870797626895170451e-04 -3.228995057660618163e-04
-2.393581081081083348e-03 2.889496290511521384e-04
-4.019066403681789343e-03 9.342268041237127355e-04
-6.359773371104824593e-04 1.408971553610504192e-03
-5.515759312320937195e-04 1.561568799298862715e-03
-3.002021563342344677e-04 -2.235032362459553118e-04
-3.925501432664778648e-04 -8.211074301940294716e-05
2.387335995436391876e-04 4.227053140096811035e-05
-3.370584239130434024e-03 -5.588962108731466592e-04
-2.583793738489872146e-03 6.254681647940097192e-04
-1.178242163491089291e-03 -8.152044462088134250e-04
-1.479378172588832275e-03 -8.461538461538456544e-04
-2.680932703659976227e-03 -7.999999999999791946e-05
3.775637041640757664e-04 6.767768220914440998e-04
-1.731744115872058164e-03 4.824711415134688534e-04
-3.296370967741937656e-03 -1.240665584415584022e-03
1.593749999999796827e-05 2.768383880348981776e-03
-7.554653341661450366e-04 -3.312583370386639240e-05
1.866995073891624789e-03 3.615661206552151083e-04
9.648058252427112733e-05 9.406451612903238063e-04
-9.145931405514450517e-04 -2.628410914927762319e-04
2.180774748923949456e-04 7.482726853984356195e-04
1.105983450031824576e-03 1.522292993630584672e-04
-1.866321559074302257e-03 5.011995201919241735e-04
-2.613831899404363973e-03 1.395398380911805954e-04
-2.874013157894737998e-03 -9.748453608247433563e-04
1.325416409623688535e-03 -1.974480968858113828e-04
-1.741681790683604659e-03 8.869636963698038264e-06
-9.934742075823519650e-04 -9.432608695652169428e-04
-1.912242348532169900e-03 -4.756452955870105605e-04
2.400539447066750843e-04 -4.777591271506498902e-04
-4.205233291298868768e-03 1.709237973605791372e-04
-3.156527682843471988e-03 -1.867311072056213926e-05
-1.757966101694916940e-03 -4.075302380023404611e-04
1.031229454306379452e-03 2.234956452889946214e-03
1.206557377049167552e-04 -2.724438902743141558e-04
2.237650200267020731e-03 -6.593295638126007215e-04
-1.617589576547232488e-03 -1.867989646246758818e-04
-2.128826530612245010e-03 5.044861337683531188e-04
-9.390449438202260650e-04 2.602081665332645848e-06
-4.132099553286540145e-04 -1.786028119507900318e-04
-2.267219387755104072e-03 -1.242490204614713368e-03
-1.336769759450171825e-03 6.016295025728991049e-04
-1.577377049180328245e-03 5.752799668187473948e-04
8.136474908200717849e-04 1.368855761482675511e-03
5.636085626911306167e-04 2.258104226508001085e-03
-7.757575757575759130e-04 2.454545454545469657e-04
5.763840224246673640e-04 -5.820502431118306603e-04
-2.900455432661025630e-03 -7.061877076411949292e-04
-1.248798076923077899e-03 8.223981900452484277e-04
-3.636904761904800150e-04 -2.707317073170711452e-04
-8.197776477472201685e-04 -8.352990732940187082e-04
2.900584795321631032e-04 6.978540772532185014e-04
2.730000000000004016e-04 8.324564953460146131e-04
-9.684466019417488098e-04 1.912869198312235975e-03
-6.471710108073737552e-04 9.741114523914176464e-05
-2.479452054794521396e-03 2.301448003510319197e-04
-2.843729903536978444e-03 1.382978723404257272e-03
-1.321451104100945058e-03 8.641949152542368609e-04
-2.270418668496910781e-03 -5.049732211170604305e-05
-2.617114303560275686e-03 -1.157936825269891088e-03
1.136393442622949659e-03 -8.524424707307222187e-04
-5.314505776636712807e-04 -1.264142917907273194e-03
-3.064031862745101101e-03 7.070502431118322892e-04
-3.191736604260813400e-03 -3.668971477960223629e-04
1.448298865910607313e-03 -1.167329884600078454e-03
-2.942141089108906999e-03 1.085020242914992174e-04
1.500935745477229542e-03 -6.547619047619038669e-04
-2.150149253731345900e-03 6.449189402926055721e-04
-1.319551282051282907e-03 1.087878787878787190e-03
-1.266237942122188775e-03 3.002049180327877429e-04
-3.480374926772115268e-03 1.093698175787728927e-03
-1.552932761087268652e-03 -9.280936454849495138e-04
-2.815217391304349233e-03 -1.085436491518411428e-03
-2.000912408759127330e-03 -1.034319769831482973e-03
6.729713239780356609e-04 1.476161858974358795e-03
1.105866486850978206e-03 -2.515349979533346961e-04
-7.472153465346531532e-04 -6.515887025595741393e-04
-8.394160583941734496e-05 -2.747747747747742125e-04
-4.864785420340977679e-04 2.527015793848716007e-04
-2.931242460796158527e-04 -5.847107438016521100e-04
-2.712820512820513386e-03 2.354813046937161440e-04
-3.761564625850342264e-03 -7.963907414672411313e-04
-1.529195011337870433e-03 -6.267260579064579248e-04
1.735086593970495885e-03 1.269809825673553941e-04
-1.234843650287174160e-03 1.123891937526383042e-03
-1.316666666666666723e-03 4.411644116441171964e-04
-4.579552329098609555e-04 3.249792874896449170e-04
-1.046097111247697642e-03 8.506944444444440676e-04
-9.340694006309182423e-04 7.756629597946952063e-04
-1.059711286089241563e-03 -1.888750518887486656e-04
2.124760076775431775e-03 -1.092523750516297576e-04
-2.315426170468188379e-03 -8.377933305887171338e-05
-2.517283950617287946e-03 3.079947575360579635e-05
-3.369434416365937667e-05 1.183333333333334196e-03
-3.260747663551403532e-03 2.526690391459076148e-04
1.233855185909979750e-03 -5.106700810926148972e-04
-3.014348097317531231e-03 1.090299684542588878e-04
-3.135422656699255427e-03 4.311352253756264982e-04
2.653538461538463254e-03 1.562157606405394647e-03
2.748708010335902912e-04 -1.781275890637730718e-05
-2.123655913978496085e-03 1.814097103918228381e-03
-2.197543859649121571e-03 -3.385748407643306753e-04
-1.986011711125570088e-03 -8.646616541353358714e-05
-9.594202898550749457e-04 -2.254861398427776597e-04
-3.113442822384429338e-03 5.560072267389346663e-04
-3.848525469168901422e-03 -8.933481152993327703e-04
6.237834549878327160e-04 4.380664652568057413e-05
-2.519158291457285030e-03 -2.095452683326493135e-04
1.086395873629916736e-04 -6.280193236714789475e-05
2.098955132145032389e-04 1.817193270414444242e-03
-1.502139364303177894e-03 -1.958909682668823053e-04
-3.903760356915240677e-04 -1.156817222456732810e-03
-2.055697008274983556e-03 4.058966074313415454e-04
-2.340387374461982452e-03 -1.102351033644102807e-03
-1.525928108426637207e-03 5.160885917258670316e-04
-5.182686383240914414e-03 -3.603034134007548678e-05
8.561415220293728959e-04 5.678170144462460402e-05
-3.535286284953405495e-04 8.116994022203250078e-04
-1.268341044282880617e-03 -7.654830718414522370e-04
-6.963946869070222843e-04 6.586956521739139887e-04
-4.696438995913612040e-04 7.884450171821310747e-04
-1.201353092783508580e-03 2.080178173719382376e-04
-4.037085230969419741e-04 1.666045548654243678e-03
1.897255689424366589e-03 -2.314629258517011468e-04
-2.642857142857144275e-03 -6.305309734513266226e-04
2.028515878159421748e-04 3.453159041394342297e-04
1.473355263157893240e-03 -1.177015955153082067e-03
-2.569653179190752815e-03 9.972862957937590669e-04
8.152962515114853259e-04 7.924248836225144740e-04
2.933452168746286930e-03 -9.104414261460084612e-04
-4.206049149338383138e-04 2.104033970276005861e-04
-2.197741935483872675e-03 1.887779083431258016e-03
-4.312188168210966317e-04 5.356407086938608534e-04
-6.083650190114084757e-04 9.261678543151235111e-04
-2.697287299630101256e-04 6.436244745446063854e-04
-3.175032594524118245e-03 -1.550102249488752228e-04
-3.512556342562794657e-04 -2.099920382165598720e-04
1.482970027247955533e-03 6.892797319933000651e-04
-2.338960162052668764e-03 -2.059727711901607346e-04
-2.969554300062775092e-03 9.844314079422394718e-04
9.024556616643913867e-04 6.747146619841963870e-04
-1.479953515398025037e-03 2.559840425531930731e-04
-2.940303030303029197e-03 -4.377625047728147612e-04
5.843411839592609590e-04 -6.622088006902489797e-04
-4.259817671809254871e-03 7.369519832985398262e-04
-2.580223880597015424e-03 8.957654723127110499e-05
1.927639383155096186e-05 1.004972155926809902e-03
-4.482874617737004318e-03 -1.186570164857255524e-03
3.929254302103247988e-04 6.922314704716608360e-04
-5.462034383954177206e-04 6.537977339488052842e-04
-1.413890634820868294e-03 1.499144933732365079e-03
-5.500641848523757675e-04 -2.666119770303525228e-05
3.350546780072892494e-04 -1.605603448275849643e-04
-1.337689969604863608e-03 1.370530209617756325e-03
1.321022727272724937e-03 -7.377122430741713194e-04
2.140274314214462344e-03 -1.551679586563305558e-03
-1.943813508667065247e-03 -3.632315521628504281e-04
-8.409949622166264368e-04 -5.052695581678147332e-04
-3.503616042077580765e-03 -2.270556478405315760e-03
-2.543810062182277228e-06 1.166316673666527000e-03
-8.357457520453159296e-04 1.413043478260869604e-03
-3.616414835164837981e-03 -1.490573448546732391e-04
6.703363914373059633e-04 -3.733933161953719901e-04
-1.920964501004691341e-03 -5.061752988047807074e-04
-2.558132530120482521e-03 -2.415662650602409464e-03
-1.488269794721408653e-03 2.950348789495289446e-04
3.548795944232995382e-05 1.352439508131694692e-03
-2.528126870137645862e-03 1.244060475161992284e-04
-8.577208361429530196e-04 -6.727835051546382115e-04
-3.786909742976689048e-03 3.642131979695440824e-04
5.167057444314163660e-04 -1.426451886392519788e-04
1.348414795244384920e-03 1.089254385964912811e-03
-1.348713119899561282e-03 1.260541500221927036e-03
-2.576297686053784924e-03 -5.872877666521541173e-04
-4.618722876627410112e-04 -8.171977124183002180e-04
2.141491395793496100e-04 1.041023378914875087e-04
-1.599076923076925283e-03 -5.980392156862732829e-04
-9.980544747081722488e-04 -1.141227706345913050e-03
2.034337349397592233e-03 -1.243503772003352057e-03
-3.034974093264246765e-03 4.534789644012961782e-04
-8.261014686248332583e-04 2.743828409550795426e-04
7.063591022443883481e-04 -4.817295980511567422e-04
-1.871049304677634151e-04 -1.257215619694395737e-03
1.463739188289962249e-05 -5.137575236457437309e-04
-2.822580645161285170e-04 -1.213634389926182680e-04
-2.234793187347931549e-03 4.352201257861640880e-04
-2.661939313984167544e-03 1.296425636811833005e-03
2.585723815877251450e-03 -7.212791156731136830e-04
-3.146414342629482667e-03 -3.792569659442722300e-04
2.461959829580039972e-04 -6.948436179205394990e-04
-3.887434554973824758e-04 -3.326216908625095198e-04
8.871667699937982104e-04 -7.806080525882322962e-06
-1.522435897435895280e-03 4.624090541632995478e-04
-3.426198083067094960e-03 -5.884691848906520572e-05
-5.973941368078198536e-04 -1.161487964989057521e-03
2.633977066988534531e-03 2.896039603960404033e-04
-1.953625081645983877e-03 6.433663366336646620e-04
9.626221966647499151e-04 -6.570972886762344338e-04
-1.241454319453075663e-03 6.815666240953601211e-04
-1.064145847400407071e-03 1.162705667276052544e-03
-2.291426927502876638e-03 1.516829995739253829e-04
-2.945678271308524009e-03 1.024865312888520886e-03
-5.058933002481390577e-04 -5.882088208820871345e-04
-3.828697850821742750e-03 -5.016227180527384330e-04
-3.392624728850324178e-03 5.597162002364943699e-05
-3.418336369156051548e-04 6.213973799126644654e-04
-3.435921717171719347e-03 -4.750661959399796359e-04
-6.112132352941171886e-04 5.320844099913875705e-04
6.521594684385379880e-04 7.870730652831826185e-04
-6.006512729425716535e-04 8.837654058648550769e-04
-4.619704749679078883e-03 -1.090150590150588570e-03
-8.003651856360333855e-04 7.980344965904538537e-04
-2.312692544670364239e-03 -4.103958242714207888e-04
-7.406626506024100581e-04 1.214314516129032934e-03
2.840218712029180448e-04 3.087219343696042859e-04
-3.118811881188123317e-03 -6.116173120728911382e-04
-5.788812067881833135e-04 -3.617609527860479539e-04
4.465671641791055138e-04 -1.212114989733058344e-03
-3.667500000000002789e-03 -1.639137510170869455e-03
-3.358204134366923454e-03 -1.813807531380733648e-04
-1.307523510971787123e-03 -5.823408624229966081e-04
-1.851449275362319772e-03 -3.782712133227592076e-04
-2.102675585284283742e-03 -5.161359724612719132e-04
-3.732673267326753011e-04 8.592931937172781269e-04
1.290960451977402621e-03 -6.972648155822608633e-04
1.365838113448053330e-03 5.121638924455910964e-05
-5.133079847908876141e-05 -7.351626016260149905e-04
-1.512789281364192205e-03 -3.987538940809955547e-04
-3.506204379562042998e-03 -1.065641877856253114e-04
-2.081441922563418302e-03 1.241845293569433459e-04
-2.035183989670756241e-03 -1.186706181202369561e-03
1.918548939082820792e-03 -4.930584770719372879e-04
-1.191316146540029666e-03 2.903596021423106928e-04
9.842139175257741662e-04 -8.437373327928646659e-04
-2.568673290473408831e-03 -1.722399999999999366e-03
1.867692307692307187e-03 7.276000000000005553e-04
3.882631890930615410e-04 1.449220396123051873e-03
-3.161802030456855369e-03 -9.416799363057310347e-04
-1.633536173089927043e-03 5.699672667757780089e-04
-2.276393442622950264e-03 6.435318275154017177e-04
-2.291666666666657950e-04 2.804981004643323931e-04
-2.688917692806220682e-03 1.102263023057215669e-03
-3.424865831842576619e-03 6.742215214820682697e-04
1.063745019920317404e-03 1.516884761502744570e-03
-9.353741496598619700e-04 1.281512605042018282e-04
8.027923211169254569e-04 -2.951515151515151487e-04
-1.597419354838710160e-03 -1.131904369332232532e-03
2.989401496259347780e-04 8.653693407466253075e-04
-3.497512437810941077e-03 5.733539549270871361e-04
-5.046635576282477520e-04 -2.740423797881003857e-04
-3.905431309904153561e-03 8.838590741499389785e-04
-1.112671232876712895e-03 7.217607973421929233e-04
-9.139130434782604100e-04 3.408247422680422121e-04
-1.210380835380837038e-03 8.065198983911992772e-05
-1.080707395498394863e-03 -4.126884422110542092e-04
8.886363636363623893e-04 -8.912681912681910288e-04
-2.637017658600393152e-03 -4.638854296388536091e-04
1.052097428958064781e-04 1.379100084104288929e-03
8.611987381703478217e-05 -5.220070422535192647e-04
-2.125821876867905504e-03 -8.272151898734162118e-04
1.082800511508949862e-03 2.210330578512397642e-03
-2.969208211143677326e-05 2.957773512476015855e-04
1.812347188264037620e-04 7.489397794741315144e-04
-1.060060060060059612e-03 1.028178243774574129e-03
3.968499073502156950e-04 1.882692307692308527e-03
1.075570635410239700e-03 3.574081716879902990e-04
-4.392405063291158714e-04 -6.764829617164488332e-04
-4.119354838709698139e-04 -3.420017482517480854e-04
8.149819494584835096e-04 -2.087704574066299014e-04
-2.572815533980581646e-04 -4.590483619344766248e-04
-2.391121775644872507e-03 7.016229712858933470e-04
2.026038437693737562e-03 4.311535337124297574e-04
1.742286751361144263e-04 1.253638253638255425e-04
-3.631418092909536374e-03 -3.784329563812596125e-04
-1.276290630975145416e-03 1.355060034305317213e-03
-1.088805503439651710e-03 2.608311229000893536e-04
-1.139963167587476362e-03 4.821213338690293477e-05
-5.281509916826628709e-04 -1.360759493670863425e-04
-4.215799614643546238e-03 -1.486187845303866542e-03
-1.433494558645708686e-03 -9.701463028865162878e-04
-1.040796963946870541e-03 2.172484599589329655e-04
-1.297144556811422132e-03 3.693447737909525026e-04
-1.226473922902497323e-03 1.128442252363337376e-03
-1.545053560176433459e-03 -8.626974483596449542e-05
-8.125362739408017792e-04 5.417873396772864697e-04
-2.738958470665772194e-04 1.548934490923444169e-04
-1.331039229181005343e-03 7.243510506798530322e-04
-2.546558704453441742e-03 -1.263655462184872435e-03
-2.984964811260396641e-03 5.357615894039734856e-04
-5.380306603773588048e-04 -5.767241379310333784e-04
-2.374134675896792928e-03 6.308545603944129771e-04
-1.286251709986321445e-03 -1.857174988753934912e-03
-1.321327683615819730e-03 -1.383759274525966660e-03
-1.376984126984126706e-03 1.162909836065574359e-03
1.314700432365657409e-03 6.406869220607672958e-05
-2.159883720930234809e-03 1.432008368200837463e-03
-2.413043478260870275e-03 -1.901373283395753734e-03
-9.297569650266761980e-04 1.559037065341995962e-04
-2.163400758533502288e-03 1.816631130063968414e-04
-1.543287327478045073e-04 -2.483992467043305260e-04
-1.107207207207209099e-03 -1.230377598642297159e-05
-6.760844748858450305e-04 -2.159967519285414415e-04
3.740715732613105631e-04 -1.252609603340113757e-05
-4.492801047120418070e-03 6.299687360428762352e-04
1.134757834757833730e-03 2.493276988090673408e-04
-1.033887468030689769e-03 3.043841336116906589e-04
1.409482758620691752e-03 -2.195595854922270510e-04
-2.894564505566493370e-04 6.538130116329171192e-04
-3.207663782447466982e-03 6.663893510815314470e-04
-8.418926716676286429e-04 -2.900262467191584812e-04
-3.424022698612862962e-03 5.807642205818492253e-04
2.521770682148025892e-04 -1.546803175929793760e-03
-7.500000000000012082e-04 -8.142736128758993512e-04
-1.301898346601348217e-03 1.585346843335931318e-03
-2.016030013642566929e-03 1.001814882032669085e-03
1.149691358024689967e-03 -1.820790816326529676e-03
9.186939820742503939e-05 -1.205857385398979289e-03
-4.628515369522562435e-03 -3.583258728737683235e-04
-8.712903225806475655e-04 -4.148809523809520545e-04
-2.107438016528925036e-03 -3.655514250309777361e-04
-9.198140615920988522e-04 4.408709548541761948e-04
1.797330097087379347e-03 -2.121655518394640705e-04
-1.544771446462116530e-03 6.305760069294076651e-04
-1.548387096774195455e-03 9.995817649519022057e-04
-2.862538699690404115e-03 3.986461075592336598e-04
-2.603013530135302785e-03 -7.939060516292837863e-04
-1.028005464480872188e-03 -8.924535916061314628e-04
-2.699498567335245885e-03 -9.797898140662885617e-04
-1.107738492328220548e-03 2.032121212121212103e-03
-1.777475845410628587e-03 3.465688390159706381e-04
-1.319182389937107467e-03 2.154984762734075287e-05
-2.485461441213654595e-03 -9.924366312346684545e-04
-5.134194831013917312e-03 -3.208636169303114233e-04
-1.143320363164724175e-03 -8.556091148115674934e-04
-2.225848563968678992e-04 -4.046521374685650425e-04
-3.897557666214402500e-04 -4.588051542366186847e-05
6.261261261261239375e-04 2.663865546218496610e-04
1.021895424836600456e-03 -2.978346456692919256e-04
2.117346938775496181e-04 3.053745928339437267e-06
-2.165613147914033712e-03 -3.812499999999989400e-04
-5.186972255729759181e-05 1.067513899920572275e-03
-1.696716417910450192e-03 -2.231947483588611722e-04
-8.953414167198462574e-04 6.404095277893861841e-04
-2.344064386317908468e-04 -2.712697734074376830e-04
6.736111111111097458e-04 4.967728922952805576e-04
-1.663360198388098062e-03 1.240858843537415547e-03
2.110976349302606022e-03 3.885505481120590885e-04
-1.437046802900462028e-03 -9.772043010752679785e-04
2.063056888279639041e-04 2.396257119609444743e-04
-1.069509738079244812e-03 -4.539123310118791483e-04
6.776581426648700798e-04 -4.870433305012748315e-04
2.050827423167855541e-04 -5.567829457364343931e-04
4.078780177890709707e-04 1.484429065743945878e-03
7.017766497461929223e-04 -2.075073808519607851e-04
-3.932325886990820822e-04 -1.217465753424654519e-03
-5.576571079926800423e-04 -1.075345332775217225e-03
-2.616170461179218205e-03 -8.974719101123586860e-04
1.123559077809796903e-03 -3.733833959115502880e-05
-1.851961950059452609e-03 4.620462046204752411e-05
-2.346932114882507511e-03 1.321265085310037804e-04
-2.554190751445088899e-03 2.313901345291489889e-04
-6.807928913192063183e-04 -2.623033216783214518e-03
-1.969375000000001940e-03 -5.535636204634885021e-04
-2.029776674937964955e-03 6.092164027608593753e-04
2.292613636363632348e-04 1.420621931260228604e-03
-9.230525649145025985e-04 -8.730061349693233252e-04
-5.207624234173089176e-05 -2.635589612601106808e-03
-1.085676037483269355e-03 1.298538622129437065e-03
-1.291338582677167748e-03 -1.018931426167436890e-03
-1.960560625814864420e-03 2.156549520766773355e-04
-7.596153846153864660e-04 -2.662760416666662888e-04
-6.915887850467278535e-04 3.281442031954123133e-04
-2.151791326209929415e-03 3.757472245943644881e-04
1.305974477958237118e-03 5.436814303128826176e-04
-3.041496598639458187e-03 -1.938559322033893981e-04
-2.419365499008591103e-03 -1.836185308848078566e-03
5.992275698158052452e-04 -7.351485148514822236e-04
5.380804953560356209e-04 -1.495170096598066444e-03
-3.427062706270628169e-03 -3.605932203389825008e-04
6.978575929426573997e-04 -1.830392943063356161e-04
-6.770963704630793452e-04 -1.265737220109843832e-03
-1.357783472133249373e-03 -1.421074043938159569e-03
-2.033185840707965771e-03 -4.746109746109734525e-04
-3.994389438943895219e-03 -4.091691777873425451e-04
-1.705565529623022066e-04 1.237615449202352901e-03
-7.557915057915051563e-04 1.153376729048022023e-04
-1.264968152866241796e-03 5.466893039049236297e-04
-2.320689655172428591e-04 7.645175064047835976e-04
-9.616799509503381202e-04 1.895869947275929631e-04
8.363934426229476795e-04 3.067264573991040021e-04
-2.033707865168541459e-03 9.470899470899479420e-04
-4.633555420957012659e-04 3.417536534446780115e-04
9.638922888616911246e-04 2.051784160139261950e-04
-2.863119143239626230e-03 3.091286307053945802e-04
-3.283759666864960957e-04 -2.440230832646331216e-04
-3.773255813953489777e-03 -5.907933814170547799e-04
-3.202282815472535127e-05 9.644444444444442033e-04
-7.815096952908589601e-04 -1.034649307013858896e-03
-1.120286085825747836e-03 1.824285714285715353e-03
-1.572421784472771093e-03 1.197253705318222783e-03
1.297323759791123429e-03 1.593712693991249454e-04
5.678827751196152164e-04 7.278797996661096580e-04
-3.858036890645585512e-03 -6.273291925465820148e-04
-2.101369863013698332e-03 6.433624635871833686e-04
-1.958734939759036384e-03 1.762246117084827755e-04
1.243386243386242988e-03 2.105373635600346779e-04
8.410680228862032863e-04 5.485961123110275745e-05
-6.375532562385902548e-04 -3.382027445772455205e-04
-6.777577937649879522e-04 1.032207384131972154e-03
-9.225678358702864030e-04 1.180561374109761943e-03
-6.346769033909167943e-04 1.881644518272425435e-03
-3.808940397350996532e-03 6.714756801319052672e-04
-1.148708254568367925e-03 -8.805168986083491056e-04
-2.355700325732901224e-03 -1.001625355546503852e-04
-8.508042151968967957e-04 -1.826247288503252781e-03
-2.246835443037976943e-03 2.797513321492026313e-04
-1.234943745863666467e-03 8.066366243342887018e-04
-7.466787439613550544e-04 1.680532094594594083e-03
-3.040655339805828188e-03 -1.258628318584069199e-03
-3.292911744266851636e-03 2.123711340206345255e-05
-7.480113636363662760e-04 -7.779759251003112198e-04
1.833780160857909373e-03 -3.397858319604419040e-05
5.124861265260814269e-04 3.319148936170228208e-04
-4.609423434593920500e-04 -2.701485817199435397e-04
3.094140882159293420e-04 -1.145517540060631825e-03
-1.378449794480327570e-03 2.632231404958681239e-04
-4.788405797101464396e-04 -8.081444164567427142e-05
-8.809096349491306321e-04 -1.537846930193439250e-03
-2.226477683956574246e-03 1.029709228824273945e-03
-1.645057766367137835e-03 -6.031711555169414493e-04
-7.108108108108127836e-04 5.354492992580382879e-04
1.347197106690785123e-04 2.430145611963804918e-04
-1.586837294332724439e-03 1.664551607445016713e-04
5.966796874999986868e-04 -1.568499127399638527e-04
-2.700479780671680391e-04 -1.033274956217154029e-04
-3.288285539963393175e-03 4.145317093658127186e-04
4.315659679407697273e-06 -3.346938775510193212e-04
-3.684871099050203522e-03 -6.457296849087890232e-04
2.953864589574581052e-04 -2.702299829642230695e-04
1.422566371681414704e-03 6.742520016856299019e-04
-2.387850467289720328e-03 -1.711494252873561753e-03
-1.936911487758945574e-03 1.439183673469388025e-03
2.403794037940379033e-03 -1.055268817204299504e-03
-1.926630434782609577e-03 -5.060822147650991887e-04
-2.525732899022801233e-03 -1.565326633165828058e-03
-1.897582269979854967e-03 -1.141980718667834132e-03
1.685246995994658763e-03 -6.192989864864851699e-04
-6.274449877750615115e-04 7.450822962665597802e-04
-1.355534709193246265e-03 1.109113199836535887e-03
2.706359945872807791e-04 6.146186440677983785e-04
-7.930513595166161509e-04 -1.515798462852057047e-05
8.531986531986525011e-04 1.361451048951054649e-04
-1.404186320754718768e-03 -4.018284719198937497e-04
-8.724035608308627638e-04 -7.724498692240611402e-04
-2.273870967741935950e-03 -1.146479463537300285e-03
-4.374201787994941548e-05 1.129357412851743347e-03
-1.894970414201186315e-03 3.269064124783378528e-04
-1.073613766730402213e-03 -1.997792494481235334e-04
-7.520981278244027362e-04 -1.989681471511888650e-03
-2.003259452411994442e-03 -1.996189669771378055e-04
-1.442669172932331588e-03 -3.612917208495867484e-04
-9.797036082474256877e-04 6.470833333333332778e-04
9.033294392523372185e-04 1.096192384769556125e-04
5.927662424648357485e-04 -1.188828678616088734e-03
-1.510282776349614530e-03 4.878610297195491111e-04
3.315060588574733863e-04 4.899355877616749875e-04
6.467181467181501182e-05 1.226853707414830895e-03
-2.359763681592038850e-03 -7.164237888932637518e-04
3.587105624142675957e-04 -3.346613545816724952e-04
-2.868118572292802787e-03 6.636743215031332003e-04
-1.071043165467627269e-03 1.614141414141409732e-04
-1.716632443531825036e-03 6.735486508585459284e-04
-1.182868796736916221e-04 6.838111298482297054e-04
2.364058355437653855e-04 -2.532119476268411638e-03
-2.427139037433155566e-03 6.554878048780500132e-04
4.370779619398403536e-04 7.674050632911394486e-04
-2.338377723970946984e-03 -4.400610287707058159e-04
-5.054151624548951563e-05 4.012048192771092646e-04
-3.122320302648173059e-03 5.604855588112199515e-04
-1.399830220713071212e-03 -2.930676629306757318e-04
-2.969336670838582429e-04 2.363754325259509676e-04
-1.033755274261609380e-04 -1.998407009159695793e-03
-3.881720430107531584e-03 -9.350982066609796000e-05
-8.136094674556209466e-04 -1.940892641737032272e-03
-2.832882273342354935e-03 3.427318295739364366e-04
4.124015748031498044e-04 3.857142857142859980e-04
-2.480325644504746251e-03 -9.123867069486384660e-04
-1.056535947712417597e-03 -1.036249014972417070e-04
-2.965939153439151911e-03 -1.273291925465837825e-03
-4.391612522150031145e-03 1.391358537598669665e-03
6.753826530612240010e-04 2.106434641845404644e-04
-2.263766519823790305e-03 -8.414682539682533840e-04
-1.110461718293374953e-04 8.125504439063777930e-04
-1.709956709956701173e-04 -6.938735944164400220e-04
-3.254189944134070400e-04 -1.272468483123220589e-03
-2.261462565293095427e-03 9.653465346534747420e-05
-1.444655281467425306e-03 3.954276037256573644e-04
-7.447216890595012443e-04 -7.990732940185319311e-04
-1.973052138254248206e-03 -3.118644067796610833e-04
-2.271904205607479330e-03 1.267577340297316296e-04
-2.088362068965518917e-03 -4.742374278647971605e-04
-2.302325581395349863e-03 8.278173439463764856e-04
7.269999999999996734e-04 5.435235318617274232e-05
1.466117796073461129e-03 6.663931062782119672e-04
-5.278810408921924199e-04 1.718277945619351473e-04
-3.475378787878787598e-04 -2.938667749796903877e-04
-7.553827751196185271e-04 1.223578947368422331e-03
-1.131105398457584506e-03 1.129721876297218796e-03
-1.891445236552170058e-03 -7.716913234705957355e-05
-3.212778782399052457e-04 8.633280127693537288e-04
-5.890188434048093885e-04 -2.650602409638541895e-04
-2.396016403046279889e-03 -3.274424146147721483e-04
-5.135761589403976118e-03 -8.435647756138847392e-04
-1.517587939698492342e-03 -1.798706548100242235e-03
4.696868754163754326e-05 -1.402433993399339373e-03
-2.793080939947778767e-03 -6.704045734388735210e-04
6.771628498727721253e-04 -4.710869565217385064e-04
-3.349746764209342743e-03 4.015088013411560481e-04
7.120908483633933911e-04 -9.032882011605405112e-04
9.793125397835769717e-04 7.008760951188999690e-04
-4.235932203389829696e-03 4.691060473269073171e-04
-6.523579201934723119e-04 -5.888842631140712427e-04
-6.299655172413796272e-03 -1.274967852550363536e-03
-1.039345403899721940e-03 5.428512566955091519e-04
-3.249835201054728385e-04 1.535429936305731779e-03
-1.100602409638554201e-03 2.050867985466290711e-04
1.157317073170730263e-03 -1.296676241280257950e-04
-6.217765042979926519e-05 2.755741127348642510e-04
-3.043709391612523570e-03 -3.820681642137867761e-04
-8.927383592017737023e-04 7.018385291766590737e-04
-9.560293137908071988e-04 -4.065399911621632000e-05
-8.834745762711875396e-04 1.317891373802006855e-05
-2.805055401662050717e-03 -2.347216815881659438e-04
-4.728403141361267581e-04 -2.483520744474599935e-04
-1.845682989690723436e-03 1.787771377935316029e-04
-1.109435173299101610e-03 3.297520661157045418e-04
7.048736462093834875e-04 -1.221085594989560234e-03
3.135943279901356410e-03 1.694004995836803683e-03
-9.518151815181518077e-04 6.953359007274295418e-04
-2.169337979094074394e-03 1.949260042283301395e-04
-3.714923469387734051e-04 -7.867187499999997663e-04
-4.434447300771219994e-04 2.130443799253420485e-03
-2.448863636363637474e-03 5.439609236234532351e-05
-3.949082297217286833e-03 -4.130808950085847100e-05
1.477386934673368670e-03 -7.417929292929287570e-04
-7.252336448598122910e-04 -9.395933014354054596e-04
1.460022209883396526e-03 9.775021026072340091e-04
-1.082903225806453040e-03 6.984031936127752275e-04
-1.257847533632287969e-03 -8.696347031963460846e-04
-2.079561527581327753e-03 -1.436325678496848997e-04
-5.837595907928413985e-04 1.807935837906289372e-03
-1.015727002967361722e-03 2.861018363939895801e-04
-4.047457627118657532e-04 -8.626919602529350669e-04
2.545336787564787405e-04 5.636862083509075819e-04
1.000293599530242264e-03 8.414436334144378580e-04
-9.079037800687298236e-04 -1.208786779524384384e-03
-1.757529194837124378e-03 -4.239717490652257373e-04
-3.023658395845376040e-04 1.133225020308695636e-04
1.587041884816709620e-04 -1.834642233856884639e-04
-1.968769136558477730e-04 1.065943600867679582e-03
1.601300108342359986e-03 1.722618548048692182e-04
-9.141515761234086197e-04 -2.432006306661410253e-03
-1.082882273342355116e-03 9.131016042780742319e-04
5.381303813038087309e-05 5.381959430297813185e-04
-1.057620817843869018e-03 -7.300257731958751956e-04
-1.785899935022742689e-03 3.847916666666671790e-04
-1.802908415841584676e-03 -1.306306306306293289e-04
-1.163408674404398753e-03 -1.614303691275166758e-03
-1.301959619952495041e-03 -6.724444444444435025e-04
-3.421683046683045466e-03 2.106501283148004328e-04
-1.994525547445257126e-03 -4.160337552742603487e-04
8.749242883101151624e-04 2.027846027846029117e-03
-1.694285714285715012e-03 -8.260963960052101910e-04
-2.087536231884056740e-03 -1.910294117647057992e-03
-2.359565807327000490e-03 -1.330918874172185105e-03
6.986301369863003388e-04 1.493998344370860891e-03
-2.230814991076741742e-03 3.424947145877433387e-05
-2.948040380047508083e-03 -1.088038477624424325e-03
-1.556518946692356676e-03 3.146331894860734599e-04
-1.948333333333335119e-03 -6.406991799741046292e-04
-9.088164251207724682e-04 1.057888300040781329e-04
6.507304116865847508e-04 -7.194166303874609389e-04
-1.746875000000010681e-04 -5.877982890589800386e-04
-2.176056338028169689e-03 1.480229339659944058e-03
-2.071332886805089812e-03 -4.467408585055631298e-04
-2.286386449184442306e-03 -2.394849785407715916e-04
-8.042609853528641904e-04 8.484335309060139210e-04
-6.441698352344751074e-04 -9.638603696098547438e-04
-9.108380592312555028e-04 5.522565320665096585e-04
-7.338403041825101612e-04 6.686390532544383546e-04
-1.068359375000000082e-03 7.090986757795828118e-04
-2.209034267912770438e-03 1.021951219512196940e-03
-3.241723922548435822e-04 -4.510121457489877869e-04
1.176491994177584870e-03 5.934993668214449004e-04
2.168678526048280729e-03 -2.178324697754729683e-04
1.131071190951594034e-05 -1.392992823976345015e-04
-2.651282051282052420e-03 3.841690841276423126e-04
-2.123183391003462088e-03 -1.017283448556321112e-03
-1.030888030888032570e-03 -3.959983326385976550e-04
3.251493032514937405e-04 -3.898774219058918499e-04
8.885542168674701122e-04 9.245393963151697474e-04
-1.242715617715617078e-03 -1.191261335531737124e-04
-5.263157894736866923e-04 8.020576131687245707e-04
1.140294682895573615e-04 -4.350941850941841935e-04
-4.100622406639003667e-03 5.263726761781240123e-04
-1.963299874529485234e-03 5.997436992738138959e-04
-1.499449944994499890e-03 -2.117422636710454803e-04
-1.344086021505377969e-03 1.152476107732408866e-03
-4.400260756192959726e-04 1.676854115729424391e-04
-2.058252427184467052e-03 8.797546012269955506e-04
5.786819098856746694e-04 1.559912854030509827e-04
-1.609058402860550057e-03 -2.302200269420745168e-03
-1.841308298001240000e-04 4.378401004604434536e-04
1.220447284345045711e-03 -2.144945697577263467e-04
-4.604930467762337895e-04 -6.452282157676411634e-05
1.195351758793970461e-03 6.788154897494297433e-04
-1.296539379474940818e-03 -1.015663643858200679e-03
-1.601320132013204448e-03 -6.215811965811960478e-04
1.168709865732631614e-03 -6.917416189697456327e-04
-9.974619289340104934e-04 6.844409072821346475e-04
1.240523776705606483e-05 -1.201927194860812368e-03
-1.921472392638037124e-03 -6.264211005002264659e-04
-2.074856046065259602e-03 6.893287435456109434e-04
-2.576199740596629099e-03 1.180741059887980334e-03
-2.158291457286431927e-03 6.265157639451601471e-06
-3.662970430107526619e-03 -1.374780701754384563e-03
2.246376811594203316e-03 3.857204116638092558e-04
-1.376539209332468651e-03 -6.211244315832977706e-04
-1.764609323703221662e-03 5.324036095159975475e-04
-1.332513829133373951e-03 -3.770424836601309472e-04
3.604734576757500980e-04 5.813648293963261538e-04
-1.099999999999998332e-03 9.918186068256201315e-04
-2.094888178913738904e-03 -8.785027185278127416e-04
-2.628235294117649105e-03 -1.705311973018544308e-04
1.500987491770900328e-04 1.218960729869098588e-03
4.400386847195348326e-04 1.492474916387986309e-04
9.759645793801394143e-04 -2.974925626859314899e-04
-1.529769526248400376e-03 -2.713178294573643156e-04
-5.067494600431962691e-04 2.791804635761596307e-04
-3.001355013550145094e-04 2.429284525790365869e-04
1.505434782608693935e-03 -7.839155158407638943e-05
-6.304347826086959764e-04 4.452726559435076013e-04
2.527373527373525785e-03 1.137200736648262756e-04
-3.646067415730335371e-03 -1.200849256900210450e-03
-3.974358974358976199e-03 9.671450151057399934e-04
-1.624928693668000303e-03 -1.399235720032179471e-03
-2.652503293807643645e-03 8.738156761412581167e-04
-1.056975138121546681e-03 -9.853245142620902560e-04
-8.714953271028046036e-04 -4.116441164411626112e-04
-1.404704463208685493e-03 1.398485468686042326e-03
-7.265822784810147547e-04 2.563141278610896624e-04
-1.423941798941800920e-03 2.409482758620699471e-04
-5.773849232821901900e-04 -7.170611880303695519e-04
-1.850989151244416880e-03 -3.670298627925728456e-04
6.758419689119164612e-04 2.708061002178656449e-04
-2.302109974424552865e-03 -2.887842816209562017e-04
-1.010177281680895529e-03 -5.906533967979203789e-04
-6.009966777408651826e-04 -1.029207516339867429e-03
9.163901791639011626e-04 6.978653530377801491e-05
3.169912693082602368e-04 1.992963576158951055e-04
5.099715099715072027e-04 -9.586206896551711671e-04
-1.873350923482865508e-04 -5.963071758287860147e-04
-6.864569961489097811e-04 5.780810919309522546e-05
-5.652876535229494443e-04 -2.431271477663224715e-04
4.428231089934472008e-04 1.532022699635186445e-03
-1.160147601476015306e-03 -3.039867109634552221e-04
1.728218465539661623e-03 2.176201827572505753e-03
-2.377639751552795659e-03 1.553724053724054319e-03
-7.200759974667537587e-04 -3.238341968911910714e-04
-2.563335455124123204e-03 5.401960784313732155e-04
-9.448941469489388536e-04 1.359470468431772531e-03
1.695559610705595164e-03 1.719648562300318774e-03
-2.275095298602290445e-03 6.300089047195023750e-04
-1.515457413249211979e-03 1.291914893617021002e-03
-1.178660049627827070e-05 -2.911813643925890714e-06
-1.910326086956523096e-03 -1.093344495604853380e-03
-1.533540372670808179e-03 -2.104332449160030015e-04
-3.162910495814554024e-03 -9.043833261710338984e-04
1.059967141292442140e-03 -1.793319415448836119e-04
-1.090766331658291500e-03 -2.690434012400356144e-04
-1.947666666666668725e-03 -3.929944468175972837e-05
-1.411507402422612590e-03 1.348805327066196621e-03
-1.000000000000000671e-03 2.221502590673591780e-04
-3.641577060931895822e-03 -4.659574468085087549e-05
-4.138398914518392601e-05 -8.180473372781055328e-04
-1.068111455108358069e-04 -1.301164725457569287e-03
1.571474358974360224e-03 -4.403479701739833091e-04
-2.493269770050476290e-03 -7.697395618023983007e-04
-3.442974165091366914e-03 -2.707813798836240641e-04
-9.289960369881117589e-04 8.228490259740257277e-04
-3.593171665603062722e-03 1.300602928509908378e-04
-3.392373923739240658e-03 1.005560307955518035e-03
-2.779164067373690594e-04 -9.127906976744179328e-04
-1.819778188539741522e-03 2.889636075949382748e-04
2.019411396368150468e-04 -8.752573075339641680e-04
-2.297506738544473348e-03 1.292085427135678281e-03
-4.696505211526697432e-04 4.138513513513638210e-05
-2.826169405815421535e-03 1.116163704009927923e-04
-3.026229508196729453e-04 1.890770533446231800e-03
-1.398993077407177090e-03 2.008869179600893714e-04
-4.489264801561474176e-04 9.346186085498750041e-04
3.679890560875510429e-04 -7.771059216013328401e-04
-2.567073170731708730e-03 -3.597894736842092143e-04
-2.377581120943963967e-04 1.146414770287684987e-04
-1.357418111753371740e-03 1.796118530884808964e-03
-3.130924170616130589e-04 -9.418103448275843030e-05
-5.834371108343717549e-04 -2.650862068965507165e-04
1.385113268608422551e-04 -3.737822956374402218e-04
-1.205824607329842755e-03 -1.517783291976826051e-04
-1.447737412364566044e-03 8.459277917716280591e-05
-2.531954887218045448e-03 9.441306978620421899e-04
-2.057046979865784415e-04 7.273489932885909750e-04
3.145586297760219604e-04 1.082715567694111545e-04
1.995721271393637269e-04 4.500430663221411797e-05
-4.616846105129829075e-04 3.506731946144437772e-04
1.472239170225747096e-03 1.051953818827708765e-03
-4.501593371574250449e-03 -1.794286888614879134e-03
-7.777777777777789264e-04 8.052208835341357653e-04
-2.854014598540145602e-03 -9.812145041502840209e-04
-2.314958091553836767e-03 -1.939223057644109656e-03
-9.816576086956534889e-04 6.721550646102552066e-04
1.313605857230017030e-03 -2.747887950200084703e-04
-6.274175199089870782e-04 6.662452591656136541e-04
7.270077720207241507e-04 8.830313014827022430e-04
-1.541159627773800670e-03 1.572992700729927262e-03
