3.509480122324160935e-03 8.170103092783526696e-04
3.642465753424660880e-03 1.823582358235825360e-03
1.884861407249469869e-03 1.510036496350366381e-03
3.542640990371389610e-03 1.524263431542464400e-03
1.285378940308519414e-03 1.572677092916284448e-03
3.021754143646405728e-03 8.926637124569183597e-04
4.210735586481117315e-03 1.369108726084929334e-03
5.249454545454545866e-03 1.316505301982482355e-03
2.794265232974913003e-03 3.993830090175625835e-04
3.644884488448846185e-03 2.208172147001935797e-03
1.087530712530714733e-03 1.545738509593931782e-03
2.977551020408164897e-03 8.612254229538196136e-04
1.466264204545457287e-03 1.205332725615316462e-03
6.946994182288301380e-03 -5.986721611721595657e-04
4.825651302605210233e-03 1.168294849023092993e-03
3.459124087591242038e-03 9.286045433472430409e-04
2.751866938221319159e-03 5.360576923076936428e-04
3.792491467576794388e-03 1.329000448229510469e-04
3.762268961121734319e-03 8.911845730027559724e-04
2.885750156936602463e-03 -5.999518304431586185e-04
5.197666666666668142e-03 1.241521317829458486e-03
5.315771583956489452e-03 2.917808219178100724e-04
3.160832232496699114e-03 -2.370770676691715429e-04
5.743225806451613194e-03 -4.254366323330415060e-06
4.504652605459058372e-03 -2.256572541382645891e-04
4.067988668555244831e-03 1.638578453285651762e-03
3.156647807637907779e-03 9.040232670867692603e-04
2.307355516637478975e-03 -1.349327770050995617e-03
6.041176470588234711e-03 -1.626506024096364663e-04
2.642992424242425736e-03 1.634546271338725969e-03
4.218333333333336953e-03 8.184494602551539320e-04
5.242480049109886180e-03 9.015044663845814743e-04
6.134377038486629567e-03 -5.898850574712628369e-04
2.257274662881478093e-03 -2.122079160705550344e-05
3.394969408565604377e-03 3.306969846762244079e-04
2.912374371859296953e-03 8.952624245239220596e-04
2.524437299035370719e-03 1.818592057761757839e-04
3.397945659377071912e-03 -3.367496339677648111e-05
3.731128924515701630e-03 6.488961953969018268e-04
2.965376023827252273e-03 -6.384099616858218435e-04
3.841891045710708278e-03 9.395233812949666799e-04
4.036425902864260520e-03 -1.069492360768842330e-04
1.746959459459460464e-03 9.208905731880639078e-04
2.162407531943511246e-03 1.113701923076924069e-03
5.245838668373880610e-03 3.796992481203020800e-04
2.218620689655173821e-03 1.502742230347352140e-03
2.250384615384618502e-03 3.552952659834087931e-04
2.722293401665598547e-03 8.938725490196089462e-04
5.185285285285289730e-03 -2.272512965582257132e-04
3.765342960288811224e-03 -3.811949976841104665e-04
2.217694566813510279e-03 1.423149905123546254e-05
2.193953223046206727e-03 5.296229802513486174e-04
4.741225271218891917e-03 6.521428571428582958e-04
2.757662152530293651e-03 8.097118959107821529e-04
4.380286493860849513e-03 -5.028490028490010741e-04
3.655013192612138404e-03 5.071813285457826967e-04
2.223465703971118802e-03 2.383156966490320382e-04
3.292760823278923811e-03 9.918528864059619667e-04
4.153088042049935674e-03 7.765118317265573295e-04
2.800268997982515926e-03 1.677221172022686901e-03
3.406143344709896409e-03 -3.564638783269738476e-05
4.623784834737526203e-03 5.273730684326731911e-04
3.050729673384296962e-03 4.360381861575197125e-04
3.846653671215076800e-03 -8.957952468007105492e-05
1.407952871870398652e-03 1.490451793200026980e-05
2.419829842931937869e-03 -9.034118212397736550e-05
2.486334968465312920e-03 1.859036144578315357e-03
1.686842105263160196e-03 1.125478011472277841e-03
4.569377990430625001e-03 -4.147005444646078361e-04
4.947612259444049247e-03 1.028880866426010339e-04
3.306233933161955262e-03 1.347011596788582483e-03
2.668935643564358372e-03 1.419696272434424434e-03
1.705626255860682484e-03 5.518056749785051019e-04
3.108286908077995646e-03 2.713385063045608138e-04
2.336644591611482594e-03 1.197337692666979470e-03
3.881838905775079375e-03 -2.352794411177632698e-04
2.751109467455621800e-03 1.159131205673775874e-04
1.770072992700731434e-03 7.778022947925878738e-04
3.221306471306473185e-03 1.415158924205380973e-03
4.021676300578036489e-03 2.318204001952193160e-04
4.513835263835266898e-03 2.678737233054800872e-04
3.750869867780098638e-03 -3.037072243345993565e-04
4.036759700476516208e-03 7.235401459854026414e-04
1.898471615720525229e-03 7.984630639563722234e-04
5.333898305084745772e-03 -6.764990328820097258e-04
5.207404980340761373e-03 5.101799242424253592e-04
2.486305945223781910e-03 1.565546616185520485e-03
4.036044973544974587e-03 -8.032786885245761011e-05
2.079385403329065459e-03 5.710831721470034737e-04
2.295469468154959745e-03 -9.649666348903699221e-04
3.399305555555554720e-03 4.810704960835540645e-04
2.917725988700567950e-03 1.025301764159704428e-03
3.436925098554536890e-03 1.916853428955625840e-03
4.524317121918723303e-03 8.403723887375131370e-04
3.565573770491806040e-03 1.990335941095273790e-04
3.612316034082112964e-03 -1.778913144449588489e-04
2.788114499066584456e-03 1.482865302237031504e-03
2.038940809968847571e-03 1.602655286865830491e-04
3.540755467196822492e-03 1.009049773755658214e-03
4.012179065174459845e-03 4.793444095195344774e-04
3.609178386380462560e-03 1.944444444444446774e-03
3.207801418439720515e-03 -3.956365272154727130e-04
1.737908496732026636e-03 1.393117593436646968e-03
3.479166666666667299e-03 7.153428712383823615e-06
2.590813464235626040e-03 -4.408396946564873331e-04
1.359344262295084484e-03 1.008180943214644261e-04
2.795407098121087831e-03 3.098652759669721360e-04
3.403235653235653184e-03 2.689638076351039695e-04
2.004287598944594437e-03 1.027078384798100997e-03
3.482510288065844041e-03 -7.058543550690139128e-04
3.404043645699614696e-03 -7.495044598612477264e-04
2.773474982864979239e-03 1.387711864406781419e-03
3.644482758620691976e-03 -3.779208392942279347e-04
3.272003034901365109e-03 6.200471698113221028e-04
2.773733047822983001e-03 1.288928098809000210e-03
5.695428203477142680e-04 1.615239887111949739e-03
2.958775765146784333e-03 1.069457221711132963e-03
2.711027910142955761e-03 -9.903762029746260992e-04
2.130360789652824445e-03 3.661455788959466534e-04
3.087818696883855296e-03 -5.967894239848896450e-04
1.885695623775312602e-03 3.760786193672119911e-04
3.407053394858272979e-03 4.486803519061595608e-04
3.548316708229428806e-03 9.514229636898931296e-04
4.142188624910008062e-03 1.077250335871027470e-03
9.017857142857144516e-04 2.119944211994421925e-03
2.904476670870117724e-03 1.514807959278112633e-03
1.881385584324704032e-03 1.348987108655639992e-04
3.937772246421907159e-03 7.090341182123999263e-04
2.688593648736228338e-03 1.579106561191253233e-03
3.629426915647136938e-03 1.253507951356424524e-04
2.830484330484332040e-03 2.710908239700377757e-03
2.417256011315415624e-03 1.086416861826699620e-03
4.953422053231938682e-03 1.022993688007215254e-03
3.602097902097905775e-03 -8.611884865366617166e-05
3.617500000000006995e-03 5.945378151260518511e-04
2.680923076923079004e-03 2.225225225225259070e-04
5.688428217821784628e-03 -1.651798915722030000e-03
2.367481824190352524e-03 4.982664685487882316e-04
3.696687370600415089e-03 -3.505946481665000438e-04
2.549461001902345297e-03 1.188963210702343072e-03
4.954989532449410004e-03 6.982305117168834813e-04
6.150067294751008704e-03 -1.422988505747113707e-04
2.752538071065993488e-03 2.935468219311029294e-04
3.652914210870990101e-03 6.259426847662204164e-05
2.159011830201811120e-03 1.081735159817353697e-03
2.216955941255011053e-03 -1.904761904759910780e-06
6.169132481506389362e-03 5.329877474081075837e-04
3.132962962962962828e-03 3.353024574669204064e-04
3.600536193029491797e-03 -1.025813953488369191e-03
2.973794549266248893e-03 1.169515669515670646e-03
5.690568475452198460e-03 -7.743038593062919243e-05
1.357630272952855275e-03 1.261904761904763996e-03
3.787939032471838302e-03 1.563472152533870296e-03
1.348414795244388823e-03 1.072204617473971689e-03
5.650031191515911440e-03 2.144638403990122314e-05
2.313102119460499692e-03 1.604683840749416895e-03
4.636904761904767427e-03 7.881083562901762193e-04
3.190140845070423958e-03 2.849264705882373935e-04
2.786944045911051836e-03 8.043884220354820388e-04
4.999650593990218571e-03 -8.630695443645067591e-04
3.850848563968669539e-03 2.360525082044080496e-04
4.296662125340603919e-03 4.673366834170876775e-04
1.924489795918368036e-03 4.434697855750504777e-04
3.624685138539044272e-03 8.821022727272747428e-04
6.648136246786630864e-03 -6.077075098814066148e-05
2.168785310734466266e-03 1.105166895290353663e-03
3.461513790891599003e-03 8.424848766868337033e-04
3.927982233502542823e-03 1.771976796073183478e-03
3.282808398950131951e-03 -1.783036551077785343e-04
3.755782312925171063e-03 2.123104371097247231e-04
3.037935323383084921e-03 -1.686545801526694911e-04
1.268793430195832130e-03 9.071759259259286768e-04
2.176302640970736741e-03 1.432972522897586580e-03
3.735586481113322300e-03 1.030042918454938082e-03
3.989391796322490705e-03 1.199442119944213632e-03
5.347297297297300481e-03 4.835951940850288311e-04
3.821325648414986616e-03 1.670301624129931668e-03
5.737405106970322466e-03 -3.973880597014903715e-04
3.154703832752616018e-03 9.549121974371158452e-04
5.775536759921928720e-03 8.319886093972485687e-04
5.853268945022293071e-03 7.458857696030990816e-04
3.840077821011677380e-03 1.084245597334605130e-03
2.070981210855952874e-03 8.060096153846172881e-04
3.799800796812752811e-03 2.562153419593346786e-03
3.085855031667839553e-03 1.109178743961354487e-03
4.365877712031558493e-03 1.952392120075047621e-03
2.993958777540871655e-03 1.203744984395901029e-03
4.577663671373559222e-03 4.950796626054380142e-04
4.343727072633893176e-03 1.263001824817519330e-03
5.906077348066301504e-03 -1.371121718377087736e-03
2.341334164588529908e-03 6.772662553393466074e-04
2.749312242090785202e-03 7.783410138248857829e-04
6.461276332094181320e-03 -9.006211180124206860e-04
6.566599732262381160e-03 -2.743753062224383449e-04
3.559786476868330527e-03 -4.778980604420372640e-04
3.061118335500652692e-03 -1.198698698698696767e-03
4.973475851148060657e-03 1.627264492753625023e-03
3.087764253683539240e-03 1.071597353497166089e-03
3.591250854408750606e-03 8.246390312063361840e-04
5.834143377885784264e-03 -1.233576642335744119e-04
4.822316986496091515e-03 -9.163442940038491597e-05
5.788753799392099171e-03 1.787721893491125849e-03
4.624581379772272662e-03 -1.454626334519561290e-04
2.499660556687034914e-03 7.013989387361326596e-04
6.244757339724387596e-03 -1.825321275583046917e-04
3.336935166994106985e-03 4.211229946524084082e-04
2.445472571050890786e-03 1.148599819331529420e-03
2.660463483146067922e-03 3.409502262443456526e-04
3.376227897838899889e-03 -3.628652214891461185e-05
5.093479707252164534e-03 -1.886792452830164462e-04
3.842052980132451643e-03 1.054406696208764170e-03
2.237607402511567877e-03 -2.870036101083015836e-04
3.807157057654079243e-03 6.697381183317175973e-04
2.098097112860894398e-03 5.180780209324467979e-04
2.193790149892931550e-03 1.101465872652316333e-03
2.624388753056236794e-03 -6.006526104417656258e-04
1.334520725388603415e-03 1.059611829944549517e-03
3.633623188405799096e-03 3.846153846153854824e-04
4.071331521739133749e-03 -2.266444232602465609e-04
4.266686182669790321e-03 2.352394235239443107e-04
4.066737288135597803e-03 1.074547143520671608e-03
3.476175144880877445e-03 1.071289537712897004e-03
3.311020710059173373e-03 4.334257975034690028e-04
5.574489795918368719e-03 6.759962049336017153e-05
4.652949245541841174e-03 1.734006734006735559e-03
3.071382428940570668e-03 1.041134389371488160e-03
1.756434400502200708e-03 4.704595185995649872e-04
3.059106529209622977e-03 9.756097560975616253e-04
2.055266203703704549e-03 1.851588430535819330e-04
1.899388171312033904e-03 7.658434296365355422e-04
2.261290322580646224e-03 1.500466853408031521e-03
3.965049104563839362e-03 4.032802701398960766e-04
3.070113314447592712e-03 8.499107939339892431e-04
4.499058971141784401e-03 4.847401049117805948e-04
3.253593429158111328e-03 1.861407766990292060e-03
2.960517584605176951e-03 6.754874651810601274e-04
2.631322957198446982e-03 1.208146821844226790e-03
2.373362445414848622e-03 8.929798723613176399e-04
5.945606694560671111e-03 2.507022471910127755e-04
1.128892107168718174e-03 1.109083007388093466e-03
2.659049360146254967e-03 1.040806754221390226e-03
1.855807743658213251e-03 7.736083499005987942e-04
2.508649367930806430e-03 -1.125060240963854114e-03
4.606339468302659765e-03 3.033199195171038713e-04
2.455663430420714118e-03 1.115260488704473453e-03
3.666018158236060160e-03 1.048745173745175381e-03
4.033168009919408346e-03 -1.376120811703632251e-03
2.968924302788846902e-03 1.238491889522159203e-04
2.466125617501766301e-03 1.125999059708529684e-04
5.485634197617383911e-03 3.044974759063803662e-04
4.623522090852524857e-03 7.738883632923390567e-04
1.412420382165607705e-03 -3.936372269705588965e-04
4.544689119170986641e-03 9.995278564683672019e-04
9.287162162162189774e-04 1.296882164144889590e-03
5.286111111111115556e-03 6.132793907663036410e-04
2.887108521485794860e-03 6.686237670267742607e-04
1.735979606700655551e-03 2.765551366635251879e-03
2.253861652115514164e-03 1.260387811634350839e-03
5.142015706806285155e-03 7.676745220097837968e-04
2.972616632860044725e-03 -3.881485007139431789e-04
5.541312272174974025e-03 -7.697124304267147568e-04
4.978152309612984133e-03 -8.203389830508452541e-04
4.771583956492181713e-03 4.774103400093171403e-04
4.113620807665982829e-03 4.536260483473136167e-04
1.838559039359573787e-03 1.570827142149579768e-03
3.143245078071962330e-03 8.062442607897168760e-04
1.921240199572343951e-03 2.863487611033216059e-04
2.766447368421052783e-03 1.795909090909093017e-03
2.263409961685824805e-03 1.609470026064303871e-04
3.244002525252526106e-03 1.050068274920348127e-03
2.614709851551958505e-03 1.230436760691540040e-03
5.870031545741328377e-03 2.794384057971028602e-04
5.844623990055936719e-03 -3.367117117117104084e-04
4.416283650689428568e-03 5.846325167037872556e-04
2.181412894375859592e-03 1.410688493018778800e-03
4.391783567134269033e-03 7.680094786729874763e-04
1.502071823204420651e-03 3.722577696526523983e-04
3.017121116043119770e-03 1.261617900172117869e-03
4.223320158102767882e-03 1.117924528301888955e-03
3.223875661375659712e-03 9.942607897153363759e-04
5.556751467710376036e-03 2.660185594343811711e-04
4.604812129202375155e-03 8.212548638132316590e-04
2.997350993377486360e-03 1.502822201317030495e-04
4.879297732260427095e-03 -3.548161935784062740e-04
5.257012622720898427e-03 -5.159675881792170167e-04
3.802890932982918963e-03 1.728018223234623714e-03
3.045045045045046382e-03 1.303992303992306499e-03
9.459368703828085556e-04 2.748976807639860569e-04
2.502745576571081907e-03 1.226738491674841686e-04
1.291486291486294413e-03 2.551757342320674069e-04
3.615260785576307045e-03 1.712568853279929386e-04
3.479362101313324216e-03 1.190617848970253623e-03
5.412012987012988600e-03 8.861597607859905993e-04
2.982908847184989089e-03 9.560229445506876402e-05
2.789283366206445416e-03 6.244302643573396584e-04
5.300000000000003493e-03 1.521665864227253299e-03
1.130019749835419786e-03 4.093836246550188796e-05
2.801649928263988485e-03 8.919440424505565082e-04
3.970469021424435918e-03 1.496169445696270898e-04
8.333333333333357721e-04 -1.090243902439011367e-04
2.909446022727272749e-03 2.988929889298911399e-04
2.499661246612466803e-03 3.328970331588152875e-04
3.377972027972029560e-03 1.025163094128623078e-04
4.240041928721176301e-03 1.021159153633856937e-03
3.855429292929294163e-03 1.696548632900046370e-03
2.764375413086585243e-03 2.322505800464054460e-04
4.550488599348535314e-03 1.136342484876687450e-03
1.448425987943738466e-03 1.767517401392113257e-03
2.749512670565302033e-03 -1.484777517564382090e-04
2.377090909090908560e-03 1.625885687293341470e-03
2.402760736196322966e-03 1.570609002647839134e-03
3.221990464839096565e-03 1.754429133858281451e-04
3.541423948220068143e-03 -2.976488244122045394e-04
5.799675324675328952e-03 9.561278016213830720e-05
3.553816046966734327e-03 2.476566354218073633e-04
3.068684895833334939e-03 -2.112989323843253076e-05
4.506554307116106273e-03 5.160818713450307906e-04
2.170607028753997626e-03 3.411792677127933882e-04
1.728368355995057093e-03 4.941093308199833410e-04
2.878040762656147982e-03 8.430555555555571765e-04
2.585808580858084925e-03 1.202219202898552591e-03
1.785802851828891891e-03 1.398839907192576731e-03
4.319831497083605719e-03 8.796829971181572595e-04
2.598934043970684525e-03 2.200183654729110858e-03
1.124009508716326692e-03 7.324257425742591171e-04
1.446026986506749766e-03 6.790123456790141641e-04
6.304255319148935506e-03 4.485701107011091102e-04
4.506168831168835646e-03 6.886701872299588094e-04
1.966187050359716280e-03 7.160940325497302909e-04
6.641052631578948581e-03 -2.749524714828881786e-04
6.233929754804507124e-03 6.723659889094412508e-05
7.554557124518639262e-04 -3.197524497163271905e-05
4.434175531914890007e-03 8.191985088536832965e-04
3.210784313725493447e-03 1.392093023255815956e-03
4.404269972451792421e-03 3.102625298331239672e-06
4.446451204055771114e-03 5.505591798695266608e-04
4.144299674267101948e-03 6.856218215441538602e-04
3.431199411331862029e-03 1.199698946312094351e-03
4.433477722772283768e-03 3.811475409836076575e-04
3.346855345911951135e-03 4.316874400767036369e-04
4.981208548268242428e-03 1.270344827586209271e-03
4.763297872340426994e-03 1.060379918588875287e-03
2.294511378848728377e-03 1.381642512077295914e-03
3.496887966804980864e-03 1.557798165137617551e-03
2.778328173374615059e-03 1.077931034482760252e-03
2.711986301369866126e-03 1.452186448822682203e-03
4.138396299151888072e-03 -1.056511056510739612e-05
4.736590742101394816e-03 1.082790697674419463e-03
4.379623402824482127e-03 3.943789664551413228e-05
2.292823290453624083e-03 8.521126760563397379e-04
4.964518464880524930e-03 -8.678394226432100582e-04
1.498692810457517106e-03 -4.954061895551241943e-04
3.671143250688707615e-03 1.881112606550023854e-03
4.191029900332229538e-03 8.042125418860800927e-05
3.568000000000000425e-03 8.327455919395476951e-04
2.576093653727666404e-03 7.340720221606837712e-05
2.267832647462280412e-03 9.975645396980031311e-04
2.686054660126141035e-03 1.915455426356589509e-03
3.468204053109712713e-03 1.805900621118014049e-03
5.229960578186598937e-03 4.629094412331417213e-04
3.849415204678363362e-03 -5.926979611189877353e-05
2.409696521095486439e-03 6.045091592296875224e-04
1.960563380281692657e-03 1.111454372623577177e-03
3.619846261355696548e-03 -2.575480329368689115e-04
5.423704755145497027e-03 4.336138382421715403e-04
2.039215686274512083e-03 2.487550928021755301e-04
2.218439716312058281e-03 1.373623743417904958e-03
2.289780521262004855e-03 1.131229235880400153e-03
2.134317343173433405e-03 1.307242990654208098e-03
3.680886243386246020e-03 1.727591387080622872e-03
3.216764898493780240e-03 1.253870673952642853e-03
1.741225051617345488e-03 6.466848319709377979e-04
3.842857142857144821e-03 2.134342940889108389e-03
4.284289276807982938e-03 1.242690058479549453e-04
2.289731850882932400e-03 8.285248953001415027e-04
1.698907455012855670e-03 -4.334298118668582331e-04
4.781628532974433257e-03 7.793282876064355508e-04
4.426132145508541137e-03 -6.176199261992603232e-04
3.105551747772449227e-03 6.694792671166846249e-04
2.847098976109215755e-03 7.573289902280136649e-04
5.024320457796859103e-03 7.069787602947568729e-04
2.612793572311494610e-03 1.212808988764046665e-03
8.778650949574346276e-04 2.613207547169840023e-04
3.878879892037786527e-03 -1.365991521431921126e-04
3.094860406091369791e-03 1.151672162034858473e-03
5.330281690140842125e-03 1.014625228519198475e-03
1.732427055702917898e-03 2.327058823529424083e-04
5.581312410841654699e-03 -1.892411143131588326e-04
1.886635638297873762e-03 9.468942626837376000e-04
1.988372093023255301e-03 8.788706739526429539e-04
2.769175108538349771e-03 2.816091954023003992e-04
1.305538461538463882e-03 -4.790743476120117267e-04
4.763779527559058175e-03 -3.103853383458628733e-04
5.298683298683297925e-03 9.719152854511994150e-04
2.346259437199728088e-03 6.637413394919182202e-04
2.754119973632172032e-03 -5.074245939675150639e-04
5.569620253164556112e-03 1.038781163435037809e-05
2.580013280212484217e-03 9.155696777122121705e-04
5.684747925973197835e-03 6.840328027014005736e-04
3.395762132604238006e-03 5.386766076421273470e-04
3.100473612990529721e-03 1.690086402910415467e-03
3.511032028469753766e-03 6.845018450184513822e-04
6.030807365439098261e-03 1.216254086875294014e-03
4.922117329737022567e-03 1.150715563506263641e-03
3.503234152652006956e-03 1.185674547983312432e-03
3.717289719626172811e-03 4.513564078578235979e-05
5.134823848238481356e-03 5.267500000000016093e-04
-2.334348819497309672e-04 1.184394071490846734e-03
4.261154855643046503e-03 1.623059866962319473e-04
5.119228336495892755e-03 -3.433179723502165177e-05
3.971914264597193114e-03 -1.529680365296630189e-05
4.521341463414635560e-03 -1.157298063297101573e-04
1.194570135746610400e-03 -1.437707247749863250e-04
5.539927404718696970e-03 5.946069469835485628e-04
3.753669432035739058e-03 1.047047527604418439e-03
4.404646952323476063e-03 -5.482330468003801614e-04
3.802197802197803192e-03 1.868397887323960233e-04
5.465337423312887147e-03 -5.143064985451000241e-04
2.047690461907621540e-03 -5.676527643064971937e-04
4.600880410858402755e-03 6.143392689784461661e-04
3.258988421694088925e-03 6.530952380952395088e-04
3.647096362476067236e-03 6.972367794187719859e-04
3.472098922003806487e-03 8.583988894030732608e-05
3.688243064729196299e-03 6.014065335753193122e-04
3.758840169731259701e-03 9.801980198019821528e-04
2.365646258503403040e-03 8.979357798165151687e-04
3.939361702127660431e-03 -9.866911427260042903e-05
2.467425679949401558e-03 1.470461095100865931e-03
3.771469127040456230e-03 -1.102588686481151216e-05
4.147098065376917525e-03 -4.926437806508876483e-05
3.659462999345122758e-03 7.208872458410358133e-04
3.356104651162795504e-03 2.682163611980343133e-04
3.107352941176472552e-03 -2.165697674418586309e-04
3.368458781362008471e-03 1.051453622519614136e-03
3.276656151419559803e-03 -3.781344032096270046e-04
3.186222808174029274e-03 1.183830606352263620e-03
3.949445983379499571e-03 1.657329598506070796e-03
1.265245901639347080e-03 9.496277915632776864e-04
3.390604026845642650e-03 3.427895981087483203e-04
4.389590854392297868e-03 8.752216312056757550e-04
3.974262397991216479e-03 6.580900544285026759e-04
3.070417789757414178e-03 1.243650047036689871e-03
2.687762237762240675e-03 1.464792060491494760e-03
3.203793103448277207e-03 5.374293785310751579e-04
3.393387815750371211e-03 1.764005949429848672e-03
4.319816643159382283e-03 3.699633699633718496e-04
1.915435745937963362e-03 5.067567567567588449e-04
1.304107909258125269e-03 1.516583371194913732e-03
2.972873900293258355e-03 3.766868310842274160e-04
3.924940428911835762e-03 -2.736470588235284229e-04
1.751606683804630494e-03 1.228392193308551917e-03
3.970178926441352875e-03 6.955916473317878520e-04
3.858723958333335532e-03 5.975954738330987613e-04
5.284307065217389889e-03 -5.383895131083977012e-06
3.847343644922660878e-03 1.221149425287356913e-03
2.344262295081969878e-03 9.867626567580140440e-04
4.127899877899880374e-03 6.035039188566174466e-04
4.152980132450333380e-03 1.133348581884723082e-03
2.478195937873357846e-03 9.310427679000502768e-04
4.615246098439375506e-03 -6.594784353059157883e-04
2.672413793103453790e-03 2.474607571560494116e-04
3.284685863874346919e-03 1.630384967919340945e-03
5.093659942363137341e-04 9.490338164251228793e-04
4.860108917631044204e-03 5.561668959193038879e-04
3.016926201760325964e-03 8.633004926108402534e-04
5.298989898989902095e-03 -1.817752596789400132e-04
2.793149764942916280e-03 1.551463860933214580e-03
1.666145181476847174e-03 6.067623899953855025e-05
2.302587923025881025e-03 6.931764705882362309e-04
9.838403041825104917e-04 4.605809128630734741e-04
1.911709455228554439e-03 -2.798757170172073939e-04
2.666785459729151958e-03 4.183908045977198682e-05
4.481494174091844168e-03 8.108042635658936495e-04
3.408748114630465783e-03 2.331128956069934341e-04
6.293565683646133724e-04 5.717625058438536396e-04
1.846209912536443459e-03 1.830295566502464525e-03
2.754403131115459955e-03 3.914443422263121910e-04
3.479750778816197068e-03 3.358797437161177980e-04
3.699672131147538779e-03 7.803097345132759119e-04
2.959614010007149357e-03 6.529556650246322444e-04
2.864577343300749035e-03 2.342924528301888482e-03
4.510177281680895385e-03 9.582547169811332817e-04
6.412951167728238484e-03 -7.875708884688075546e-04
5.409337349397596965e-03 8.871660305343521697e-04
6.230294722412617510e-03 3.447955390334594234e-04
2.535110533159949924e-03 -4.144295302013409604e-04
2.934730056406124540e-03 1.024824355971899227e-03
3.049251870324192707e-03 6.303638059701495563e-04
3.854731965585704405e-03 2.225312934631445603e-04
1.488606770833333969e-03 1.249763257575758338e-03
3.656882591093119517e-03 7.713358070500948849e-04
4.823472041612487417e-03 -8.666177190406246494e-04
3.978962131837305780e-03 8.005871725383937937e-04
1.144582245430810115e-03 7.214188883868067562e-04
4.706950532247967597e-03 7.896583996256453407e-04
1.651545698924729647e-03 5.207384926656565081e-04
9.188931297709942428e-04 1.120370370370372699e-03
4.643960674157305429e-03 1.223981900452507116e-04
5.188273615635181045e-03 -8.283202221193881063e-04
2.655700325732900709e-03 3.273532152842520220e-04
4.456426332288401966e-03 5.016706443914106328e-04
3.192073170731706683e-03 -6.100412654745508397e-04
3.284735812133073030e-03 1.426581158779302106e-03
3.826515704894084026e-03 2.861431870669768596e-04
5.203254847645427845e-03 1.481664315937943933e-03
4.918909592822640758e-03 1.669708029197082035e-03
3.520992366412217106e-03 -8.662873399715482906e-04
2.364654635967640851e-03 7.967278135845327555e-04
3.047994269340976656e-03 1.064436792916872120e-03
3.618365921787713123e-03 3.999129677980872645e-04
3.926616915422888494e-03 3.944932901434532548e-04
4.252638522427442877e-03 -9.646858256210408917e-04
5.222068008327552038e-03 1.604585868039309004e-03
3.862091938707532934e-03 1.270393474088292365e-03
7.509810126582282426e-03 1.563977746870654330e-03
2.701880877742950191e-03 -2.938365981844219283e-04
2.134408602150541633e-03 9.988526847177618163e-04
4.911076923076925990e-03 1.509841574651968636e-04
2.026670754138567947e-03 -2.869047619047602462e-04
5.477302631578946993e-03 2.838801711840246642e-04
5.076282940360611964e-03 1.431215722120659064e-03
6.233941852603128294e-04 -5.639614855570677145e-05
3.417817225509534301e-03 1.092303945445690684e-03
4.705351586807716979e-03 1.195906432748539529e-03
7.758736559139798716e-04 1.921525753158408569e-03
3.250313283208021171e-03 4.658671586715891770e-04
1.902536715620828682e-03 5.427616926503354196e-04
3.006005056890013929e-03 2.891061452513981147e-04
6.154611811546102824e-04 6.102733270499540027e-04
2.371062271062272190e-03 8.533455545371233970e-04
2.681086519114690096e-03 -3.956560680698590292e-04
1.734020618556699964e-03 5.645748067303335560e-04
5.282978723404259912e-03 4.712535344017229155e-06
2.712087912087911452e-03 2.395337773549016658e-04
2.029372937293731551e-03 9.766464269033178856e-04
1.449007529089668331e-03 1.559171597633137460e-03
4.164464993394982259e-03 1.435921421889634335e-04
2.950491803278689189e-03 1.151932367149759422e-03
5.428077455048411180e-03 3.864494806421171704e-04
3.863421230561189627e-03 4.838018103858996734e-04
3.544678055190540831e-03 9.185945002182479072e-04
1.467510259917922250e-03 3.880054520672436883e-04
1.969972067039107294e-03 9.296482412060530834e-05
3.000645577792125044e-03 -5.787253983130189063e-05
4.230314960629920872e-03 9.638944223107585993e-04
3.929930247305014022e-03 8.111164581328224408e-04
4.131471389645777724e-03 7.706855791962276118e-05
3.732650363516195995e-03 -6.219748305905026719e-05
4.311007957559685570e-03 -4.850111856823242614e-04
2.656725888324873702e-03 1.235770476631190646e-03
5.235424354243544895e-03 7.445185891325094892e-04
4.792013888888887324e-03 8.315481986368077278e-04
1.699776785714288618e-03 7.293118466898976205e-04
4.056406685236767749e-03 3.896418199419185934e-04
2.026556776556778187e-03 1.160207939508537956e-04
1.656635802469137416e-03 1.660194174757283116e-03
3.792172739541159552e-03 -3.029268292682909375e-04
2.513249651324966135e-03 4.750914076782480617e-04
4.614557739557744072e-03 6.331389698736659662e-04
4.858649789029537494e-03 -3.858669256920830540e-04
3.604301075268820116e-03 1.890575441776168406e-03
3.624758842443731588e-03 3.903818953323920219e-04
4.893437296946068042e-03 -6.554893194237446010e-04
4.854674796747969479e-03 -4.961277831558415436e-05
5.443860801050555767e-03 5.501182033096947569e-04
9.461374911410375598e-04 1.602914389799646433e-04
3.689143627781525311e-03 9.420731707317084791e-04
3.587719298245618370e-03 -7.045454545454417567e-05
4.612914131169710587e-03 8.424124513618699286e-04
4.186915887850468747e-03 8.361879666227507637e-04
3.903125000000004681e-03 -1.464983325393022257e-04
2.932605905006419218e-03 -6.239733059548237563e-04
2.953384418901660192e-03 -1.461358313817310466e-04
3.743537414965987693e-03 7.244701348747609442e-04
3.851091992058242042e-03 -1.514018691588767704e-04
3.517422748191981544e-03 6.578947368421069830e-04
4.755619781631342975e-03 1.108167770419439226e-04
3.489485134155185294e-03 1.396061814556333498e-03
1.207809397749834597e-03 1.222086786933205063e-03
2.049347702779354650e-03 1.269341662662184025e-03
2.520917135961384635e-03 1.249884739511297619e-03
4.376811594202900842e-03 -2.418964683115610963e-04
4.416666666666670300e-03 -6.550691244239607034e-04
2.762289325842698547e-03 6.221067548417589599e-04
3.654069767441859434e-03 4.702637889688263129e-04
4.171907756813419098e-03 9.865401588702589052e-04
2.269806612601373789e-03 -3.305921052631568559e-04
2.434490084985839638e-03 9.577363896848152796e-04
5.629937034917001371e-03 5.069344811095185524e-04
3.641172721478648337e-03 3.779951100244515741e-04
4.028385772913818663e-03 5.204222120238666564e-04
1.828282828282828693e-03 -1.694915254237136664e-05
5.495588235294117559e-03 4.934210526315805896e-04
5.103458925262507190e-03 9.348870735223469789e-04
4.048387096774193339e-03 4.020669291338600966e-04
2.190050107372940643e-03 8.596856218215465171e-04
5.355281207133059766e-03 2.903787548976944212e-04
3.414116828929071677e-03 5.170233463035039121e-04
4.227606951871657089e-03 2.382224380767383070e-04
5.754161712247327781e-03 6.677631578947386621e-04
3.612451108213821181e-03 6.979264844486353673e-04
5.281166219839147219e-03 -4.041970802919690026e-04
2.304737516005123891e-03 3.252222742162070440e-05
3.281805259417200013e-03 9.433874709976816783e-04
3.944674965421852281e-03 6.465060240963870289e-04
2.613619810633650235e-03 7.240995998221449364e-04
4.839721254355400411e-03 8.708199725148888220e-04
3.740185581727343417e-03 1.520080321285142630e-03
3.795695364238410238e-03 -8.037882467216900847e-05
2.469706242350062659e-03 6.129968736042904539e-04
2.523962804005725966e-03 9.512251502542781907e-04
1.959849004804395216e-03 1.951451689671603073e-04
3.652061855670104933e-03 9.132850241545908791e-04
4.389914772727275365e-03 1.500491159135577501e-04
1.565160445317617102e-03 5.911026975863710800e-04
3.219638242894060261e-03 1.737179487179489395e-03
4.379441624365485071e-03 -8.301343570057406209e-05
2.736526946107783673e-03 1.928843407901002218e-03
5.036866359447006100e-03 -3.975468975468961588e-04
3.605124835742444349e-03 8.840449438202261376e-04
2.595125253893025737e-03 1.163665015758668167e-03
3.889115646258505758e-03 2.143878037160570514e-04
3.711928934010153263e-03 1.559592379264527389e-04
4.030323450134772056e-03 1.942206235011991779e-03
3.090093085106385400e-03 -6.743707093821501176e-04
3.365641711229947061e-04 6.334134615384632520e-04
3.157516339869282859e-03 2.174136321195146559e-03
5.290222772277229819e-03 -2.740153698366936709e-04
1.791001451378811463e-03 1.934981684981686286e-03
5.512909319899246714e-03 1.396088595664469762e-03
2.532659932659935432e-03 9.808429118773971580e-04
4.035846724351052281e-03 5.272551857211790153e-04
3.906469760900145062e-03 3.715469613259694544e-04
3.497422680412371008e-03 -3.111739745403092742e-04
2.923007789095269197e-03 2.503509592887420902e-05
2.773192111029950269e-03 1.137687969924812414e-03
2.302696078431372851e-03 -8.800097751710624951e-04
3.880253502334892173e-03 7.300864815657727349e-04
2.800350877192984110e-03 9.477046852815918399e-04
4.049504950495049632e-03 -1.188777936280058486e-06
4.008766233766236815e-03 5.988023952095824576e-04
1.142333333333334609e-03 2.780193236714993341e-04
6.601178781925347468e-03 1.000000000000001972e-03
2.405745642349905837e-03 9.068247821878034362e-04
4.634242641780332225e-03 1.157907425265189069e-03
3.652086137281291070e-03 -4.523809523809510145e-04
2.876019021739130519e-03 -1.956947162426601796e-04
4.049450549450553209e-03 3.294849023090602649e-04
4.296959459459461297e-03 4.779069767441879190e-04
1.862784471218209776e-03 -7.145139205842062583e-04
2.579795021961936354e-03 9.370004701457471021e-04
4.964741437206184396e-03 2.213339424394715320e-04
2.700217233888488420e-03 8.849262957679519771e-04
5.336538461538462876e-03 8.444595821980035522e-04
2.189109639440767544e-03 -1.607898448519024621e-04
2.587564385577631552e-03 -3.617458866544764158e-04
2.821937321937324078e-03 1.696168768186228889e-03
3.583575581395347532e-03 1.082742316784871808e-03
2.445728291316528070e-03 3.753541076487457368e-05
4.453638119768191239e-03 3.242657679345221380e-04
3.323470073974446604e-03 9.003804089396124201e-04
4.168705035971225110e-03 -4.526488513830270602e-04
1.858536585365855006e-03 1.175084175084176391e-03
3.346722365038563071e-03 1.236007462686780612e-05
4.681640625000003941e-03 6.725092250922523000e-04
3.947350309704061519e-03 1.128416588124411942e-03
3.192075218267293509e-03 1.648325358851676420e-03
4.983165977554635667e-03 1.209337349397592021e-03
2.612892451569804892e-03 4.298751200768688582e-05
2.187193627450983568e-03 1.478755690440062545e-03
2.974895397489540384e-03 9.144676979071899095e-04
2.660982264665760332e-03 6.085096803241802623e-04
3.332212508406188871e-03 -1.435276679841881824e-04
2.623550945698598959e-03 -2.797619047619033712e-04
1.859800664451828189e-03 1.378816793893131729e-03
3.665775401069520066e-03 -1.367599816429538229e-04
3.871761658031089726e-03 5.673624288425058518e-04
2.325644504748983470e-03 1.249888641425391314e-03
4.357828434313140362e-03 8.276901669758829480e-04
4.702729044834309986e-03 -4.070042593468756485e-05
4.703303303303303304e-03 1.172560113154173756e-03
3.534285714285718971e-03 1.060782487191430775e-03
2.502395619438741760e-03 6.383333333333341764e-04
8.705128205128200578e-04 4.813606710158443015e-04
3.659972299168981306e-03 1.046735556599344983e-03
2.207726409119698755e-03 3.962529274004701531e-04
3.104179471419794573e-03 5.445002282063002731e-04
4.430999320190347028e-03 -1.720972923359321703e-04
1.918518518518519053e-03 2.069285714285715779e-03
4.075669804489504174e-03 1.726218097447813449e-04
5.475531229877657335e-03 1.379352030947776598e-03
2.627236580516899116e-03 1.421052631578948768e-03
3.115767045454548734e-03 5.623031938821430875e-04
1.788714733542319611e-03 5.487277964474324664e-04
6.395244658855964159e-03 1.532377428307124057e-03
2.846594740391099592e-03 1.644474637681160633e-03
4.568302387267905891e-03 1.537019681349594458e-04
4.201672240802679058e-03 2.300970873786410415e-04
3.800399201596805533e-03 -1.760426770126070873e-04
1.377571333775714493e-03 2.386640663091190611e-04
3.602122986822841894e-03 6.365909090909105438e-04
4.849431818181818704e-03 1.022550921435501576e-03
1.924024640657086066e-03 -1.089918256130770506e-04
2.757362784471219068e-03 9.511358765537962154e-04
3.210821998817268465e-03 6.178660049627909302e-05
2.343038821954485790e-03 6.058289536550418583e-04
3.759291521486643906e-03 -1.145049504950494158e-03
5.580219072164951076e-03 1.857209737827717399e-03
1.401013513513514261e-03 1.268320436959491674e-03
2.490459363957598423e-03 1.463050686878259159e-03
2.207012811867836363e-03 2.964285714285729186e-04
1.741391678622668162e-03 8.653585926928300271e-04
3.430274566473988027e-03 -2.606019151846764763e-04
4.132459016393446281e-03 -4.079439252336427061e-04
3.246355685131196381e-03 1.788758782201406829e-03
3.235408560311289067e-03 1.346952908587260118e-03
4.950152905198778111e-03 3.250478011472302279e-04
2.890593729152770609e-03 -7.270964614638690895e-05
3.352477477477482006e-03 5.569437770302749320e-04
9.691067830758905502e-04 4.422022919780792391e-04
2.490820073439413765e-03 -4.308612440191375722e-04
3.281904118838622521e-03 1.209002433090025901e-03
2.749202297383537136e-03 8.233301064859652749e-04
3.438309215536942531e-03 3.521923620933541934e-04
4.176224226804125909e-03 9.855976956313025096e-04
2.360683188211653433e-03 1.526982637259503926e-03
3.875718390804598103e-03 8.144522144522171750e-04
3.338585434173670791e-03 1.439810640216411921e-03
3.778397212543553683e-03 1.721981721981725088e-03
2.633549316054716906e-03 3.350785340314153273e-04
3.391780821917810777e-03 1.161832412523022481e-03
4.582593856655290364e-03 1.003592276605300929e-03
3.979041916167667774e-03 2.568509057129603418e-04
6.572002679169457184e-03 5.439814814814835026e-04
2.301415797317437999e-03 3.375061364752095011e-04
1.476851851851851373e-03 1.427830188679247948e-03
5.479229379891630697e-03 2.679981421272652296e-04
4.583333333333339428e-03 -2.800670819357915396e-04
2.061300309597525419e-03 5.653142008906507148e-04
4.852181929932392924e-03 9.243891194098672638e-04
4.619322033898304661e-03 1.279362815026154673e-03
4.871604139715396235e-03 -1.802769818529110341e-04
3.996426018584702325e-03 7.031963470319774353e-05
3.998349834983497275e-03 3.721857410881811395e-04
1.983673469387756128e-03 8.623809523809538788e-04
3.287628865979381424e-03 1.704587581093606639e-03
3.302725502920185376e-03 2.166990763247451067e-03
2.343116701607270234e-03 7.057998129092637844e-04
3.521481481481486542e-03 2.440336920917195185e-04
4.087375415282393405e-03 2.067260579064588398e-03
1.754197447951646354e-03 9.880346232179239296e-04
2.895924308588067233e-03 9.207762557077646360e-04
3.980862908837859079e-03 -8.564593301435240711e-05
5.198455339153794721e-03 1.410437235545159667e-06
2.397857142857142548e-03 8.620218579234989855e-04
2.968358831710708485e-03 7.015033947623689750e-04
4.801899592944369917e-03 -6.617647058823382465e-05
4.384221311475411213e-03 7.296803652968059540e-04
2.067928039702232081e-03 1.177015755329028740e-04
2.977921195652179047e-03 -6.817194963091365392e-05
5.316677076826988035e-03 1.762812089356112673e-03
2.032140248356464288e-03 -2.441234084231129909e-04
5.225510204081636190e-03 5.830223880597926391e-06
1.497128499641062812e-03 9.808048103607793985e-04
4.559587217043942209e-03 9.295224977043177635e-04
4.916208791208794698e-03 8.426654326700621419e-04
5.406040268456377765e-03 7.497598463016343648e-04
2.140297498309670209e-03 3.929411764705901524e-04
4.807787391841784712e-03 8.492680695333959962e-04
2.228331177231566724e-03 -1.288827074640685598e-04
2.356543037088875379e-03 1.243096423721142549e-03
3.311465721040191944e-03 -1.027752707581226516e-03
4.817563188593649778e-03 -7.329782306623421062e-04
4.543807641633730923e-03 1.755765682656827611e-03
2.425112976113621022e-03 2.179190751445089867e-03
3.339564921821893718e-03 -7.170329670329656825e-04
4.175664786462533057e-03 -8.043273753527531639e-05
3.196503496503496147e-03 8.976889744824286714e-04
2.570640937284631757e-03 5.385312783318247894e-04
4.887375415282392901e-03 -1.015697137580767745e-04
3.241440798858774650e-03 1.255092592592593672e-03
1.896494708994710902e-03 7.278253039171562848e-04
3.657824933687006241e-03 -6.197115384615367551e-04
5.667866492146597483e-03 -4.051392891450509995e-04
3.856620093147043304e-03 -3.836147877681404372e-04
3.024159663865549994e-03 -6.612825458052060601e-04
3.105093488072215198e-03 2.414292612264800245e-05
1.684546136534137168e-03 4.016577060931920875e-04
2.292819499341241293e-03 4.934883720930254881e-04
2.747291268323774020e-03 8.132503334815490781e-04
2.295964125560541729e-03 1.665007466401214557e-04
2.147125782583952664e-03 8.724035608308621133e-04
2.845509893455102409e-03 1.902508282063432310e-04
1.801246537396123098e-03 1.223513011152417822e-03
3.304005722460662525e-03 8.652173913043492140e-04
4.265440210249675859e-03 -3.352741387675867114e-04
4.398141263940522593e-03 -8.385789222699077759e-04
2.584712111184649021e-03 1.031869688385271024e-03
4.940932311621966389e-03 4.204938271604953992e-04
4.781856796116509649e-03 5.726120857700018718e-05
2.654951100244500213e-03 1.132935560859190099e-03
4.308873720136521986e-03 9.819189971070412751e-04
5.076254180602007837e-03 7.466118102613752451e-04
3.355562579013908302e-03 1.897859054415709627e-04
2.986910994764398631e-03 8.842176258992826736e-04
6.681249999999997954e-03 1.172413793103450072e-03
3.751262626262627693e-03 6.071254270375811037e-04
5.109633357296909650e-03 -5.240679565832927428e-04
2.418681983071343296e-03 5.126646403242161995e-04
3.332198142414863513e-03 5.888681010290009073e-04
2.937578814627996721e-03 1.450269475747197566e-04
2.563030698889614146e-03 -7.413032827045549838e-04
3.555880441845357589e-03 8.053382420617541247e-06
4.764041316978698606e-03 9.731385485391348157e-05
5.391047883414297817e-03 6.000448631673422793e-04
4.825418994413410712e-03 -4.633520074696530883e-04
4.005179558011050765e-03 3.306264501160099912e-04
1.521839080459770231e-03 8.609271523178822034e-04
2.762796504369539278e-03 7.326781326781348167e-04
4.355255070682240159e-03 1.434963325183377224e-03
4.757203092059033786e-03 6.547725245316698061e-04
4.690232240437161408e-03 -1.430860805860788038e-04
4.943661971830986580e-03 5.723771580345310981e-04
4.235602094240842330e-03 1.061940298507463689e-03
3.031746031746032979e-03 4.365551992670651800e-04
4.098249027237357324e-03 1.225282485875707353e-03
3.195994747209454645e-03 8.754844961240320972e-04
3.766421117249850719e-03 -8.464163822525579573e-04
9.249301675977673930e-04 5.358018636586585077e-04
3.735472972972972688e-03 9.955731593662656576e-04
3.819193324061198689e-03 -3.686774941995339238e-04
3.585084745762712102e-03 1.217076700434154349e-03
3.651983860121048742e-03 1.257430269776102181e-05
3.318001323626738365e-03 1.463385063045588054e-03
2.811420982735723766e-03 9.340686274509828017e-04
3.010509554140130672e-03 6.004263382283305840e-04
2.760785576303927732e-03 9.679545454545473429e-04
3.025332488917037866e-03 -6.468330134356986040e-04
3.490331491712708473e-03 6.741877256317705194e-04
4.747778537252224720e-03 -1.000935016362784280e-03
1.017833553500662510e-03 1.508352668213457570e-03
2.430159833217515695e-03 4.031630170316310990e-04
1.686295503211992673e-03 1.149810066476734732e-03
4.012734584450404311e-03 2.611585944919288791e-04
4.292857142857183081e-04 -8.042975970425121504e-04
2.388537271448668703e-03 -1.651763537009428890e-04
4.791750503018109807e-03 -3.962715105162504907e-04
2.553801546391754832e-03 4.515701017249027947e-04
1.775742916378715824e-03 1.472710453283998348e-03
2.322406340057636513e-03 2.179607109448092155e-04
3.907485029940123769e-03 1.217693376563225424e-03
6.083764553686935028e-03 -3.268782081194565744e-04
2.334464043419268251e-03 1.426675663517769669e-03
2.061337008959341407e-03 2.955163043478271131e-04
4.796699669966994831e-03 4.067961165048556891e-04
3.687700192184498703e-03 -2.791988416988396200e-04
2.226001511715796494e-03 2.095448211797493795e-03
3.741557546519648069e-03 -5.814111261872433739e-04
3.623300370828186172e-03 3.539299242424257625e-04
3.115837696335077914e-03 -1.258241758241755411e-03
2.872309899569585028e-03 -2.427731504164599963e-04
5.404936624416277306e-03 1.311885821244736976e-03
3.981543624161076704e-03 5.288461538461551332e-04
2.965794170136826832e-03 6.421296296296320327e-04
2.703010279001471713e-03 1.042165788212746436e-03
3.057654075546720283e-03 -5.068560235063470970e-05
3.590086830680176266e-03 7.737676056338043578e-04
3.095559845559848165e-03 2.659870250231715499e-04
1.565321477428182435e-03 4.180672268907578574e-04
2.384196185286099716e-04 1.069457659372028335e-03
4.235531628532976378e-03 1.016243880729864263e-03
3.721174004192873315e-03 4.754561251086027000e-04
4.297803617571062211e-03 1.046363636363638241e-03
3.468085106382978473e-03 1.375397185655925954e-03
4.135814249363872243e-03 8.593901258470497103e-04
2.795116772823781365e-03 1.059630963096311242e-03
2.470974429854875132e-03 8.910523875753381760e-04
2.427478134110789155e-03 8.882461823230015105e-04
5.058353808353809045e-03 1.535561877667142913e-03
2.999647887323945040e-03 2.266149328859062232e-03
1.694805194805195595e-03 -9.294722092480053779e-05
4.289302022178735456e-03 1.478450252177901684e-03
2.970064148253743173e-03 1.316562349542611940e-03
3.617684478371504218e-03 1.052304964539007692e-03
5.890819672131152214e-03 8.776875298614451263e-04
3.534940600978337712e-03 8.920539730135098168e-05
2.892331288343559254e-03 3.059850374064858867e-04
4.428848641655887264e-03 8.398012304779954584e-04
4.692156862745100465e-03 -1.020575111551808066e-03
2.295148247978438458e-03 5.013863216266188248e-04
3.868338557993732628e-03 -1.141325071496662432e-03
3.294824399260628915e-03 1.131217432496449795e-03
4.182638456751712648e-03 1.239273094396788717e-04
3.432380952380952380e-03 1.196256954982314967e-04
3.284921671018278377e-03 4.868360277136276563e-04
3.795904887714665350e-03 8.906176331918919456e-04
2.401328903654484891e-03 9.670743179680179680e-04
5.142122186495180249e-03 8.744609487302539984e-05
1.655391120507400263e-03 8.000917010545813377e-05
1.814350064350066455e-03 6.539727315467808947e-04
4.589700996677741583e-03 1.732817037754130654e-04
3.584898843930635869e-03 -4.436653771760140424e-04
4.567328136073705962e-03 1.962272938984632818e-03
1.168984700973577442e-03 7.196545284780596179e-04
4.918539325842698727e-03 9.802919708029223141e-04
2.457179652285900514e-03 1.722992351816444263e-03
1.203870076019351084e-03 1.301204819277111029e-03
4.677011494252874754e-03 9.143996247654805455e-04
2.341016949152544772e-03 1.133752244165173563e-03
4.022172949002222365e-03 3.435840707964623025e-04
1.641618497109827981e-03 -1.196029776674919105e-04
4.878514780100937434e-03 -1.979166666666638428e-04
4.311541027351569258e-03 1.003005085529358291e-03
3.043824701195218738e-03 8.013846819558645375e-04
4.448336871903750371e-03 1.234968734968737696e-03
3.191510045366171590e-03 5.639887902849158178e-04
8.954514596062458729e-04 1.452596474511673669e-03
4.775226165622827555e-03 9.877167630057816314e-04
1.517675050985727806e-03 4.035912783240710035e-04
4.935097668557032052e-03 3.481662591687073962e-04
1.622992700729928694e-03 1.840661831368995294e-03
2.993736182756081415e-03 1.752176015473889568e-03
5.247288503253799870e-03 -4.804456571168698952e-04
2.771723646723645799e-03 8.279445727482688967e-04
3.422525597269627032e-03 3.829787234042572510e-04
4.439441978440076923e-03 1.776255707762559085e-03
3.496580027359781975e-03 3.378123526638393179e-04
3.287808127914725823e-03 1.691355140186917268e-03
3.978963414634149355e-03 -6.248854262144808549e-04
2.544554455445548116e-03 6.629186602870831184e-04
3.055205047318614378e-03 -1.589259796806952109e-04
2.995283018867926812e-03 2.250233208955225873e-03
1.936664544875876023e-03 3.117096018735377371e-04
3.146534653465349850e-03 7.279620853080587609e-04
3.227334235453316671e-03 -1.822991822991812817e-04
4.400153609831031556e-03 1.642793196060880236e-03
2.897925033467204682e-03 1.722431668237513029e-03
1.778721957851801165e-03 1.445441988950277356e-03
3.329284750337384302e-03 -1.186284289276807709e-03
3.417278185456971550e-03 8.649669499527871128e-04
3.219286204529855748e-03 6.770313209260107315e-04
3.569648562300319940e-03 3.825565297646534111e-04
3.032501641497048137e-03 5.507944150216671645e-04
2.764258555133083071e-03 8.695652173913065485e-04
3.584943371085945116e-03 7.841792409693767508e-05
1.294357579877636680e-03 5.219399538106440375e-05
3.184114424832624416e-03 1.709429280397023682e-03
4.105016722408029624e-03 4.826520912547548102e-04
4.536985345429171701e-03 3.792293233082717806e-04
4.812855113636365506e-03 3.234331150608054251e-04
3.774888558692422735e-03 5.910165484633592365e-04
1.510372178157414228e-03 -5.666666666666647558e-04
2.997860635696823067e-03 -2.182333490788832269e-04
2.317509247842170980e-03 2.212518195050957551e-04
4.165198237885463228e-03 2.937078651685415026e-04
4.917812929848697744e-03 8.833094213295089158e-04
3.216627634660419819e-03 1.848119575699133177e-03
2.922603626943008105e-03 4.475592073465461712e-04
1.943272519954391186e-03 4.569124423963151298e-04
3.869535519125682447e-03 1.464052287581700832e-03
3.850101971447998737e-03 1.033710513908534185e-03
2.512140575079874292e-03 8.907967032967052841e-04
4.032531824611031157e-03 1.588208409506399951e-03
2.372126436781610021e-03 -3.479714667855539822e-04
6.041335978835978525e-03 -5.559355153883706758e-04
3.917094644167278851e-03 2.938144329896925921e-04
2.724398625429553470e-03 1.162664783427497890e-03
3.246587537091989804e-03 2.047505938242299040e-04
4.404187366926902436e-03 1.003722661703119676e-03
3.672190201729109635e-03 6.481122942884819885e-04
3.941346153846155519e-03 -5.958974358974341049e-04
2.876420454545455720e-03 -1.230654018971511941e-04
3.162048969072166465e-03 6.820388349514714245e-05
1.635634588563458563e-03 1.106604609929080730e-03
2.625735294117648774e-03 8.824928639391185618e-05
3.216349541930937483e-03 -7.037213740457999014e-04
6.590608465608470586e-03 -4.028571428571408935e-04
3.673548387096773477e-03 1.207865168539338298e-04
1.278443113772455850e-03 -2.240370550950739124e-04
2.741678224687936656e-03 1.348424323124724654e-03
1.456146926536732713e-03 5.300662878787901862e-04
1.941289087428208241e-03 -7.114355231143534375e-04
3.034716981132075560e-03 6.356370474847223033e-04
3.893312101910829069e-03 -3.517208863743509517e-04
3.345027247956404524e-03 -3.219500706547330873e-04
5.770555165144063484e-03 2.539351851851872266e-04
2.586779661016949498e-03 -6.991525423728671082e-05
2.776287164612039390e-03 7.705882352941198022e-04
2.411513157894736459e-03 -6.959706959706785958e-05
4.638456937799045020e-03 1.152272727272728994e-03
3.714332892998682689e-03 2.295008912656129360e-05
2.655635648754916481e-03 3.957378551787371331e-04
2.431968295904892233e-03 1.555194805194805990e-03
2.233929754804507041e-03 1.388401559454193303e-03
1.510825439783493405e-03 1.463715198539479977e-03
3.112865947611712005e-03 -3.072820037105738708e-04
4.286679536679538320e-03 1.404670197400098878e-03
3.217130214917826928e-03 1.418931159420291216e-03
2.350662944870899728e-03 -3.033199195171007272e-04
4.361149110807112546e-03 3.990970654627555548e-04
