2.197810218978101839e-03 3.868318756073859267e-03
-2.183242506811992065e-04 2.612972508591067129e-03
2.959999999999999524e-03 3.709945994599462768e-03
1.159107806691451852e-03 3.078139980824548018e-03
3.564676616915422955e-03 3.163461538461540771e-03
-1.661957270847691428e-03 2.244058098591552187e-03
1.668038408779152614e-03 3.639709223080418374e-03
1.213215258855587482e-03 1.743666513127591251e-03
4.142907058001398315e-03 3.037603847835592362e-03
5.704607046070472517e-04 1.815334268349697326e-03
5.288098693759071649e-03 3.658278457196614385e-03
1.523072060682677947e-03 3.045184847101781774e-03
1.076791808873722245e-03 2.438489371325192664e-03
4.155112044817929617e-03 2.419130824372761265e-03
3.745660881174902625e-03 3.292843232716654266e-03
3.277367360644727404e-03 3.148863636363640611e-03
5.316220238095242714e-04 2.680312787488504326e-03
3.034962871287129674e-03 6.338975694444452845e-04
2.350131752305666209e-03 2.563346228239848663e-03
4.471280276816608050e-03 2.438884156729133248e-03
5.131824712643679419e-03 2.860251450676982998e-03
4.823071937783539147e-03 1.638097426470590430e-03
2.171238244514109295e-03 8.449862005519797985e-04
2.930283224400874725e-03 2.569772528433947323e-03
2.714739069111423916e-03 2.332858499525168779e-03
2.092605633802816639e-03 3.531665901789813201e-03
1.915394824153948813e-03 3.547496490407115767e-03
1.678870292887030876e-03 2.620131291028446937e-03
1.452592087312413972e-03 1.853578154425613179e-03
1.048621190130625885e-04 2.783459595959599225e-03
3.088569265707797988e-03 1.625803686240893638e-03
1.741584852734923920e-03 2.546925566343044740e-03
2.909266409266408719e-03 4.627251732101615202e-03
2.597260273972606427e-03 2.839380530973452561e-03
2.657104736490995336e-03 2.174276672694399042e-03
3.031324345757333092e-03 2.919852602487336621e-03
1.801649928263991500e-03 1.155136702568352203e-03
-1.965840589417278388e-03 5.560537096040055194e-03
9.681688125894175653e-04 1.263323541754092982e-03
1.459156785243763486e-04 2.651889874008401832e-03
2.688857743517871195e-03 2.707547169811323675e-03
3.971884498480247709e-03 1.354670558799000871e-03
4.482042253521128020e-03 2.302756439222778794e-03
-1.551590380139651951e-04 3.739318290926549933e-03
1.976522377109316518e-03 4.336773883821412254e-03
5.082402234636873919e-03 2.636963696369638149e-03
6.053546592489559945e-04 4.738062755798091129e-03
2.118560338743825325e-03 3.245374653098983837e-03
-7.979651162790691449e-04 4.051025056947607852e-03
2.573560027758501137e-03 3.117243012790148725e-03
2.278888888888888457e-03 2.289917883211680695e-03
4.796168341708543364e-03 2.314822725331058470e-03
2.849783861671467515e-03 3.334180432020330490e-03
5.385645604395607015e-03 1.288713910761156304e-03
5.099460552933241832e-03 2.992589161648913799e-03
2.361111111111115907e-03 2.328470588235295995e-03
2.076971608832808326e-03 3.011116367076634159e-03
5.038828337874662680e-03 2.423423423423426599e-03
4.628939828080231439e-03 2.579585537918871463e-03
3.102076124567474443e-03 3.526628625772710093e-03
3.427030913012221562e-03 1.762262483429078135e-03
9.092649310872894224e-04 2.254233409610985773e-03
3.324981301421094538e-03 2.196577243293248733e-03
4.315983881799866431e-03 2.613434163701071778e-03
2.802197802197802737e-03 2.145323426573429119e-03
3.612525117213664233e-03 1.735151781786187534e-03
4.686586141131596391e-03 1.972899728997291532e-03
6.330597504924496619e-03 2.116142557651992401e-03
3.211188811188813840e-03 2.452773956900505554e-03
-5.618792971734147199e-04 3.719533655961284550e-03
3.646315028901735405e-03 3.025663716814161464e-03
2.436720698254363042e-03 4.816064638783270312e-03
6.460674157303350918e-04 1.339689578713970219e-03
1.121391561806071348e-04 4.385628465804067115e-03
1.344256259204712435e-03 1.807471264367816214e-03
1.554834054834059820e-04 3.286757990867583690e-03
2.350948509485095012e-03 1.430200729927009638e-03
2.266619519094765969e-03 1.840231419670674195e-03
2.976036269430051232e-03 2.674617461746178412e-03
3.597526501766783701e-03 1.994294167371093735e-03
3.123193641618495116e-03 4.862586037364801696e-03
2.769628099173554892e-03 2.196355353075172493e-03
-7.108183079056844527e-04 3.608551174124947306e-03
4.773743016759778891e-03 3.004344048653346047e-03
1.145185185185185065e-03 4.371453513749454407e-03
4.536561264822137028e-03 1.889578713968960389e-03
1.540616246498607682e-04 4.197645904855324198e-03
1.896585051546394217e-03 2.118439716312059320e-03
2.470833333333331827e-03 3.238641686182672317e-03
1.560899653979239392e-03 3.133303411131061530e-03
3.897664835164836930e-03 2.864906832298139226e-03
3.691336971350614015e-03 2.764179755671905114e-03
3.624905660377357713e-03 2.993544078361533300e-03
2.534965034965035776e-03 3.147223518432106914e-03
5.593103448275862921e-03 9.057357780912078530e-04
2.336805555555557679e-03 2.636011616650535492e-03
1.803082191780821164e-03 2.918114682884451107e-03
4.998715478484261690e-03 3.507673860911273474e-03
2.144599303135891893e-03 1.661149825783972238e-03
5.061852107809261883e-03 1.501318681318681778e-03
5.479969765684041894e-04 4.078604651162790785e-03
2.621696801112642660e-04 3.104535147392291361e-03
1.309255079006773400e-03 2.989082969432315350e-03
3.196211096075780595e-03 3.474335044330379482e-03
5.230199851961510500e-03 3.318881118881119880e-03
2.805642633228839708e-03 3.341332027424094488e-03
8.645975443383366018e-04 1.907142857142860720e-03
2.835055096418731893e-03 3.723129836629418673e-04
1.552824651504036008e-03 2.016486104569007592e-03
4.271139063591894956e-03 1.169852302345786950e-03
3.879298245614035395e-03 1.993631881676255491e-03
3.669064748201441000e-03 3.164877629884072386e-03
8.180565127498287637e-04 1.016983420946240461e-04
1.010332103321035175e-03 2.424269264836141462e-03
2.147552447552448281e-03 2.252913752913753530e-03
2.334470989761091610e-03 4.309447004608297355e-03
2.084288604180716854e-03 1.938954765041723876e-03
2.125656414103525849e-03 5.012785388127855013e-03
3.825741890959284772e-03 2.427149321266971332e-03
4.762331838565028036e-03 2.609792924935289051e-03
4.019972918077186451e-03 2.165718349928875876e-03
2.914114513981361145e-03 3.081202332884702775e-03
2.844839857651245210e-03 3.138018433179727128e-03
4.220246238030096048e-03 1.914045192733719028e-03
2.874724467303455423e-03 4.658987226277374293e-03
2.407534246575342412e-03 1.796370967741936324e-03
5.173751686909582904e-03 2.234838424081453390e-03
2.964059196617336352e-03 2.417823555754591586e-03
3.490835030549900141e-03 2.284706417842512823e-03
4.772471910112359959e-03 1.781175912754861569e-03
2.230056980056980675e-03 2.732168501675444339e-03
4.901264933239638140e-03 1.719282511210762669e-03
3.838410596026490314e-03 1.035765040265278648e-03
2.026588397790057144e-03 3.574553571428571407e-03
5.500701754385964488e-03 2.659390632105503981e-03
2.533310439560440552e-03 2.574643493761142807e-03
-3.818056512749824923e-04 2.197536496350366991e-03
2.946043165467628934e-03 2.224898694281855858e-03
4.530618892508143924e-03 3.856972301814710988e-03
1.378245614035089649e-03 2.150506831203173510e-03
2.115272727272728224e-03 1.981414324569356986e-03
4.082063711911356613e-03 1.909268929503918051e-03
-3.938679245283015196e-04 3.677047038327527911e-03
1.570860448300797621e-03 2.272256728778468404e-03
3.508902077151335609e-03 3.227568572756861140e-03
4.616103522645578598e-03 3.042080378250591396e-03
4.924113475177304550e-03 2.189795918367348337e-03
4.557598889659958928e-03 2.209307764265670479e-03
1.367368421052632312e-03 2.253313381787089634e-03
3.418687589158346789e-03 2.769041218637994291e-03
3.741732804232805135e-03 6.512664165103192442e-04
2.837490829053562150e-03 2.609777777777779438e-03
-9.564917127071885820e-05 1.771961766044611057e-03
5.490140845070420883e-03 1.562226117440845136e-03
2.562724014336918536e-03 2.646335912608104197e-03
-3.019340974212031707e-04 2.556632213608959602e-03
3.554539516655781314e-03 1.873144399460191902e-03
3.179886685552408502e-03 3.027527075812274770e-03
8.361372812920605342e-04 2.608820921985815795e-03
2.458747135217722278e-03 3.292325056433410488e-03
2.461029411764705660e-03 3.797367183826989064e-03
1.004669540229886134e-03 2.243152128107881501e-03
2.376479873717445099e-03 2.908115671641793576e-03
1.231178977272727459e-03 2.433135554541307304e-03
2.560851926977686290e-03 3.734066941769832986e-03
-7.350720658888127692e-04 2.823052678973436876e-03
1.661440960640428455e-03 3.787144128113880716e-03
2.849114441416894603e-03 2.512652507907818002e-03
8.313752591568748622e-04 2.581190476190477808e-03
1.213573619631902554e-03 3.623787528868362140e-03
3.049936788874847010e-03 1.338229122954260079e-03
3.609320252277505373e-03 2.704071969696971323e-03
-1.088435374149781751e-05 3.522461394478244075e-03
2.357092448835566238e-03 2.413211186113792955e-03
2.916443850267380709e-03 2.083908045977013197e-03
4.801500682128242124e-03 1.749306197964848025e-03
3.293299620733249489e-03 7.688240270727598157e-04
2.631184407796101419e-04 2.648926654740610918e-03
4.083036350677121847e-03 4.353771289537715188e-03
3.470392548236859217e-03 1.783116883116884913e-03
1.638269100743748553e-03 2.122906292440021343e-03
2.537763253449529331e-03 1.786790780141844911e-03
2.807834441980783940e-03 3.026534379326258333e-03
1.192994051553205453e-03 2.848991750687446169e-03
5.357041755130927292e-03 4.327532351628738533e-03
1.818242343541944320e-03 1.931368136813682275e-03
5.477209944751381537e-03 2.029535864978904321e-03
4.288614938361131473e-03 3.239982190560998163e-03
-1.401428571428569095e-03 4.138953219082910570e-03
7.520976353928306548e-04 1.958239277652371654e-03
5.248995983935743868e-03 1.830188679245283671e-03
4.756805157593123681e-03 1.985981308411215347e-03
4.588450292397660765e-03 2.819767441860465251e-03
2.693578553615960224e-03 2.902720147533427442e-03
3.674545454545457245e-03 3.622571692876969118e-03
2.208619612742037004e-03 2.008690122933448619e-03
1.318181818181817519e-03 1.418260473588344502e-03
1.949426111908179101e-03 1.829358196010409839e-03
2.932742054693274550e-03 2.283568904593639721e-03
9.907550077041605077e-04 4.135672776039340387e-03
3.284657320872275219e-03 2.593538183461368326e-03
2.836948391922217497e-03 4.081056466302370421e-03
2.253745928338764509e-03 3.149266992447803584e-03
2.578038674033152153e-03 1.760188087774295414e-03
2.785416666666667377e-03 2.185595567867039228e-03
2.105980066445182174e-03 3.286254448398580157e-03
3.138757596218774704e-03 2.247971145175834545e-03
1.676490288010718237e-03 2.989244851258582129e-03
3.322094691535151020e-03 3.224941724941728875e-03
1.415115413253910902e-03 3.738626023657873939e-03
4.105691056910570728e-03 2.572278536800353191e-03
3.567285382830624740e-03 3.773504273504273924e-03
5.187499999999977286e-04 1.240397963905601891e-03
-8.278516445066452095e-04 3.136952636282394104e-03
3.877175368139227935e-03 1.112821691176471908e-03
2.334968465311843509e-03 2.822686707374359207e-03
3.271449170872385744e-03 3.701866181156124661e-03
3.452810548230397011e-03 2.426218990590249536e-03
9.870782483847814499e-04 3.478341013824885492e-03
2.914833215046133599e-03 2.670169026952947701e-03
1.936206896551725433e-03 2.986059479553904075e-03
4.042752171008684794e-03 2.310360160071142990e-03
2.978467153284672115e-03 2.608024691358025535e-03
3.173412421493374946e-03 3.086359610274581628e-03
-6.966053748231780182e-05 2.015536105032824949e-03
2.812022237665047757e-03 1.858482337549063846e-03
3.103715170278639225e-04 3.628099173553720955e-03
1.547851562500002351e-03 2.226610249177247373e-03
2.441998602375961523e-03 1.522757697456493618e-03
1.311594202898552037e-03 3.398873768183950650e-03
-8.501805054151624890e-04 2.829688227082364539e-03
-8.347360367253229630e-04 4.378846153846151570e-03
2.269992663242846685e-03 2.731662024141136291e-03
2.593917112299464704e-03 2.375945179584123147e-03
3.910188679245286091e-03 2.684695323571093927e-03
9.452856159669678886e-04 3.290256175663313406e-03
3.559659090909095096e-03 1.659385813148790689e-03
1.029136690647482286e-03 2.255819477434679518e-03
4.494509043927650410e-03 2.299808429118775643e-03
3.797287651677375576e-03 3.547515677761703314e-03
4.365149456521739274e-03 9.510119595216201234e-04
3.531886024423338058e-03 2.652985074626868552e-03
3.181687094448450246e-03 2.164285714285715378e-03
1.585673146148308850e-03 4.595754944524843393e-03
5.777866880513226775e-04 3.186310247063591731e-03
2.292023731048120714e-03 3.333986074847695470e-03
2.206571242680545851e-03 3.808139534883722699e-03
2.796153846153846215e-03 3.054676258992807761e-03
1.788402457757295528e-03 1.760151717983045793e-03
3.058307926829269274e-03 2.341453170936583315e-03
3.966107165913492980e-03 2.062109025915997984e-03
-4.341479972844525725e-04 3.160975609756100108e-03
2.764990328820115389e-03 2.488915094339623751e-03
1.808238636363635387e-03 4.041385948026951849e-03
2.569666182873729145e-03 3.248865698729585128e-03
-5.056100981767163013e-04 2.635135135135137276e-03
2.048806179775281705e-03 1.657035175879397696e-03
4.742955326460485468e-03 1.640857392825900403e-03
4.315845824411137024e-03 3.005124777183604007e-03
1.298894263994474808e-03 2.739643545279384085e-03
3.423640167364018841e-03 2.196886446886447877e-03
2.465226198514518675e-03 2.062583817612876919e-03
2.727981029810297008e-03 1.948400180261381865e-03
2.280701754386029253e-05 2.099268069533397757e-03
3.185454545454548606e-03 1.962758924636406714e-03
3.683795712484238399e-03 2.219387755102041841e-03
2.628854625550660663e-03 2.917106420404576642e-03
5.949857752489332366e-03 2.039141972578506403e-03
2.082925122463265017e-03 2.317817371937640637e-03
2.851150705270971177e-03 2.467940552016987307e-03
1.882270497547301660e-03 1.977903149976494804e-03
3.970479704797051299e-03 2.325671370050072691e-03
5.122549019607844541e-03 3.928844317096468787e-03
1.134334415584414835e-03 3.171077959576517648e-03
2.264642082429503198e-03 2.957012592270953383e-03
1.196304044630405522e-03 1.648122392211405409e-03
-2.779916025192443515e-03 2.777777777777779185e-03
1.910780669144982857e-03 2.510561689870380569e-03
2.472740851381628573e-03 2.682633420822397568e-03
8.293622985283816400e-04 2.882812500000000392e-03
2.307719054242002559e-03 3.215632183908048898e-03
2.700801749271135657e-03 2.832036613272315758e-03
3.490073529411765949e-03 2.440915148822747627e-03
7.525252525252535112e-04 3.169964819700968502e-03
5.821094312455003458e-03 2.842441604230940260e-03
2.898540145985402383e-03 2.511424731182797417e-03
-1.023508771929824545e-03 2.994204914232731930e-03
4.326523545706373840e-03 3.493098842386466174e-03
2.500368188512520039e-03 3.405344202898552813e-03
3.578647925033465963e-03 3.013120899718838702e-03
4.997175141242941356e-03 3.151234567901235739e-03
3.793115201090661599e-03 3.815642458100559388e-03
1.682142857142856227e-03 2.792422867513613162e-03
3.347540983606567375e-04 2.044144556267155945e-03
1.530446549391069290e-03 3.539120879120879592e-03
2.719310344827586580e-03 2.406385021603458640e-03
-3.108903605592332133e-04 2.548290203327172737e-03
9.584799437016197068e-04 3.172282120395328916e-03
2.179033356024509711e-03 3.494421199442120096e-03
1.766328471781868081e-03 3.064616755793227090e-03
2.111888111888114467e-04 2.863888888888891943e-03
2.158153241650293420e-03 2.681665062560156885e-03
2.043847241867045167e-03 2.514882274544647835e-03
9.679196370706420359e-04 8.725000000000029390e-04
4.466691900075704137e-03 3.481944444444448096e-03
4.281476598549768982e-03 1.923521565140063304e-03
1.897078804347826584e-03 3.599617773530817792e-03
5.105804555473918843e-03 3.408398707891095985e-03
2.525033829499325009e-03 1.915031115366204635e-03
1.385099337748344796e-03 3.446959609409676675e-03
4.153111739745406553e-03 2.230842911877397618e-03
3.157347670250892566e-03 3.732541899441341529e-03
4.911242603550299707e-03 2.716364503816795332e-03
3.229295003422315898e-03 2.323402210475735384e-03
6.610757479312538536e-03 2.408826164874553442e-03
1.016008935219658111e-03 2.181858407079649564e-03
1.426201760324984601e-03 2.176155821917811085e-03
3.409651669085633340e-03 2.460992907801421228e-03
1.487341772151899374e-03 1.331881533101047285e-03
4.399864222674811608e-03 1.974769635805180123e-03
5.181329751511078987e-04 2.391577477896698108e-03
7.048109965635742259e-04 3.542389687654935119e-03
2.213240186294077386e-03 1.289042821158691834e-03
4.514674302075878838e-03 2.307308216069000033e-03
2.394067796610171214e-03 1.192166462668301820e-03
3.927240143369173549e-03 3.621945137157110001e-03
2.173484295105914798e-03 2.500911577028260436e-03
1.524381868131869343e-03 1.955869932432433619e-03
1.477139124755062543e-03 2.941808415398390782e-03
3.093800978792820081e-03 3.786244433448790556e-03
2.452595155709341810e-03 3.110442629995704630e-03
-8.713471133285834603e-04 2.651670378619154327e-03
1.889628591450595932e-03 1.824178200692043146e-03
4.816455696202531257e-03 2.375629867155291779e-03
1.667676003028009364e-03 2.829128986197051738e-03
2.324718356527501022e-03 1.759684684684686626e-03
7.173010380622834962e-03 8.910530821917810994e-04
4.245325355273005773e-03 1.907267579046720979e-03
-1.949321912919341421e-03 3.223853211009176760e-03
5.246699096594860216e-03 2.211503623188407208e-03
3.666904932094353867e-03 2.278973889143381861e-03
1.292597765363130875e-03 4.045038535645474956e-03
5.391363947909530094e-03 2.263169949610631219e-03
2.713188220230476708e-03 1.924717145343779164e-03
4.151422764227640470e-03 3.303614457831327393e-03
2.179775280898877191e-03 1.655111111111112624e-03
1.800802139037434562e-03 1.474403470715839135e-03
6.214988644965958962e-04 3.961911052399822580e-03
2.402875175315569416e-03 2.613552266419983186e-03
4.115817091454276357e-03 3.378857669276833908e-03
1.866412213740458890e-04 3.630738073807381755e-03
1.066277472527473770e-03 2.906673114119924690e-03
1.301992031872509920e-03 3.756342747726186277e-03
3.465604634322955874e-03 3.487922705314012127e-03
4.678855901520635914e-03 3.715703971119135082e-03
2.047585724282715604e-03 3.197789806044205700e-03
6.250000000000200708e-05 2.576991942703672767e-03
3.359631821170282456e-03 1.472099202834367508e-03
1.272694262890343604e-03 2.957188644688644834e-03
2.361661585365852287e-03 3.707500000000001159e-03
1.865647364996748112e-03 1.951426024955438135e-03
2.665777439024390010e-03 2.672595520421608851e-03
2.094333102971666655e-03 2.636301681054068358e-03
1.837603878116343898e-03 2.541763341067286228e-03
4.398141529664046506e-03 2.457676722197211540e-03
3.677664974619290414e-03 4.097248134328361317e-03
3.038756983240225012e-03 3.248931116389551683e-03
2.508915834522111154e-03 3.153664809258467129e-03
4.329007633587788305e-03 1.952997275204359021e-03
3.667822468793344257e-03 3.376947754353806352e-03
4.551242236024845983e-03 2.028232758620691911e-03
1.772183763373188321e-03 1.003700478885504767e-03
3.235509660226516381e-03 3.646648044692739690e-03
1.255617977528091997e-03 3.430576824910672607e-03
5.085147247119082073e-03 1.699470432480142210e-03
6.268371757925076879e-03 2.665939922480622688e-03
7.320312500000001298e-03 -1.058667842964109234e-05
3.139845397048492224e-03 2.791565681047020620e-03
1.775238744884039812e-03 2.969014084507045313e-03
3.953405017921150680e-04 3.194951209164193472e-03
3.801759133964821482e-03 1.934692942254813679e-03
1.511014686248329407e-03 2.177827050997784356e-03
1.123172514619882921e-03 2.509832841691247117e-03
2.041172365666435017e-03 1.678702851885924665e-03
5.453703703703705399e-03 1.330950378469304522e-03
2.990288010716676045e-03 2.290447897623402833e-03
2.148687012065297799e-03 3.551685393258429899e-03
3.656813266041815825e-03 3.811224489795918442e-03
1.080414581844173997e-03 4.807021677662583030e-03
3.285147801009372526e-03 1.918246944795619748e-03
4.729639519359155292e-04 2.273636363636362227e-03
-1.392694063926940657e-03 3.066205974141775724e-03
4.064070351758798660e-03 2.882101665954721684e-03
2.475757575757574734e-03 1.817579908675798607e-03
6.381328073635767102e-03 1.424898511502031666e-03
3.822971948445794653e-03 3.022737405260813356e-03
3.214285714285717373e-04 2.157293497363797080e-03
4.255411255411253521e-03 2.973554127533369496e-03
2.543000000000001856e-03 2.264238410596028980e-03
1.757906626506024195e-03 3.000880669308679267e-03
4.693359375000000916e-03 7.899912587412607091e-04
2.907407407407407163e-03 1.812702828001856552e-03
3.938350983358548420e-03 1.718405988551300386e-03
4.560218978102190818e-03 2.285683297180046356e-03
1.947332421340629022e-03 2.509722222222223083e-03
2.544061302681991689e-03 2.540019286403087141e-03
2.808525033829500483e-03 3.063115487914061519e-03
4.963094393186658938e-03 3.362696629213484355e-03
2.068691250903832539e-03 2.833940774487472489e-03
3.516678248783882028e-03 1.321788990825689680e-03
3.898242055442868292e-03 2.241409691629956628e-03
6.214732453092427882e-03 3.310185185185188141e-03
2.717178314826910416e-03 2.785537394749878874e-03
1.391891891891891640e-03 2.230769230769232350e-03
3.471193415637858354e-03 2.524850437183619525e-03
3.001831501831505981e-03 3.189774696707107626e-03
1.863576158940396903e-03 3.176616915422887828e-03
2.273003802281369379e-03 2.283318223028106726e-03
1.446793997271486783e-03 1.986693730266127830e-03
3.869283276450513794e-03 2.842558139534887354e-03
5.104196301564724661e-03 2.030093734583128876e-03
4.789015405224389833e-04 3.020360944007404510e-03
3.735602094240840151e-03 3.194301728164410364e-03
2.266911764705882310e-03 3.285298072613181825e-03
1.926804812834226853e-03 1.953171562366967737e-03
2.458249158249159461e-03 2.552666965486331384e-03
5.455333333333332001e-03 1.538748832866480582e-03
4.319973718791067095e-04 3.061787905346190219e-03
5.165932452276065373e-03 1.611839026672908567e-03
2.836862745098041750e-03 9.537483559842199971e-04
3.848982271831911939e-03 2.228078358208957378e-03
3.514993026499305031e-03 2.791723202170966894e-03
5.545787545787569158e-04 4.441126279863499664e-04
6.215719063545153272e-03 1.924964605946203515e-03
3.870637329286797171e-03 3.580791989076016237e-03
6.646769662921369129e-04 3.679552175749896837e-03
2.934782608695653706e-03 2.886383537653242851e-03
5.283977110157370670e-03 2.850810081008101765e-03
3.634065934065934533e-03 3.181109185441943592e-03
4.234623358673117975e-03 8.654441007512160078e-04
4.027106466361854431e-03 2.056396148555710533e-03
2.249483115093039737e-03 2.627441860465117452e-03
4.192138133725202553e-03 4.857302367128183730e-03
1.386834319526627796e-03 3.368085106382980812e-03
2.661921708185052953e-03 2.038530066815146067e-03
1.649425287356321617e-03 3.816209476309228698e-03
2.800552104899934648e-03 2.931933548684820517e-03
3.288865546218487732e-03 2.257428040854227679e-03
3.804407713498625734e-03 3.721219512195121388e-03
4.742857142857146747e-03 1.641290322580648284e-03
3.827279202279204942e-03 3.690637720488469317e-03
6.161143599740089190e-03 2.284318080852957601e-03
2.625800256081947930e-03 1.937105390966488948e-03
2.370526315789473967e-03 1.970248667850800668e-03
4.459424920127795164e-03 2.209595959595963416e-03
3.353846153846155170e-03 2.725558659217878956e-03
2.258910558170813647e-03 2.226124885215795962e-03
2.810632383599725743e-03 1.832667554371951836e-03
-1.777944486121530397e-04 2.831521739130433979e-03
6.921232876712322133e-04 2.548595117457396961e-03
3.119262603461250404e-03 3.435000000000001854e-03
3.768993839835730036e-03 2.717281105990787538e-03
4.410644910644912799e-03 3.358104969809570534e-03
3.113774476704928712e-03 2.297178130511464463e-03
6.124999999999997634e-03 3.068678915135609683e-03
2.376255380200861973e-03 2.012304779933745107e-03
2.334564254062041280e-03 2.227389078498295295e-03
3.171619613670135628e-03 2.166207529843894742e-03
6.186124082721813217e-03 2.119332763045339400e-03
2.223837209302326548e-03 1.759644560034678666e-03
7.241509433962283349e-04 2.282779720279723857e-03
3.272727272727272204e-03 1.902119981957602979e-03
8.597603946441293007e-05 4.890135577372605770e-03
2.994011976047904807e-03 1.947696737044147565e-03
3.092606149341141798e-03 2.812194036493104610e-03
2.463157894736842449e-03 2.184840425531915219e-03
2.861313868613140059e-03 1.168811668811670828e-03
1.802816901408452925e-03 2.658604452054794381e-03
4.821502412129565797e-03 3.038219424460434671e-03
9.542036910457965797e-04 9.588772845953010080e-04
2.092875318066159031e-03 2.584337349397592375e-03
3.535342261904762546e-03 2.485945485519593101e-03
3.026874115983028447e-03 2.088510042036430345e-03
3.325067934782609085e-03 2.533913431503794552e-03
1.303872579637727763e-03 3.044713656387665682e-03
3.397669337217776569e-04 2.602293577981652003e-03
-1.690721649484524223e-04 2.320882088208822431e-03
2.552911931818180498e-03 2.592477876106197721e-03
5.779591836734689720e-04 2.426158510177569335e-03
3.465185676392573862e-03 2.522590361445785096e-03
1.579286798179060014e-03 2.580207862629915142e-03
2.635992462311556855e-03 3.169216504404266492e-03
2.130069930069930419e-03 3.377935312361544061e-03
3.728837876614060024e-03 2.057926829268308605e-04
2.549305095962941994e-03 2.697301070265242882e-03
8.519434628975258370e-04 2.749211356466876519e-03
-1.060156249999997732e-03 2.408517350157731579e-03
3.470399429386593002e-03 2.936884512085946412e-03
5.355007473841557090e-04 2.587349397590363049e-03
7.225017972681545579e-04 4.296280276816610844e-03
2.119314205738281193e-03 8.631578947368434562e-04
3.739523121387288047e-03 2.785443338074921216e-03
8.670520231213850069e-04 2.505373831775702977e-03
1.209047292666209396e-03 4.422812643151655555e-04
9.914529914529933603e-04 3.195061169007704874e-03
2.516815374056279812e-03 1.997461928934011165e-03
3.201731879409881916e-03 8.105460608586935066e-04
9.795988934993091896e-04 3.103658536585368177e-03
1.900760456273763383e-03 3.423526546517295047e-03
3.729559748427672180e-03 1.617805755395684093e-03
2.569225496915694424e-03 2.616751269035535229e-03
4.632874015748032585e-03 2.404773046326625936e-03
3.809223623092236697e-03 2.819049836981836390e-03
1.977338129496405278e-03 2.416055045871560742e-03
4.856605065023956655e-03 4.702715140358951565e-03
4.092755585646580714e-03 1.325847644209601252e-03
4.089491525423728617e-03 1.822178477690289487e-03
3.286076867295143443e-03 1.959866962305988579e-03
1.642905405405406137e-03 2.751369863013701338e-03
9.063604240282683785e-04 3.223305704534377546e-03
3.230843528654218227e-03 1.372380553227159914e-03
4.458244869072893607e-03 1.620055197792089801e-03
2.097916666666665465e-03 1.584694353709753751e-03
-2.651715039577812942e-04 3.674835886214445138e-03
4.262861169837918636e-03 2.817178502879080001e-03
1.970091484869812039e-03 2.057805907172997970e-03
2.007801899592944004e-03 2.798401826484020385e-03
-3.731343283581987268e-05 2.929914912673534447e-03
2.326595744680851150e-03 2.667354424575886420e-03
6.146846254927723976e-03 1.651418115279049961e-03
2.273982056590753264e-03 1.883588621444203448e-03
4.535450516986705947e-03 1.563432835820897969e-03
4.930933137398970864e-03 3.826300984528835120e-03
3.244573082489150655e-03 2.001963350785340278e-03
2.307147912243453364e-03 2.773840206185568258e-03
3.964458247066943858e-03 3.405097860719165804e-03
3.249179251477347236e-03 2.014628297362110708e-03
2.490406753645435251e-03 2.112292051756007021e-03
2.764459930313589546e-03 3.002834199338689017e-03
2.803484107579463317e-03 1.335805084745764464e-03
6.404728789986110973e-04 2.143333333333336498e-03
-2.550335570469502769e-05 2.393583370989608300e-03
2.944190600522192478e-03 2.067290145985402425e-03
1.708923512747876705e-03 1.848827642945291994e-03
2.283803326102677028e-03 2.150818222025654893e-03
1.946905537459283969e-03 3.158418131359856662e-03
2.623021582733813580e-03 2.625996457041632204e-03
3.652475247524755546e-03 2.265670910871695354e-03
7.978181818181800293e-04 2.829990884229719068e-03
3.331304935767409950e-03 2.361235452103852342e-03
8.098484848484844428e-04 3.338095238095239829e-03
1.591720199857248942e-04 2.227313974591655071e-03
3.297841726618706750e-03 2.430307539682541318e-03
2.340687865022713331e-03 2.242935278030994649e-03
4.461914744933638413e-04 2.866610025488530895e-03
3.590141796083727837e-03 2.268276173285200051e-03
3.539403973509936286e-03 2.377013495864172075e-03
3.146888567293776653e-03 3.498413417951044563e-03
2.666180758017494025e-03 2.746635730858470840e-03
1.964104423495285651e-03 1.745758718190388702e-03
4.417946927374302203e-03 3.155990783410138421e-03
2.198026315789474924e-03 3.140545144804090822e-03
2.109133646742781306e-03 1.470562195661799174e-03
1.542609853528628542e-03 1.734734513274337675e-03
4.085794655414910510e-04 2.740198393953712213e-03
2.024407753050966839e-03 3.209286047596829686e-03
4.349966055668701669e-03 2.598500000000001850e-03
1.635067712045614992e-03 2.838269863657734773e-03
2.372085048010974875e-03 4.890535372848949305e-03
2.890415785764625153e-03 1.260446834919324135e-03
1.343793584379359167e-03 3.479916897506927717e-03
3.509097270818753792e-03 4.075401999130815606e-03
1.473922114047289964e-03 1.959813084112150324e-03
3.981732070365357617e-03 2.487161531279178956e-03
3.503909026297080220e-04 2.759681583476764240e-03
1.370078740157479411e-03 3.286053540587220972e-03
2.167872648335743540e-03 2.073310972688071664e-03
2.045363575717144659e-03 1.958128078817733975e-03
2.054640718562874072e-03 3.002337540906966674e-03
1.969283276450509244e-03 2.655432372505545178e-03
1.220488466757123878e-03 2.752466367713006165e-03
3.090613718411551469e-03 2.929334628460420874e-03
2.341522491349482763e-03 1.723073555166375640e-03
1.950224791265254025e-03 2.773835437527212046e-03
4.109799713876969608e-03 3.510204081632655772e-03
2.672964169381110162e-03 2.489518287243532805e-03
2.403430749682336411e-03 2.318501170960190604e-03
3.533909149072295749e-03 2.718056787932566359e-03
5.354267869535045757e-03 2.340981372103590353e-03
2.789676966292134897e-03 2.995813133539006624e-03
4.178798586572443456e-03 1.854091726618705511e-03
2.141768292682926563e-03 3.307762557077626765e-03
4.078839590443683431e-03 1.381470204436713095e-03
4.324980422866093674e-03 1.123734037868782476e-03
3.140889830508477101e-03 2.194831460674157193e-03
5.207933461292372232e-04 3.073176361957527265e-03
2.774145616641899431e-03 2.771247357293869958e-03
3.022619851451723624e-03 1.897579560735097176e-03
2.514035087719298373e-03 2.615673289183225760e-03
1.296296296296297560e-03 1.205040871934604917e-03
4.057624736472240957e-03 1.963636363636364884e-03
2.983176838810638280e-03 2.637914691943128546e-03
-8.320284697508912447e-04 4.016568315932820578e-03
2.659253945480630297e-03 2.046274872744101216e-03
5.017933130699090034e-03 2.679342492639843771e-03
4.872701555869900572e-04 2.248683055311677999e-03
1.818085106382978265e-03 1.703729281767956153e-03
4.248380129589634548e-03 2.460610200364302634e-03
1.736315086782376418e-03 1.383928571428573711e-03
5.433192686357246094e-03 3.183870967741935735e-03
4.798018292682945727e-04 2.902723735408562020e-03
4.114028776978417845e-03 2.104630049931912900e-03
4.179504814305365010e-03 3.268349696119682551e-03
5.390145985401460782e-03 1.712561466249444900e-03
5.415549597855227534e-03 2.369672498878423132e-03
9.823333333333328886e-04 3.235206364992542719e-03
4.689459639759841446e-03 2.184598698481562788e-03
3.184842249657066516e-03 2.240121580547113720e-03
2.074549237170598883e-03 1.852312390924958693e-03
9.891304347826087445e-04 1.541481810115351899e-03
2.970976253298153458e-03 1.532139577594126027e-03
1.747180451127820083e-03 1.998732572877061787e-03
2.576319095477387806e-03 2.540789473684212842e-03
3.674236783320924613e-03 2.684504420660775627e-03
3.658536585365855173e-03 4.140788224121558399e-03
5.324046920821115352e-03 2.325596816976128762e-03
1.972454672245467847e-03 2.930390865173475995e-03
3.997041420118340946e-03 2.289817842129848909e-03
2.327968526466381478e-03 3.970405727923627393e-03
1.062416107382549522e-03 3.941087613293054598e-03
3.048587181254309043e-03 2.791876046901175211e-03
2.053287197231837193e-03 2.703832752613241457e-03
1.836005830903790796e-03 1.947621335896204588e-03
3.144957983193279703e-03 3.198949291914118288e-03
3.137140902872777477e-03 2.816674451191034535e-03
3.194233687405160019e-03 1.922432789775233020e-03
3.177954388389772362e-03 3.416592526690393535e-03
5.395112016293280612e-03 2.399437412095640088e-03
3.103566529492456701e-03 2.371597096188749702e-03
3.273191823899373153e-03 3.163465935070874317e-03
-6.335516739446877014e-04 3.087347931873482727e-03
8.228228228228237282e-04 4.543646944713874113e-03
7.835157318741443324e-04 3.274288296430186151e-03
3.590185676392572672e-03 2.410147518998660959e-03
3.958919319022948663e-03 2.285545583372697743e-03
2.177844762622457332e-03 1.747824095281723736e-03
2.748259052924791144e-03 2.742395437262359903e-03
2.246478873239437461e-03 3.105810108644308475e-03
3.304172767203515746e-03 3.568213783403660286e-03
2.335203366058920043e-04 3.061944937833038696e-03
1.724474474474474613e-03 3.586577181208054285e-03
1.381723914452368277e-03 2.462912087912089761e-03
9.638041163946047462e-04 2.999767981438517233e-03
3.497307692307692357e-03 4.110545790934318211e-03
4.380766501064586871e-03 3.225499524262608747e-03
3.403321033210331571e-03 3.555919615552644714e-03
3.480442804428043099e-03 3.423344140805931191e-03
3.839038841342991282e-03 3.056782334384858853e-03
2.173064619321815345e-03 1.913274336283188543e-03
2.118620689655173559e-03 1.682854537163706215e-03
1.807444523979955626e-03 2.084858188472096200e-03
2.732708468002584528e-03 2.959274015050909323e-03
1.070367979341511552e-03 1.888330419580421101e-03
2.614060258249641805e-03 3.656849315068495376e-03
4.023255813953489565e-03 3.354687500000000031e-03
2.686774941995360034e-03 3.028447883477470952e-03
2.362220717670956462e-03 1.278564899451555600e-03
1.175775480059084496e-03 1.154480606330808524e-03
1.451368876080693206e-03 3.211546936976643427e-03
2.189388615600843749e-03 4.417155756207676205e-03
1.496195307545974658e-03 1.728313518273889068e-03
2.799774605559728763e-03 3.741820768136559436e-03
3.220955882352944787e-03 3.391244870041041672e-03
2.235197368421053179e-03 4.618544600938968327e-03
2.010232886379674337e-03 3.454925241864557212e-03
-9.381980640357419918e-04 4.041060534960114366e-03
3.494193989071038651e-03 2.539617486338799617e-03
1.404175222450375739e-03 2.926267281105991540e-03
3.505726556907657818e-03 1.367714025500911621e-03
7.167042889390538634e-04 3.563063063063065181e-03
2.188472418670439797e-03 2.837641723356011496e-03
2.748039914468996484e-03 1.953418999541077245e-03
1.055058499655885020e-03 2.736159929701232393e-03
2.473029045643153605e-03 1.071526508226692664e-03
-6.357093899931438256e-04 2.080123948649846306e-03
2.870050395968321358e-03 2.000921234454171912e-03
3.430508474576275061e-03 2.083885209713027490e-03
5.909792085848422638e-03 1.836947094535996451e-03
4.707924263674617346e-03 3.537661737523106927e-03
3.848652384243263658e-03 4.108552631578948552e-03
4.407523510971787448e-03 2.078078817733991761e-03
3.735749472202672811e-03 1.933600713012480384e-03
5.209960159362549657e-03 3.193400770712911778e-03
6.576734407848629314e-04 1.730670653566853973e-03
4.411295681063123406e-03 2.329951477723865919e-03
1.658854166666665899e-03 2.058390804597702052e-03
1.370346598202833611e-04 3.981015553522417212e-03
1.280963302752294568e-03 2.104070305272896790e-03
2.154642618570476106e-03 1.556288659793816009e-03
2.929036929761057086e-04 3.780356305672761316e-03
3.424286546301689993e-03 2.333919929608448216e-03
2.649052478134111127e-03 3.978375992939099139e-03
1.249490835030548632e-03 2.415331312256391479e-03
3.658562367864693320e-03 1.960775473399460796e-03
2.003580729166667181e-03 2.432670060157336202e-03
6.113013698630134253e-03 2.196153846153846376e-03
1.068075117370893747e-03 8.177530017152677411e-04
2.581733951025812906e-03 3.684807781380271697e-03
-1.413669064748162717e-04 2.084670231729057223e-03
8.162027123483244547e-04 2.830891856958210866e-03
7.441700960219496674e-04 2.204647006255586877e-03
3.388930722891567420e-03 1.606496519721579150e-03
5.100076103500762043e-03 2.124536178107607875e-03
2.736274509803922946e-03 1.601085481682500231e-03
2.030102790014685389e-03 3.244594594594595732e-03
2.775912408759125677e-03 3.897144240077445726e-03
3.329005699810007584e-03 1.453384418901662763e-03
2.242246726395592804e-03 3.113891487371377338e-03
2.155462184873951133e-03 1.545733144743046631e-03
4.457924263674619726e-03 2.086839749328559760e-03
3.119887165021154301e-03 2.890375586854462744e-03
4.545145960624616421e-04 3.615522655899508671e-03
-5.781584582441011964e-05 3.308255659121175137e-03
1.994897959183671542e-03 1.612230215827339160e-03
3.098076923076926482e-03 3.787383177570095415e-03
5.504498269896196568e-03 2.736969111969113355e-03
2.526690391459242912e-05 3.785217794253940404e-03
5.018707482993197376e-03 1.992564218116271192e-03
9.955522609340246298e-04 1.787243735763098876e-03
2.354291417165672341e-03 1.957948040510789321e-03
1.690056417489423134e-03 3.509875976113919702e-03
4.124677002583978375e-03 1.826320309145558528e-03
4.094479830148621546e-03 1.057256990679095307e-03
3.360381077529567360e-03 2.898845265588916465e-03
2.855692530819433500e-03 2.241595584545912415e-03
1.451992161985632846e-03 2.472682489923871789e-03
1.164157706093188558e-03 3.143538388173582228e-03
-2.859237536656808619e-05 2.271224307417337752e-03
3.532196969696969457e-03 2.700930232558141839e-03
3.017909356725148162e-03 3.006898192197908232e-03
1.304894179894182252e-03 1.595062797747944265e-03
2.635341074020320067e-03 3.702349290780143198e-03
2.196486662329214575e-03 1.497151621384752197e-03
2.273178807947021617e-03 2.385207353569901954e-03
2.761340555179419946e-03 2.540051679586564741e-03
5.023054755043229215e-03 2.347457627118647652e-03
3.464420893262680577e-03 3.631917938931298728e-03
7.130497476568142768e-04 1.986436781609197347e-03
1.608167770419425928e-03 2.208274894810660118e-03
3.465381870092798825e-04 3.098575367647058744e-03
1.103878116343490158e-03 3.523611111111113643e-03
2.374066530889342667e-03 2.294848206071758989e-03
1.429457364341082774e-03 4.417475728155342146e-03
4.495234853641934779e-03 2.737261852015952963e-03
3.055997349237908091e-03 3.949543279686843151e-04
4.359015345268540259e-03 2.639886578449908774e-03
5.109530112508271944e-03 2.581395348837211504e-03
3.792656587473003989e-03 1.982988505747127969e-03
3.159443990188065716e-03 3.463940193491646738e-03
3.562073669849930100e-03 1.831756756756758959e-03
8.542524005486964306e-04 4.488194444444443092e-03
3.677050222504767932e-03 9.354124748490954232e-04
3.981418918918921447e-03 1.842749529190208877e-03
3.016337644656227716e-03 2.308766859344895880e-03
1.771388499298738465e-03 2.203083109919571920e-03
5.187329700272478097e-03 2.742911153119094447e-03
-1.167143879742302921e-03 1.880501760563382590e-03
2.622289972899731134e-03 1.629099307159355631e-03
1.014840989399293323e-03 3.440589569160997386e-03
3.756856187290971184e-03 1.394239226033421172e-03
2.507257448433920788e-03 2.289207048458151688e-03
3.575318246110326635e-03 2.201028622540253995e-03
2.555339049103664065e-03 3.730683340777133337e-03
4.795133991537375677e-03 2.034130434782611269e-03
2.289804469273741278e-03 2.021314387211370356e-03
5.307720588235294822e-03 2.723153602174910597e-04
4.181670984455959639e-03 1.795198961937717001e-03
4.668330955777462432e-03 3.822443181818183794e-03
2.523323615160353271e-03 3.014973958333335216e-03
4.298679867986801052e-03 2.435357917570502625e-03
1.685456971314209726e-03 2.555655700766112232e-03
6.644460028050503146e-04 2.639460448102424247e-03
1.545929798356983310e-03 3.279906542056076641e-03
3.763481228668943968e-03 2.498825187969926608e-03
3.780038759689925004e-03 2.367254528122019700e-03
2.728580990629188904e-03 2.506279774794285299e-03
8.734087694483753462e-04 3.361468764902242074e-03
1.438747419132829341e-03 2.953603391427226960e-03
1.567446662078459882e-03 1.508211678832118091e-03
4.907912687585263417e-03 1.927043726235743446e-03
5.800262812089360641e-03 2.760199456029013669e-03
1.657841823056300807e-03 2.044950738916260450e-03
2.646812620734064099e-03 2.663510392609702137e-03
3.824903969270169058e-03 3.296506137865911658e-03
-2.186440677966114941e-04 2.698748796920117949e-03
3.013166779203240841e-03 1.527152317880795408e-03
-2.055941358024690989e-03 3.439045936395761661e-03
1.038841807909606169e-03 1.199525452976705738e-03
3.389504804138947919e-03 2.683953488372095575e-03
2.513636363636361556e-03 2.330913348946137172e-03
9.306647605432477295e-04 3.438032166508989042e-03
3.112033195020747541e-03 5.529387244685308447e-04
1.418434528163861922e-03 4.669004207573636267e-03
1.227240896358545432e-03 3.590430402930404677e-03
4.500718390804616547e-04 3.213235294117648255e-03
8.053830227743285488e-04 2.964027040077259374e-03
3.848402447314754581e-03 2.297833102812356278e-03
1.494871794871793650e-03 3.455756422454805878e-03
3.148989898989901226e-03 2.762032085561500361e-03
3.845302013422819375e-03 2.695825515947471596e-03
3.214179658500372020e-03 1.768243243243245496e-03
2.549624060150375900e-03 3.320451584889277941e-03
1.822016460905351298e-03 3.461848341232229981e-03
2.059177888022678971e-03 4.890979147778785896e-03
3.036454610436025141e-03 3.476516187870498913e-03
6.412471825694941990e-04 1.850338600451470212e-03
7.035398230088481253e-04 4.108561967833492326e-03
2.945567144719687253e-03 1.698539176626827525e-03
3.138793694311174057e-03 2.028193832599119173e-03
2.315677966101698133e-03 2.423484119345524837e-03
9.787630402384533100e-04 1.785109228711547532e-03
-1.396718866517526053e-03 2.854405286343613714e-03
5.830318379160639650e-03 1.568378009995459151e-03
3.709120521172636943e-03 1.304697986577182424e-03
3.772820163487740353e-03 2.756990679094542280e-03
2.175324675324679605e-03 1.691122071516648921e-03
3.148596938775513089e-03 1.723962930273611289e-03
1.570830425680391600e-03 1.810873605947956478e-03
3.121781489213639339e-03 2.576512455516015519e-03
2.385653409090911486e-03 3.981258366800536665e-03
-1.036334405144693485e-03 3.483518930957686492e-03
3.478537894030853551e-03 2.472029588534443989e-03
4.003703703703705933e-04 2.887494078635722064e-03
4.829219479653103740e-03 1.559166293142090964e-03
1.268910478834145341e-03 3.041377816291164059e-03
9.818111455108353373e-04 2.379982285208151038e-03
2.292977322604243529e-03 3.446428571428573374e-03
-4.854039375424296917e-05 2.914735866543095855e-03
3.287089871611984827e-03 2.843123861566485607e-03
4.305433186490456761e-03 2.599605089951735355e-03
2.295586107091171502e-03 3.764344262295084721e-03
2.499339933993401878e-03 1.084064665127021203e-03
4.337285902503294939e-03 2.078596037898364831e-03
1.293745346239763214e-03 2.373645426961424731e-03
1.099443671766343585e-03 2.748622589531680462e-03
1.776354319180089647e-03 1.834862385321101453e-03
2.428668941979524043e-03 1.579072790294629809e-03
8.930536451169200510e-04 3.381859410430841303e-03
3.668485675306957898e-03 2.089300758213986486e-03
1.346603360116874291e-03 2.004478280340349534e-03
6.594890510948919629e-04 3.211121365943703232e-03
3.387955182072829689e-03 3.223026623073332441e-03
3.462989840348330503e-03 2.119801084990961034e-03
3.061907770056856385e-03 1.568657367044466212e-03
5.924324324324326853e-03 1.018390804597702143e-03
2.694693314955204453e-03 4.043672014260252592e-03
1.961387434554974236e-03 3.029465509365007053e-03
8.060224089635843400e-04 3.818369453044379632e-03
-2.993348115299304790e-05 2.316105214582373732e-03
3.838223632038076589e-04 2.028949730700182596e-03
2.794920394238058214e-03 2.411241217798598766e-03
5.107665505226480392e-03 1.469306049822066262e-03
4.268693221523409478e-03 3.021790065604498723e-03
4.159329829172143077e-03 2.084066697545159958e-03
8.552368245497011905e-04 3.154489436619720751e-03
2.434491978609628227e-03 2.759405074365706666e-03
3.262071378586424864e-03 1.813351498637604236e-03
1.502021563342318409e-03 1.934304932735426193e-03
1.968424962852896240e-03 3.141304347826088389e-03
-1.936572199730086051e-04 2.504385964912282918e-03
2.921376811594206171e-03 1.588684328693312081e-03
1.837001375515818309e-03 2.319691300280638489e-03
2.806496199032477903e-03 2.412152935821579823e-03
4.404795991410167047e-03 2.796963946869071831e-03
3.152456647398847300e-03 2.289800443458983766e-03
5.871934604904621279e-04 2.097826086956523263e-03
3.624910778015705531e-03 2.653775322283609666e-03
2.198888888888890416e-03 3.562299587723320206e-03
7.836956521739157260e-04 2.988797931925897197e-03
2.351971326164874632e-03 2.378521939953811160e-03
1.462249614791989770e-03 2.635160241523457590e-03
1.692775393419172119e-03 2.381712962962965682e-03
3.512454212454213433e-03 3.325244785014901810e-03
4.390574564234992448e-03 2.383948421520677187e-03
1.080720480320193660e-04 3.658740642888598862e-03
2.438768369489151527e-03 3.356299212598429400e-03
2.805650102110280545e-03 2.047462406015038323e-03
3.780519480519484426e-03 1.643750000000001764e-03
1.702618883528600902e-03 3.692929759704254977e-03
2.937928669410150382e-03 2.801926691729325018e-03
9.290882778581762520e-04 3.167355371900830614e-03
8.594704684317736043e-04 2.857572950440018852e-03
4.114568599717115249e-03 3.015822784810129244e-03
1.679089709762531879e-03 1.554856115107915897e-03
7.758741258741272753e-04 3.151528776978420199e-03
4.392312789927106144e-03 1.494399641577063816e-03
1.236419280795715775e-03 4.932318501170965611e-03
5.663738580463809590e-03 3.553291536050157910e-03
2.235986159169552675e-03 1.986267447095904897e-03
1.764333333333334766e-03 2.459809264305179606e-03
1.203961084086171756e-03 1.778803869832896708e-03
3.854022191400833033e-03 2.894712430426716644e-03
4.864141765114664978e-03 2.433895921237696092e-03
3.882853403141363520e-03 1.974085365853659856e-03
1.677023121387282096e-03 2.472497745716865144e-03
3.008815232722144260e-03 2.643518518518519437e-03
6.129604822505020992e-03 3.196478873239439085e-03
1.405667412378823564e-03 1.407548012505586846e-03
1.415287888815356700e-03 1.786888701517708438e-03
2.914961185603383992e-03 2.743649449618967839e-03
2.537900874635567582e-03 3.058796508957283347e-03
2.125269203158650869e-03 2.534972924187727135e-03
3.375168236877524545e-03 2.840087145969498027e-03
2.057382550335570479e-03 2.795518207282916400e-03
3.011111111111111974e-03 2.694444444444445922e-03
4.184475806451617291e-03 3.785840707964602259e-03
-5.611847233047593343e-05 4.060172570390553279e-03
2.463117606123870190e-03 1.885356454720617421e-03
1.209543568464733175e-03 2.891571553994732365e-03
3.597491039426525383e-03 1.866637706342312531e-03
1.773427041499330828e-03 1.008388520971304544e-03
2.212915129151292286e-03 1.756279267773523537e-03
1.323986486486488116e-03 3.130321459600350544e-03
1.383366467859509837e-03 2.627707581227438100e-03
-1.368731563421828057e-03 2.394840402273721788e-03
4.392189586114821076e-03 2.894725464764376626e-03
5.271231073074393245e-03 3.754184600669539969e-03
-2.492657856093967970e-04 2.219347826086959675e-03
2.512627986348123319e-03 2.873773416592329249e-03
2.335544692737432683e-03 4.482523831139381470e-04
4.633356305995868334e-03 2.029864675688289755e-03
2.328448892065760993e-03 2.775312066574205181e-03
4.517712177121774829e-03 2.279740608228982088e-03
2.055592991913746202e-03 2.932413136601621541e-03
4.451211305518170715e-03 1.459281164695179359e-03
1.848126232741618578e-03 2.900461893764437471e-03
2.122912491649964466e-03 2.228786496350366152e-03
1.373161764705883164e-03 3.444045911047347985e-03
2.267515923566879987e-03 2.873363431151245654e-03
3.661924119241194171e-03 1.775869380831212934e-03
4.867369186046510525e-03 5.393131495707196655e-04
8.468286099865095630e-05 2.265873015873016288e-03
2.691474493361285542e-03 3.576155717761559522e-03
2.820334261838440548e-03 2.302474591250554693e-03
-4.401530967292975171e-04 2.791103358046227723e-03
2.681168427594778862e-03 2.031235750113997984e-03
1.258928571428574250e-03 2.300606848721284837e-03
2.647829083390766929e-03 3.075417766051014284e-03
2.910164638511096667e-03 4.017109410175596224e-03
5.616414835164839324e-03 1.058398950131235298e-03
1.275606469002693978e-03 2.968152866242041148e-03
2.671874999999998904e-03 1.878091872791519314e-03
3.980782918149469198e-03 2.340640070144674525e-03
2.528295376121463683e-03 3.223596995139198923e-03
2.090543259557343329e-03 2.858202443280978555e-03
4.104038329911018600e-03 1.549054905490551259e-03
5.927449513836955406e-04 3.341903473161931745e-03
6.413678618857903205e-03 2.433544303797471279e-03
2.312125748502994339e-03 2.478624944909654012e-03
4.617897727272727432e-03 8.003731343283594733e-04
4.849965108164689363e-03 2.370327102803741846e-03
2.178867403314918919e-03 1.394544673539521414e-03
3.652040816326533774e-03 1.594517543859650180e-03
3.480579096045197541e-03 2.540821142048137540e-03
1.785569790964261624e-03 2.478414096916300470e-03
1.448238677210640342e-03 2.823405253283304238e-03
1.882311977715877237e-03 1.770640269587196508e-03
2.102638352638353404e-03 2.659777055271715911e-03
1.841508052708639483e-03 2.943713118474808235e-03
1.526810584958217904e-03 3.508399209486167715e-03
3.559573002754822749e-03 2.059182714889622873e-03
4.237092391304348761e-03 2.195273061037173769e-03
2.680707395498393205e-03 2.931422018348625504e-03
6.527777777777794659e-04 2.651548672566373787e-03
-1.793639053254440980e-04 1.266756032171583281e-03
1.126013264554164093e-03 3.806513409961687078e-03
3.904885270170244116e-03 3.747905027932963828e-03
3.558785942492015495e-03 1.150374181478017741e-03
5.403028118240808461e-03 2.272823779193207990e-03
1.833215547703182088e-03 2.722661396574441606e-03
8.811976819059905630e-04 2.879794826048173197e-03
4.377822045152726139e-03 4.875122189638318899e-03
2.518131101813111603e-03 1.992869490060503873e-03
1.652936689549959698e-03 2.699510676156584733e-03
2.395921237693391954e-03 3.317744154057772257e-03
6.754751461988305929e-03 3.344977168949775023e-03
2.606966707768186564e-03 2.980009086778738318e-03
3.755182273052182999e-03 2.609262589928058439e-03
-3.605177993527496050e-04 3.285979572887652318e-03
2.646801346801347030e-03 1.772530120481930014e-03
2.609985528219972099e-03 2.170149931849161325e-03
4.123834886817577539e-03 3.211017740429506374e-03
2.095238095238097925e-03 2.533318525099958855e-03
2.045945945945944807e-03 2.667200365965235759e-03
8.817857142857139655e-04 2.438074398249454825e-03
2.960283687943262871e-03 2.312443026435736376e-03
3.130402930402930058e-03 2.643559928443649405e-03
2.026509572901326762e-03 3.968610863757792741e-03
3.214748201438852055e-03 2.097588209021885794e-03
-7.747918243754726595e-04 2.357972309066552578e-03
