-9.777260638297853666e-04 2.351102941176471707e-03
-1.174157303370784548e-03 1.981608730800323622e-03
-3.025016458196164767e-04 1.704384133611690265e-03
-3.282252316464682519e-04 -5.590969455511295020e-04
-3.106439393939393594e-03 2.739514348785889570e-04
-5.061874999999994330e-03 3.167235494880547148e-03
-4.158638407193319085e-03 -1.728274173806610510e-03
6.960716747071351164e-05 2.317043121149896939e-03
-1.472666666666662492e-03 -3.260497000856896915e-04
1.131023102310233083e-03 -5.283505154639159306e-04
-1.318057455540350099e-03 1.931799336650082263e-03
-4.369888475836428143e-03 8.985879332477533354e-04
-5.969999999999965135e-04 -1.184433164128504537e-05
-6.452843273231577111e-04 1.737989323843416607e-03
-1.146594982078847627e-03 2.015118790496748505e-04
-8.353135313531340894e-04 7.107843137254922028e-04
-3.477321814254850517e-04 5.490036600244012919e-04
1.435997400909709890e-04 8.999576091564219765e-04
-3.769836462749846621e-03 6.253026634382563695e-04
-8.464858199753364475e-04 3.571428571428595413e-05
6.546158812136864324e-04 -1.958762886597940314e-04
1.597025016903317685e-03 1.090102086107412995e-03
-8.954727030625703416e-05 3.765699436985716448e-04
-2.165330043183219619e-03 3.984551620195947138e-04
-3.680438992898639895e-03 1.867689755288261906e-03
-5.776109215017063807e-03 -5.181746345318050725e-04
-1.569927536231880989e-03 1.107584149978696562e-03
-5.015312916111848776e-03 -2.348544453186468105e-04
2.153261557948093769e-04 9.315212810788032864e-04
-1.268702814001369372e-03 1.734163851351352634e-03
-3.356743535988816838e-03 5.029451744449475042e-04
-4.023383768913338550e-03 8.805650684931514002e-04
1.093652769135038290e-03 -5.793103448275849785e-04
-2.053727333781057464e-03 1.452540949181016982e-03
-6.328990228013009131e-04 1.714165261382800086e-03
1.104136947218263380e-03 1.016373311502251830e-03
-3.355539971949465078e-04 1.700994612515541919e-03
-4.534201954397367200e-04 2.052032520325202704e-03
-2.605351170568559385e-03 -6.544797107271990103e-04
-3.837716484926230378e-03 1.010068465565847626e-03
-9.464163822525544249e-04 6.375683634833815552e-04
-1.620363890832745993e-03 3.766707168894306145e-05
-4.946619217081813218e-04 1.818802732020889440e-03
-4.915906127770531403e-03 1.233333333333333027e-03
-3.817516110134732028e-03 7.240122746451873497e-04
-3.206196581196575374e-03 1.279916317991632675e-03
-2.712141882673939526e-03 1.524254561637739685e-04
-2.007703081232489056e-03 5.854114713216959556e-04
-2.144475920679882446e-03 9.381012128816390702e-04
-5.998974008207928060e-03 1.843562231759656150e-03
1.811357702349907168e-04 3.371739130434785159e-04
-2.808977719528176018e-03 -1.792413505627309374e-05
-1.644646211646835733e-03 -6.140756302521001341e-04
-3.853476283300842197e-03 1.278643639427127447e-03
-4.524048096192380582e-03 1.889450549450549278e-03
1.137755102040819213e-03 1.106041923551172269e-03
-5.812998160637639251e-03 -5.516383243467438188e-04
-1.177966101694907829e-03 1.222222222222222633e-03
-3.886432465172618301e-03 -7.960288808664252140e-04
-2.086218601493544135e-03 1.110868616324747630e-03
-1.361846571622536521e-03 2.998064516129032679e-03
-5.509130752373995674e-03 -6.598094413165873570e-04
1.154632152588593507e-04 1.763309946347502762e-03
-6.747881355932173770e-04 1.426669484361792412e-03
-1.574825174825171233e-03 -1.580333625987708022e-04
-3.049756437021569361e-03 9.564945878434631503e-04
-3.662068965517237869e-03 4.264957264957266840e-04
-7.567944250871037329e-04 1.901662049861496152e-03
-2.758426966292130966e-03 1.368371212121213560e-03
-3.541188386225520117e-03 9.361066878980885608e-04
-2.732002617801041963e-03 6.105748135147000613e-04
-5.923124999999997836e-03 1.010923725565350366e-03
-2.412966878083153393e-03 1.833477135461595415e-04
-2.597870879120875876e-03 6.461312026913371143e-04
-1.320466786355471581e-03 9.016393442623011527e-05
-5.481967213114732592e-04 3.514922236233716368e-03
-2.516427104722790235e-03 1.751868770764120238e-03
-6.093073593073569921e-04 1.821061643835615584e-03
-1.095386533665833372e-03 1.728565273588972056e-03
4.996817313812884067e-04 9.761904761904776099e-04
-3.993155373032166756e-03 -2.780135823429353103e-05
-4.976933073424297249e-03 2.200434782608695974e-03
-2.359326018808775849e-03 1.614963503649635744e-03
1.236877982276758789e-03 1.051777095217202446e-03
-3.910598413842822363e-03 1.490574121679519911e-03
-1.761037140854935156e-03 -1.677782409337225090e-04
8.745261561789256224e-04 -9.263775971093045304e-04
-1.464516129032246167e-04 1.101014556682841953e-03
1.078021978021983032e-03 -5.812137438643461169e-04
-3.231863442389754787e-03 2.531674208144783127e-04
-2.548036465638144846e-03 2.970057243505059338e-04
-5.269119769119763597e-03 1.559991460290351128e-03
-2.434477925718285009e-03 8.217158176943704278e-04
-2.932591623036646597e-03 1.875000000000001232e-03
-2.241710875331562932e-03 1.217629692113033789e-03
-1.041376912378301055e-03 2.220631578947368599e-03
1.712005551700211290e-03 1.314094521120870657e-03
-2.520090732339596087e-03 9.699744463373088758e-04
-2.066666666666663269e-03 6.712756467439843621e-05
-2.843999999999996271e-03 1.295424549054114121e-03
-3.252475247524747558e-03 8.936125211505930666e-04
-7.107776261937200340e-04 1.574437627811861671e-03
-1.138179436804188970e-03 -2.125850340135666842e-06
-4.165766374071571028e-03 1.678025034770516417e-03
-2.498999999999996016e-03 6.923231511254024535e-04
-1.942394822006470118e-03 -3.745812395309881132e-04
-2.080344827586201421e-03 1.824223602484472068e-03
-3.991180461329711833e-03 1.874337455830388417e-03
-1.984965034965033032e-03 1.156895723209994077e-03
-3.651098901098897512e-03 1.050925925925927156e-03
-2.314196242171186885e-03 -8.395934600088441095e-05
-2.507978723404252416e-03 1.852025586353944981e-03
-1.191841937539830617e-03 1.439080944350760267e-03
-4.772435897435881361e-04 2.807303123625164935e-03
-2.980208333333331672e-03 -6.909287257019435750e-04
-3.188175675675669618e-03 1.241039426523290524e-04
-4.329454787234037448e-03 1.036344086021506565e-03
-5.267410412440832503e-03 1.855056669572798791e-03
-2.776745675848811112e-03 1.092920353982300332e-03
-2.346938775510201865e-03 4.786379018612530139e-04
-1.822222222222219220e-03 4.371097234611964733e-04
-3.231923601637104980e-03 4.835927639882185822e-04
-5.401034928848492158e-05 7.553956834532373507e-05
1.585760517799738643e-05 8.960176991150603412e-05
-5.999365482233458670e-04 -4.414490311710186281e-04
-1.330369357045139631e-03 -2.908184461984124192e-06
-1.564935064935062906e-03 1.580721935739793423e-04
-4.729372937293697542e-04 -2.374893977947417157e-04
-2.682879377431903866e-03 -1.115241635687732810e-03
-4.036738978306506770e-03 1.255730050933786526e-03
-1.315677966101691174e-03 -4.857681038091258207e-04
-3.606258148631029566e-03 -3.161424606845509417e-04
-8.640226628895136688e-04 6.863460712752261772e-04
-2.429903057419832094e-03 8.280322307039857848e-04
-5.281292059219376729e-03 -1.128193832599118764e-03
-3.081373762376235156e-03 4.666257166257168016e-04
-4.468657817109140777e-03 8.429241261722072260e-04
-1.845514950166109126e-03 7.866694525699957337e-04
2.153015873015875180e-03 -7.137570744449276295e-04
-1.858636977058026598e-03 1.714130905938447648e-03
3.264266304347838532e-04 7.856532877882158733e-04
-3.322184300341292796e-03 -3.416259440248782574e-04
1.434727503168572137e-03 -8.954754922496860683e-04
-1.563250883392225008e-03 9.240532667498968945e-04
-3.965223562810499952e-03 7.968939088342061501e-04
1.383601756954649009e-04 1.894124605678233330e-03
-1.949175824175820512e-03 2.902346857597454515e-03
-1.435870331219167876e-03 -6.249463288965222433e-04
-3.262751677852346235e-03 8.158002455996737250e-04
-4.918144611186858013e-04 2.447547974413644828e-03
-2.807901907356944587e-03 2.832213355732884647e-03
-4.540951122853365170e-03 2.150468883205457118e-03
-1.344744121715074365e-03 -9.985349518627031646e-04
-2.868874172185427365e-03 7.337364470392006028e-04
-3.266257668711652733e-03 3.659836065573762211e-04
1.149784482758623490e-03 -1.225756910925843374e-03
-2.647404844290654653e-03 1.703382663847780596e-03
-3.784536082474219965e-03 1.987445887445887186e-03
-1.754001391788445477e-03 6.422193877551034963e-04
-2.494113573407202421e-03 7.908142799839558684e-04
-4.039440203562336303e-03 5.165896682066356636e-04
-3.112146307798479943e-03 -7.993786063027067193e-04
-3.299999999999995645e-03 2.025981996726677805e-03
-2.925850340136050207e-03 1.321197759586384760e-03
-4.700911640953712306e-03 5.025873221216042158e-04
-1.252206381534281664e-03 -5.533195020746884980e-04
-2.427150192554558116e-03 2.000866175833710076e-04
-4.979761114797603798e-03 1.452620545073375711e-03
-3.858721624850652409e-03 1.204025423728814683e-03
-1.012839325018339903e-03 3.027504105090312410e-04
-2.603435672514617209e-03 1.117987152034261456e-03
-1.559066967644841869e-03 1.344196804037006872e-03
-3.026385224274402361e-03 1.619930974978430350e-03
-2.642579390797143712e-03 -1.333333333333335024e-04
-8.804635761589369152e-04 1.808316008316008822e-03
-2.827096774193543771e-03 1.543142976240099995e-03
-2.290402258292162808e-03 1.135517799352750608e-03
-9.829580036518552159e-04 -1.808294540837918941e-03
-4.953815261044173558e-03 1.413932766302146860e-03
-5.356465809072443081e-03 1.575591216216215172e-03
-3.259578544061300740e-03 1.993765586034914380e-03
-2.728267868641335876e-03 1.369546979865776920e-04
-6.835483870967683446e-04 2.017751479289943157e-03
-3.912183055040196859e-03 -3.237425404944582904e-04
-2.555555555555551368e-03 6.810957758260137267e-04
1.150778210116734646e-03 -2.740041928721172583e-04
-1.767680339462516029e-03 1.267456359102245907e-03
-5.521491782553725712e-03 2.172383465259454614e-03
-2.315024805102761530e-03 3.511148506520823075e-03
-2.654145995747656537e-04 9.276604224790748008e-04
-1.505692599620488993e-03 -8.349596945269408682e-04
6.614431486880492346e-04 1.432724252491695540e-03
-2.718538565629226127e-03 3.610197368421051473e-04
-2.708383594692397728e-03 4.750000000000004869e-04
-4.099790648988131431e-04 -2.109250398724082085e-04
-4.229259024699170630e-03 2.195187165775402006e-03
-8.300128534704349307e-04 -8.110367892976582706e-04
-2.155600268276324904e-03 8.271339075959289371e-04
-2.684986595174258285e-03 3.412401165210148207e-04
-2.626917712691767895e-03 7.878521126760560040e-04
2.893668272539577126e-03 -1.676062091503268585e-03
4.078498293515391091e-04 1.430772391125719996e-03
-9.587827426810466899e-04 6.117886178861792245e-04
-1.353431045969351364e-03 3.740522325189572024e-04
-2.597163120567371614e-03 2.043353783231084079e-03
2.096153846153884657e-04 1.381956521739130354e-03
-3.061833688699355707e-03 7.859213250517611956e-04
-3.288025889967614661e-04 4.148749451513829658e-04
-3.505906879777618418e-03 2.218128654970759686e-03
-5.406008328375961312e-03 6.722823906939418915e-04
-1.448753462603874585e-03 1.290971330765939293e-03
-1.609220297029700063e-03 -3.245322245322244535e-04
-2.651779483600456375e-05 3.952442159383034244e-04
-2.745524296675188811e-03 7.941054379410546508e-04
-8.787666433076351440e-04 -7.997881355932198733e-04
-5.131494547786734085e-05 1.707502168256722205e-03
-9.463815789473655708e-04 3.775137111517364594e-04
-3.216423637759015675e-03 2.270298260149131424e-03
-4.636566687938732841e-03 -1.614754098360656354e-03
-3.305037957211867748e-03 2.374397106109325632e-03
-5.754583921015508398e-03 4.642699602999558837e-04
-4.466154919748375969e-05 4.478476821192062490e-04
-4.338293650793649883e-03 1.461270491803278631e-03
-3.631546894031665359e-03 4.895389383959715792e-04
-3.352960745176311163e-03 -6.515807708964933614e-04
-1.310298102981027890e-03 7.150088028169021993e-04
-1.908602150537630450e-03 5.531158511083223480e-04
-4.632986111111107690e-03 1.750000000000000253e-03
-1.961488250652736361e-03 1.021710526315789671e-03
-3.566126855600511313e-04 -3.265486725663720798e-04
-1.819141449683317306e-03 8.470767888307153669e-04
-1.702693823915895927e-03 -6.126482213438608356e-05
-2.581646894626656551e-03 1.655469422911283591e-03
-9.614830813534894390e-04 1.708240534521159298e-03
-4.606089139987441620e-03 7.204486626402080559e-04
-3.218218898708360021e-03 2.905839133797370223e-03
-2.251631853785900951e-03 9.123966942148761198e-04
-5.247588424437294417e-03 3.114495798319327421e-03
-4.718632607062353893e-03 1.883499005964214650e-03
-4.611430395913150918e-03 -1.054397665694038191e-03
-4.033333333333330613e-03 1.660792951541850216e-04
-1.235868806699230412e-03 -1.446157094594593441e-03
2.720685111989506674e-04 2.266822827938672416e-03
-3.772581678411271715e-03 2.563223317616804818e-04
-3.865958858659587945e-03 7.968487394957982127e-04
-2.958007117437719616e-03 2.014526315789474855e-03
-7.462140175219017166e-03 1.796900826446280481e-03
-3.545776918117338281e-03 -3.202391118701842398e-05
-5.654919748778779003e-03 1.500996412913510126e-03
-3.390424814565068563e-03 1.475890985324948795e-04
-1.892583120204602331e-03 1.261382113821138407e-03
-2.970007593014423360e-03 3.968389577103801280e-04
-3.717642805495297801e-03 1.326354679802954888e-03
-9.792592592592554591e-04 1.126441881100264742e-03
-2.695270270270269750e-03 -4.682713347921318054e-05
-6.334507042253488540e-04 1.333863275039747073e-03
-3.191033138401555645e-03 2.131190269331016077e-03
-3.729687499999992557e-03 5.952380952380946413e-04
-2.852597402597399547e-03 8.520671834625339822e-04
2.120222376650453180e-03 -1.065755208333331750e-03
-1.203938584779703927e-03 -1.783264462809918110e-03
-8.437301082113285704e-04 -1.366243342892257181e-03
2.363669590643280478e-03 2.196153846153846810e-03
-8.018480492813121830e-04 3.865474670072383792e-04
-2.442307692307686337e-03 2.350866075200675614e-03
-2.772696011004124102e-03 2.264975951027547747e-03
-4.974374618669915801e-03 2.488440521227415795e-04
-7.570521861777120562e-04 5.126881720430110983e-04
-9.488795518207085054e-05 -3.649956024626215228e-04
-3.238219895287957999e-03 -8.892391761244223397e-04
-3.663029525032088490e-03 1.817527519051651257e-03
-3.899224806201545806e-03 7.444717444717447981e-04
5.513793103448286735e-04 3.441304347826086574e-03
-1.306657223796032835e-03 2.343411175979981560e-03
-1.893814432989687465e-03 5.606775300171523311e-04
-1.960831062670297022e-03 6.355932203389835474e-04
4.955947136563898688e-04 -5.302832244008712486e-04
-2.182183523107832524e-03 1.615832614322692748e-03
-3.322028423772605422e-03 1.679107773851591526e-03
1.609124537607895889e-03 8.695652173913201281e-05
2.505270555165163061e-04 5.628369970966404321e-04
-1.392957746478868742e-03 2.937095282146163231e-04
-2.987103174603170964e-03 8.011996572407871823e-05
-3.125632911392401802e-03 9.894781144781153708e-04
-2.670723461798509869e-03 2.388865808059832804e-04
-5.663083538083534506e-03 -2.148314606741578547e-04
1.525699414443752527e-04 1.345652173913040514e-04
-6.706666666666641395e-04 1.189390799834231447e-04
-3.689455782312918344e-03 2.774688796680499329e-03
-1.414420485175199929e-03 -1.388196176226099972e-04
-2.240488155061017960e-03 1.282120582120581864e-03
-3.427521008403358084e-03 5.653635981504849138e-04
-4.580846634281742977e-03 4.400817995910023405e-04
-2.171290711700602026e-05 1.520204262877444465e-03
-3.192955589586521023e-03 6.979298690325295507e-04
-4.382783882783880189e-03 1.768292682926820810e-04
-5.781788079470193825e-03 9.448497854077246355e-04
-2.510385756676556009e-03 5.114155251141554821e-04
-3.464709762532976710e-03 -9.705629565964773867e-04
-2.458445040214473319e-03 1.106175033318522325e-04
-2.986994219653178653e-03 8.939056939501791813e-04
7.233632862644438777e-04 9.991262560069917847e-04
-1.370947630922690142e-03 1.086830078936436381e-03
-3.762395363811974012e-03 1.941391941391937812e-04
-2.110309278350512227e-03 1.214773697694278157e-03
-1.088595360824741757e-03 1.208280254777072647e-03
-2.764477401129940455e-03 8.375212947189107681e-04
-4.298301486199571954e-03 3.373156981786644588e-03
-5.319209039548017728e-03 2.249594813614263361e-03
-1.398327759197321970e-03 5.915863277826643234e-06
-2.329966329966285190e-04 1.602495908346974031e-03
-2.626923076923072704e-03 8.530895334174030389e-04
-1.415227127319255204e-03 8.964982269503550148e-04
-1.087531486146092654e-03 3.094901456726648851e-03
-1.964407939767279232e-03 1.572861236185017992e-03
-9.398777173912984794e-04 5.482787573467670303e-04
-2.198287220026348861e-03 9.571142284569146390e-04
-3.792758620689652260e-03 1.632774591971768510e-03
-2.371969248965106157e-03 -1.037788215200682136e-03
-2.805194805194798861e-03 1.309282886053674379e-03
-2.208915502328672245e-03 1.669166666666666021e-03
-2.988264580369840752e-03 7.742634315424618907e-04
-1.677408412483033648e-03 4.046478296478294226e-03
-2.215552523874484998e-03 1.030839895013122834e-03
-3.261755485893415209e-03 7.701271186440676684e-04
-4.455872594558689002e-04 -1.835378323108384805e-03
-1.491099809281625074e-03 -8.258841818888436499e-04
-5.216666666666664592e-03 1.382942430703624961e-03
-5.080834419817466599e-03 1.192693697310317656e-03
-3.334348355663820443e-03 1.327332242225859240e-03
-4.439767282683092058e-03 -6.923564189189190679e-04
1.611413043478261914e-03 -4.327697262479738986e-05
-3.422660725652449266e-03 7.824189526184547163e-04
-5.413655848132270000e-03 1.805359937402191547e-03
-2.395788722341180618e-03 1.848187633262260822e-03
-1.519569471624264293e-03 2.128691983122360694e-04
-4.048948751642572098e-03 5.268558951965075354e-04
-5.593103448275862054e-03 6.072757337742855843e-04
-2.303822937625753155e-03 -1.442225998300750438e-04
-5.247122545700713897e-04 -4.543710021321942325e-04
-6.668882978723378275e-04 1.173913043478261092e-03
-3.113871635610760899e-03 2.813767803193783189e-03
-7.245529573590067923e-04 -1.856414613423957053e-03
-2.085927367055765130e-03 6.343847179031546647e-04
-2.360644728005348834e-04 -1.022410147991543354e-03
-2.037914691943126973e-03 3.419166666666667142e-03
-3.248881789137376443e-03 2.713790289677681794e-03
-1.912447257383964464e-03 5.162280701754390052e-04
-1.994643982356644318e-03 1.692042224928947151e-03
-3.718478260869561951e-03 1.742978723404255831e-03
-1.662527392257118946e-03 1.534945144250304859e-03
-7.213058419243968374e-04 -1.517481044650377574e-03
-6.097315436241573751e-04 1.480582524271846349e-04
-1.705098934550985153e-03 1.240709812108558999e-03
-3.785177595628410555e-03 7.444987775061132160e-04
2.577597840755769089e-04 -1.472047078604455175e-03
-1.711064129668776789e-03 3.705429497568871406e-04
-1.587778528021601462e-03 1.053114334470991445e-03
-3.320975918884663553e-03 1.081923419412287712e-03
-1.184666666666663948e-03 4.902542372881358353e-04
-1.752797202797200639e-03 -8.618668899120960313e-04
-3.643297380585515562e-03 4.736726634488809713e-04
-3.827838827838824908e-03 2.364310645724257160e-03
-2.467961165048541527e-03 2.869964973730299972e-03
-2.570289427052565093e-03 1.651712180320762937e-03
-2.396055103318721433e-03 -1.782776872964168206e-03
-5.202127659574443206e-04 -1.329651656754451765e-04
-1.226578073089695407e-03 5.272845387613690022e-04
-1.108108108108107545e-03 1.137953941541188256e-03
-2.037516600265599012e-03 2.107277289836889146e-03
-2.637976346911916612e-04 2.828860536735589883e-03
-2.647615708274893027e-03 8.315921437526124912e-04
-4.699077125906388902e-03 1.042815973651709709e-03
-1.806471686372118461e-03 1.215195246179965813e-03
-4.366603892027617721e-03 2.136613175675676577e-03
-1.713132795304445858e-04 6.098549488054613417e-04
-1.482280927835048692e-03 1.370194384449245368e-03
-2.173898750821825349e-03 1.270021413276232330e-03
-3.674718729318328814e-03 1.176919720767889829e-03
-2.552992518703215926e-04 -7.306642402183805701e-04
-3.507097232079486957e-03 8.274371069182371349e-05
9.737726967047800495e-04 -2.711483449121369644e-04
-3.172611464968149581e-03 -5.337078651685271024e-05
-5.194461729931546673e-03 -9.526938239158989474e-05
6.112266112266141142e-04 -6.465730800990909929e-04
-5.912309728656511137e-03 1.374100719424461254e-03
-2.927838357921742907e-03 -4.718934911242598888e-04
-1.848025387870234080e-03 1.564463484292126028e-03
-1.522662889518411333e-03 1.594991364421415384e-03
-7.328863796753685945e-04 -4.576450656501490134e-04
-2.070943652410044394e-03 -2.148097203117831436e-04
2.434904996481380372e-04 6.876360470178492909e-04
5.380434782608714290e-04 -3.170327393286356626e-04
-3.680077871511998333e-03 1.443676716917922888e-03
-4.544483985765120776e-03 -1.911947085572550777e-04
-1.843934911242602406e-03 4.602607232968872154e-04
-2.770745428973272941e-03 3.802197802197795711e-04
-1.697977821265489245e-03 -1.413916146297948453e-03
-3.674293405114398108e-03 -9.432799013563505528e-04
-1.740767045454541008e-03 6.581722319859398436e-04
-3.716856060606058085e-03 1.235679214402630034e-04
-1.948119777158773425e-03 1.327177840224809781e-03
-3.343247025892227744e-03 8.539187525646288381e-04
-4.352657004830915409e-03 9.391447368421049560e-04
-7.101552795031051968e-03 1.410609857978279737e-03
-2.296544428772916667e-03 9.714055577929922971e-04
-3.944125159642394504e-03 1.457899305555555814e-03
-4.957950065703018577e-03 1.506448839208942648e-03
-6.803448275862041461e-04 1.383014861995754841e-03
-4.671717171717126448e-04 1.260593220338983994e-03
-7.711038961038958403e-03 4.638214904679367214e-04
-2.210369881109639032e-03 8.980519480519478983e-04
-3.885061171925302103e-03 1.451898734177214543e-03
-3.255792110206632856e-03 2.370421974522293317e-03
-1.796343810134698850e-03 1.010787992495313552e-04
-2.702774108322321834e-03 2.721818181818184187e-03
-1.378892733564011236e-03 1.969531880548831826e-03
-3.339273235499646934e-03 4.978938500421224234e-04
-3.357815442561203068e-03 5.155022736668041011e-04
-3.041873669268982741e-03 7.441189525077685071e-04
4.198019801980228203e-04 6.744434931506841820e-04
-3.718378756114600666e-03 6.836913634370905867e-04
-8.015822784810108315e-04 2.796052631579032076e-05
-8.852739726027392380e-04 -6.774332472006891351e-04
1.744306418219466158e-03 1.238012205754139073e-04
-1.171985815602833922e-03 6.329906124273599602e-04
-5.182674199623349062e-03 2.028923862186312222e-04
1.635514018691620322e-04 1.154896013864819757e-03
-3.412234042553190239e-03 3.204592901878924220e-04
-1.029919802590990212e-03 1.456244864420706657e-03
-3.958618331053345880e-03 9.769067796610174294e-04
-2.517918676774636398e-03 1.887633525061626662e-03
-2.412437455325230559e-03 -2.009286618826508855e-04
-4.023521026372045887e-04 1.983593437374951869e-03
-4.759932659932655102e-03 -2.907423208191118658e-04
-1.022869022869020731e-03 7.035714285714286201e-04
-1.903292181069956126e-03 1.263485477178424334e-03
-1.840717299578054815e-03 -2.227926078028738717e-04
-2.045687134502920113e-03 5.089058524173107625e-05
-1.812966734555325693e-03 1.975998300764656747e-03
-3.868249837345473160e-03 7.698709945900872363e-05
-9.008528784648153764e-04 5.296038310840217155e-04
-2.280392156862741989e-03 3.545824847250527269e-04
-1.572937293729369333e-03 1.165117308543603446e-03
1.733237202595535069e-03 2.130857648099028327e-03
-1.621561338289959943e-03 -3.650793650793647755e-04
-8.624376336421933718e-04 7.453443048938935504e-04
-1.095663265306117979e-03 4.108511496571199762e-04
-8.535739070089953297e-05 2.629421915444345604e-04
-1.291478129713419893e-03 1.111347216319593257e-03
-2.420253164556959019e-03 1.662239929172204869e-04
-3.601408450704220859e-03 1.379087779690188259e-03
-9.982566248256609289e-04 -1.440823327615777807e-04
-1.824218749999998584e-03 8.383838383838382096e-04
-3.322193380921472945e-03 1.246313272220007148e-03
-1.632088520055322879e-03 1.334285714285714936e-03
-1.361111111111108730e-03 1.063414634146343015e-03
-2.432952924393721236e-03 -1.893316195372749802e-03
-3.943531827515398339e-03 1.970030185424752594e-03
-3.405673758865246804e-03 3.003207698476346673e-04
-2.903448275862065709e-03 1.399920571882447241e-03
-6.551724137931013272e-04 1.524390243902447155e-04
-2.195902228612507841e-03 1.101946041574523470e-03
2.359609609609612281e-03 1.789616346955796508e-03
-3.849703361898465189e-04 -8.099647266313924655e-04
-9.172366621067020234e-04 -1.882812499999999721e-03
-3.004690431519697110e-03 2.016186252771619281e-03
-2.903010033444814331e-03 2.780816154816997954e-04
-2.960850801479651424e-03 2.359572784810128987e-04
-1.387571839080456795e-03 3.487889983579639270e-03
-2.943408360128614652e-03 1.002782534246576688e-03
-2.429687499999994785e-03 1.262884455527848874e-03
-1.236421725239615459e-03 1.445945945945945835e-03
-2.940093708165994989e-03 1.014057910197230803e-03
-3.961565096952904264e-03 -1.158723218189759051e-04
-4.310492505353317322e-03 1.077378435517969925e-03
-4.911468812877261593e-03 -5.979809976247038930e-04
1.488451086956526191e-03 -5.542410714285704370e-04
-4.191370223978917696e-03 6.432337434094908667e-04
-1.410714285714283157e-03 1.230438521066208992e-03
1.049963794352181075e-05 2.007499999999999736e-03
-1.092605156037987184e-03 2.713684210526320180e-04
-6.652499999999994355e-03 1.519599488708991628e-03
-1.571379071379068590e-03 1.281345565749236227e-03
-2.598349381017879371e-03 1.044938719927372087e-03
-2.422888616891060148e-03 2.412339011217281767e-03
-6.394422310756942181e-04 7.340297308155902022e-04
1.272321428571431033e-03 1.841437632135321974e-04
-1.614783226723521311e-03 -1.285388127853881284e-03
-2.378755364806865464e-03 1.609945446915652702e-03
-4.004148053605612045e-03 5.335704757670086101e-04
-2.405161691542285953e-03 -1.257241677475140311e-03
-8.560753736192304756e-04 -8.158250676284934657e-04
-3.131920710868071715e-03 -7.400947459087008594e-04
-2.832882273342350599e-03 1.376949740034661730e-03
-2.034837425348371819e-03 1.379944802207912430e-03
-4.047120418848164022e-03 3.709606986899564515e-03
-7.354111405835521203e-04 -4.923847695390763494e-04
-2.710386151797599622e-03 -8.378205128205130220e-04
-7.745289148797895699e-04 -1.185609157808654638e-04
-3.931722689075630231e-03 1.877374784110535629e-03
-2.325358851674635356e-03 1.231822070145424230e-03
-3.278179626280889550e-03 6.327122153209113926e-04
-2.304624664879352872e-03 2.710266323024056092e-03
3.503196022727275878e-03 7.269111798497577875e-05
-4.360789652825049559e-03 -9.783071033602724724e-04
-1.852852852852849208e-03 1.028243601059136139e-03
-4.419376693766936294e-03 9.728940783986665458e-04
-5.666558230318800848e-03 1.864016736401671436e-03
-1.276900584795317723e-03 3.536880290205567968e-04
-3.619558154645870045e-03 7.112341772151891794e-04
-3.154697986577179470e-03 2.333537832310839284e-03
-9.762900976289684053e-05 -4.369460112812254796e-04
-3.216825396825395873e-03 2.418872758326224594e-04
-2.222810734463273163e-03 5.370370370370385581e-04
-2.459155888359425713e-03 2.260188760188759811e-03
-4.904124457308246116e-03 2.256473489519110736e-03
-1.448335644937582536e-03 1.244986922406278321e-03
-4.409704370179945258e-03 1.706860706860698160e-04
1.810305343511452907e-03 -2.377116893845509788e-04
-4.809308338720068906e-04 -8.417977528089885721e-04
-4.398560657984917563e-03 5.021340162185229444e-04
-2.289419087136925282e-03 1.901264167393199728e-03
-2.422408026755845396e-03 1.463825363825361960e-03
-3.068289384719400954e-03 1.818852804723747199e-03
3.198717948717970730e-04 1.828981723237599506e-03
-4.141375222288082129e-03 6.098039215686282830e-04
-5.734879032258060824e-03 2.211822660098520122e-03
9.854497354497393068e-04 2.167534722222221304e-03
-1.563282794990109156e-03 5.933222729158039652e-04
-2.896540252827672392e-03 1.034556313993165974e-04
-1.546407185628738802e-03 1.964238116392714572e-03
-3.697115384615382028e-03 -3.572642310960060332e-04
-3.864418444597383755e-03 1.059650617809970372e-03
-1.481732070365355180e-03 6.588211215718403494e-04
-4.278405315614613319e-03 1.196857267568747279e-03
-7.479213907785273998e-04 1.212299915754001074e-03
-3.294289897510748036e-05 -8.330571665285823766e-04
-3.937888198757758147e-03 8.577494692144421924e-05
-3.267969735182844632e-03 -1.239592760180994188e-03
-4.195607412491416527e-03 1.736180904522613422e-03
-3.652735095267361544e-03 -3.403003246753242552e-04
-5.270953757225425905e-04 1.641334941696823320e-03
5.031824611032562934e-04 -8.018907563025205916e-04
-7.747540983606513321e-04 7.359094790777126992e-04
6.608725289706916415e-04 3.401287553648067621e-04
-2.143195666892346984e-03 1.536745406824147021e-03
-1.796318289786191498e-04 -4.548359608010227317e-04
-1.204417952314161067e-03 -1.098550724637681894e-03
-2.100384862091081526e-03 -2.936837252189956828e-04
-4.593448275862066672e-03 -3.094481937276698474e-04
-3.990825688073389860e-03 5.252314814814803634e-04
-1.739495798319324899e-03 1.944320214669051231e-03
1.154838709677459828e-04 1.032235939643346475e-03
-5.981597222222216279e-03 6.515604959384353138e-04
-3.297153024911026516e-03 1.326067811536767475e-03
-7.976641414141383323e-04 3.189690721649488230e-04
-3.367465753424654738e-03 1.018273092369478480e-03
-3.302988186240442964e-03 1.322338489535943625e-03
-2.212040133779260859e-03 8.812554872695350016e-04
-1.474834437086090366e-03 4.815677966101695041e-04
-1.947577969475773781e-03 5.044548154433605054e-04
-2.836640211640208912e-03 4.799338022341727154e-05
6.835626357711820913e-04 -2.554956449605976843e-04
-3.305882352941172820e-03 9.796660958904111934e-04
2.256711409395974373e-03 1.103923205342248503e-04
-6.693494299128055144e-04 3.159388646288205631e-04
-1.289952798381655301e-03 5.150105708245250082e-04
-3.167204648160098363e-03 2.461377870563683260e-04
-5.053131597466569910e-03 5.368785656071722824e-04
-1.918360655737701365e-03 1.215611814345991804e-03
-3.079240340536997054e-03 -3.537489102005226204e-04
-1.713934929404541683e-03 -1.165153480328557002e-04
-5.788485607008730721e-04 1.710243124750897726e-03
-2.675157013258895339e-03 2.058206499382971531e-03
-1.308813077469791249e-03 1.764440433212997959e-03
-2.115956072351418259e-03 1.239734299516907518e-03
-4.362745098039214238e-03 1.204161248374513047e-03
-4.173220338983044814e-03 2.514693356047701875e-03
-8.199865410497933797e-04 1.528313016122689449e-03
-3.738741958541811749e-03 2.408154506437768048e-03
-3.871693121693117225e-03 3.115243154883530225e-03
-2.810233160621758604e-03 1.162780656303974685e-03
-1.708882720333098617e-03 -8.878302295365791583e-05
-8.129496402877674525e-04 -1.015492359932088258e-03
-1.596473719228206018e-03 -9.223300970873790031e-04
-4.676531314521653452e-04 -8.485576923076925109e-04
-1.799786628733993305e-03 1.846823324630112980e-03
-3.325357142857139452e-03 -2.025342750311589894e-04
-1.535594358629949457e-03 -1.570909867577957716e-03
-1.444814814814811754e-03 -2.895918367346932642e-04
-3.891475409836063666e-03 1.665911897900370113e-03
-3.295319709953853198e-03 1.065226689478185329e-03
-3.287994891443166059e-03 -9.942124844977276779e-05
-5.049180327868807742e-04 -7.850734094616805276e-05
-4.128678772698807058e-03 1.931048892603426815e-03
-1.986734049273485285e-04 -3.904020752269784351e-04
-2.113107119095139052e-03 -4.671628721541144151e-04
-3.863636363636359893e-03 1.432700247729146517e-04
-2.325259515570911794e-04 1.512335526315790064e-03
-1.727242076871202689e-03 1.962614870509609821e-03
-6.546566961250785757e-04 1.585401766933109422e-03
-4.562862669245645875e-03 1.846202800169707099e-03
-4.723952095808380339e-03 2.937286689419811711e-04
-1.671096345514948203e-03 8.555093555093568275e-04
-2.186206896551721752e-03 2.938521241830065450e-03
-3.964119019836635262e-03 1.482982171799026271e-03
-4.275179856115104635e-03 -5.748927038626609970e-04
-2.715478484264610085e-03 -1.187499999999998453e-03
-4.518018018018015412e-03 3.719340570969045497e-04
-6.057692307692288470e-04 1.321458333333332905e-03
-5.048924358084660655e-03 1.195065373260227127e-03
-1.712639664804466643e-03 -1.469565217391297985e-04
-3.508771929824272475e-05 -6.510791366906469113e-04
-2.964784053156141203e-03 1.072052401746719538e-04
-3.197643979057590655e-03 1.469582504970177745e-03
1.434754521963828170e-03 6.650841605524398636e-04
-5.211635220125779636e-03 1.292677735206471329e-03
5.042134831460716449e-04 1.189146940598481564e-03
-6.701545396007721998e-03 1.412074042911233953e-03
-3.852815177478575992e-03 -3.678895300906847676e-04
-2.600781249999995891e-03 -1.323706377858006888e-04
-1.413515189088653977e-03 -8.637505232314777190e-04
-1.097353497164458820e-03 2.274097664543524040e-03
-5.019792342634648435e-03 -1.004360465116279407e-03
-6.749823071479116310e-03 1.576212966938600598e-03
-1.071001990710018607e-03 8.566610455311977250e-04
-1.796714579055436233e-03 1.277270841974285486e-03
-5.431649831649828196e-03 2.055443140428975853e-03
-1.756728778467905958e-03 1.334164023561395986e-03
-3.206535947712414129e-03 1.528629856850717865e-03
-6.585085413929037818e-03 1.872772482387070154e-03
-4.814710042432809693e-03 4.131465517241381959e-04
-4.507291666666662922e-03 -8.166394112837288338e-04
-3.459656084656080946e-03 1.348096026490065800e-03
-5.830339321357279683e-03 1.745537567455380124e-04
-1.920427553444178665e-03 8.484210526315795692e-04
-1.126865671641785895e-04 6.315074694431868077e-04
-1.470547945205474437e-03 4.960698689956328546e-04
-3.297096317280449537e-03 1.020710059171598370e-03
-5.367166212534056798e-03 1.390797285835454087e-03
-3.215131578947365287e-03 -2.000000000000005788e-04
-9.198670605612973986e-04 -4.225466342254649956e-04
-2.383267195767190330e-03 1.920611646418096587e-03
-3.919428200129950780e-03 2.267417162276973847e-03
-4.752547770700632848e-03 1.107325383304942732e-04
-4.056794425087103390e-03 7.917999999999991885e-04
-2.300537273337808185e-03 6.077127659574469353e-04
-5.753058596265286408e-03 1.722913322632424861e-03
-5.351545650611065977e-03 1.745421245421244780e-03
-1.513751763046542213e-03 -7.270751847023029183e-04
-3.409154929577458155e-03 1.344688954718578633e-03
-2.637149028077750285e-03 1.508151008151008840e-03
-1.289529163738577580e-03 1.371118672905147782e-03
-1.511816838995565758e-03 8.218291630716149628e-04
-3.151791326209927701e-03 -1.193394176445023054e-03
-1.539676966292132269e-03 6.952841596130589956e-04
-1.199322033898303280e-03 2.056277056277156022e-05
-3.567631224764466081e-03 7.493134562573564809e-04
-2.476761074800291028e-03 4.635175031632232049e-04
-2.894584139264983185e-03 1.484014569000403948e-03
2.155953250547848043e-03 2.340371948857032387e-03
-2.142358688066989258e-03 1.108363490148775313e-03
-1.219316596931658420e-03 -1.573129251700610320e-05
-9.722222222222185080e-04 3.262468827930175078e-03
-2.842474916387957053e-03 2.682823129251700467e-04
-2.882849426063465587e-03 5.868872060581906049e-04
-5.639377537212413765e-04 -2.744265080713692963e-04
-2.429369250985544213e-03 6.664473684210530215e-04
-2.266325224071699153e-03 1.274725274725274421e-03
-2.484470158343478861e-03 -2.286902286902159825e-05
-3.054526015680679527e-03 5.128504672897195305e-04
-2.191136671177262851e-03 1.102010892333473661e-03
-1.672572643515235664e-03 1.007815631262526206e-03
-3.214938030006519055e-03 1.518438177874272128e-05
-1.117747440273032539e-03 1.691404612159328738e-03
-2.743793761935069738e-03 -4.111018363939912903e-05
-4.633576642335764800e-03 2.159779614325070107e-03
-4.463763509218050471e-03 1.164966740576497831e-03
-4.190388170055447774e-03 1.224078091106290886e-03
-3.104472630173560517e-03 1.744809688581312789e-03
-1.800606520090977398e-03 1.069028156221616017e-03
1.058004640371231929e-03 1.438853503184713434e-03
-1.795891318754140684e-03 1.874333743337434953e-03
-3.505785627283795197e-03 1.665052631578948844e-03
-4.627978216473786419e-03 8.162020905923344453e-04
-5.153945666235441869e-03 1.592021950189953300e-03
-2.792267365661858618e-03 1.858968804159445752e-03
-2.350165016501648118e-03 1.963153724247240284e-04
7.569708491761749456e-04 7.853813559322033420e-04
-2.980405405405402164e-03 8.388773388773396265e-04
-4.255238095238089713e-03 2.130379746835443268e-03
-3.897622192866576334e-03 2.315235690235691209e-03
-2.812542372881353739e-03 1.543584521384930427e-03
4.199335548172796763e-04 5.261758691206556895e-04
-1.364148442677268029e-03 2.288485348741241873e-04
-2.817314022383144399e-03 7.100000000000015370e-04
-3.663940013633260832e-03 1.701059419622293935e-03
1.904761904761907796e-03 -1.634877947869259936e-03
-4.740667976424359394e-03 -5.300043802014972686e-05
-6.439943141435671391e-03 2.846491228070173679e-04
-1.446416610850633378e-03 2.156690893544252214e-03
-9.811197916666663816e-04 1.918654173764924376e-04
-1.070508474576268437e-03 1.945197044334976083e-03
-6.604457751164334069e-03 2.251401120896716346e-03
-2.664158686730502996e-03 -1.784280936454850147e-03
-2.351441985244799929e-03 1.681946119823079545e-03
-7.653159340659332864e-03 2.219421649081671725e-03
-1.468770545693618432e-03 2.400428265524627211e-04
-3.315994798439527661e-03 4.260683760683751584e-04
-5.606164383561635864e-03 1.694055201698513227e-03
-3.630562827225126011e-03 1.455199342375668083e-03
-3.211351755041051258e-04 1.801242236024853352e-04
-4.891749174917488403e-03 7.469879518072290161e-04
-2.392994858611821683e-03 1.725223395613322388e-03
-4.109296482412055744e-03 -1.290866410584718240e-03
-1.426698049764624394e-03 1.344841930116472606e-03
-3.315520762423412784e-03 8.644975288303145952e-04
-4.513167013167006768e-03 9.232684472612040765e-04
3.459495351925665515e-04 6.025908900961135300e-04
-2.938675958188149886e-03 -1.403001304915179551e-03
-3.132728494623651487e-03 2.325194911776775654e-03
-5.692470091484867246e-03 -4.326273095989183778e-04
-1.610826627651786762e-03 2.559300873907509037e-05
-3.234374999999997235e-03 1.174124102997045485e-03
5.748002904865670776e-04 1.635585377140212670e-03
-5.253298153034297903e-03 1.634888438133877788e-04
-5.346840659340613847e-04 2.506700167504187331e-03
-2.579514824797840469e-03 3.259659326963024618e-03
-2.562577833125777044e-03 6.171019376579713945e-05
-2.758373205741622685e-03 6.483816729718364178e-04
-6.649384316266991266e-04 -1.235268054940186818e-03
-2.153529814941737737e-03 9.243232157506151882e-04
-2.902843601895732043e-03 1.650821089023336895e-03
-3.399494310998735745e-03 1.687792428753721354e-03
-1.048387096774188723e-03 1.660892161108702084e-04
-3.732462173314990590e-03 2.184482758620690749e-03
-2.362623762376233651e-03 -8.010020040080162353e-04
-3.456965718453680440e-03 6.258307487815680708e-04
-2.699457784663045526e-04 1.538001707941930767e-03
4.413559322033930830e-04 2.285034602076126825e-03
-3.359819569743229591e-03 5.825852782764818745e-04
-3.855224963715524027e-03 -2.120350109409193794e-04
-1.712681638044912880e-03 8.243847874720362009e-04
-3.794061907770053185e-03 3.015564202334630696e-04
-3.487979207277450838e-03 1.422029702970297642e-03
-1.906954887218042724e-03 1.573613376835238543e-03
-5.170602858918579327e-03 1.000195618153365247e-03
-2.034046692607000689e-03 1.694185530403906955e-03
-6.544422177688706023e-03 2.406655844155843917e-03
-4.057486631015998256e-04 8.814387211367748470e-05
-2.993247588424432972e-03 2.274302620456465467e-03
-3.719900849858352905e-03 1.972549019607847934e-04
-3.677508650519024837e-03 2.388255175327417233e-03
-9.294003868471932073e-04 -2.217484008528776570e-04
-6.715155615696833573e-04 -1.362370723945909631e-04
1.559173450219193376e-04 -2.197350388305153372e-04
-4.181343770384859763e-03 1.336240732664630828e-03
-3.461538461538459042e-03 2.822760394342047410e-03
-1.540300546448083487e-03 2.518687707641208574e-04
-3.849614395886887409e-03 -1.867839607201304743e-04
-6.142384105960236760e-04 3.095043015157707350e-04
-1.567504963600261161e-03 2.462520259319285389e-03
-1.995161290322578981e-03 4.799309451877427921e-04
-1.011729222520104179e-03 9.048325561678683239e-04
-2.016252390057359303e-03 2.648187633262265523e-04
-1.512368583797151942e-03 8.405471621069821085e-04
2.733571893298636195e-03 -2.306660706303078668e-04
-5.669760479041911425e-03 1.883333333333334298e-03
-2.617717003567176810e-03 1.046398046398047330e-03
-2.842443729903533067e-03 1.950762527233114788e-03
-1.263092269326680913e-03 1.063182199832074905e-03
-3.198433420365531538e-03 9.691182446160180749e-05
-5.064102564102559816e-03 -2.073065283182009926e-04
-2.330639494026700859e-03 -9.944968553459014344e-05
-2.039073305670813935e-03 1.415641127431520666e-03
-4.816242257398481094e-03 -3.062988884314542053e-04
-4.794570799706500300e-04 -6.712175470008952026e-04
-5.898171500630513403e-03 2.288661858974356481e-03
-3.307093963907899344e-03 3.212146773513283732e-03
-2.290672451193054380e-03 1.269551409289399304e-03
-2.036148648648645858e-03 1.308733624454149489e-03
-3.134662576687114160e-03 6.610517666392772993e-04
-3.050127713920809756e-03 1.344566133108676806e-03
9.090909090909608066e-05 3.395769061260456322e-04
-1.823135755258124303e-03 7.946721311475423268e-04
-4.902990033222587307e-03 -5.744406196213413867e-04
-2.426251691474964455e-03 5.425841296219377843e-04
-1.861090083270246307e-03 1.766735537190083395e-03
-1.101857783472090486e-04 9.446746788230435139e-04
-2.615026595744677877e-03 1.307303123625164903e-03
-2.811173533083641610e-03 8.388429752066268671e-05
-2.722525597269620859e-03 2.458842152872002095e-03
-3.052953156822807955e-03 1.566097657800716476e-03
-2.092253521126758581e-03 1.154173764906320151e-04
-5.239569313593534297e-03 4.769165607793320679e-04
-2.721698113207543859e-03 2.811166875784189886e-03
-5.367687074829926436e-03 7.918454935622316719e-04
3.565303430079209252e-04 6.172512234910276351e-04
-3.140529531568224744e-03 -1.919108543128430675e-05
-1.386039886039882457e-03 1.587485288348371897e-03
-4.790248124639350479e-03 7.440944881889770312e-04
-2.128592483419303617e-03 1.446756425948592800e-03
-4.639367816091951105e-03 5.416843896214375027e-04
-4.793114754098356904e-03 1.991718027734977036e-03
-4.454716981132071478e-03 3.361146769362433756e-04
-1.517297650130545019e-03 2.595902353966868595e-03
-3.172781854569710520e-03 4.465056082830039718e-04
-4.592170160295926291e-03 -3.237043330501288875e-04
-2.600203114421121599e-03 -4.175543246697914252e-04
-2.532122905027928833e-03 -7.416296893908841652e-04
-2.876991714467808884e-03 7.085691188358941807e-04
-2.227848101265819235e-03 -1.038477282030289203e-03
-6.259731068648233514e-04 1.172857142857143889e-03
-4.155409836065571474e-03 5.323711340206185123e-04
-1.443589743589740026e-03 1.608340318524728932e-03
-3.527331189710606035e-03 1.971738206544837013e-03
-2.738551980198011826e-03 1.262473347547974191e-03
-1.749014454664910229e-03 1.151630664972470375e-03
-1.953124999999995446e-03 5.835537918871259696e-04
-4.287827841291186153e-03 3.244746600741656791e-04
6.298619824341294970e-04 7.881078872088295370e-04
-3.084366391184568523e-03 1.973769825132167671e-03
1.186639118457300142e-03 -8.378769103676152619e-04
-7.533009034051400170e-04 1.553859964093357764e-03
-3.024951393389497308e-03 -6.033447684391078257e-04
1.018199867637329835e-03 -3.929612661391084665e-04
-1.788151963940757270e-03 8.584866220735786228e-04
-6.937799043062180693e-04 -4.827788649706441599e-04
-4.287007110536518971e-03 1.493970893970893686e-03
-5.298194525334884962e-03 -1.976647206004985256e-04
-1.315979043876879884e-03 2.338795394154118048e-03
-1.965855307640294175e-03 2.128887070376432426e-03
-3.688949522510228621e-03 1.710097001763668471e-03
-1.431438127090300244e-03 -1.823453608247406542e-04
-3.780830670926513346e-03 5.068750000000010313e-04
-1.216225875625443495e-03 2.395659798334063423e-03
-4.331744868035185617e-03 -3.411910669975340600e-05
-2.747606892150598716e-03 5.249284838577848115e-04
-1.647826086956518180e-03 5.090526315789470910e-04
-1.539491298527403897e-04 1.492503123698459304e-03
-1.354564032697543616e-03 -3.550903119868633359e-04
8.457374830852521907e-04 -4.907292954264512843e-04
-4.479841612670985157e-03 1.507205764611689027e-03
-4.914411366711769064e-03 1.763050570962479717e-03
-5.102250803858516225e-03 2.924306139613120324e-03
5.254480286738376924e-04 1.331963470319635912e-03
-2.064423076923073506e-03 -2.894848871860346339e-05
-1.963093709884461933e-03 9.542299349240779488e-04
-1.542848141146811996e-03 2.194658119658119723e-03
-2.009156311314581108e-03 1.336553945249600037e-03
-1.371909340659337260e-03 3.626655275523281278e-04
-4.420602125147578103e-03 1.987282746926662819e-03
-3.216568819308543263e-03 7.754517408550024807e-04
-3.293150684931503772e-03 -6.688180718031462796e-04
-4.967619047619043632e-03 1.642604856512142010e-03
1.068387096774195931e-03 7.178259058725537873e-04
-3.288119440914860549e-03 9.348093480934819774e-04
-3.462037637897468195e-03 1.284788245462402390e-03
-8.040276903713023532e-03 6.474968969797275905e-04
-3.475907821229047307e-03 1.676753782668500550e-03
2.151733158927439913e-04 2.611642743221693997e-04
-2.651185770750985084e-03 -1.032852259779718689e-03
-4.169774919614143739e-03 -1.336655112651646436e-03
-4.214240506329110757e-03 1.433742591024555037e-03
-5.164561403508770472e-03 6.641592920353978123e-04
7.838660578386925275e-05 1.418177983973006656e-03
-4.118844386080101894e-03 1.017736486486486988e-04
4.545131485430008471e-04 -2.482120319730757589e-04
8.697571743929381066e-04 1.566291161178508078e-03
-2.494778067885115077e-03 1.557726075504828681e-03
-1.087307152875172404e-03 1.825348432055747590e-03
3.353550295857992466e-03 9.412521440823334732e-04
-6.313201320132008632e-03 1.482888977317946104e-03
-4.867017774851873160e-03 1.712451023073576504e-03
-1.175577557755772906e-03 1.592307692307693215e-03
-1.997137404580150589e-03 -8.482328482328438065e-05
-5.350751366120215687e-03 3.661771058315335496e-03
-2.741100323624542858e-04 1.823990107172301575e-03
-3.236220472440940257e-03 -2.949852507374635564e-04
-5.018163804491406615e-03 1.799343544857768184e-03
-4.322261484098936270e-03 1.128500823723231064e-03
-2.823901464713710410e-03 2.046362023070099137e-03
-5.171289875173364255e-03 1.970464135021096196e-03
-4.362738643844630074e-03 -2.876685170499602854e-04
-1.452380952380949138e-03 5.672993960310627115e-04
-1.554229934924075945e-03 6.589460263493412094e-04
-1.413240418118464183e-03 1.617910447761194623e-03
-1.700990099009899118e-03 1.116853932584270558e-03
-1.960701754385961709e-03 1.811006825938568014e-04
-5.595253164556958023e-03 2.250418760469010369e-03
-3.200396825396823255e-03 -1.126570915619389034e-03
-2.746570868713255238e-03 1.488215488215490151e-03
-2.879102478231743839e-03 2.259561667382896117e-03
-3.122561768530557162e-03 -3.940425531914887574e-04
-6.560424966799440448e-04 7.536016949152556663e-04
-3.769706840390874350e-03 2.421413276231263421e-03
-7.024999999999994790e-03 1.387109687750200408e-03
-3.168391994478948846e-03 6.036712557363366899e-04
-3.428617780661901565e-03 1.810359964881475166e-03
-1.221548821548817942e-03 1.078483245149912395e-03
-4.025455688246378991e-03 1.010309278350520889e-04
-1.151192778852352504e-03 -1.241509433962263058e-03
-1.318770226537214910e-03 1.759935117599352580e-03
-9.119516846789544121e-04 2.425658453695840469e-04
-2.635714285714282033e-03 2.156301145662847894e-03
-4.295528191834083187e-03 1.849139832377591627e-03
-1.615439093484417454e-03 5.787484250314999272e-04
-3.150302622730325863e-03 3.058676654182281452e-04
1.472449739389430565e-03 2.657948508377605025e-03
-3.751874999999996532e-03 -1.494228302693457815e-04
-4.502982107355858570e-03 1.748556105610560079e-03
-5.670333333333331914e-03 2.219532211735739807e-03
-2.733682266009851598e-03 -7.847251363827013079e-05
-3.221735959153898977e-03 1.884991496598640822e-03
-1.779177718832887804e-03 1.613645704891084011e-03
-3.904233171408736606e-03 2.106410815525533301e-04
-4.015891472868212200e-03 1.289717741935483657e-03
-5.672478206724725774e-04 3.410024650780629605e-05
-5.968920765027317492e-03 2.143452380952381303e-03
-2.017414601473540604e-03 1.976254480286738537e-03
-4.477663230240508624e-04 1.563389121338911890e-03
-1.678498985801212852e-03 8.673513986013986704e-04
-2.676659528907918834e-03 5.287021630615635270e-04
-1.704863221884496275e-03 9.132179054054071366e-04
-2.700787401574797787e-03 8.531380753138081714e-04
-4.097810734463271792e-03 9.627166465135037193e-04
7.257942511346455062e-04 -4.352580927384080436e-04
-2.403257978723402025e-03 1.289473684210527176e-03
-1.880014074595350894e-03 -1.293859649122810259e-04
1.671280276816634425e-04 8.767318663406688597e-04
-3.554204308547600274e-03 1.178222033177372778e-03
-1.421137685843565368e-03 -1.817235636969180633e-04
-5.575048732943411458e-04 2.391666666666666344e-04
-2.300855222968844864e-03 -4.312364425162667830e-04
-3.197986577181205058e-03 6.009704251386322393e-04
-1.489508196721308362e-03 3.079066886870356328e-03
-4.608913998744503839e-03 -7.961391599490877900e-04
-1.596796182685750361e-03 7.375565610859732531e-04
-1.842320819112626407e-03 4.480271531607982107e-04
-1.392435808466339041e-03 1.740585774058577657e-04
-2.601511879049674125e-03 1.489052631578946951e-03
-1.944923689449234777e-03 1.123709293089754369e-03
-2.241965973534967762e-03 1.675531914893616393e-04
-2.182712579058326309e-03 -5.249496981891341434e-04
-3.537780803267522728e-03 2.408058294042004534e-03
2.700687285223370322e-03 5.387840670859552232e-04
-2.521474588403718221e-03 2.439640768588136575e-03
-1.960078534031395737e-04 -9.526563838903158790e-04
-5.434936350777917150e-04 -6.751563896336022904e-04
-4.299255247122511889e-04 -3.546583850931667105e-04
-2.179920477137174510e-03 6.089634664401029221e-04
-5.178304239401491579e-03 9.383846794338051222e-04
-4.776733635774460876e-03 1.858126110124331404e-03
-2.396341463414627601e-03 2.316638370118845498e-03
-4.744497936726268898e-03 9.456285341452809641e-04
-2.991618310767244979e-03 -5.945595854922253783e-04
3.648648648648850665e-05 9.175651392632529083e-04
-3.904612159329134968e-03 1.507092198581561158e-03
-2.473856209150282460e-04 6.986133768352371150e-04
-4.117966101694914456e-03 6.213692946058090201e-04
-3.405826558265578983e-03 2.163961038961039092e-03
-3.049250535331901081e-03 1.505928853754946912e-04
-3.673456397199233864e-03 7.073019801980199965e-04
-4.330679730557253186e-03 2.308366184844505217e-03
-2.808171745152347742e-03 2.230475382003395542e-04
-3.555595667870032218e-03 6.260539629005081117e-05
-1.502772002771997134e-03 8.565162907268157599e-04
-3.334836918806381549e-03 1.564180929095354772e-03
-3.103260869565214151e-03 -1.004393673110719632e-03
-7.085143658023825876e-03 1.078583765112262104e-03
-2.141628060886828153e-03 2.031313131313130810e-03
-3.684544812985174507e-03 8.049938093272816743e-04
-2.536838790931984864e-03 1.443634804972138488e-03
2.977991746905107678e-04 1.746546672247801342e-03
-3.469706242350058777e-03 3.766375545851530617e-04
-2.870535714285710020e-03 -1.074316047366272436e-03
-3.309377138945924276e-03 -2.976782752902146743e-04
-5.246325878594242965e-03 8.380624239967572869e-04
-5.428472702142346160e-04 1.294375000000001471e-03
-4.829383886255918940e-03 1.619305856832971248e-03
-1.173346693386769900e-03 3.706369982547993644e-03
-6.285919540229865455e-04 -5.177347843611432559e-04
-1.573373173970779929e-03 -3.749462827675120128e-04
-4.593856655290065052e-04 6.128691983122372270e-04
1.084371108343713981e-03 5.716405256464614660e-04
-2.029724655819771864e-03 1.961633663366338376e-03
-2.599084368868538782e-03 -6.133491311216417684e-04
-2.862589928057553568e-03 9.229843561973535794e-04
-3.231657608695650066e-03 1.214005235602093596e-03
-4.076011157601111025e-03 1.310822147651006337e-03
-2.237196765498645698e-03 1.185646755479157367e-03
5.189710610932486397e-04 5.325400679941725418e-04
-4.189012426422456035e-04 6.987829614604463115e-04
-2.556390977443603885e-03 -3.888643393725051237e-05
-1.844054580896682238e-03 6.033075601374578763e-04
-1.386178861788614708e-03 3.636363636363643733e-04
-1.142948308870449150e-03 1.406860706860706264e-03
-2.628503075871495634e-03 2.708264462809917283e-03
-2.731319554848963931e-03 1.127237851662403261e-03
