5.714285714285758083e-04 -4.496583143507981825e-04
2.002056202878683792e-03 -2.752025202520257574e-04
-1.242310321257689663e-03 -5.201539855072464255e-04
-1.677312775330394102e-03 -3.933113518605748315e-04
-2.719946272666196258e-04 4.540723981900452529e-04
1.136871508379889636e-03 -1.777644806127332954e-03
1.070427728613573002e-03 -6.694915254237290793e-04
1.863636363636374217e-04 -1.079324699352452463e-03
1.146798365122619076e-03 -9.030477031802126549e-04
-7.281355932203364403e-04 4.749999999999995112e-04
7.656918687589165697e-04 -5.948005378753930261e-04
-4.115898959881098430e-04 -1.374820143884893054e-03
-5.192439862542932560e-04 -6.933765632237154928e-04
2.023744911804616249e-03 -5.172658467360460128e-04
-2.376521116678572060e-04 -3.617478510028656062e-04
5.873821609862421675e-05 -6.926751592356693733e-04
1.985595390524971023e-03 -1.370967741935485333e-04
1.830849478390464457e-03 -2.431506849315068306e-04
-7.086068563092618594e-04 3.470615455807476291e-05
9.321868916288171070e-04 -3.393612024424613868e-04
2.824093816631131383e-03 -4.450321987120511445e-04
1.026490066225168923e-04 5.927835051546378933e-04
1.616878531073448217e-03 -9.956140350877199733e-04
-1.045233124565064656e-03 -4.160200821542689746e-04
1.700066577896139439e-03 -1.753126447429365726e-03
2.684116809116812458e-03 -1.292943361188486628e-03
4.502196193265328413e-05 -9.123873873873886240e-04
3.609505459216465575e-04 -1.187096774193548577e-03
3.729689807976390120e-04 -1.185965724872627180e-03
1.479553903345727636e-03 -5.056179775280894876e-04
1.612482853223596094e-03 -4.085663559698183103e-04
1.096556886227547777e-03 8.412803532008813253e-04
1.507874015748032846e-03 9.978448275862060630e-04
8.986534372785273152e-04 -1.365784499054823007e-04
-5.165348670021544485e-04 -6.995359628770310813e-04
5.441176470588249183e-04 -3.186942226397372212e-04
8.130709768095584168e-04 -3.008075370121140253e-04
1.597511768661738453e-03 -4.239234449760764800e-04
2.150534045393862666e-03 -1.580293699668404135e-03
7.906178489702522490e-04 -9.269020387866739154e-04
1.689111747851007117e-03 -1.107478728168383728e-03
-1.101666666666664424e-03 4.005927952576368318e-04
1.068663257852446721e-03 -3.184294144348624148e-04
3.721014492753632304e-04 -1.113299351251159771e-03
-1.611372549019604757e-03 4.435261707988976169e-04
-9.841549295774626362e-04 -1.110224331320104315e-03
-3.402061855669877082e-05 -9.070498428379020596e-05
-2.094907407407388769e-04 1.454104148278893838e-04
1.545115332428768223e-03 -1.139504563233377423e-03
3.061801675977657376e-03 1.173041044776115805e-04
7.514831905075845895e-04 -8.015653775322296136e-04
1.892206846321924877e-03 -6.901681759379046628e-04
-3.328220858895662715e-04 -1.379247015610652856e-03
1.793137254901960853e-03 1.713255184851206181e-04
2.385994587280110615e-03 2.087401208740119550e-04
8.490706319702631764e-04 -8.709239130434794822e-04
1.374719521316382581e-03 -2.861390667886545554e-04
1.297925608011448384e-03 -1.505113900511390046e-03
-1.161290322580646537e-04 2.017699115044247805e-04
-1.987179487179460018e-04 4.606470304200858935e-04
2.713309352517989746e-03 2.404884922498819611e-04
7.932357043235728706e-04 -2.137110726643598815e-03
2.540197461212978947e-03 -9.761235955056196071e-04
2.503419972640221619e-03 -6.253989968080263034e-04
3.933649289099576851e-04 -5.457502168256726620e-04
-3.443181818181812034e-04 -1.963350785340326669e-04
2.385620915032714555e-04 4.837693798449610363e-04
3.457547169811320872e-03 -1.204132606721164097e-03
3.252264808362368732e-03 1.657169990503311210e-04
9.691856199559812030e-04 -4.352485180118571546e-04
1.498228206945430947e-03 -7.326797385620919872e-04
2.026063100137174850e-03 2.045454545454541604e-04
1.015331010452963541e-03 -1.451863354037268537e-03
3.094267955801107469e-03 -5.948434622467782453e-04
8.971291866028728926e-04 -9.580852038479160991e-04
5.497237569060774284e-04 -3.608033240997244153e-04
-1.082448690728940585e-03 -1.601123595505615663e-04
-1.298767222625086702e-03 -4.870953630796159037e-04
1.002317880794703847e-03 3.006343452650655427e-04
-9.033742331288324018e-04 5.411791179117904967e-04
3.576563623292631426e-04 -9.165107577174943718e-04
5.094212651413227702e-04 6.744487678339755371e-05
1.794726301735647712e-03 -9.131750465549345061e-04
2.598828696925353440e-04 -1.076365187713310741e-03
2.186341798215513717e-03 -4.440639269406396086e-04
-1.253246753246752042e-03 -8.499562554680672923e-04
-5.624999999999715243e-05 -5.037296037296045727e-04
-2.615499254843497729e-04 -2.791551882460982406e-04
2.578136463683056330e-03 3.591981132075470410e-04
1.309310344827588303e-03 -3.688594617684758060e-04
2.664257555847591866e-04 -7.715803452855255493e-04
2.942060085836911611e-03 -1.016239707227814234e-03
5.142653352353819584e-04 1.608040201005020875e-04
6.194423511680528576e-04 -4.107766143106459842e-04
-1.487419122933137652e-03 -5.591702027345605858e-04
2.324388586956524765e-03 2.521758050478673896e-04
6.464646464646495215e-04 1.231121281464531484e-04
2.057986870897156838e-03 -1.142757982415548972e-03
-2.169306184012064886e-03 -4.787714543812113276e-04
-4.593267882187932133e-04 2.706222865412440050e-04
2.538631346578370564e-03 -1.502264492753624479e-03
7.510000000000024252e-04 -6.731207289293859603e-04
2.680377612946732713e-03 -8.151183970856110128e-04
4.800000000000041863e-04 -1.050221238938054075e-03
-1.076870281400133834e-03 -1.358730158730159709e-03
-1.569037656903756719e-04 -1.149321266968331633e-04
-1.105587808417995846e-03 -8.691674290944273023e-06
2.407912687585301800e-04 8.237459733087911700e-05
2.496819338422395524e-03 4.639498432601880896e-04
1.480078380143697893e-03 -6.355327686134647170e-04
2.419376244193764593e-03 -6.239060340856746305e-04
1.700210378681630500e-03 -1.133128295254833343e-03
-9.708879184861697468e-04 -6.200000000000010841e-04
-2.532540237928614969e-03 -6.106255749770010720e-04
-2.669004207573628853e-03 -9.111452391399747818e-04
1.919710544452104314e-03 -2.123336291038155355e-03
9.583059750492483805e-04 -6.002283105022837833e-04
2.112482369534558497e-03 -1.476609442060086274e-03
2.427953890489950822e-04 -5.482661668228690482e-04
7.271777003484336185e-04 -1.625719344842850318e-03
1.088193456614519654e-04 2.730120481927707861e-04
-1.304331864904552211e-03 -7.329462989840354993e-04
-4.367262723521205713e-05 -7.007855822550848515e-04
8.764792899408301290e-04 -8.863536638876681360e-05
-2.658779149519890396e-03 -1.292694497153716842e-04
1.916019760056458668e-03 -1.649036306588974685e-03
-6.667888563049844666e-04 -7.705345501955678357e-04
-4.220914127423795346e-04 -1.139696312364425496e-03
1.816465256797620783e-04 1.565776930409904562e-04
3.682310469314190835e-05 -1.067943456452348158e-03
-4.187158469945345186e-04 -9.369287020109291972e-06
5.032281205165024720e-04 -9.724770642201864535e-05
-2.135491606714624933e-03 1.559412550066755854e-03
-5.035739814152942993e-04 -2.919196637085601654e-05
2.972593113141291194e-04 -1.205098222637979817e-03
-3.674351585014375555e-04 -1.266728624535317076e-03
-2.154798761609906087e-03 -9.559216384683893617e-04
1.490238611713667199e-03 -1.706735266604304845e-03
1.766962843295641610e-03 7.728592162554422454e-04
7.713936430317867724e-04 -1.547899952807929710e-03
1.008075842696632080e-03 3.868778280542998544e-05
1.137895460797801270e-03 -3.082851637764943671e-04
5.907557354925806756e-04 -9.852109612875217597e-05
1.024290220820190007e-03 4.253695755841682582e-04
1.586126266562746471e-03 -9.070777247069047866e-04
2.689828080229269094e-04 -9.896148853310254932e-04
2.513198757763977775e-03 -5.612947658402212599e-04
-4.417857142857112393e-04 -1.538812785388135411e-04
-2.678041543026682576e-04 1.133656815174233294e-04
-8.370870870870565910e-05 -9.200838769804289569e-04
-3.578535891968695070e-04 -6.466951973371378153e-04
6.995841995842024116e-04 -8.529937444146565685e-04
2.118729096989966591e-03 -9.054878048780511026e-04
2.308843537414966788e-03 -9.588622472966616597e-04
5.825132475397470531e-04 2.223523898781630808e-04
-3.447246184472428274e-04 3.355173971983730079e-04
2.575757575757589742e-04 -3.735605711653623424e-04
-1.065438871473353049e-03 -1.241741741741741577e-03
3.988480921526306195e-04 -7.143193593970806072e-04
-3.517830609212454140e-04 -3.418131359851992856e-04
-8.119941133186133007e-04 4.677716390423577856e-04
2.129262244265345619e-03 -7.841628959276018872e-04
4.932785660941049581e-04 -6.072219760744353807e-04
7.171717171717176915e-04 -1.632359653126427401e-03
-1.044852941176470503e-03 -3.084342754598477028e-04
6.407894736842136051e-04 -7.893467777290673597e-04
-3.692976104272224802e-04 -1.034246575342466111e-03
-1.180197268588769081e-03 -1.225653206650832022e-03
1.968041237113404233e-03 8.687863860277595621e-05
9.532056005895388684e-04 -7.173103769194985168e-04
7.815845824411423706e-05 -8.182021466905208115e-04
-7.751436781609178858e-04 -1.035346756152125212e-03
1.716216216216219633e-03 3.060424354243540383e-04
1.404545454545455627e-03 -1.080078982009654740e-03
-2.590188679245279159e-03 -5.874471086036682152e-04
3.552724699221520904e-04 1.332252085264124994e-04
2.892057026476598436e-04 -7.068493150684940348e-04
-9.598246895544168935e-04 2.147822057460607639e-04
1.032014388489209270e-03 1.153494746459570071e-03
2.499606608969317818e-03 -1.326620825147349029e-03
2.784435797665373458e-03 -1.427184466019417461e-03
1.045801526717559608e-03 -9.955527318932665039e-04
3.129921259842540090e-04 2.778850796716564927e-04
1.795800144822589370e-04 -1.443902439024390572e-03
-9.423205902079122374e-04 -9.882587505538338157e-04
9.874810318664661857e-04 -1.228143992519870444e-03
2.054424157303374760e-03 -3.699910952804993805e-04
-2.258687258687229027e-04 -1.281598928092898652e-03
1.913157894736846210e-03 1.514466546112110351e-04
-8.597662771285406909e-04 5.965909090909090294e-04
1.200141944641593518e-03 -1.016202647193063368e-03
1.993233618233618883e-03 -1.803628847037208648e-03
8.933241569167261684e-04 -1.969223907225695698e-04
1.024173027989823967e-03 -1.470858895705521707e-03
5.744391570360572063e-05 9.895055970149239412e-04
-1.234025559105393849e-04 -2.158865248226951410e-03
2.919254658385094740e-03 -7.039351851851854795e-04
3.558286516853933264e-03 -1.533917340521115088e-03
-1.217692307692305482e-03 -2.177599286033027727e-04
1.038600288600289483e-03 -1.601937472479085696e-03
1.242249459264602651e-03 -4.031325301204824528e-04
9.586693548387115746e-04 5.352363960748710544e-06
1.237037037037037575e-03 -1.355760151085929482e-03
-2.150735294117610177e-04 -1.053489439853076822e-03
8.857536132140441873e-04 -3.066273263731273801e-04
1.780821917808220189e-03 -9.307359307359351939e-06
1.092553931802369436e-03 -5.785457809694806788e-04
-4.264705882352917764e-04 -7.676814988290415337e-04
2.825534759358291296e-03 -1.184670551322277408e-03
-1.054157131960333947e-03 2.042857142857143027e-04
-1.949030868628856160e-03 -9.657690552259248556e-04
-1.509574468085103085e-03 3.002173913043470815e-04
2.911328388401890864e-03 -1.317241379310357620e-04
-2.929155313351244073e-05 2.767776777677747073e-04
-3.812230215827333221e-03 5.090236001850899090e-05
1.154713114754103058e-03 -1.658745247148293031e-04
2.577316076294279990e-03 7.751814882032662286e-04
7.767114523352555396e-04 -2.659176029962552045e-04
2.713581183611535330e-03 -4.044514388489207522e-04
3.781204111600619078e-04 -6.099738675958196049e-04
-9.351630867143957866e-04 -5.827891791044780001e-04
-4.709631728045300951e-04 7.320865254619192668e-04
-1.124555160142307817e-04 8.854166666666675976e-04
1.915991902834010595e-03 -5.774105930285212442e-04
2.745428973277077699e-03 4.878787878787871346e-04
7.647984886649898933e-04 -7.171305182341655010e-04
-1.903589021815608583e-04 -6.426282051282052347e-04
-1.710223425863236250e-03 2.819614711033267655e-04
-5.125284738040787716e-05 -1.206180811808118180e-03
3.136683738796416324e-03 -7.380313199105157165e-04
7.861091914305477421e-04 -1.275482093663912872e-03
4.220083974807560534e-03 -1.100514258999534195e-03
8.982621288921110005e-04 -2.161662817551967869e-04
1.915151515151518801e-03 -9.018917729872416404e-04
2.441613588110430068e-04 2.354570637119081033e-05
-1.487947406866320897e-03 -1.931423611111117856e-04
-1.801546391752575698e-03 -9.564393939393954361e-04
1.421549479166667749e-03 -1.410920869967608555e-03
-4.901199717713469999e-04 -1.139057093425605970e-03
2.962681638044913773e-03 -2.122323462414579462e-03
1.432890365448505256e-03 2.936949466852099844e-04
-1.042786421499291823e-03 -1.317555147058825172e-03
2.032183908045978593e-03 -2.060964513193817285e-04
6.782700421940969808e-04 -1.027489860297435992e-04
1.523121387283241828e-03 2.920334507042254878e-04
1.417349726775985624e-04 -6.333333333333335128e-04
-1.908249807247446614e-04 -1.536406721240844752e-03
1.629796839729121287e-03 -7.721669037458517206e-04
2.604395604395609749e-03 -1.775147928994093326e-04
1.795655125594063962e-04 -2.172367836517110327e-04
-2.308407738095237440e-03 -7.233741753063209360e-05
2.035430224150431688e-04 -4.617077464788747016e-04
1.076242341729069562e-03 -2.035467526485491927e-03
4.344624447717214622e-05 -7.692998204667881321e-04
-1.659073652239937248e-03 -1.458635703918725239e-04
2.397603485838782720e-03 -1.424047829937998867e-03
2.183450704225355522e-03 -4.025036109773723922e-04
3.699476782210600698e-03 4.993003731343271948e-04
1.577134986225897390e-03 -8.352626892252903654e-04
8.929800412938774211e-04 8.045023696682450333e-04
2.253962784286699800e-03 -1.735535405872193349e-03
3.057781201849000489e-03 -1.022248243559719175e-03
-1.316500711237550587e-03 -2.035928143712565990e-04
7.296122994652426766e-04 -3.495971351835286986e-04
9.050586510263969970e-04 -5.199541284403673804e-04
5.796178343949085713e-04 -4.112792297111420524e-04
-4.273343373493964899e-04 -1.009358288770056554e-04
7.676842889054388830e-04 -1.398657718120805641e-03
1.918572418572422498e-03 -1.783868092691622475e-03
-4.076592698639932340e-04 -1.933333333333334429e-03
-2.283239038189531240e-03 -5.131463628396142800e-04
1.662134602311369895e-04 -3.477410947002605355e-04
-2.539999999999980967e-04 -5.708938793483052691e-04
-6.433054393305428055e-04 -1.795843520782396683e-03
-1.584051724137897326e-04 -4.152311876699935414e-04
3.049535603715198087e-04 3.943785682916116559e-04
5.511811023623188575e-06 -1.288356164383561500e-03
-3.763636363636343150e-04 -1.626033057851240110e-03
-3.233056708160437945e-04 7.035984848484836763e-04
-1.814814814814814025e-03 -7.597765363128504510e-04
-6.429629629629603086e-04 -8.156925908881735915e-04
2.152348993288592544e-03 2.744960150023434387e-04
-1.236986301369861390e-03 5.154457193292130658e-04
2.021707670043416775e-03 -6.419410004275335905e-04
2.321013004791241865e-03 -1.261409850881156560e-03
3.770298403886195374e-03 -5.833709896068687206e-04
-2.248734634851745021e-04 -4.765807962529286577e-04
1.178977272727276633e-03 -9.719339622641508681e-04
2.664756446991429877e-04 -1.405643340857788432e-03
-1.157051282051280638e-03 -5.199718045112777321e-04
9.287115761935915703e-04 -5.004539264639132779e-04
3.087525844245368961e-04 -5.918502202643171955e-04
1.027397260273975104e-03 8.772851919561247156e-04
-4.340740740740722391e-04 -9.101975195222786717e-04
-9.311050477489518976e-05 -5.334288443170975358e-04
1.966617754952311968e-03 -3.966414380321670020e-04
-7.463556851311954621e-04 -9.031731217918808957e-04
-2.109375000000000139e-03 -6.882406563354614678e-04
3.236762481089259808e-03 -1.775455758114717923e-03
1.091866376180105442e-03 -8.757102272727280111e-04
2.641995981245815351e-03 -1.166519434628975364e-03
1.562500000000002472e-03 -9.201144366197193088e-04
-1.018417462482944930e-03 -1.099103350637094158e-03
-1.881191672648958391e-03 -1.727443609022555424e-03
-4.168556311413416557e-04 5.457867583834897238e-04
5.741525423728829078e-04 9.728558394160581558e-04
5.361050328227584452e-04 1.043576940535633152e-03
2.278739612188366518e-03 -1.038615847542628855e-03
1.169864960909738558e-03 3.260964912280708643e-04
5.090514120202786286e-04 -4.681127982646428299e-04
-1.645508537490718987e-03 -2.069875776397514956e-03
8.734177215189893335e-04 -1.470835174547062548e-03
-1.131923076923073770e-03 -8.974876626289822641e-04
-1.901605024424247244e-04 -1.208984375000000206e-03
-3.238434163701027122e-04 -1.045558086560364813e-03
4.451079622132254714e-03 -6.438447814451380606e-04
1.810202550637661674e-03 -6.490758754863822175e-04
6.160941475827001572e-04 -5.381057268722470562e-04
7.891287586738681380e-04 2.600973236009731528e-04
1.154471544715449409e-03 -1.411252354048964401e-03
-5.697151424287628241e-05 -1.205948625506985923e-03
2.623799725651578766e-03 -9.421005385996414176e-04
-2.795904436860064280e-03 -3.479685452162520690e-04
-1.539895600298277884e-04 -6.038031319910525064e-04
1.144893899204246996e-03 -1.061309800278681999e-04
7.973950795947905073e-04 -2.907196969696977142e-04
1.490360696517414960e-03 -1.045765611633874990e-03
-1.862641008626411817e-03 -7.786516853932595045e-04
-7.509266123054095677e-04 -7.563810391978116436e-04
5.646209386281611422e-04 1.604578096947932000e-04
-4.382309941520443888e-04 -2.075514874141884023e-04
1.280640124902422379e-03 -5.018761726078776341e-05
-9.345760233918087856e-04 1.914708442123505265e-05
1.516540317022744676e-03 -6.239430351579882414e-04
-1.667776298268965887e-04 -1.689042875703752623e-05
-2.073189522342064588e-03 -5.019288469781393262e-04
-8.709677419354678945e-05 -4.763958238765327599e-04
-3.894297635604659008e-05 4.771880819366846227e-04
1.588235294117674296e-04 6.823216659282195517e-05
8.820109439124511515e-04 -7.222469906375409213e-04
2.117400419287214074e-03 4.571111111111110970e-04
-6.577946768060466019e-05 -2.200600184672208120e-03
-2.590128755364803394e-03 -1.364629794826048527e-03
2.853174603174607363e-04 3.024886877828052720e-04
1.366716867469885228e-03 -1.912722535822840850e-04
1.016195727084773584e-03 -7.691768007483633374e-04
-5.777460770328063161e-04 7.740654205607465973e-04
1.170077628793228909e-03 -4.155118462226205949e-04
1.112944983818773886e-03 2.968099861303735232e-04
1.414253048780490579e-03 2.235621521335803494e-04
6.736311239193425897e-05 -7.398871119473197401e-04
2.258536585365854537e-03 5.798981009726716538e-04
-1.435335689045937535e-03 -7.943585077343056624e-04
1.493510928961752334e-03 -9.698017519594292471e-04
2.310163934426230897e-03 -1.509715025906735973e-03
-3.897324656543696658e-04 4.928920479786757028e-04
1.631286740692359464e-03 -7.679963319578244935e-05
-2.923286604361368009e-03 -2.053215077605315727e-04
4.212230215827360616e-04 -1.487370320252595288e-03
2.172304439746301774e-03 -9.641072239890968731e-04
1.889044943820250566e-04 2.603495860165584101e-04
2.123550724637681981e-03 -5.027422303473496256e-04
-4.795244385733124851e-04 -5.839350180505414748e-04
1.647375988497489559e-03 -2.372802960222025509e-04
7.467927076299820917e-04 -2.762124711316404999e-04
8.163461538461557788e-04 -1.503432494279180920e-04
9.548341566690210719e-04 -8.787749893662278591e-04
2.171963276836161045e-03 -3.014972776769518159e-04
-1.666551246537393205e-03 -6.760204081632665814e-04
2.505017921146955161e-03 -1.274491682070240774e-03
-1.650750341064090906e-04 -5.191499299392811784e-04
2.913780663780664911e-03 -9.239946973044637669e-04
1.106133700895952065e-04 -2.855545617173531163e-04
4.864667154352950596e-05 -4.969339622641507064e-04
3.688823959094626129e-05 -9.647950089126575667e-04
9.663629992992300768e-04 -5.558732952045754338e-04
-1.106458481192332992e-03 -5.800610820244337827e-04
3.461815561959674138e-04 -5.145870736086170837e-04
-6.344086021505064197e-05 -1.111633109619687568e-03
-1.773890142964631425e-03 8.913752913752903467e-04
1.227941176470590716e-03 -7.434647762516620115e-04
1.017449664429531057e-03 -1.019181034482760260e-03
6.523809523809573395e-04 1.206577119036588737e-04
-1.318780318780314511e-03 -8.311303555150412539e-04
1.053903345724909986e-03 -9.198672356567099600e-04
-1.547116736989976403e-05 -9.080779944289709988e-04
1.260278745644600844e-03 5.842403134523290647e-04
-4.824695121951190729e-04 9.230076542098070082e-05
2.170842032011136447e-03 -1.648886032562124453e-03
6.032498307379852761e-04 -2.162746039366293270e-04
7.177891654465628438e-04 -7.337913267496785517e-04
1.652560455192035507e-03 -1.348922512608896097e-03
1.238795986622075055e-03 -8.813374125874125263e-04
1.001875468867219950e-03 -5.489543726235744008e-04
-6.542056074766355520e-04 -4.388273314866122802e-04
-2.073414112615819434e-03 -4.373881932021476742e-04
-1.432002956393198722e-03 1.188451208594454219e-04
1.621691413815366280e-03 2.515177797051071240e-05
-6.586892488954283103e-04 -1.066880439761796291e-03
1.214432989690722269e-03 -9.230769230769269576e-05
5.865834633385403913e-04 4.294811320754716565e-04
-8.265582655826196677e-05 -7.422161172161180747e-04
1.528050490883593087e-03 -3.847894975101857364e-04
1.440418118466901820e-03 2.014858171994586013e-04
6.796426292278284200e-04 4.589686098654695680e-04
-1.253490080822922906e-03 -3.040301151461475009e-04
8.860845839017766293e-04 -2.711316397228639595e-04
1.662968099861305334e-03 -7.408192090395484576e-04
-9.894459102898905210e-06 -7.631340579710251719e-05
1.174113475177307074e-03 -2.256897331524208806e-04
1.287825475017602926e-04 -1.179990649836373416e-03
-1.266742770167424148e-03 5.333020637898693668e-04
-7.956254272043706199e-04 5.716192170818504238e-04
-1.784615384615380806e-03 -1.271110158594087073e-03
3.213530655391140371e-04 6.518397764322320705e-04
5.748945147679356904e-04 -4.373246024321947220e-05
2.019159911569640489e-03 -1.725742135578201008e-04
3.697625698324024431e-04 -6.056928508384827993e-04
-2.004249291784701483e-03 -1.745014245014246278e-04
1.819866567828047122e-04 -8.874234573716441700e-04
8.254583921015551601e-04 -1.092831700801425408e-03
-6.570996978851747984e-05 -1.348132969034607914e-03
2.403765690376571864e-03 -1.815302820157190184e-03
1.343178621659666392e-04 4.667282809611822923e-04
8.565663976522389480e-04 -3.237007168458784002e-04
1.582934609250414854e-04 -6.146421845574387638e-04
8.833935018050580136e-04 -2.809014869888482404e-04
2.999275887038380713e-03 -7.258581235697944946e-04
5.987960339943387746e-04 -5.685502547475678988e-04
-1.447537473233401510e-03 -9.695869269178411303e-04
-1.078757225433523478e-03 2.599914052427935979e-05
-3.709449929478095915e-04 1.235154394299256907e-05
1.205762711864409413e-03 1.227252047315741459e-03
9.023408924652568178e-04 -7.260151717983048510e-04
1.040187541862026529e-03 2.311580882352939068e-04
4.173850574712667212e-04 -1.437251436146710177e-03
6.048780487804901636e-04 -6.978548607941592900e-04
-1.944070080862519750e-04 -8.268952197006286921e-04
1.745479833101533807e-03 9.113982464236208250e-05
3.904428904428958094e-04 3.023310023310026083e-04
1.709653647752421577e-04 5.559473436765394790e-04
2.660529715762277592e-03 -1.016681695220920728e-03
1.365196078431374404e-03 -1.293950021920210313e-03
-1.182145428365726902e-03 -8.424916107382553329e-04
5.307863501483698222e-04 4.880294659300168036e-05
-1.587070254110611563e-03 -6.446654611211578541e-04
-4.299516908212537483e-04 -1.997598253275109387e-03
9.371621621621659213e-04 -2.730088495575226236e-04
2.551859799713877656e-03 -1.017636280348145888e-03
2.012553802008611257e-03 -1.286635152556940770e-03
8.801939058171769428e-04 4.169293111211160312e-04
2.593023255813956245e-03 -1.464510332434864931e-04
-1.431148748159052648e-03 -5.528455284552850077e-04
7.753726046841761870e-04 2.380952380952379866e-04
-2.426172148355492265e-03 4.273684210526235177e-05
1.195866141732284402e-03 -1.499544211485880031e-04
-1.904591104734563653e-04 -9.206241519674368849e-04
7.471791255289160884e-04 4.038461538461540464e-04
1.012285927029041776e-03 -1.289265799256506841e-03
1.702819956616053029e-03 -5.578947368421056366e-04
4.800142755174918664e-04 1.088128681468056086e-03
1.199351117519829564e-03 2.944983818770224339e-04
1.318021201413479703e-04 3.127669672520162953e-04
8.707300736771616005e-04 -5.500221336874736890e-04
-6.566265060240956703e-04 1.070080226521944377e-03
-2.456584659913152490e-04 5.756302521008405722e-04
-1.674019607843135965e-03 -3.790992566681238040e-04
1.650883838383842075e-03 2.526509912402025919e-04
6.768575851393228470e-04 -1.336424155967665768e-03
5.574074074074116241e-04 -1.511789181692095758e-03
1.370321733420883569e-03 -7.890211640211649158e-04
-3.513513513513497250e-04 -8.904872389791193988e-04
-4.999999999999958904e-04 -2.336234539624366480e-04
-1.366251944012438933e-03 -2.501122586439155637e-04
1.804332634521318588e-03 -5.507712082262222102e-04
-2.928813559322002071e-04 -8.159523809523810739e-04
-3.252323087919907355e-04 -8.683862433862440640e-04
1.422388059701493873e-03 -6.775914634146343145e-04
-1.563430191353645370e-03 -2.221735319894836496e-04
2.429775280898876545e-03 1.542923433874705504e-04
1.915412186379931688e-03 -1.121128062875643023e-04
-2.353695324283559473e-03 -2.334883720930242370e-04
7.224770642202062621e-05 -1.593836246550138546e-03
8.076923076923524908e-05 -3.614649681528666670e-04
1.706476323119778286e-03 -1.052286102308737153e-03
7.340651558073671163e-04 -1.631848552338530361e-03
-7.722371967654977206e-04 -6.002811621368335081e-04
1.307553956834535359e-03 -6.914339801230487805e-04
-1.015243902439020305e-03 -2.406347787215021121e-03
-1.581061164333087210e-03 -1.664220183486239766e-03
2.470768184908228842e-03 -8.729679516953098989e-04
1.157288135593222871e-03 -7.851526364477339317e-04
-1.696285506190818712e-03 -7.355465221318901407e-04
1.826173165895573049e-03 1.275775775775775476e-03
2.386953551912570585e-03 -3.934871099050277009e-05
2.562684365781714782e-03 -9.899777282850780354e-04
2.814646791963713434e-03 6.955941255006673754e-04
-1.489795918367343899e-03 -4.082172032676605685e-04
8.238761974944769058e-04 5.241678066575460688e-04
-2.828454731109586603e-04 1.545851528384277029e-04
-5.636297903109182238e-04 1.601830663614958639e-06
1.528064516129033377e-03 -8.125275694750779421e-04
2.021498371335507527e-03 -1.439973321476212178e-03
1.573215599705669442e-03 1.088869335679715455e-04
6.679550245959272074e-04 6.595845136921623265e-04
2.287956438180656100e-03 -6.724832214765112627e-04
1.019536423841059612e-03 -1.473259334006062266e-04
2.846967559943585583e-03 -1.027752081406105213e-03
1.308703819661869447e-03 -5.233688107357715611e-04
8.948567708333362604e-04 -7.864864864864858389e-04
2.867454068241473419e-03 -1.287311729803743664e-03
1.616974169741699618e-03 -7.370508632757828346e-04
1.934959349593499533e-03 -7.288251366120221527e-04
1.178642056690840968e-03 6.066886481394250267e-04
2.969425801640568525e-03 -1.221391872956562562e-03
3.108534946236560931e-03 -6.577715355805398528e-05
1.616568914956017719e-03 -1.674358974358975153e-03
3.541666666666669957e-03 -3.116972477064229672e-04
2.638790035587189244e-03 -9.571816946080667935e-04
3.833586626139846073e-04 -5.126404494382024455e-04
6.611962071480700356e-04 -6.140969162995602720e-04
1.602719033232633287e-03 4.661824784384926436e-04
1.582406801831263239e-03 -2.705827937095400739e-05
1.695398100803507989e-03 -7.855438931297707532e-04
5.090090090090125486e-04 -8.975876194811120614e-04
7.387508394895924650e-04 3.557919621749406833e-04
1.455492424242426199e-03 -4.139251915277169093e-04
4.178272980501396457e-03 -6.538966725043789553e-04
1.059549745824258163e-03 -5.872118312309691735e-04
-4.489500362056454046e-04 7.370881567230620464e-04
1.711221122112214403e-03 -2.024236983842009709e-04
1.588983050847459465e-03 -3.703024747937669445e-04
-3.781021897810194648e-04 -1.224844167408726744e-03
1.657784011220199286e-03 -4.868536371603862287e-04
3.007142857142860136e-03 -1.356536101934875454e-03
1.337176799440950754e-03 -3.653756416238924487e-04
5.876010781671176224e-04 -5.599354541263262906e-04
1.654612546125464913e-03 -1.428921568627458151e-04
9.945466939331984620e-04 -6.338939197930147131e-04
3.619246861924691784e-04 -5.539723661485327320e-04
-1.255366395262764740e-03 -2.614718614718614803e-03
1.427573529411765635e-03 -7.990695613646436966e-04
1.432564640111823133e-04 -8.862847222222240695e-04
-1.480795610425237078e-03 1.137377341659226345e-04
-1.348214285714283752e-03 2.464695498676067707e-04
5.378571428571450423e-04 -1.468808193668529830e-03
-3.935045317220512958e-04 -1.063077634011091619e-03
1.734354194407494894e-04 2.594688724423157146e-04
-2.239999999999995901e-03 -5.451042611060748352e-04
4.046624913013242993e-04 -8.479532163742704203e-04
-2.488670694864012259e-04 -6.321707205139973562e-04
7.460992907801463399e-04 -8.746550137994488954e-04
-4.968130311614694841e-04 -2.276479007633589163e-03
-1.938181818181789547e-04 -1.125457875457875311e-03
2.267191977077393221e-04 6.814955040227081251e-05
1.273324118866623732e-03 -9.935035842293920422e-04
1.528685548293394687e-04 -4.806838365896998373e-04
-1.174081920903950966e-03 -5.230322003577818953e-04
8.757645259938870224e-04 -1.374712114233073244e-03
1.031761624099543492e-03 -8.588834736375723687e-04
-3.329779673063241042e-04 -1.649206349206348799e-03
-5.229709035222018148e-04 -1.250806823420930755e-03
2.375166444740348451e-03 6.953921134248998697e-04
-1.120725034199725016e-03 -6.112838738338523996e-04
1.438650306748470243e-03 2.430555555555519165e-05
7.788600288600320198e-04 -6.292056074766361369e-04
1.031994554118450614e-03 -4.995575221238949832e-04
9.445955132562912056e-04 -9.151943462897533079e-04
-1.028726708074501826e-04 -7.289267618608941081e-04
1.602951039570761627e-03 -3.094693504117129257e-04
-1.545762711864404884e-03 -7.492005481955234768e-04
9.406779661016994058e-04 2.918376652986735584e-05
-8.704819277108416216e-04 -5.604517271922073883e-04
-3.887657058388767762e-04 -1.980645161290323607e-03
-2.287327021121630943e-03 -1.431297709924777667e-06
3.951048951048954407e-04 -9.928888888888892910e-04
3.941922563417939521e-04 -1.994061215166743894e-04
2.087872185911410835e-04 -1.184210526315789772e-03
-7.525289017341016970e-04 -1.314562252529695094e-03
1.357972136222911465e-03 1.328308996702777165e-04
5.429326287978883088e-04 -7.335951940850290532e-04
-1.014530551415793918e-03 -1.535488245931284235e-03
9.016393442622976833e-04 -1.566457117198025205e-03
-5.460251046025088421e-04 -2.820061592608892631e-04
-1.018609550561794036e-03 -2.617328519855628769e-05
-1.219927536231880938e-03 -2.300046882325364715e-03
1.318281938325993651e-03 -7.992988606485545294e-04
-2.584650112866816989e-04 -1.799675775822140835e-03
-1.026832955404379617e-03 -7.152650822669111416e-04
6.847253574116137203e-05 -1.636453201970445095e-03
1.578025477707011796e-03 -6.424185167690129586e-04
1.817744154057775478e-03 -3.140174072377467109e-04
1.529369627507164110e-03 -3.968556455454995912e-04
1.244996772111041936e-03 9.287996348699072786e-05
2.048291721419188104e-03 -2.988425925925927902e-04
-1.179285714285712144e-03 -1.214955262036643887e-03
1.380844645550530561e-03 -1.387613582018173237e-03
6.171303074670595390e-04 -3.468085106382980207e-04
1.101288475304226062e-03 2.412803532008821639e-04
1.186889818688983359e-03 -1.165156320797463337e-03
3.153526970954358827e-03 -8.457249070631984869e-04
1.199842643587728259e-03 -1.324644549763033313e-03
-4.278074866309949188e-05 -1.651542244076888892e-03
1.277704047777041170e-03 3.991347905282340101e-04
9.115413819286282424e-04 -9.358474208929358062e-04
2.678440029433444536e-04 -2.178783721993609755e-04
1.325000000000001741e-03 -1.228998576174656406e-03
2.225296442687750315e-04 -7.975149562816393053e-04
5.916289592760199138e-04 -1.279235215651400911e-03
-2.228571428571396896e-04 -1.419068736141917938e-05
1.735791090629802908e-03 7.191011235955052346e-04
1.360590778097983027e-03 -1.361473880597016293e-03
-1.478771796815767483e-03 -9.708488805970154041e-04
2.201369863013699461e-03 1.925233644859812186e-04
1.124910522548319735e-03 -5.477975632614813344e-04
-6.911142454160545273e-05 -5.690631808278861625e-04
1.333677685950414218e-03 -1.969288555015467641e-03
2.722260509993109593e-03 3.294501397949661965e-04
-7.640722724113946287e-04 -9.331421006178305597e-04
7.386772106398270619e-04 -1.058837209302326094e-03
-7.851697851697833066e-04 -1.889661566991192440e-03
1.301853171774770574e-03 3.447537473233366206e-05
-9.265557163531109664e-04 -9.406856111862874764e-04
1.073611111111113505e-03 5.053413841151866781e-04
-1.139412207987938741e-03 -6.038444542642514056e-04
-1.045420974889215392e-03 5.343473994111871874e-04
1.947350993377483823e-03 6.725499303297720289e-04
3.336972343522607285e-04 -3.362107127047372218e-04
-7.944317315026664479e-04 -4.875936329588012358e-04
3.820586132952129071e-04 -3.491556366955739493e-04
2.517985611514308106e-06 -1.678796700630770283e-04
1.177419354838711227e-03 3.429144385026722057e-04
1.659731543624163273e-03 -2.844078646547791751e-04
7.722736992159674307e-04 -5.725732600732605024e-04
1.949213161659521694e-04 -1.493272569444444422e-03
6.135693215339250344e-04 3.401969561324837951e-05
4.267902813299238353e-03 -1.669811320754717812e-04
1.787735849056605987e-03 -4.132988721804512736e-04
1.865665896843727179e-03 3.686723973256923769e-04
-5.518441196938032737e-04 -7.537722908093277829e-04
1.872752420470265690e-03 -1.397156819191471802e-04
1.538709677419358647e-04 -4.847645429362890221e-04
-5.552745664739840636e-04 -8.542600896860994995e-04
4.816678648454385584e-04 -2.269108280254779168e-03
5.058139534883745493e-04 -4.740673339399459536e-04
-4.225759768451494325e-04 3.275109170305622584e-05
1.001934984520125912e-03 -4.316378908072793555e-04
-8.705357142856936072e-05 -1.085562730627306471e-03
-9.085321764280533544e-04 -1.925889809848885833e-05
-4.820402298850554219e-04 -7.200098328416919572e-04
2.025359835503788347e-04 -1.006293402777778479e-03
5.194759206798876166e-04 -9.001386962552020187e-04
-6.285064442759611021e-04 -1.118825100133512534e-03
-3.768745067087563580e-04 -2.804410354745933494e-04
2.453351762267090897e-05 -6.828929068150215581e-04
1.575471698113210632e-03 4.236464599722350130e-04
2.294314381270909961e-04 -1.144449499545041691e-03
1.444731738849387584e-03 -4.906542056074777482e-04
8.777777777778126363e-05 -6.858710562420046244e-07
1.473569876900800765e-03 -1.082956600361665266e-03
2.597577854671281449e-03 -1.620129870129870600e-03
2.418745275888500377e-05 1.049905838041435331e-04
4.673676577229893530e-04 -3.880054520672443388e-04
1.093750000000001622e-03 -7.509380863039401624e-04
-6.259204712812773471e-05 -1.223050173869846954e-03
7.195121951219560870e-04 -8.364337568058076173e-04
2.444763271162124843e-03 -1.056607834696513936e-03
1.211087420042648031e-03 -5.154756486117438976e-04
1.505270555165145151e-03 -9.355263157894743234e-04
-1.675388967468171425e-03 -4.361979166666670767e-05
3.653986832479914014e-04 2.118260081558678279e-04
7.073353293413570727e-05 -2.132911392405063659e-03
-1.630321135175500898e-03 -1.342105263157895986e-03
-8.885372714486626002e-04 -5.763728657129682346e-04
-1.927437641723331806e-04 -9.035164835164840539e-04
7.651079136690667332e-04 -6.376228775692592467e-04
2.080442804428046365e-03 -1.286307053941909521e-03
1.213203463203467274e-03 -7.671294223018372375e-04
1.979411764705885351e-03 -2.622300572939631003e-04
-9.234268385140264202e-04 -2.738954012623991954e-04
3.356128550074743890e-03 9.460737937559117407e-05
1.018939393939420916e-04 -8.802106186924099976e-04
-6.966807909604507592e-04 -8.665532328633949576e-04
9.968062455642319637e-04 -1.072486535008977324e-03
-5.189732142857121601e-04 7.610640301318261688e-04
-6.654879773691636628e-04 -1.426153846153847609e-03
2.244140625000003077e-03 -8.247250119560035723e-04
4.945525291828816415e-04 -1.861136158701533466e-03
-2.167746580273576060e-03 -7.772386413762682588e-04
1.049833887043190870e-03 -2.715154349859695581e-04
-1.924521615875262682e-03 -1.918061674008812506e-03
-1.716569767441859014e-03 -4.766313932980615286e-04
1.690243902439026195e-03 -3.892070484581499571e-04
6.045977011494299775e-04 -1.357342657342657834e-03
2.592458303118227851e-04 -3.746707638279198754e-04
-5.892986261749499666e-05 -4.589800443458986844e-05
-2.439024390243888071e-04 5.074593128390590549e-04
-4.743411927877912962e-04 9.937050359712178670e-05
3.910574875798459573e-04 8.394327538883694379e-05
1.943150684931508471e-03 -1.614794767704107225e-03
1.811346548188695962e-04 -1.038986784140969594e-03
5.565247732030757571e-04 5.960153624579923089e-04
1.519528371407519131e-03 8.745335820895489356e-05
6.261682242990691989e-04 -1.066317626527051596e-03
3.689735614307997243e-04 -2.871467639015507037e-05
-1.322406340057633240e-03 -8.009259259259309731e-05
4.264663287472850346e-03 -1.491685393258426881e-03
1.578113207547169250e-03 -1.354409706019599983e-03
-6.258692628650860696e-04 -4.079657965796588850e-04
-1.857689631176056341e-03 -2.482471516213853114e-04
1.181443298969075528e-03 -4.997652582159628227e-04
5.303687635574867981e-04 1.098931723176961930e-03
-1.477455716586111977e-04 1.781742354031503879e-04
4.134165366614958554e-05 -3.118327402135236191e-04
2.265041888804266487e-03 2.039473684210521879e-04
6.254639940608774885e-04 -4.773603082851654317e-04
-2.422268907563022988e-03 -2.300548754748924882e-05
-8.409257898603963435e-04 -7.996049165935040963e-04
4.115574348132499706e-04 9.454781479878794409e-05
1.371532846715329537e-03 -1.652075812274368021e-03
1.068825910931175353e-03 -2.550539083557951028e-03
2.221011946591710563e-03 -5.793433652530800186e-04
-6.153846153846126953e-04 -2.920792079207925013e-04
-2.095856741573032690e-03 -6.721457130164366607e-04
-1.824175824175822353e-03 -8.932882665379093411e-05
-1.084172661870500248e-03 -4.282550930026580364e-04
5.722183828610947045e-04 6.137145313843510308e-04
9.675955930006487158e-04 -6.968061178587506548e-04
-4.194656488549582574e-04 -7.900045850527281270e-04
3.359542530379345073e-05 -1.557261208576999310e-03
4.233571428571429422e-03 -1.416392672616252233e-03
8.820014936519802833e-04 -2.440476190476191314e-04
1.431473829201103561e-03 -4.516594516594524939e-04
-1.093864134404673753e-03 -1.861313868613144646e-04
1.182276657060523295e-03 -1.182843137254902801e-03
-9.179282868525858851e-04 -5.170271514035907094e-04
8.970788043478266716e-04 -1.486781076066791924e-03
1.804801670146139727e-03 -5.136727958510146040e-04
2.103007518796998470e-03 1.784222737819020094e-04
-2.163522012578614987e-03 -1.762252794496990942e-03
-1.499346832135856457e-03 4.899267399267389234e-04
1.180932498260266151e-03 -2.082281236395298364e-03
3.000000000000002231e-03 -1.523245214220601438e-03
-1.168555240793183727e-04 2.706546275395028392e-04
1.897470039946750448e-04 -8.534593897722391040e-04
-2.140230713770726462e-03 -8.872912801484238946e-04
-1.403964456596033285e-03 -6.605975723622845930e-05
1.917309039943940370e-03 3.968253968253915396e-05
1.177552552552555689e-03 -7.847058823529412704e-04
-1.002094972067036705e-03 -4.126846220677702823e-05
1.394915254237290986e-03 -5.360459973463069629e-04
1.872942018611311113e-03 1.050091491308325362e-03
3.286549707602342760e-03 -7.952272727272730784e-04
2.280612244897959988e-03 -1.289187913125590347e-03
1.770122783083221372e-03 -2.045643153526971719e-03
2.623966942148764532e-03 9.224452554744520675e-04
9.450146627566004568e-04 -4.328537170263795390e-04
-5.220313666915580349e-04 7.969669533725656525e-04
9.667619728377409294e-04 -1.275288683602772118e-03
-5.187087307410094723e-04 2.153948535936110417e-04
-2.997827661115111549e-04 -6.282401091405181992e-04
3.433975731620271012e-03 -1.888648180242634336e-03
3.136792452830213006e-04 -6.828485885372126765e-04
9.609038737446228082e-04 -7.719123505976199242e-05
3.599726775956324509e-04 -4.846864365580945389e-04
-7.334905660377336652e-04 1.202031602708804629e-03
1.062500000000002028e-03 -1.071973094170404917e-03
1.324276640790405428e-03 1.451923076923075206e-04
2.014748201438850209e-03 9.796624837732580658e-04
3.110225763612221514e-03 -5.658669081032152845e-04
-1.345158906134484231e-04 -1.792106470858202975e-04
-3.146106133700880630e-04 2.734922861150067036e-04
-9.176470588235253198e-04 -2.385774846914740389e-04
-4.848369977255479499e-04 -9.477252843394577513e-04
2.779212395093631728e-04 4.277482269503448000e-05
-4.707840236686373870e-04 -9.683011391778103064e-05
1.530116580310882449e-03 -1.180019305019314174e-04
-1.826212889210712892e-03 -8.407628676470593407e-04
-1.124173401910359173e-03 3.173076923076913886e-04
-8.042789223454792488e-04 -3.566193311956025952e-04
-1.020202020201994538e-04 -7.295006871278065901e-04
2.572629969418962961e-03 -1.173672055427253235e-03
1.847782258064517742e-03 1.103471295060079200e-03
1.277625257378175094e-03 -3.546325878594260841e-04
2.608856088560932351e-04 -1.912580943570766539e-04
5.531619179986120615e-04 -1.195511437203280970e-03
1.916729464958556945e-03 -7.601307189542492451e-04
-1.084598698481527079e-04 2.379679144385018152e-04
1.895470383275263968e-03 -1.347918637653736486e-03
5.743740795287421259e-05 1.475487862922420141e-04
-5.816251830161042269e-04 -3.762696214219888842e-05
5.597310126582299853e-04 -1.305838739573679562e-03
8.190411883862276860e-04 1.226373626373623165e-04
9.389450867052061148e-04 -1.119884341637009941e-03
-1.578947368421024461e-04 -1.077590040017786625e-03
1.265379113018603877e-03 -1.228131868131868837e-03
6.272927366104411788e-05 -5.536851683348508824e-04
3.244248985115022466e-03 -7.736644798500479049e-04
5.350815024805158636e-05 -5.057526366251243946e-05
-1.301426426426424612e-03 9.869310500225252395e-05
1.973867595818817704e-03 1.018258426966292963e-04
6.637931034482778088e-04 -1.737621471540953810e-03
7.809973045822144475e-04 5.375388716126145106e-05
-9.874917709018909702e-05 -1.394725648660144783e-03
4.573943661971855497e-04 3.411595591758499421e-04
5.481577246283148887e-04 -1.098210290827741735e-03
1.103957286432162739e-03 -1.203661327231128473e-04
-3.370909090909053238e-04 -2.118644067796611192e-04
8.707827260458852634e-04 4.807944129201213181e-04
2.902990264255911248e-03 3.069463238610727236e-04
-8.388227049754720145e-04 -5.060893098782144909e-04
-5.972897845726156223e-04 -5.139085337105179596e-05
2.837837837837858292e-04 2.331233123312317435e-04
2.416375087473760560e-03 6.008287292817672195e-04
2.010189228529842085e-03 -9.070687098368802707e-05
-5.831381733021074459e-04 -1.454834316840672740e-03
-3.222996515679396427e-04 -1.023198198198199292e-03
1.240039190071849174e-03 6.256720430107522634e-04
-3.697478991596639029e-04 -6.148282097649192908e-04
2.705479452054709367e-05 -2.714091526959674862e-04
-9.523809523809452244e-05 -5.843941537010857289e-04
-2.179496151154652547e-03 -7.389138016940708341e-04
1.740506329113926604e-03 -1.308924485125858260e-03
2.052975326560232700e-03 -3.549000951474783907e-04
-7.773109243697437498e-04 1.296958855098381282e-04
1.010118632240058220e-03 -1.643867924528308756e-04
-4.011715797430081935e-03 -8.534322820037183342e-05
1.200851667849541686e-03 -7.329279700654828819e-04
4.797872340425574892e-04 1.480111008325621109e-04
1.952154857560268672e-03 -1.306869881710646768e-03
1.170821114369503075e-03 -7.371323529411771954e-04
-7.444134078212273934e-04 8.936953520478586530e-04
3.584703359542540553e-04 -7.141847313854863318e-04
3.125704225352115423e-03 -1.534989200863931666e-03
-1.533904619970192802e-03 4.349073256840228297e-04
2.700822737471952721e-03 -3.678890456041381831e-04
-1.728089080459765297e-03 -7.013888888888885481e-04
2.937174721189594016e-03 -6.531681753215817744e-04
2.386785449146272900e-04 5.016439643024894974e-04
7.766187050359722819e-04 -8.462998102466807396e-04
5.171350239890362905e-04 3.942857142857146384e-04
3.030626780626783506e-03 -1.354875804967801359e-03
1.707335329341318035e-03 -4.496325118893235525e-05
2.517966101694916331e-03 -8.293384467881114927e-04
2.989101717305151559e-03 -7.738646895273458949e-05
9.544841537424162770e-04 -8.840545625587962076e-04
-3.637010676156563122e-04 1.430810568741589276e-04
-6.976327116212288539e-04 7.063106796116500833e-04
9.213114754098374352e-04 7.604395604395558083e-05
1.696841294298922619e-03 -1.162372386971318545e-03
1.542599277978341484e-03 -9.850327408793271237e-04
2.872044506258693633e-03 -1.195799457994580839e-03
1.581734186211798373e-03 1.381314260169863052e-04
-1.135877318116975017e-03 1.517179830432849117e-05
-2.021739130434779558e-03 -4.308076225045387041e-04
4.128101945003366264e-04 6.981961147086018782e-04
7.652417659425415431e-04 5.040760869565209801e-04
1.152307692307699867e-03 -3.014394580863676920e-04
2.861407249466954746e-03 -7.490714948932223477e-04
-2.438621679827709075e-03 -1.571494893221916890e-04
-1.463135289906940207e-03 -1.101580660158067108e-03
1.855291576673867310e-03 -1.228702490170380550e-03
5.708898944193075949e-04 -1.039593249675465963e-03
3.582848837209304509e-03 -5.257548845470697268e-04
-1.234859154929572687e-03 2.228038233955385611e-04
2.616097922848666796e-03 -1.119129158512721135e-03
1.470781352593604106e-04 -1.492569930069930374e-03
9.068696883852711294e-04 -7.876011930123568263e-04
4.079545454545483135e-04 -1.049221611721612522e-03
1.131736526946109300e-03 -7.389380530973398305e-05
1.090158293186511236e-03 -2.441441441441451459e-04
2.335383502170771449e-03 -1.214814814814815271e-03
1.526030368763560321e-03 -7.516556291390730313e-04
6.268140981340717842e-04 7.120165745856336242e-04
-1.966791044776119730e-03 -7.796610169491530878e-04
1.443808882907133455e-03 -9.190273843248348640e-04
2.370000000000001446e-03 2.517985611510778791e-04
8.688524590163951332e-04 -2.569411764705883646e-04
1.894957983193278810e-03 -2.948486217803882514e-04
2.186813186813188741e-03 -1.485972420351877772e-03
-1.805102763997164196e-03 4.909344490934442352e-04
1.065703971119133986e-03 -1.400754884547070070e-03
-1.387383900928789750e-03 2.452531645569617710e-04
1.328475336322871431e-03 -1.124705882352941512e-03
1.421428571428573050e-03 -1.651748251748252211e-03
2.781617138908120475e-04 -6.747091770788460601e-04
3.576642335766624838e-05 -1.179241261722080783e-03
-7.870048644892264087e-04 2.948997384481248023e-04
1.868575624082231997e-03 3.344186046511621563e-04
3.156182987848464485e-03 -1.526928675400291780e-03
1.990859851049428617e-03 1.150478796169629708e-03
-6.196581196580799216e-05 -7.297236067059370557e-04
-1.571912650602408498e-03 -3.948100092678415358e-04
2.062972292191437435e-03 -5.714285714285720135e-04
-1.538880248833589433e-03 -9.365949978060553486e-04
-7.348703170028768458e-04 -1.679876706296787726e-04
7.863604732080757510e-04 -1.341209829867674470e-03
-2.996183206106835402e-04 -4.515909090909088659e-04
-1.109421364985158391e-03 2.201086956521732365e-04
-2.255038220986778418e-04 -5.168564920273347818e-04
2.276306370794560930e-03 -1.456111373289288103e-03
-1.324383164005800851e-03 -2.016091954022995660e-04
1.823214285714283914e-03 -8.916037316748120275e-04
1.744097222222225222e-03 -1.454850245864999303e-03
3.254404510218467540e-03 -1.530669144981414154e-03
-6.851983002832849265e-04 -6.735727440147342565e-04
4.045268890401635536e-03 -1.341056533827617936e-03
-2.967200610221164422e-04 8.939937247870903070e-04
3.975200583515888219e-05 -9.175304191077073663e-04
1.480998509687038531e-03 -3.129578754578752394e-04
4.111352133044109992e-03 -2.430325932923958841e-04
-3.255982596084099328e-04 1.574999999999999577e-03
-7.654011461318022689e-04 -8.502222222222231320e-04
-1.465771812080535240e-03 8.865934065934061607e-04
1.954011065006919408e-03 -8.813775510204079327e-04
3.224039829302987985e-03 -1.112175102599179989e-03
-4.054794520547941360e-04 -6.770345121431622665e-04
2.328921244209135842e-03 -4.336025123373715836e-04
1.701564828614009033e-03 -2.549867608120037332e-03
1.448754448398580216e-03 1.712517193947733567e-04
3.036284953395475619e-03 -4.253203711886887001e-04
-4.877106741572994069e-04 -8.316397228637423993e-04
-6.908315565031959964e-04 -6.940298507462683330e-04
-1.258915834522087113e-04 -1.804746977160770786e-03
-2.289662598707821635e-03 1.166131252868287879e-03
-3.689655172413532525e-05 4.950495049504953808e-04
1.674963396778920066e-03 -1.153863037752415324e-03
-2.608856088560860794e-04 -9.046380580840919332e-04
2.008911521323999971e-03 -3.413551401869169798e-04
2.896713615023476136e-03 -7.239747634069399352e-04
-4.166666666666640371e-04 -1.419264774313631439e-04
2.094547964113187602e-04 -5.974635979333036816e-04
-1.701970443349750490e-03 9.392609699769044907e-04
1.121650977552499529e-03 -2.938512869399430814e-04
-6.145063801208636199e-05 -2.328638497652589826e-04
1.253150481838403562e-03 -1.277484608619172701e-04
1.139154160982266874e-03 -7.167053364269142029e-04
1.263353115727004631e-03 -1.475978647686833171e-03
1.846969696969698489e-03 -2.871939736346592372e-05
1.420723684210530068e-03 -9.053064958828917512e-04
6.486090775988317351e-04 -1.333333333333333722e-03
5.060888252149028368e-04 -1.551072761194031329e-03
-1.881959910913127477e-04 -9.972041006523775074e-04
1.359408033826640808e-03 -1.281141439205956073e-03
1.452211690363350814e-03 -1.336155606407323122e-03
4.047422680412374185e-03 2.694033198743827685e-04
1.818971275885106166e-03 -6.140433553251653303e-04
4.435606060606099707e-04 -5.738809213385486678e-04
3.056966618287373059e-03 -9.564102564102564029e-04
3.267319804058783396e-03 -3.860528714676388388e-04
1.156011118832524958e-03 -1.014614703277236414e-03
1.079593267882189957e-03 -9.853146853146851469e-04
-2.120318725099599663e-03 -1.258454106280193410e-03
7.529940119760499201e-04 5.056427870461237435e-04
1.602006688963211571e-03 -1.269751693002256878e-03
2.545121056493032056e-03 -8.321445553970934419e-06
9.361471861471873119e-04 -9.569155987627052384e-04
3.350036576444770636e-03 -3.671213546566332009e-04
3.017730496453917732e-04 -3.521718822979916924e-04
1.454573934837094691e-03 -1.273978889398808337e-03
2.077281812125252730e-03 -1.188994136220117943e-03
-1.824731182795698943e-03 -1.483892321270961984e-03
-1.097730600292820980e-03 -1.386655260906758313e-03
2.049300956585727723e-03 -2.722886029411769994e-04
-1.797635605006923205e-04 9.288003663003656070e-04
-1.094117647058820723e-03 -3.957956600361668361e-04
4.138192862566468077e-04 -7.576247689463967185e-04
-1.108213820078209397e-04 -3.003035559410241473e-04
2.161377447670495208e-03 -1.670406732117812702e-03
-5.931586608442493197e-04 -1.211340206185567521e-03
-9.428672817601095038e-04 -1.263882514915099951e-03
1.808304498269899243e-03 -1.054993400791904602e-03
3.944331296673449184e-04 -8.527827648115662596e-06
2.019913106444608687e-03 -3.283292978208227791e-04
1.220895522388061030e-03 -9.781792585640556106e-04
1.597586941092977433e-03 -3.385392742305926668e-04
2.596809282088473076e-03 -1.537898936170214266e-03
4.253673627223716918e-05 3.816777041942611966e-04
-8.874726875455160070e-04 -5.500223313979460318e-04
1.421818181818184463e-03 3.980472297910979938e-04
3.020408163265307557e-03 7.221980886185910484e-04
8.841544607190441381e-04 -1.587747581759558742e-03
1.134423897581794335e-03 1.523101555352241419e-03
-4.464529331514296225e-04 -1.932929669306009547e-04
-1.621411947245891870e-04 -5.402483900643978909e-04
2.186944634313057936e-03 -1.801024765157984960e-03
5.559540889526567607e-04 4.264968722073270374e-04
6.943874058863806894e-04 -2.767950963222416249e-03
2.353605243991262457e-03 -5.044464206313921048e-04
2.464007782101170115e-03 5.942698706099801840e-04
3.587092297015964399e-03 -8.452655889145507979e-04
9.188125894134493337e-04 -7.869031975470882094e-04
9.434482758620696755e-04 3.475715524718122999e-04
4.051608579088488370e-04 -9.852941176470596859e-04
2.181154381084841887e-03 -1.102136181575432946e-03
9.900355871886145753e-04 -4.686635944700455318e-04
-2.102555480833890374e-03 -3.523123909249571977e-04
-1.059032716927450248e-03 -7.196933397220895258e-04
1.426915647134580035e-03 -3.810178817056405608e-04
1.470566593083151791e-03 -2.299954275262916948e-03
