-1.869810201660734514e-03 -2.790017985611502782e-04
2.441767068273095146e-03 8.353321033210340651e-04
-6.564102564102563750e-04 6.683146067415735806e-04
-1.278872468527640855e-03 -1.256161971830985907e-03
4.211940298507493201e-04 1.437978927203065974e-03
-1.630650496141124259e-03 1.102327624066760107e-04
-2.516750948166877368e-03 -9.718437783832868204e-05
1.716287215411579079e-04 1.162656400384985775e-03
-2.225967174677608452e-03 -4.039888682745826397e-04
-3.334096109839814696e-03 -1.614003590664273274e-03
-1.210187667560320328e-03 -1.453488372093024862e-04
1.380733944954127840e-03 1.874653098982423166e-03
1.249709639953541437e-03 -3.123897707231039836e-04
-7.228915662650438085e-05 3.326039387308534672e-04
-8.608748481166431836e-04 3.408181413961763450e-04
-4.662037037037035717e-03 1.941935483870958811e-04
2.245512143611407344e-03 8.099115867845507093e-04
1.442054958183990173e-03 -1.458055925432742846e-04
-4.033780011166946539e-03 -1.999560052793658874e-04
-1.340669559826408600e-03 -3.427172582619336270e-04
2.638665132336018553e-03 2.533905967450269994e-03
-1.917957544463567629e-03 8.874458874458883667e-05
-1.555771365149831659e-03 -3.708503865393364971e-04
1.298742138364797024e-04 -5.085274542429279315e-04
8.761961722488185729e-05 -9.130836800739647525e-05
1.095424836601307551e-03 2.332109642682330709e-03
1.049453709028178505e-03 5.294750430292596887e-04
-6.975162625665268104e-04 3.393635571054919161e-04
3.285238959467634470e-03 1.366741071428571918e-03
-1.792522380200103340e-03 -7.728437233134052375e-05
1.991237677984667408e-03 1.506052141526997769e-04
-1.014738598442711240e-03 -1.736172080772596747e-04
5.126728110599093786e-04 -5.085865257595632583e-05
-3.111961451247163661e-03 -5.904205607476632842e-04
-2.392354740061160539e-03 4.229685298262106483e-04
2.394533571004189636e-04 -3.407041648776289069e-04
-2.895646988670243747e-03 3.656387665198315874e-05
-5.352824858757059337e-03 -1.279069767441856186e-04
1.731853629274146024e-03 5.620598591549304203e-04
-7.419724770642183468e-04 4.317789291882561894e-04
9.894195888754525863e-04 -1.380652173913041745e-03
-1.086398131932281861e-03 -2.697311361665227151e-04
8.871951219512194328e-04 -4.246422182468691220e-04
-1.918886915334517239e-03 7.695895522388467879e-06
-4.023849607182939693e-03 1.195407474110765758e-04
-7.724703222159405970e-04 1.154475043029259919e-03
-1.342435827416708829e-03 2.001160631383473373e-03
-2.224885844748856166e-03 6.126221844453891415e-04
-1.287549971444886367e-03 -5.572916666666664388e-04
5.457063711911369326e-04 8.099630996309966193e-04
-1.091423948220063452e-03 5.534265103697026461e-04
3.297078931013056849e-04 -1.958955223880572843e-05
1.758793969849352417e-05 -4.769488683989938152e-04
1.185637663885579342e-03 3.490488006617042775e-04
-1.517816742081445945e-03 7.029079861111115065e-04
-3.384572386808272233e-03 -7.435950413223134077e-04
-2.822404371584698920e-03 -5.490686051794640456e-04
-5.130868861305989438e-03 6.827182718271827431e-04
1.520317145688802581e-03 -3.815789473684208380e-04
1.217699115044249556e-03 -3.542381185693279592e-04
4.242819843342060895e-04 -1.792850595783684886e-03
-8.801369863013690318e-04 7.391799544419139223e-04
-9.819494584837537565e-04 -1.026912811387900278e-03
-3.587965990843687298e-03 1.063777777777777421e-03
1.633663366336655985e-04 5.760715967969861186e-04
6.448362720403033469e-04 -1.573107049608343604e-04
2.123188405797101028e-03 6.197029270423768613e-04
-3.027719112988383303e-03 6.307420494699642576e-04
-1.749097472924188764e-03 9.235865724381630637e-04
-4.025893958076435142e-04 3.875493204734766937e-04
-3.152365236523650346e-03 2.912450505939283871e-04
-3.938994481912934387e-03 -3.373873873873873327e-04
1.650663942798776896e-03 2.177837354781054970e-03
-3.457803468208092701e-03 8.659370725034198262e-04
-5.733489187609572876e-04 1.413533834586466796e-03
-3.064534551684751536e-03 -8.728430566967953618e-04
-2.547447280799110085e-03 -1.169627749576987978e-04
-4.355811403508756045e-04 3.508083140877602283e-04
-1.264637002341902918e-04 7.477086348287503631e-05
-1.864857142857140543e-03 -1.688773093320704863e-04
-4.998391248391243803e-03 -1.318530207394049032e-03
-3.507763082231168169e-03 -4.398249452954044623e-04
1.796031746031744860e-03 1.978241160471443365e-03
1.138182801514335324e-03 5.451845566397972879e-04
1.317915690866511584e-03 3.563829787234046526e-04
-1.634380453752181392e-03 -3.317941952506600427e-04
-1.688961392060900346e-03 -1.849283402681404077e-05
-2.772643253234748691e-03 7.203427065026359174e-04
-2.064950980392153712e-04 2.544483985765118566e-04
6.951348492860947139e-04 8.261343804537529898e-04
-1.834373227453203010e-03 3.888888888888894090e-04
-3.559818731117826620e-03 -1.850111856823269982e-04
-2.583667621776503543e-03 -6.298139333621809556e-04
-3.025014376078204083e-03 -3.541202672605780799e-05
5.045723507261992832e-04 -1.523651452282157037e-03
1.995503091624525546e-04 8.549002969876966056e-04
-2.115605278255881013e-03 -1.893364928909950181e-04
-1.683393070489846641e-03 6.526340545625596836e-04
-1.703738317757007769e-03 -7.820069204152244177e-04
-2.359589041095891924e-03 2.041757285776425474e-03
-1.955097087378638871e-03 -5.349048050770610472e-05
-1.552221581073244864e-04 -7.852927825692171534e-05
1.067724867724870836e-03 1.119091326296467286e-03
1.370305164319260123e-04 -4.468085106382997060e-05
-4.187312986235787807e-03 -9.548069022185701367e-04
-1.217668488160290712e-03 1.124201107797188079e-03
3.262092238470210449e-04 -2.825101948346165704e-04
-4.181581986143185527e-03 9.712722298221613225e-04
-1.335568669527892631e-03 1.142211703958692301e-03
8.921901528013597349e-04 8.295660036166482463e-05
-1.800934033858726932e-03 -1.498956158663883103e-03
-2.716013824884800742e-04 4.679547596606977626e-04
-1.649515086206895624e-03 -2.876834148510447418e-04
1.759681093394078848e-03 -4.787917737789201735e-04
-6.791171477079079910e-06 6.668159426780122202e-04
-1.176954732510284004e-03 -1.763840830449825902e-03
2.214452214452355464e-05 3.791157102539983201e-04
-2.575218476903868171e-03 -3.330170777988619843e-04
-4.340866290018826202e-04 3.744588744588747079e-04
-8.559420289855070810e-04 -2.741935483870966330e-04
-6.032707450030256767e-04 -3.545008912655969670e-04
-3.826988636363635749e-03 -1.725601452564684514e-03
-3.844525105868119505e-04 -9.814502529510945629e-04
-1.429629629629629219e-03 6.261180679785338784e-04
-1.077508455467869391e-03 5.735163861824655522e-05
-2.399515738498790834e-03 6.070301937809817602e-04
-2.180790960451977224e-03 -6.595652173913035040e-04
-1.653543307086612372e-03 -2.767354596622822828e-05
-1.076744186046509500e-03 6.457489878542513329e-04
-4.270644966847496685e-03 2.557220141489815763e-04
-2.093432835820894372e-03 4.449462365591397815e-04
-5.782537067545289594e-04 -2.360786148806743429e-04
-2.475479744136460832e-03 -1.008771929824557839e-04
-5.632875143184422079e-04 6.563670411985013560e-04
-2.891278727165586589e-03 -8.375850340135997823e-05
-3.155657823497563189e-03 7.479374728614845112e-04
-7.662521198417172061e-04 -2.625106022052576442e-04
-3.159904534606203762e-03 2.766681797548796971e-04
-2.273976608187132636e-03 1.156966490299825203e-03
-5.389538119087365978e-03 1.248441247002397359e-03
-1.532781667727560948e-03 6.203619909502263276e-04
-1.068836405529952158e-03 1.096943648519580015e-03
-1.779394977168949820e-03 -1.708315381301158309e-04
7.146892655367460617e-05 4.945575011831521237e-04
-3.391877058177803785e-04 1.479944674965421843e-03
-2.268151311775469959e-03 -1.202412280701753216e-03
-4.145614035087717177e-03 2.208430913348949419e-04
-5.526472337894088082e-04 1.096018735362999316e-04
-3.525452488687779579e-03 3.730886850152913877e-04
-2.931470588235291462e-03 2.195972282373321368e-03
1.129903354178512500e-03 -1.119183285849951288e-03
-2.468065693430654232e-03 -7.080979284369113159e-04
-1.603997839005939828e-03 -3.749440715883664132e-04
-2.739367502726279373e-03 1.589716462124418942e-03
2.729714605484054226e-03 1.885441527446330795e-05
-2.297114794352361072e-03 3.332566697332113624e-04
2.830602691632534001e-03 -8.962882096069865745e-04
-2.037560096153848664e-03 -9.471215351812370961e-04
-2.181950934579437052e-03 -2.696142175986132789e-04
5.887421022401188999e-05 1.642924306535026779e-03
-1.913834951456308813e-03 -7.253613666228642251e-04
-5.906336088154240946e-04 4.003260363297624427e-04
-9.193548387096733745e-04 1.260096575943811352e-03
4.492254733218613424e-04 1.489361702127744291e-05
6.932889628396598830e-06 -1.898335582546096503e-04
-1.421533923303832910e-03 8.016682113067623533e-05
-2.481511691136488364e-03 6.574032903512678572e-04
-3.274348810872023882e-03 1.448428508189464770e-03
9.717379820390937856e-04 -1.948842874543092296e-05
-1.066311426879811139e-03 -1.449244060475160555e-04
2.422572178477702134e-04 -1.156462585034014615e-04
-1.046948356807509556e-03 1.419586702605570158e-04
-1.236095017381225137e-03 2.611408199643498740e-04
-1.435586366262276347e-03 -4.166666666666665308e-04
1.831412977562153007e-04 4.659613615455386582e-04
-1.689604252805670861e-03 2.293144208037829258e-04
1.202694786174576206e-03 -1.213232007152435614e-03
-3.116636528028933831e-03 -1.046738678853345031e-03
1.108885017421605166e-03 -2.178961748633885553e-04
1.490614886731392655e-03 8.243427017225753812e-04
-2.158927584300714738e-03 7.539863325740320081e-04
-4.827359617682195139e-03 5.731707317073176907e-04
-8.085415456130152405e-04 -6.383715894326544770e-04
8.725268513284379626e-04 -2.325597426470586270e-03
2.147058823529341781e-05 -1.736514522821570742e-04
-2.239804241435559666e-03 1.382752376641014930e-03
2.790489130434782063e-03 7.092600998638226920e-04
-7.037146226415066366e-04 1.367805334581188208e-03
-1.575858250276852704e-03 4.501366120218577957e-04
-1.907738095238094940e-03 -9.795918367346933935e-04
3.480329949238567520e-04 7.362494586401041033e-04
1.450683303624481597e-03 9.248421052631585881e-04
-2.444127708095778992e-03 -1.562834224598930091e-03
2.677540415704388402e-03 1.180542778288869252e-03
1.138828633405641888e-03 1.034408602150536471e-04
-4.684734513274299225e-04 -1.906377204884663983e-04
-4.661092530657746404e-03 9.260060579835606041e-05
-4.426054458088607966e-04 1.740693739424709855e-04
3.345778288340049743e-04 -6.343680709534371990e-04
-1.599416909620990064e-03 -1.674898967220470351e-04
4.709732498577109830e-04 8.259212198221311965e-06
1.080743618201998602e-03 -3.769676884838442333e-04
-3.495575221238936357e-03 -9.025270758122977988e-06
-2.271355353075169003e-03 1.831408775981524723e-04
4.811320754717017512e-04 1.248888888888889876e-03
1.889848812095032242e-03 8.379005059021925718e-04
-1.369269949066212987e-03 1.828471919895578097e-05
9.262492474413017976e-04 1.886917960088702550e-04
7.209944751381375499e-05 1.331838565022429245e-04
-1.664686825053992431e-03 3.837996389891703761e-04
-4.218384074941440684e-04 4.468987059348513086e-04
-3.894308943089430739e-03 9.008228670420097110e-04
-1.791392543859649097e-03 -4.743705035971222824e-04
-5.722094361334864859e-04 -8.156235929761365298e-04
3.191201840138011957e-03 -7.096171802054146698e-04
1.435558112773335782e-04 1.723510686675761320e-04
1.824622531939603179e-03 7.769325657894741175e-04
-3.480113636363630042e-04 -1.388771633600679371e-04
-7.734422262552923324e-04 -2.194513715710723692e-03
-3.846614739364851180e-04 3.970938542162933500e-04
-5.300583090379006566e-03 -2.895080539834560588e-04
-1.285162713734117664e-04 6.643041237113406520e-04
-2.111304347826086555e-03 -1.797144057118858339e-03
-7.338444687842261621e-04 3.148411569464200019e-04
1.235013262599472849e-03 3.366724738675973337e-04
-3.170902489626555194e-03 -3.988913525498891978e-04
-1.288261108063629623e-03 6.375576036866363464e-04
-1.264123471170648964e-03 -9.931006493506485712e-04
-4.076190476190468502e-04 1.050995628946091703e-03
-3.680815876515985269e-03 -1.644836835046936761e-03
2.302191464821226087e-03 9.305962854349950899e-04
-5.361643835616409972e-04 -2.807641048422924784e-04
1.531591737545566836e-03 -5.467948717948703128e-04
-1.378999418266432667e-03 -8.382352941176466872e-04
2.650060024009630853e-04 4.655095683133071314e-04
-1.514335868929196291e-03 -1.006528590724897840e-03
7.028936742934047566e-04 -3.191873589164786963e-04
-1.715410573678271666e-04 2.141238012205755239e-03
-7.913117546848361626e-04 -2.023860247123988312e-04
-1.957494407158825425e-04 5.166374781085811480e-05
-2.688235294117623242e-04 -4.894117647058818764e-05
-1.769379844961238091e-03 5.726744186046513890e-04
1.258826879271071749e-03 -2.325581395348844116e-04
1.215609208309957726e-04 1.120879120879122006e-03
7.403269754768403892e-04 -3.885088919288635857e-04
1.144818976279652527e-03 1.872909698996660108e-04
3.477312905126696881e-03 1.380310644129739174e-03
1.550708215297452210e-03 -7.952151009657589149e-04
-1.696883852691215104e-03 1.457935819601040512e-03
-2.379144385026735892e-03 1.048980496453900480e-03
-3.278338945005608920e-03 2.169676806083650886e-04
-9.800785634118938574e-04 -5.942430703624729509e-04
-1.312875068194215055e-03 -1.181614349775787591e-04
-2.107347876004591215e-03 -1.456680346557226186e-03
-1.301278488048914113e-03 6.057196436943276634e-04
2.955483490566040115e-03 9.043624161073834933e-04
-6.171892816419612474e-03 -3.259668508287293727e-04
-2.703399122807017586e-03 -2.860566448801742990e-04
-1.846674876847291579e-03 3.640776699029128500e-04
-2.636313465783664180e-03 -7.353066439522997107e-04
-1.675485008818340150e-03 -5.659494855004643197e-05
-3.551881413911054091e-04 2.129398663697105315e-03
-2.224791086350973949e-03 -1.102206494587843009e-03
-2.156109865470849304e-03 -4.005589194224501437e-04
2.035496394897418938e-04 5.980000000000003325e-04
-4.152694610778440154e-03 2.962962962962962382e-04
2.233068944478340534e-03 -1.753037383177570444e-03
-1.508841985168261066e-04 -1.374411638853229945e-03
-1.114429331756357743e-03 1.133232235701907070e-03
2.071675302245252950e-03 1.241420976317061942e-03
-3.451684152401987733e-03 5.639312977099239250e-04
4.379084967320271294e-04 6.498002663115847290e-04
-1.870475113122168449e-03 2.902025630425798287e-04
-7.977741585233431160e-04 5.445326278659616114e-04
-3.606025492468131494e-03 -2.106890459363944875e-04
-5.112857142857139478e-03 -1.263901147396293738e-03
-3.375840662183132723e-03 -4.988415199258580939e-04
-2.445115257958286551e-03 -4.950707243891947889e-05
-2.150255102040816123e-03 3.518052057094877574e-04
-2.561038220193953639e-03 -1.008639787328312115e-03
-3.001162115049368939e-04 6.077933079203722781e-04
1.453225806451613651e-03 -2.066847147022073897e-03
-2.358241758241758079e-03 -8.255243195002134285e-05
-7.221306974189982842e-04 -1.246759481517041579e-03
5.309708159618825541e-04 -1.176133955065703819e-03
-3.927816901408447657e-03 1.659722222222229527e-04
1.663972286374137185e-03 -7.582041932543277492e-04
-8.850193477059138843e-04 -8.561611374407576995e-04
-2.364406779661015756e-03 1.775603095129723056e-03
-8.661320172732892789e-04 -4.929336188436822227e-04
5.058201058201070499e-04 -5.013774104683184135e-04
-1.925057870370369510e-03 -3.548526863084921980e-04
-2.786119873817031415e-03 -3.882743362831857356e-04
-2.495423340961097549e-03 -1.387884267631102862e-03
2.072555205047335461e-04 -4.461332141260608824e-04
1.800281690140846528e-03 -3.602216748768472562e-04
-9.511805998723666614e-04 -7.610878661087855206e-04
-9.518973810796340458e-04 -8.909090909090896680e-04
1.161983032873807739e-03 -6.536947966768695681e-04
-3.445615982241953101e-03 4.459090909090907776e-04
-1.074588769143504548e-03 7.383985441310283483e-04
-1.193489583333332861e-03 4.242236024844720280e-04
7.645251396648089634e-04 6.557526148249207985e-04
-1.422182468694094953e-03 -2.880941803642816392e-04
1.369552585705986975e-03 1.336637931034482260e-03
2.007558790593506025e-03 -1.060110548134499770e-03
8.614347026364218706e-05 -7.555410691003908641e-04
-3.549317943336828107e-03 3.036941580756011890e-04
-5.870083432657709525e-05 -1.770532490974729631e-03
-2.219094602437607193e-03 6.530249110320282329e-04
-2.931644077784308143e-04 -8.098468271334791383e-04
-1.025468384074941204e-03 -4.063205417607181817e-05
1.393802816901408906e-03 1.165647058823529722e-03
-3.116389548693586885e-03 -1.130849220103985996e-03
2.750000000000002009e-03 1.386709736963551783e-04
-7.708215297450411122e-04 -9.718487394957987802e-04
-2.278381642512078593e-03 2.368300503893736031e-04
1.224335748792271250e-03 -8.673240699237953159e-05
-1.328888888888886833e-03 5.054112554112559367e-04
-2.306042296072506690e-03 6.240053050397874421e-04
2.315003394433122605e-04 5.443269621797484524e-04
-1.323257080610019953e-03 2.334337349397537143e-05
-6.397701793721969656e-03 -9.692549371633755627e-04
-1.139017341040464079e-03 -1.819216757741347985e-03
-1.983190709046453622e-03 -2.819218955682314173e-04
-1.830128205128204229e-03 7.237131544214701461e-05
1.430687203791470609e-03 2.372246696035247180e-04
-4.637976004173188956e-03 -1.003528892809880772e-03
-3.934944237918214759e-03 -1.869305108145421579e-03
-8.347876672484000077e-04 -1.185302837780601460e-03
-8.487991266375523487e-04 1.081125058112508133e-03
2.574725908828623400e-03 9.111522443313289660e-04
-4.975929311395487116e-03 -6.854203152364275178e-04
-2.499717194570135435e-03 -3.798627002288316811e-05
1.135427394438747747e-04 1.206485455412499385e-04
-1.388528138528135995e-03 -5.815441783649868707e-04
1.106985698569857776e-03 -7.552783109404988954e-04
4.933217189314755653e-04 1.380861850443600462e-03
2.263005780346834576e-04 -1.898261975413309847e-03
3.467208357515960682e-03 1.436493327197424161e-03
-3.072357263990921307e-04 -2.012808783165601317e-04
8.886401790710705831e-04 8.884192730346573757e-04
-1.883180428134553991e-03 -4.269081500646841349e-05
5.708333333333336741e-04 -3.683492496589352012e-04
-1.762748756218904733e-03 9.331737048323904011e-04
-8.720930232555711411e-06 -4.802541988197903296e-04
2.445848375451267331e-04 -3.554295682511990134e-04
-2.056246115599752716e-03 -6.127241673783091671e-04
-2.935949221004038184e-03 -6.710816777042019144e-05
-7.475893363584778552e-04 7.500000000000013167e-04
-1.422586520947178180e-03 5.272288098375050268e-04
-1.512396694214876392e-03 -1.025935374149659560e-03
-1.912534818941503826e-03 -2.605724049551469282e-04
-2.255377826806397035e-03 1.417826086956522564e-03
-9.911553344389156545e-04 -1.073940486925158404e-03
6.181713628522227837e-05 9.428444838280898707e-04
-1.044471153846153206e-03 -4.335753951302862464e-04
-2.668280871670699033e-03 -6.572119613016722635e-04
-2.117419738406655424e-03 -4.534992954438692961e-04
-3.665310865775710854e-03 4.879390605162931536e-04
-3.281682027649765899e-03 -1.580263756252842891e-04
3.467741935483960439e-05 2.458011802088058586e-04
3.248790972595382368e-03 2.293048614266242693e-03
2.348119858989422635e-03 -2.638190954773857863e-05
-1.091703056768255129e-05 -1.854130052724079392e-04
-6.777777777777761704e-04 -2.686134641105663418e-04
1.203252032520328151e-03 1.973091976516633782e-03
-5.439955727725508984e-03 7.679666958808069972e-04
-2.608272506082724793e-03 6.236854138088705410e-04
-9.159756771697036368e-04 -2.818949343339582198e-04
4.780780780780796452e-04 -1.421612046058459179e-03
-1.827409638554214170e-03 1.697992310978224564e-04
-1.723356009070293234e-03 2.569620253164554315e-04
-1.158127767235925514e-03 1.632519616390584218e-04
4.007134363852582482e-04 -1.968452895419188324e-03
7.109135499693432616e-04 -3.376652986776097309e-04
-4.149761336515500653e-04 1.092198581560290926e-04
1.373954599761128780e-05 -8.087152209492620312e-04
-1.598916761687570577e-03 3.267139479905439348e-04
-8.860898138006538787e-04 8.934388087482578774e-05
1.895522388059704124e-03 8.649581074420903621e-04
6.189634864546529700e-04 4.274825783972137751e-04
-2.045374707259950235e-03 -8.489361702127657620e-04
-1.297447280799111577e-03 -2.190753852561434735e-04
-8.232545354590422746e-04 -2.005541346973572223e-04
-1.223560517038775131e-03 -6.085903083700431497e-04
-1.016226622662265346e-03 -7.927341453170923605e-04
-3.611169931180516820e-03 -2.906714736367732978e-04
-1.318422601530308720e-03 5.961450206516748880e-04
-9.137535816618912914e-04 -7.287093942054391710e-05
-2.318422601530316113e-03 4.847277556440831496e-05
-2.503452243958569686e-03 -1.292992162286768412e-03
-1.195978391356542761e-03 2.910415773681968932e-04
-1.003937007874013392e-03 -7.719730941704032630e-04
1.476332970620240336e-03 3.553027050236161962e-04
-1.089142857142854498e-03 2.833793738489877355e-04
6.979651162790713763e-04 5.876022384847180875e-04
-1.509736540664376138e-03 -7.429255550718327555e-04
2.090108015918137711e-03 -5.704194260485644444e-04
-1.004716981132073705e-03 -1.201172755976543868e-03
1.305666857469949893e-03 4.369290996085256010e-04
-2.282956425813567180e-03 -4.973821989528687899e-05
-2.953382084095063000e-03 -2.927888792354472959e-04
-3.325348189415040616e-03 -9.176206050695015146e-04
-3.163091309130909492e-03 -2.710074791025074252e-04
-2.640458869613874007e-03 -5.195989061075601668e-05
-1.379844961240308783e-03 -8.722644037516745453e-04
-1.559635722679200307e-03 -9.261538461538462979e-04
-1.821232123212321741e-03 -1.623345935727785292e-04
-1.004312823461758243e-03 -8.332597173144869283e-04
-4.049943246311007473e-03 3.437209302325576455e-04
-1.453874538745387893e-03 -9.488372093023254806e-04
-1.988058787507654586e-03 -7.577365163572059728e-04
6.633489461358345199e-04 1.328666666666667882e-03
-9.322887520984880641e-04 5.677157844539818020e-04
-1.606417992320351715e-03 6.048064085447267448e-04
2.201223063482820111e-03 -6.466756513926328514e-04
2.806979014153244793e-03 1.768248175182482278e-03
-9.260404949381300212e-04 -5.728715728715732831e-04
-2.075991189427309029e-03 7.070707070707082627e-04
-1.085139318885447283e-03 3.374363327674088697e-05
-5.834236186348825933e-04 1.526624548736462599e-03
2.141552511415524204e-03 6.479003230272273360e-04
2.128672150411282243e-03 9.853852967227725451e-05
-1.905177428737637275e-03 1.418829740431144706e-04
-4.406174334140433753e-03 -1.141891891891891634e-03
8.648730350665056327e-04 6.357615894039745068e-04
-8.826850690087826527e-04 2.556192155134526242e-05
-3.171816728822587396e-03 -3.840712003651309430e-04
-3.436577364680151649e-03 2.211228716060743230e-03
-2.543352601156068961e-03 2.275462962962969524e-04
-9.847285067873282841e-04 3.433378808549289918e-05
-2.508059701492537218e-03 -2.126862197392923818e-03
-1.466587112171836155e-03 -1.014324082363473071e-03
1.354668232530829722e-03 2.982570806100221981e-04
-1.395543175487462626e-03 -6.275303643724702970e-04
-3.076581285938317402e-03 1.033777777777777776e-03
-3.668810289389063273e-03 -3.139479905437355983e-04
-2.414194299010735415e-05 8.394454382826480997e-04
-2.406177829099303764e-03 -3.983089579524673463e-04
-4.781092964824118843e-03 -2.107157983905132517e-04
-4.720645520311629595e-03 -1.487731381833835983e-03
2.786014405762304684e-03 -1.511363636363635178e-04
1.146377672209028531e-03 -1.392700087950747134e-03
-1.234468339307048888e-03 7.408246488445865193e-04
-4.385856079404454517e-04 1.009396853146854022e-03
2.865503657850308663e-03 -8.222222222222219093e-04
-3.505135951661630511e-03 9.379056685417571640e-04
4.957107843137285559e-04 -5.982142857142853628e-04
-3.849061810154525472e-03 1.173201206376561475e-03
-4.198795180722889736e-03 2.423540315106579245e-04
1.366629773104593212e-03 3.900921658986181173e-04
2.581058951965065160e-03 1.109559144478393638e-03
-5.628496503496498160e-03 4.413687881429813591e-04
-1.140615384615383801e-03 -8.927799394725458850e-04
-1.488365493757092461e-03 4.031277150304089915e-04
4.889830508474613500e-04 6.374663072776290667e-04
-2.273259215915739411e-03 -1.290901324220417989e-03
-3.657534246575319236e-04 2.138356164383561995e-03
9.693308550185900183e-04 -9.740384615384605404e-04
1.764277035236936709e-03 5.283842794759820854e-04
-4.110340843443088896e-04 -3.192477876106188561e-04
-3.177525403466826409e-03 1.330214513920585260e-03
2.245945945945952921e-04 -2.358452138492866024e-04
-2.339274347549331889e-03 -9.039735099337751914e-04
1.310119047619047591e-03 7.334801762114543950e-04
-1.635268346111717463e-03 -1.403717826501430302e-03
-1.113597733711045069e-03 8.072262118491922408e-04
-1.556598564329096223e-03 1.113690194220750239e-03
1.400217509516041813e-03 2.478670857656043933e-04
-2.047332185886402856e-03 3.603256212510718977e-04
-2.826912642430817312e-03 -4.071828358208954787e-04
4.151311953352770402e-03 9.011883802816907183e-04
8.466928251121098392e-04 -5.234731084776648872e-04
1.812357630979499019e-03 -2.275086505190310486e-04
-1.554269972451791017e-03 6.355896126011067668e-04
-3.412717456508697171e-03 2.241306191687877578e-04
7.378361075544189992e-04 1.431363636363637299e-03
-3.570555894929722338e-04 -6.193826600090782336e-04
-2.185061315496071024e-04 -1.077601809954749617e-03
1.956208425720622028e-03 8.426941641070652368e-04
-2.373576309794986610e-03 1.751113089937667662e-03
-1.286608600979857308e-03 -1.078385899814476547e-04
1.394957983193307585e-04 8.702391496899982717e-05
1.289933230611197508e-03 -1.147359076786497764e-04
3.268380155409446146e-03 1.085827876520112931e-03
-1.734003172924377095e-03 -3.542682926829261031e-04
-1.025373134328355076e-03 5.447416974169744935e-04
1.557043073341133168e-04 -3.186813186813174125e-04
-9.850696748506947327e-04 5.288808664259936863e-04
4.073964497041408154e-04 1.702347417840376336e-03
-1.991515506143941121e-03 8.732427366447983140e-04
-6.081690140845074158e-04 1.428411131059245361e-03
-2.339876612450924459e-03 9.705075445816202604e-04
2.898406374501992858e-03 1.724286949006059125e-04
5.843843843843846402e-04 -1.397039030955583459e-03
-8.223542116630649717e-04 -7.720230190349698261e-04
1.085776330076004121e-04 8.591311682834252379e-04
-1.508353221957034170e-03 9.101293103448281508e-04
-1.659555815312679407e-03 -2.259376412110256028e-04
-1.076678240740737641e-03 -8.873794916739631967e-05
-1.684583579444772026e-03 -7.080924855491328111e-04
-1.124649859943975538e-03 1.039017974572555377e-04
1.490151941474397680e-03 9.255707762557078416e-04
9.681583476764215029e-04 -5.885144755576648045e-04
2.805663520266518576e-03 6.518872214643015158e-04
2.414484679665738782e-03 -3.974248927038617958e-04
-7.189009661835726742e-04 -1.193120503597122975e-03
-1.850263157894736993e-03 6.732249786142002453e-04
-6.339904102290881867e-04 1.325035561877667455e-03
-2.195626822157433281e-03 2.909212880143112684e-04
-2.351543942992885647e-04 -7.367763431903369018e-04
2.065940713853605618e-04 5.514673674989046094e-04
-5.016120365394921565e-04 4.787435049598499285e-04
-3.789503386004498386e-04 4.181192660550460492e-04
-4.475778546712801467e-03 -8.047842802221270896e-04
-2.005801687763712933e-03 -1.530793088170141454e-04
2.877071823204421005e-03 -1.065670289855071918e-03
1.375672766415500167e-03 -1.766575840145315451e-04
-3.573455759599330605e-03 2.833182230281051667e-04
-2.051209904333117957e-04 -6.136571952337298817e-04
-1.323512747875351921e-03 -1.146263182026496374e-05
-8.476744186046496167e-04 -4.631740464708458422e-04
-3.197817571348627198e-03 3.555304740406322207e-04
-1.513445378151259202e-03 -1.125485436893203760e-03
1.474739154310820283e-03 4.395248380129587241e-04
-5.408929627439384123e-03 3.248954946586156758e-04
-2.376220562894889188e-03 2.405447298494242138e-03
-1.079090909090909753e-03 7.737843551797101501e-05
-1.800124146492847535e-04 -1.779698581560282267e-03
1.109581789306515005e-03 1.759981642955486467e-04
-2.273636363636362227e-03 1.354507239607662941e-04
5.673560648407107159e-05 -4.297638436482082575e-04
-3.457360130363926827e-04 -7.622347336509310020e-04
1.182652457075192764e-03 8.773046532045666911e-04
-8.298226164079812147e-04 6.658547387068196842e-04
-3.073829201101926922e-03 -4.350993377483438761e-04
1.918997668997669522e-03 5.631510416666675282e-04
-8.750792644261168687e-05 1.840490797546073297e-05
-8.299888517279812574e-04 -7.405582922824288303e-04
6.727105101413672749e-04 -7.769500438212090243e-04
2.646536412078170962e-04 -7.948243992606277789e-04
7.811577082102776287e-04 5.536723163841823694e-04
-3.247494432071267294e-03 -9.317697228144987279e-04
5.305555555555555979e-04 -5.572183098591553191e-04
1.269931662870160205e-03 -1.103955841766325938e-04
4.830931263858102690e-04 2.475075856090158156e-04
-1.414869466515321188e-03 2.359750667853969519e-05
-7.634502923976594062e-04 -1.539777587681781100e-04
1.488991888760138240e-03 -8.246484698097595462e-04
-4.148867313915857377e-03 -6.058746163963174038e-04
-1.133134328358204827e-03 1.744337979094090518e-04
-4.658444573418451910e-03 -2.860791826309065015e-04
-1.399318463444856582e-03 -4.660114660114654268e-04
-3.251935675997613424e-04 3.568575233022636931e-04
-1.668439716312054020e-03 1.534498207885306488e-04
-1.679945799457994125e-03 -1.066972076788830085e-03
-7.137910798122064013e-03 -1.098144952545297747e-03
1.012278697886923083e-03 5.986717267552185608e-04
-4.172008547008539321e-04 4.114754098360664104e-04
-1.213704994192796142e-03 -1.335076045627375720e-03
-1.813864628820958729e-03 -7.737942808365347574e-04
-4.656666666666663124e-03 -1.420270270270269876e-03
-4.559326710816775929e-03 7.250775365529463570e-04
-3.885422575155965418e-04 -1.099660729431721972e-03
-4.423728813559323243e-03 6.296381126889592566e-04
2.064000000000002031e-03 -8.474189127455344916e-05
-2.650615302300695156e-03 3.975448536355047314e-04
-2.650859513930051928e-03 -1.306548901335630522e-03
-3.986486486486463874e-04 -1.677350427350425479e-04
-1.568526379624012122e-03 -2.740088105726862927e-04
-1.291461916461913995e-03 -1.958280119199652211e-05
-4.005047672462140954e-03 -5.405764966740580785e-04
-3.508590047393363338e-03 -5.126692878986452385e-04
3.647490820073467552e-04 -7.213010204081631536e-04
5.697745277270327511e-05 9.247506799637381547e-05
-7.807991120976655579e-04 5.329972502291482808e-04
8.564032697547690250e-04 1.306550218340611939e-03
9.177027827116842067e-05 7.807167235494884283e-04
-4.444976076555022526e-03 -1.447666515632083648e-04
-1.816236811254393242e-03 1.052608114132858562e-03
-1.627372052903964172e-03 8.226718885987819837e-04
-2.653957250144424029e-03 -2.556627516778527533e-04
-8.485221674876818098e-04 -7.600093109869634697e-04
-1.273536165327206812e-03 1.209964412811399571e-04
-4.052808988764043489e-03 -1.720243266724585387e-04
-7.113431151241529637e-04 6.781096745430228740e-04
-6.324779678589942042e-03 -4.277188328912470195e-04
-2.866626433313214893e-03 -6.845637583892538063e-05
-5.027777777777775112e-03 5.636444841447076949e-04
-2.600310237849015431e-03 4.082802547770704948e-04
-3.487661245092539119e-03 5.859748154580984641e-04
7.786010669828117344e-04 -1.107834696513128889e-03
-4.064892344497607161e-03 -1.077762302692664024e-03
-8.554545454545434699e-04 -1.551786521935776160e-03
-9.716696805304387338e-04 -1.321182943603850177e-03
-6.009725400457654500e-04 6.679536679536676302e-04
-9.444444444444428498e-04 -3.796768707482999763e-04
-2.137614678899081837e-03 -1.602558635394456688e-03
1.120225927918237123e-03 -5.262018189692506094e-04
-4.232681121099943732e-03 4.375804375804376724e-04
-1.922036823935557815e-03 5.765379113018603754e-04
-6.301005322294487470e-04 1.610320284697508994e-03
-1.545950603101663373e-03 1.065292096219932078e-04
1.889293721973095029e-03 6.110851262862486378e-04
4.798697454114873189e-04 1.220191868433075696e-03
-1.682380671773702450e-04 -2.080443828016593987e-05
-3.595329670329669783e-03 2.050200803212851985e-03
-1.811256544502617494e-03 2.496014171833480996e-03
1.129718394248051781e-03 -6.671847246891641743e-04
-5.152027027026956515e-05 5.219805645534483828e-04
2.101250744490768766e-03 2.250639386189266517e-04
-2.474107142857142911e-03 -6.058823529411753875e-04
1.101240834743374758e-03 -7.217664092664087278e-04
-1.621061843640606405e-03 7.485875706214701534e-05
5.495079950799515662e-04 3.178209086898992216e-04
-3.081957882754692880e-03 -1.343386471348556339e-03
-3.259490084985833779e-03 -4.551979121357105080e-04
-4.400058962264146063e-03 -8.029978586723676216e-05
-2.424576271186441694e-03 -4.868975198876930328e-04
-3.690619362597715759e-03 -6.463467358408980963e-05
-6.540270429159323684e-04 4.176548089591566567e-04
-1.085123101100052062e-03 -1.232134406057737094e-03
3.179501385041549368e-03 6.717647058823529365e-04
2.103275224511358659e-03 -6.183239253148065974e-04
-1.685265438786562450e-03 -8.702010968921386523e-04
-2.359304932735425790e-03 6.381898454746141999e-04
-3.114503816793893608e-03 -4.175185873605939419e-04
1.037765293383272492e-03 4.592054677488258563e-04
3.626623376623378577e-03 -6.417218543046351083e-04
1.474358974358976147e-03 -1.527185278126305321e-03
-1.092592592592589668e-03 8.565555047967116477e-04
-3.186498855835211792e-04 1.128996447602131524e-03
1.345327604726133538e-04 -1.091536338546458384e-03
-1.919836956521739487e-03 1.160373355960967866e-03
-4.214328899637242998e-03 4.479211315902273177e-04
-2.856218345526168653e-03 -2.481236203090501609e-04
-2.051052967453729364e-03 7.837713231904622476e-06
1.940052700922295030e-04 -1.773608768971330924e-03
-5.111655773420478374e-03 8.443992773261063244e-04
-4.659024103468543954e-04 -3.727629855958095625e-04
-2.426495726495726726e-03 -1.243046357615893750e-03
-1.881006864988558165e-03 -5.694989106753806877e-04
-7.439812096300636377e-04 -5.345216606498198308e-04
-7.017386091127063817e-04 -8.647887323943658725e-04
3.983957219251368681e-04 4.241091069071714170e-04
-4.538057742782131013e-04 8.304928604329795891e-04
-1.459737292975443182e-03 6.747572815533980049e-04
-1.967168674698792970e-03 4.674461256304452794e-04
8.790276992651524263e-05 -8.501570210856823661e-05
-1.860137851809303636e-03 -8.564422648238961128e-04
-2.091127098321341003e-03 -1.116717858709959999e-04
-2.045454545454544314e-03 -2.155296610169491443e-03
1.103505843071789097e-03 1.440721649484536307e-03
-1.516850668216152692e-03 -5.882490636704110643e-04
2.128437682855473939e-03 -2.030356357237133463e-04
-4.489491150442476153e-03 -8.462867012089840470e-05
-1.307134894091413263e-03 1.867298578199052855e-04
-1.844218415417557457e-03 3.499361430395908786e-04
-2.114868641699272061e-03 1.319238900634248362e-04
-3.383727810650885830e-03 -7.971805366075485240e-04
-1.655134541460732750e-03 2.207582061950989077e-04
-3.627075351213280251e-03 -9.921410365335600178e-04
-1.456325301204820051e-03 -7.019475021168500176e-04
-2.650456743686188839e-03 6.165890816758358688e-04
1.072398190045249734e-03 -4.997728305315730788e-05
2.902777777777780163e-03 7.993659420289886842e-05
9.243792325056438821e-04 -2.440604751619871240e-03
-1.960738429537181061e-03 5.518888406426400786e-04
5.008314855875838989e-04 1.010158013544018487e-03
-1.242676622630671697e-03 -3.813485113835373991e-04
9.592188397472738506e-04 -1.520125223613594647e-03
1.766047745358091626e-03 1.671938544961526992e-05
-2.056650246305408560e-04 5.337437300501597995e-04
-3.276771004942339877e-03 4.739999999999999747e-04
1.904237754540476571e-04 6.662354463130664133e-04
-2.218375136314065365e-03 3.836491846628475801e-04
-1.449459459459459358e-03 9.853339350180511779e-04
3.903456495828371226e-04 5.986332574031903416e-04
-1.848264277715563940e-03 8.107497741644114904e-05
-1.643992371265095643e-03 -6.247321045863692092e-04
-1.005885997521682642e-03 4.292565947242212975e-04
3.057598039215704382e-04 7.604255319148941952e-04
2.241183502689777281e-03 -6.127946127946115509e-04
-4.121540312875755964e-05 7.861900532859680650e-04
-6.653084982537792527e-04 1.386324041811846713e-03
3.962209302325595721e-04 -1.473660308810160991e-04
2.300778909526661356e-04 2.467771639042353436e-04
-2.206006006006004661e-03 -1.254334038054967992e-03
-7.699115044247800980e-05 -6.737477638640426963e-04
-1.024020227560054944e-04 3.305239179954441936e-04
6.751269035533011493e-04 -2.398945518453425249e-04
-3.066496887379737551e-03 -1.217878372199359153e-03
1.181544359255204662e-03 5.500211954217885989e-04
-2.776209677419354521e-03 1.708820882088209333e-03
1.483570646221249066e-03 -5.182717110920028250e-04
-8.002958579881638270e-04 -2.990888382687921423e-04
1.104190260475682646e-04 1.029590948651001219e-03
-1.783451665756415408e-03 -5.363801728058214483e-04
1.313898704358068808e-03 -1.324105621805791002e-03
-9.521247982786432140e-04 1.631205673758866941e-04
-4.024641833810889933e-03 3.352402745995424274e-04
-2.428886091881684878e-03 -7.332468655425850934e-04
-2.597540045766588614e-03 3.018735362997659096e-04
4.741508347725964523e-03 -2.802325581395336647e-04
-1.538068181818181028e-03 2.795742939009424727e-04
-2.779918272037359365e-03 5.002273760801005229e-06
-2.318872017353575208e-03 4.556587837837838676e-04
-2.081018518518515902e-03 4.394201644309822757e-04
-1.453171310017781692e-03 3.050068902158940831e-04
7.514761137950861804e-06 -8.193705673758853525e-04
-5.320391061452511318e-03 7.049040511727084441e-04
3.258736971183329102e-04 8.045652173913046433e-04
-2.119368051492098292e-03 -7.877461706783332859e-05
2.729166666666666199e-03 5.268566090611868187e-04
-1.232254400908573385e-03 1.629783310281234074e-04
-6.663783160322942151e-04 2.595307917888572480e-04
1.418095801301005876e-03 8.685766257389736841e-04
-2.255892255892256830e-03 -3.445268207588310719e-04
-1.809665871121716009e-03 1.467845659163987456e-03
4.078717201166203311e-04 2.048446069469835040e-03
-6.969783352337479950e-04 -1.506133575647418019e-04
-7.967702620353435405e-04 -1.045435510887772349e-03
-1.107556368068251433e-03 4.658995815899595475e-04
1.940982624325946143e-03 4.093567251462008872e-04
-1.033963378617836458e-03 1.970772442588731210e-04
-3.628305288461536847e-03 -5.973639455782310103e-04
-4.028248587570609903e-04 -4.195153613154478005e-04
-1.353691639522258249e-03 1.520921485660553659e-04
3.044126416219441046e-04 1.827019625741670974e-03
-2.666366906474819127e-03 -5.300044782803402894e-04
-5.327577450482459936e-04 -7.908400168847616119e-04
7.252812314979291538e-04 -1.139173060528559213e-03
-7.880133185349600788e-04 -3.015873015873061515e-05
-2.986975857687419571e-03 6.027088036117383008e-05
1.391387822270983080e-03 3.622564567285913983e-04
-2.007019438444923674e-03 2.699389179755671674e-03
-3.452020202020200570e-03 4.798044217687081909e-04
-1.642305570876997954e-03 -7.334241598546775535e-04
-2.093253968253966368e-03 -4.566473988439306137e-04
-1.326726726726728135e-03 1.859450021824531074e-04
-2.136280487804877604e-03 -1.055680287382128107e-03
1.653240460327074684e-03 -1.569926873857401017e-04
-2.400609080841636933e-03 -1.461108723678600976e-05
-5.537277147487842423e-03 -6.096064325010590052e-04
-1.975118483412318954e-03 4.426078971533529906e-04
1.243458475540390072e-03 1.575011195700850783e-03
-2.333839611178614975e-03 -1.898247114151343801e-04
-2.352013057671381146e-03 -2.666517657577117083e-04
-3.404358353510893859e-03 -6.839622641509429625e-04
-1.235409652076317234e-03 -6.165234001910218200e-04
-3.189268867924527698e-03 -3.858387799564272987e-04
3.400116144018587431e-04 -7.080308529945549901e-04
-1.438679245282994815e-04 -1.795316565481346516e-04
-5.206916099773247191e-04 -6.273039005572227144e-04
-3.008698260347930468e-03 -2.066436583261434972e-04
-2.321043675553032849e-03 1.373700858563043465e-04
-1.073617952928295968e-03 -4.165221162185602280e-04
-2.665943600867677274e-03 -4.999999999999992515e-04
1.586906141367325739e-03 1.140730717185385905e-03
-1.243470690655831563e-03 1.668328047122791301e-03
-2.017199758599878563e-03 -5.553610503282276805e-04
-6.970374510899943112e-04 -3.861697350696006287e-04
4.526515151515173507e-04 -7.857800276115957643e-04
1.087426900584794083e-03 1.653261840929413126e-04
1.231721034870644641e-04 -5.370616955170878521e-04
-9.061085972850664366e-04 -1.374538745387452409e-04
-2.155528554070472967e-03 -7.905253704535248824e-04
-9.895646988670209632e-04 -4.240766073871408645e-04
1.219512195121975613e-04 4.211248285322365136e-04
-1.342917675544794045e-03 -4.282718120805374521e-04
3.489182692307693772e-03 -5.412348877374778501e-04
-1.616855947399879626e-03 -4.732180514550807238e-04
6.399069226294586273e-05 -1.840749414519906061e-03
-1.961514587212909947e-03 -1.084611808461180028e-03
1.137765957446811938e-03 -2.316960148283747273e-07
-3.178357314148680304e-03 4.922621756941273621e-04
-2.314814814814886528e-05 -9.338842975206612705e-04
-6.957377049180338670e-04 -1.623504068932502941e-03
-2.667450058754403607e-04 -1.401885945217781499e-03
7.645367412140571589e-04 -6.047204399633354004e-04
-3.886229314420801620e-03 8.796755295178014696e-04
-1.151047409040792868e-03 -1.850779510022271908e-03
-4.324477611940292024e-03 2.050236152855298608e-04
-8.983644859813064328e-04 -1.520467836257310100e-04
-2.232611174458378964e-03 -3.298969072164940268e-04
-3.550312500000000950e-03 -1.114738805970142749e-04
2.786010669828108024e-04 -8.638465094775765914e-04
3.406970046082948272e-03 4.601691143747222768e-04
1.083040935672515337e-03 -1.095922746781113118e-03
2.500000000000021194e-04 3.862559241706166151e-04
-3.976945244956750047e-04 -3.323367065317376539e-04
1.756524153248194926e-03 7.521158129175943823e-04
7.127991675338195710e-04 6.880397236614852179e-04
-2.277684563758387935e-03 5.471249459576316317e-04
-1.692596876807402279e-03 -1.564866112650046019e-03
-7.229885057471254232e-04 5.686046511627910116e-04
2.221553281155931245e-03 1.647597254004646168e-05
-8.935072815533965729e-04 6.329218106995897555e-04
3.529962546816494198e-04 -1.117503331852508957e-03
2.015239096163954236e-03 1.069552529182879897e-03
-6.557468073292603214e-04 -1.188972876834147553e-03
-2.547986762272476825e-03 -1.134172354948806156e-03
-6.352082206598153513e-04 -3.112778535698042422e-04
1.379045996592845541e-03 -3.412535845964763371e-04
4.426129426129741899e-05 -1.104598737601328544e-05
-2.334608030592732076e-03 7.201619778346115457e-04
3.436404748445450255e-03 5.006967022758952246e-04
-1.783164782867341109e-03 -1.423902894491081826e-05
-4.866096866096861207e-03 -9.739470256187587058e-04
1.232185273159148520e-03 6.023433763749404127e-04
-8.964132762312619152e-04 -4.487640449438195416e-04
-4.396231567449480210e-03 6.819360414866025219e-04
-1.670950388523609375e-03 1.007653061224491144e-04
-1.299823633156963571e-03 6.166373239436616751e-04
3.072289156626536576e-04 -1.680414551607444049e-03
-1.945382882882855640e-04 8.282732447817840651e-04
-1.359312320916905136e-03 7.311546840958617994e-04
-1.311898016997165971e-03 2.086759868421056625e-04
-1.625215393452036526e-03 -7.530355594102343788e-04
-1.816959385290887021e-03 7.846221057230243125e-04
1.340460526315793489e-04 -3.654347826086956608e-04
1.483342147012184668e-04 7.609668755595403616e-05
-6.392971246006375757e-04 -3.619005328596732433e-05
7.694974003466218022e-04 1.593722369584446921e-04
-2.681418522860488929e-03 -1.074106364428944723e-03
-2.620879120879117050e-03 1.019197584124245399e-03
-1.916156670746633171e-03 2.374574829931977373e-04
2.723140495867769351e-03 1.113173381620642926e-03
-1.772877618522598767e-03 -9.268878219118279220e-04
-4.291338582677140055e-04 7.801147227533471260e-04
-9.290419161676637854e-04 -1.196904557179706606e-03
1.831182795698926445e-03 7.392595978062153688e-04
1.311594202898550519e-03 2.052205220522058168e-04
1.188690132717826290e-04 4.434589800444373941e-06
3.031358885017441875e-04 1.171609245529873881e-03
-1.550309162450815102e-03 -9.104248795444592470e-04
7.605341246290817873e-04 -6.931034482758622120e-04
-1.565072639225181719e-03 -2.995060619667708006e-04
-1.915218693828637988e-03 1.498264642082429996e-03
-4.821033210332103906e-03 -6.392294220665501684e-04
2.629760609357997304e-03 1.314713896457762041e-04
-1.139311900733217886e-03 8.503697259678153115e-05
-2.095498783454980687e-04 6.438721136767346423e-05
1.006024096385545056e-03 7.334567329939815168e-05
1.848414985590779609e-03 2.740990990990997819e-04
-3.026995979322225951e-03 -3.023554603854392182e-04
-1.677309007981756190e-03 -7.029438001784122812e-04
-1.358404558404557091e-03 2.297852900867985862e-04
-1.790657439446362948e-03 4.442508710801488863e-05
3.644161593801903084e-04 -7.117566954153416517e-04
1.037974683544304810e-03 -1.310517166449369671e-03
-1.025190392501445016e-04 -9.111617312065504071e-07
-1.322711471610659448e-03 -6.631486367634117614e-04
-2.333131067961146158e-04 -5.024186455584871190e-04
-2.222509702457954334e-03 -1.104502973661801599e-05
2.578796561604614979e-04 1.340507476212052544e-03
1.624480095068331223e-03 -2.810444078947360418e-04
2.221088435374149461e-03 -1.166305760069293821e-03
-1.858059118795313876e-03 7.839422643211548447e-04
-3.998866855524077155e-03 -6.166741171211448120e-04
-2.969522240527185022e-03 1.954680220245658660e-04
-3.035400819192506094e-03 4.190124596215972575e-04
4.495359628770312930e-04 5.319930825767402865e-04
3.571829405162742872e-04 -1.744997673336432919e-04
1.654074473826228639e-03 1.713174748398902129e-04
1.183796856106408401e-03 -3.921308576480988899e-04
-1.150705052878963491e-03 -3.713347921225375044e-04
-2.484039466047577001e-04 -6.198096885813147170e-04
-5.256772009029333972e-04 -7.360178970917163389e-05
-1.497841338370205309e-03 -5.432296431838967666e-04
-1.990762124711312111e-03 2.370304114490161599e-04
-6.400247831474569285e-04 1.464465841357176501e-03
-1.469654788418705681e-03 -3.243366880146384182e-04
-6.986111111111110040e-04 -1.533068783068783705e-03
-4.630470459518596163e-03 -2.849064810787337539e-05
1.156233966136478979e-03 -8.946308724832228131e-04
-3.620280474649404442e-03 1.247506799637352649e-03
3.923076923076951631e-04 -6.059928443649298846e-05
-1.177245508982035062e-03 -3.878634056299028860e-04
-4.124928366762174378e-03 -2.273771244832332528e-04
-2.828554360812428272e-04 9.540425531914899010e-04
8.478140564471517600e-04 5.879888268156430869e-04
9.910125823846625132e-04 8.308791684712013700e-04
-4.748201438848911817e-04 -7.961538461538469327e-04
2.560096153846175260e-04 -1.466306695464362217e-03
6.659738717339669552e-04 9.769335142469570080e-05
2.275960986804359196e-03 2.432058959005076702e-04
-2.703116745905968701e-03 -1.345963013080740634e-03
-9.397293972939695745e-04 -3.850182149362480996e-04
3.683661971830988913e-03 -6.109074243813013110e-04
1.179765395894432408e-03 9.323255813953485469e-04
-2.198003327787021073e-03 -1.254939862542955083e-03
-2.420900692840642198e-03 1.195998180991365758e-04
-1.854324324324325285e-03 8.713043478260869886e-04
-2.790829145728639105e-03 8.556956325979285342e-04
1.960966542750955150e-04 2.525486561631243320e-05
-1.369695321001087891e-03 8.958868894601538938e-04
-3.942414174972314403e-03 1.688510638297873378e-03
-3.635896047644826892e-03 -7.817137386309240717e-04
-1.530997304582206982e-03 -7.028322440087139732e-04
-5.354253420582984896e-03 -1.459296947271037715e-04
-2.170392749244713301e-03 8.707987778262765797e-04
-3.843891402714932470e-03 -5.555555555555554467e-04
-8.260405549626450650e-04 -3.026196928635945796e-04
1.900168255748741451e-03 -3.908306854289604940e-04
1.246542393265184746e-03 -7.717105263157889071e-04
-2.192774261603372410e-03 -9.190701678863543627e-04
3.367437722419927299e-03 -2.325042517006802208e-03
-9.740592930444674823e-04 7.428884026258205210e-04
-1.866004962779155979e-03 5.027885027885022366e-04
5.308972073677973138e-04 8.810400368154634732e-04
4.787520172135580933e-04 6.076373380973652729e-04
7.756336405529981951e-04 2.488500459981608510e-04
1.317633543940266438e-03 -6.654283216783204004e-04
-2.584300549786193880e-03 -1.177146574154379647e-03
-1.663716814159289662e-03 1.780439560439560191e-03
-1.496321275291231977e-03 1.321052631578947855e-03
-8.872315035799515455e-04 -1.092558983666061566e-03
-1.218457943925232078e-03 -9.354089219330837890e-04
7.577777777777790907e-04 2.222767419038273649e-04
-1.948828606658445589e-03 5.478242137009911800e-04
-1.818895166352790978e-03 -1.282397636133389678e-03
2.162245527452189269e-03 -1.448824041811846118e-03
-7.377803335250143020e-04 -7.299905838041435054e-04
-2.129576659038901355e-03 -3.319076133447398437e-04
9.262108262108266531e-04 1.908290875405286712e-04
2.010606060606062555e-03 -2.707893626002527872e-04
-6.372147454651832773e-04 3.555505004549603461e-04
2.998028169014085517e-03 -1.210278276481148701e-03
-3.969081272084801909e-03 1.557026911576249960e-04
-2.260022271714920081e-03 6.692488262910796125e-04
1.557117224880386454e-03 8.759505703422066367e-04
-9.739432541980284127e-04 1.049848942598187581e-03
-2.992584141471761779e-03 -1.957390146471372670e-04
2.133923303834808251e-03 -4.418344519015660792e-04
8.031428571428597977e-04 8.856778580535505999e-04
2.040510543840180508e-03 1.760168302945300191e-04
7.089632829373671745e-04 1.224443434802365580e-04
-2.988327904451681775e-03 3.112554112554116975e-04
-4.939931350114398247e-04 -5.108010801080057229e-05
-2.498102981029809780e-03 -2.735163504238991689e-04
-1.214897260273970067e-03 -1.098801065719360454e-03
-4.551543389633060858e-04 -6.673027989821877452e-04
-1.793838862559239602e-03 2.041314971123945167e-04
-1.140958983246681497e-04 1.779624893435641383e-04
-5.575170842824583948e-04 6.536648092584656676e-04
-7.935211267605609721e-04 1.038315088053309377e-03
-1.900053304904048912e-03 7.389360751005811774e-04
7.827485380116994216e-04 -7.017977528089885302e-04
-4.320445225541858208e-04 4.840162089149039671e-04
-2.043148535564852288e-03 7.718271827182712807e-05
-9.210526315789466971e-04 -2.873100983020556625e-04
8.782201405153695266e-06 -1.365139949109413480e-03
5.352319436288903573e-04 3.632138114209829561e-04
2.042408066429420889e-03 -9.606334841628956641e-04
-5.531400966183572286e-04 1.274590163934426505e-03
1.619758576874206395e-03 -3.693850850414301303e-04
2.700409596255147764e-04 1.305021834061135871e-03
-4.312424969987997507e-03 -8.586864406779661212e-04
-4.060141509433960912e-03 -5.842604037906874844e-04
-5.968942189421893620e-03 -4.313380281690135857e-04
1.047768878718536006e-03 -4.615925058548011163e-04
4.735401459854012701e-03 6.051578479324159522e-04
6.953987730061373567e-04 -7.826464208242945881e-04
-2.373214285714284055e-03 1.680822530174355157e-04
-9.622478386167123733e-04 -6.594335312928276170e-04
-1.232240437158467527e-03 3.042442615851017880e-04
-3.106798715203425154e-03 3.093873953283375546e-04
-2.844036697247704758e-03 -7.484650020466631021e-04
-4.695085849615123798e-04 7.542336083369514379e-04
-2.831293706293704863e-03 1.003275109170305912e-03
-1.421288014311269986e-03 -2.418742085268038382e-04
-4.109220636663006403e-03 1.881143878462914008e-04
-1.525790349417636277e-03 5.716997047659229782e-04
7.256637168141611772e-04 -1.950354609929066680e-04
-3.679310344827583026e-03 -1.191520467836263439e-04
1.063432835820898393e-03 8.569047619047633676e-04
-6.569086651053843888e-04 -1.582207207207205792e-03
-6.571670428893887144e-04 8.707437275985664606e-04
-5.524999999999977629e-04 -2.009063444108755419e-04
3.315248429468876500e-03 3.271551724137936718e-04
-9.016786570743380233e-04 -6.589527816736787764e-04
-1.675092153765136462e-03 6.726354453627181535e-04
-5.907710989678183417e-04 -7.093723129836587899e-05
-5.365005793742761786e-04 -1.482271095152602226e-03
1.184676958261865216e-03 6.051748921897464424e-04
-2.551260022909504661e-03 -9.941944847605172387e-05
-2.195639701663794439e-03 1.439628482972141589e-04
-1.621900826446279371e-03 4.107142857142859552e-04
-2.055263157894739266e-03 4.925764192139729918e-04
-2.814065510597304164e-03 6.070956368444244047e-04
9.514925373134362199e-04 2.420894833948341197e-03
3.382953882078225307e-03 -1.161692650334074763e-03
-2.895659928656359790e-03 -4.923433874709969233e-04
-2.831388206388204491e-03 -1.133569217160548728e-03
-3.022461538461536801e-03 8.847006651884701525e-05
-1.454388984509427250e-04 8.094180364282544098e-04
-9.064187162567468193e-04 4.233593391463975940e-04
-6.799544419134361580e-04 -8.640391791044772741e-04
