4.577473553204732329e-03 -1.327458659704089427e-03
6.984789644012941862e-03 -4.241492414924141947e-04
2.414838337182450244e-03 -3.415507796038762820e-04
3.651541095890413133e-03 -6.446789797713267699e-04
2.126315789473687528e-03 -2.382495948136136217e-04
2.798777098387993621e-03 -1.558659217877094404e-03
2.342240824211206437e-03 -5.401824500434402850e-04
5.618693402328589839e-03 5.989515072083886980e-04
3.369487485101315891e-03 -9.201235657546331503e-04
7.218387293830176923e-03 -1.306389365351629623e-03
3.513556116015133408e-03 -3.426320272572406221e-04
6.424610591900311619e-03 -6.548949485918636364e-04
4.271476698484000419e-03 -9.325112107623328419e-04
2.191244239631338388e-03 -6.640926640926639139e-04
3.979179060083287527e-03 -3.852345906163751749e-04
3.264618138424824501e-03 -4.256329113924036105e-04
3.106365614798696148e-03 -1.297697368421051696e-03
4.151982378854624997e-03 8.480185497470512377e-04
5.620645161290321011e-03 -3.194260485651208249e-04
4.939742721733243920e-03 9.007773205304120390e-05
3.999047013977131450e-03 8.549700085689799795e-04
1.926239067055395687e-03 -1.897476340694005713e-03
2.181222707423585011e-03 -1.479424778761061514e-03
3.843305687203791253e-03 -6.146364057434002513e-04
5.312086590499102458e-03 -7.256711409395913220e-05
6.253680981595089242e-03 -1.014291996481969920e-03
3.006740196078435540e-03 -5.328176277543354841e-04
4.264402668283808102e-03 -9.586888190390606065e-05
4.551321450522470341e-04 -7.889742431089015115e-04
1.382640586797068919e-03 1.685106382978719393e-04
3.764543784445807326e-03 -1.919720767888301208e-04
5.702970297029704566e-03 -9.808394160583948547e-05
4.113262910798122160e-03 -1.644280762564984491e-04
5.190668202764979998e-03 -1.766784452296821608e-04
2.023922031896043146e-03 -7.038709677419336752e-04
4.906764168190131184e-03 -6.883576803895524341e-04
4.616790792146244389e-03 -5.879259570887674985e-04
3.737199259716224298e-03 -1.583897158322055895e-03
4.060737527114971490e-03 6.669565217391314063e-04
2.004705144291095420e-03 7.473875511131310612e-05
5.316524216524218249e-03 -9.604157452454673873e-04
5.482954545454549536e-03 -8.591811414392050601e-04
2.288882318154937187e-03 -1.434078467153285328e-03
4.174705882352942356e-03 -8.070175438596487649e-04
1.731164383561644565e-03 -4.270088346655445677e-04
4.477520873474630757e-03 7.438567263640153641e-04
2.605769230769233551e-03 -3.293975903614458633e-04
2.756269113149849292e-03 8.868882733148663548e-04
6.057943925233645437e-03 5.975557461406535422e-04
3.738738738738763001e-04 4.159791576204953465e-04
7.972186287192778486e-04 -8.185726569217542398e-04
4.702358783364368397e-03 7.794384057971011359e-04
3.679479932165064145e-03 -1.282805429864245254e-04
4.499685138539045483e-03 2.718198700092851216e-04
2.267726161369196074e-03 4.518251273344652832e-04
2.683809523809524075e-03 2.466696269982242610e-04
5.676959619952500662e-04 -8.022727272727219231e-05
6.852469959946625366e-04 -2.259887005649706914e-04
1.369321368480090791e-03 2.571237756010690987e-04
2.884684684684683722e-03 -4.988532110091741661e-04
2.502305665349148847e-03 2.320455671124322424e-04
4.833709131905299453e-03 -9.006878761822750671e-05
4.467898243488795627e-03 -1.914823008849556897e-03
3.913631346578369183e-03 -4.234482758620689621e-04
2.730024968789014454e-03 -7.095971027614306204e-04
7.619047619047659373e-04 -1.035714285714285426e-03
3.182497013142176860e-03 9.860486048604872201e-04
3.562833432128040441e-03 -8.925638686131387445e-04
4.177005012531329400e-03 -2.262065854758682623e-04
2.306187974314072037e-03 -5.627946849549930394e-04
1.319066147859925290e-03 2.646669607410737091e-05
6.966865473823728554e-03 -1.008740475123262722e-03
5.301215805471126176e-03 -1.071001838235293704e-03
4.303999999999999666e-03 -3.598740440846219059e-06
5.261890951276102131e-03 6.039189784236020670e-04
3.824770642201836754e-03 -1.936819172113284993e-04
2.633713942307696048e-03 7.300094073377229016e-04
6.535898908673178423e-03 -3.276384083044974133e-04
3.711746987951808612e-03 -3.153324862346457364e-04
1.874078624078625742e-03 -9.129433440810681526e-04
2.426157697121404406e-03 2.341341795104266970e-04
3.812764670296434413e-03 -1.416747809152874309e-04
4.830478440637922012e-03 1.010498687664045607e-04
5.011890243902441394e-03 -1.095914742451153858e-03
5.828025477707004728e-03 -2.671957671957671666e-04
2.333333333333337863e-03 -6.638013371537719110e-04
1.684852002321536547e-03 -6.988899167437556247e-04
2.289249146757681239e-03 -7.927426536064114326e-04
1.846670739156999405e-03 -7.533916849015319297e-04
2.037888601036272253e-03 -6.097083151937300952e-04
2.466116676487923806e-03 -8.713886300093198452e-04
3.729141475211609266e-03 6.728100607111889286e-04
2.504933255948930872e-03 -6.863879003558722141e-04
3.927141963727331757e-03 -2.422522915757309913e-04
5.364221364221364620e-03 -3.974121996303145400e-04
3.444444444444447889e-03 -5.745025451180019085e-04
1.238080495356040384e-03 2.547169811320851139e-05
6.679320987654318448e-03 -3.572395128552089565e-04
2.798946200776484920e-03 -1.628571428571428011e-03
3.032894736842106816e-03 4.506521739130440215e-04
-1.654117009750811140e-03 -4.361990950226243336e-04
4.694128220491312377e-03 2.544014084507035633e-04
4.295232273838634450e-03 3.594439541041488575e-04
4.762417218543048801e-03 -4.202103337905798829e-04
4.110117211597781768e-03 -5.203235172127740728e-04
1.891944990176821183e-03 -6.744379683596989127e-04
1.907443365695792861e-03 -5.039612676056330013e-04
-1.131025957972797328e-04 -1.880459770114942968e-04
2.656449553001280148e-03 -3.078078078078078984e-04
6.362874251497001310e-03 -1.006042972247090739e-03
3.375843041079091417e-03 3.616294947655895311e-04
4.653559127439726127e-03 -2.031881454872013675e-04
2.707568807339451843e-03 -4.432773109243693180e-04
2.779898218829550014e-04 2.582608695652167182e-04
6.286148648648649633e-03 -1.560052219321138485e-04
2.256065573770494031e-03 -2.648230088495557135e-04
3.274656679151063000e-03 -1.028880866425988926e-04
4.841017964071856611e-03 -3.581858407079643045e-04
3.297829811536268259e-03 -7.742924528301882697e-04
2.269000598444048406e-03 -1.440915148822744787e-03
4.511207970112080662e-03 7.585720995772685235e-05
1.580793559516963835e-03 -1.113543091655266317e-03
3.728070175438597672e-03 -1.432296431838974522e-03
2.047021943573682726e-04 -8.581200353045002937e-04
3.223922548407247724e-03 1.061278863232693171e-04
1.801718845917744819e-03 -1.168344007319303997e-03
3.301436969301113807e-03 2.610732538330498608e-04
5.239193083573525332e-04 -2.704770477047703427e-04
5.280757097791797736e-03 5.055658627087146489e-05
1.801560379918591822e-03 4.325767690253680170e-04
6.771380471380472436e-03 -1.247877758913408237e-04
3.078034682080925920e-03 -7.951153324287653888e-04
2.536851967520301846e-03 3.511800699300706135e-04
1.369707811568279766e-03 -6.548282265552459033e-04
4.540931989924433011e-03 -6.075455333911538615e-04
3.034399517199762742e-03 -2.905147759771209556e-04
2.762617370892020419e-03 -4.752518615856382095e-05
4.592042755344425201e-03 -1.194383016364440218e-03
3.218000000000003843e-03 6.995412844036698070e-04
2.898567335243555903e-03 5.006808896958703453e-04
4.036243822075782570e-03 -9.575389948006926338e-04
4.207611386138615864e-03 -1.862932604735882767e-03
3.429651162790700331e-03 5.262923351158639140e-04
4.888682745825604498e-03 -9.556521739130434488e-04
4.035076530612248871e-03 -7.134006424965574694e-04
3.090613931523026117e-03 1.733031674208142497e-04
1.476771888028590753e-03 -1.216411564625849906e-03
1.507134363852559228e-03 -7.742285962624928996e-04
6.074857142857143129e-03 -1.122682190599396355e-03
4.381397908640617157e-03 -2.937360178970915316e-04
3.830868167202571093e-03 -1.006375227686701415e-03
3.487442922374432361e-03 -2.156458055925431806e-03
1.622222222222222598e-03 -6.498625114573785850e-04
2.616541353383462255e-03 -3.620063549704946246e-04
2.652409638554216985e-03 -1.010830324909746565e-03
1.614107883817430958e-03 -4.784172661870496942e-04
8.907042253521173670e-04 -1.278914802475011490e-03
2.809495548961427058e-03 -1.420459666516449455e-03
2.770591824283102043e-03 -2.009228584950307431e-03
6.286311053984579983e-03 1.282665505226487977e-04
1.979598242310106823e-03 1.209059974478944545e-03
3.221850273889230801e-03 -1.067303420701910290e-03
3.449781659388646837e-03 -5.938679245283015563e-04
3.292219541616406980e-03 -1.557235421166294461e-04
3.625888625592418001e-03 -5.531816070599161446e-04
3.715814506539864641e-04 -1.232857800276115521e-03
5.083934426229510042e-03 4.151234567901247578e-04
8.983940704138382305e-04 5.714918105356379908e-04
4.736293206197857326e-03 -1.036951501154726401e-04
2.422036823935558910e-03 3.027777777777781684e-04
4.266346730653870593e-03 -4.999999999999996851e-04
2.784062500000000946e-03 -1.566996984058594781e-03
3.093804792518997822e-03 -1.177574370709380969e-03
3.711598746081547001e-04 -9.451990632318498517e-04
2.432358318098723059e-03 -1.798686062881275569e-03
1.170391061452517997e-03 -1.617051342439942497e-03
3.672436316133245292e-03 5.118593816179591634e-04
3.049788774894387697e-03 8.937470615890922990e-04
4.353055916775055273e-04 -4.045314562252509032e-04
3.087109125717934967e-03 -2.072072072072028831e-05
6.242462311557790688e-03 -1.412129260734821298e-04
4.507365439093486553e-03 -4.545454545454420496e-05
1.281210986267171089e-03 -5.628140703517571031e-04
3.883033419023138814e-03 3.521720792914478671e-05
4.415968899521533798e-03 -1.392336624353548123e-03
2.322429906542057988e-03 -7.058692752334363302e-04
3.677474402730408179e-04 -3.225578102878710429e-04
2.969084423305591407e-03 2.473342605470566272e-04
8.535311572700298929e-03 -1.557321988356472802e-03
2.488924050632912791e-03 7.666527021365853551e-05
4.013537906137186299e-03 -5.949367088607590559e-04
6.031175059952085344e-04 4.498680738786282277e-04
4.247371675943105961e-03 1.051906293063856624e-04
2.234375000000005020e-03 -5.535872453498666412e-04
4.746277546158429381e-03 -5.019531249999995785e-04
3.002444987775062645e-03 -1.318728522336776719e-04
2.926553672316384129e-03 -8.360480068581221860e-04
2.736793039154756212e-03 -1.319263059701492437e-03
1.037003610108306424e-03 -6.164413432184903197e-04
4.491004062681368605e-03 -9.447053800170780290e-04
1.482068141063959572e-03 -4.025885558583092529e-04
3.612089914945323249e-03 -3.666982922201138207e-04
4.942200124300805651e-03 2.312243969048705767e-04
4.114473684210528080e-03 5.572359236854361898e-04
4.312345679012349366e-03 -1.290261282660333736e-03
3.720693779904308413e-03 2.199546485260764979e-04
3.684705119896306783e-03 -8.501971090670166131e-04
3.812577447335814378e-03 -4.822446295484395288e-05
2.860113421550098279e-03 8.785004516711861515e-05
5.333632555356077574e-03 2.024308466051978096e-04
3.234042553191492954e-03 4.599244649601344232e-04
7.954630788485610865e-03 2.254216371863440073e-04
2.270681265206814497e-03 -1.173296656792213385e-03
5.973114956736713145e-03 -1.534240362811791110e-03
6.164786967418552609e-03 -4.619815668202759715e-04
2.581626682270337075e-03 -1.152777777777777742e-03
9.289504716981156814e-04 -1.556489262371615412e-03
3.568884997081144244e-03 -1.658689591078067434e-03
1.492419648271682683e-03 -1.130444544229905913e-03
1.580085261875762998e-03 -2.813834329632791740e-04
1.827233250620349933e-03 -4.942713107241072630e-04
3.175919948353778024e-03 -7.753235162873708909e-04
4.439612015018776919e-03 1.724723874256597889e-04
4.099534342258441370e-03 4.183719872669402476e-04
1.517994100294989485e-03 -8.013373597929235922e-04
2.775087514585766225e-03 -5.957110609480805287e-04
2.048825710754020955e-03 -3.308789691670502688e-04
3.612018288700195520e-03 -1.114248479582970316e-03
4.309477124183007553e-03 5.280669986419200216e-04
1.100816582914575670e-03 5.351715154146778185e-04
3.025589419206440797e-03 -6.807151979565761839e-04
3.760469543147209725e-03 3.136531365313650443e-04
2.833644859813086361e-03 4.439359267734565049e-05
3.539592081583683644e-03 -7.787511230907451145e-04
2.905151515151519447e-03 -1.132411067193676022e-03
1.399816176470591303e-03 -4.725472547254689628e-05
3.527883396704688951e-03 1.512546277252160712e-03
3.927784577723378821e-03 -9.439002671415830641e-05
4.509465478841869629e-03 -7.508756567425566280e-04
3.647990255785627314e-03 -4.811715481171543844e-04
2.957338902147972973e-03 6.761844331641284024e-04
2.185741088180114412e-03 1.475113122171948512e-04
1.975369458128082168e-03 -6.068785372224641452e-04
6.416391275611369252e-03 -1.746227996647107443e-03
9.049640757674760243e-04 -7.163691771876354525e-04
3.781727379553465832e-03 -7.955493741307361529e-04
4.238139248305610590e-03 -2.977479428323946838e-04
3.183090379008747094e-03 -1.046521739130434501e-03
1.911564625850342399e-03 -3.739999999999999835e-04
2.607025246981373406e-04 -8.686964795432924099e-04
5.266751754945757022e-03 -4.150313152400827402e-04
3.641280353200883248e-03 9.251700680272092526e-05
4.832799487508010125e-03 -8.705099778270509884e-04
5.875216637781657076e-04 -3.451367099955170875e-04
1.405910735826298129e-03 -1.681678383128293016e-03
5.468272620446534144e-03 -2.547671840354764016e-04
5.154249126891733736e-03 3.472093023255807642e-04
3.625466998754672647e-03 1.408791208791207634e-04
2.088690476190477492e-03 1.340018231540576592e-04
1.806600863664407138e-03 1.465934065934068489e-04
4.040572792362772704e-03 3.830022075055195116e-04
7.982356289129231538e-04 -7.963302752293587678e-04
3.948482932996209491e-03 -2.668551544149628369e-04
4.898067954696870910e-03 2.744472789115646712e-04
6.512382075471730798e-04 -5.231121281464530320e-04
2.675421530479901201e-03 -2.215528781793839981e-04
2.393373493975905607e-03 -1.503674781809829532e-03
3.399675324675325693e-03 -1.485335195530725679e-03
4.735432607416126434e-03 -2.547909407665535514e-05
2.236968244457762395e-03 -7.466788822721020244e-04
3.370275464445869618e-03 -8.034528552456775188e-05
2.296799516908214558e-03 -2.739965095986034789e-04
7.374390243902442278e-03 -1.925909878682841882e-04
4.151556526488260797e-03 -8.140421713772991348e-04
1.231913652275383074e-03 3.890423572744018286e-04
6.897465437788020438e-03 2.984581497797362290e-04
2.204191616766470671e-03 6.973500697350076003e-04
3.843421865348982218e-03 -6.812136325852023852e-04
3.420276208411802878e-03 5.637788419677851196e-04
4.532589016294510942e-03 4.209229390681012810e-04
4.268278301886796293e-03 -3.013110307414099218e-04
5.183289299867900254e-03 3.006055363321839862e-05
3.254412659768717020e-03 -1.263777777777777729e-03
2.109375000000004042e-03 -1.292031321971436292e-04
5.798795180722893065e-03 -3.934652554072649595e-05
4.811236623067780514e-03 7.389502762430916790e-05
3.527622594661702481e-03 -6.052269601100374892e-05
1.949816401468790986e-03 -7.256617317182588499e-04
2.873813512004467705e-03 -2.945357618836073757e-04
2.513257575757577543e-03 6.639658848614069962e-04
1.423540036122820061e-03 -7.892134831460664293e-04
4.405493207324279181e-03 -9.897413024085636134e-04
4.338171710932678220e-03 2.205260685767970687e-04
4.347515527950313388e-03 -1.385882352941174235e-04
1.388716676999383762e-03 3.435419440745669448e-04
4.506078055022393059e-03 -1.150749063670411998e-03
4.510079413561394503e-03 -6.840909090909087168e-04
1.972644376899696309e-03 -1.352150537634407360e-03
3.456211180124225697e-03 -3.772281639928696455e-04
3.736748064324003395e-03 -1.712669683257907768e-04
4.146363636363639867e-03 -3.831282952548334896e-04
1.717555040556200925e-03 -1.229213483146069047e-04
2.872691662003361117e-03 -7.621154656552885836e-04
3.658060453400504512e-03 -8.470667263770709568e-04
2.245300751879700414e-03 -4.285042333019747603e-04
5.058962264150945222e-03 4.660938225731537407e-04
8.649478207489278304e-04 -1.387024608501117705e-03
4.136656891495602874e-03 -1.121555555555555977e-03
2.980178671133445686e-03 -2.314000906207522301e-03
4.048029556650249196e-03 -9.615899955337198039e-04
2.800657501494321563e-03 -6.803921568627449481e-04
3.495288944723617518e-03 1.009930715935335784e-03
5.145695364238413345e-03 -9.441860465116275192e-04
4.325887392900858164e-03 7.147505422993493058e-04
3.671970624237421547e-06 -8.189774297558730619e-04
-8.636897767332536203e-04 -1.206183274021351177e-03
4.230382293762574575e-03 -4.567543468568878006e-04
1.155848132271894944e-03 -1.405031446540879955e-03
3.751854349291977499e-03 -6.642918825561312714e-04
3.061326291079815697e-03 3.718006286484065899e-04
1.399500277623545600e-03 3.737113402061905711e-05
3.591558441558442925e-03 2.985903460059798889e-04
7.019804822043629496e-03 -1.178523788350377497e-03
6.540413533834581704e-03 9.338842975206667729e-05
3.777996623522794639e-03 -1.490643541761752042e-03
6.940366972477065785e-03 -2.706441850410712304e-04
4.941287878787881810e-03 -3.458947368421043866e-04
3.653022670025191272e-03 -6.721883173496067667e-04
2.688540332906532750e-03 -7.733717323881242334e-04
4.410051216389244966e-03 -1.084372217275156314e-03
2.242159227985528972e-03 -2.841379310344828608e-04
3.543966040024258603e-03 -1.221232876712327999e-03
4.582315299592790679e-03 -1.026844070961717035e-03
2.136420525657074711e-03 -1.573181231166593782e-03
4.823476702508961746e-03 -3.677088194120401300e-04
4.094901719901721318e-03 6.373409390083379028e-04
6.027115613825982654e-03 -2.146785109983072196e-04
2.862593052109183803e-03 5.583972719522608549e-05
3.313820156910082457e-03 6.870535714285710971e-04
3.993449781659391337e-03 -4.129046967624263632e-04
3.679833679833683681e-03 1.779387417218543247e-03
1.477247191011239053e-03 -2.585064074237575406e-05
5.989993935718620523e-03 -1.182037768994290486e-03
1.336648583484028631e-03 3.524661719773024716e-04
3.164844649021865755e-03 -7.195613249776186722e-04
4.083534378769604865e-03 -7.431172291296625704e-04
4.150289017341043246e-03 -5.791413703382484882e-04
3.251138581652570931e-03 1.708776595744686342e-04
5.556377079482443561e-03 3.416091954022984424e-04
5.322274881516591595e-03 -3.976582827406746840e-04
5.941935483870968218e-03 -9.399999999999985624e-04
3.278698224852074489e-03 -3.808612440191391215e-04
3.565217391304351634e-03 9.804811620517446427e-05
4.413479052823319169e-03 -7.383488681757644596e-04
6.175261096605744703e-03 2.723076923076931137e-04
4.630337794773745075e-03 -2.539972590223838378e-04
2.004598405885964392e-03 -2.422417786012047772e-04
2.801322199025753096e-03 -7.803738317757005121e-04
5.471074380165290123e-03 -7.230525362318835107e-04
4.058449809402798689e-03 5.752617801047129036e-04
4.888754534461914325e-03 -4.301486199575363595e-04
3.758147512864496841e-03 -1.137576552930883106e-03
4.830621731551426427e-03 -8.412280701754394239e-04
2.739419588875457393e-03 3.008547008547015613e-04
1.114589316484780688e-03 2.072310405643701495e-05
2.167228590694542101e-03 -1.280292638317328180e-04
4.959904248952723242e-03 -4.696356275303646796e-04
4.487109160724081156e-03 -1.717609489051083471e-04
8.902793946449367437e-04 2.540807560137479221e-04
3.264388489208643442e-04 -9.011467889908252775e-04
3.583484026522002538e-03 -1.413315460232349684e-03
3.357320872274144850e-03 -5.548037889039086781e-05
2.465183752417798337e-03 -1.117264573991030678e-03
3.410030395136781026e-03 -3.888130968621980642e-05
3.781859931113664731e-03 -7.823878069432681215e-04
5.658750000000005789e-03 3.405211141060196511e-04
3.812794811320754495e-03 -3.275713050993939082e-04
2.497384937238498245e-03 -1.271792579347341147e-04
2.438895781637719345e-03 -8.115318416523229156e-04
2.055256869773001982e-03 -5.120370370370375167e-04
2.843715239154618983e-03 -3.154362416107378661e-04
4.168813559322037850e-03 1.075306479859895791e-03
4.092995169082127085e-03 -5.904489436619710834e-04
3.417657045840411488e-03 -1.586695278969957757e-03
4.886994219653180600e-03 -5.945767195767190458e-04
3.241775294847919642e-03 -2.857781753130584908e-04
2.333014048531290106e-03 -4.493097497842959607e-04
3.840047393364930117e-03 3.587051618547724930e-05
4.675110829639011686e-03 -8.759046402724558712e-04
6.169103623649079861e-03 -9.320222317229586264e-05
4.724855861627163742e-03 -1.243998254037539713e-04
-6.798245614035049438e-04 -1.058962264150936275e-04
4.087250482936252358e-03 -4.911637931034485566e-04
3.413002512562814290e-03 -2.306818181818191121e-04
2.739607390300231610e-03 1.933362560280580279e-04
4.300763844684919214e-03 -2.773368606701934690e-04
2.669794721407625117e-03 -1.179006772009029208e-03
-6.385995370370335525e-04 1.413234005258547533e-04
3.242348532167396453e-03 -1.012063765618267030e-03
2.916075650118202939e-03 4.233289646133683447e-04
3.594961240310080679e-03 -7.170341547773447692e-04
5.351393188854490501e-03 -5.700362647325471922e-04
1.834277620396605442e-03 -6.912322274881524051e-04
3.553087132140799083e-03 -5.276182059213424666e-04
2.673041332510798541e-03 -1.263544536271809203e-03
5.209339263024142727e-03 3.122344944774852631e-04
1.992784125075171189e-03 -7.829643888354185415e-04
2.919442761962446221e-03 -1.334349151066607060e-04
1.904352806414663125e-03 -1.831036121673004433e-03
4.107482185273161369e-03 -1.660203587009208889e-03
6.291560102301821172e-04 -6.068652849740926612e-04
2.667554766133810838e-03 5.171311100959337728e-04
4.818385650224217033e-03 1.958174904942976157e-04
3.887290167865706855e-03 -1.185545990031717936e-03
1.218232044198897879e-03 -5.516129032258066918e-04
1.528812572759025157e-03 -9.320652173913031345e-04
1.683625730994154322e-03 -2.151816608996538771e-04
3.822929542645242193e-03 -7.626728110599076491e-04
2.285367334547663831e-03 -1.112657091561938122e-03
2.706035983749278083e-03 -2.167602996254679691e-04
6.808184143222508616e-03 -7.941958351794420248e-04
2.790626902008526943e-03 3.612676056338025169e-04
3.320683111954459647e-03 1.966030711959044521e-04
3.701765063907490067e-03 -7.568681318681320328e-04
4.553952683208310238e-03 -5.402906208718625137e-04
1.493313953488373562e-03 -1.950773860705074100e-03
5.523423944476580673e-03 3.345372460496610998e-04
5.545848822800492593e-03 -1.387006861063463893e-03
2.893696275071635463e-03 -8.622171945701368866e-04
2.537869062901159430e-03 -1.013907581875278735e-03
1.699590882524840488e-03 -6.254793353216867241e-04
3.923957721667647135e-03 -1.462930273609872587e-04
4.510779961953077441e-03 -1.689068100358409737e-04
4.183177022274331414e-03 -5.271957200178332753e-04
2.726758045292013762e-03 -8.318465655664571828e-04
5.167838874680307469e-03 -1.887186629526454084e-04
5.847362181387077279e-03 6.602787456445993785e-04
5.815358361774747818e-03 1.084558823529412042e-04
1.546715741789357309e-03 -5.622425629290613448e-04
2.689256714553408308e-03 1.516826923076936104e-04
3.680372148859549150e-03 -5.383920505871726391e-04
1.397808056872041531e-03 -4.868365180467087061e-04
1.899584076054666205e-03 -1.802013422818791793e-03
4.861111111111126692e-04 1.030882992605478471e-04
2.936910377358491718e-03 -1.402064220183485551e-03
3.724169184290034885e-03 -1.504941599281193344e-05
3.708000000000001659e-03 -1.250118203309692581e-03
4.990746096009257733e-03 -3.708866544789759102e-04
2.861933534743203809e-03 -3.446854663774407464e-04
3.409373060211052121e-03 9.493944636678226128e-05
2.786644029428413279e-03 5.195681511470977504e-04
5.126026531901455713e-03 -1.139077340569877046e-03
1.535392535392538903e-03 -4.790315607436232350e-04
3.599056603773586032e-03 2.995584988962483766e-04
1.659176029962550290e-03 6.431603773584908517e-04
4.921239509360878991e-03 -2.660393498716851499e-04
5.200523864959255560e-03 3.330353151542274885e-05
2.274193548387099494e-03 -5.787311729803743541e-04
2.168329177057360183e-03 1.823556161891771413e-04
2.988760631834752515e-03 -1.143018526886579057e-03
4.531308703819663525e-03 4.129870129870136133e-04
3.096801346801349945e-03 -8.821052631578959991e-05
7.745825602968495031e-04 2.666366906474826174e-04
3.208256880733945885e-03 -9.168865435356069609e-05
4.111629353233829665e-03 -1.379196113074204798e-03
3.903534183082272603e-03 -9.115024520731158280e-04
4.606205250596660979e-03 7.409395973154367246e-04
2.262943571844099749e-03 -6.605871886120886442e-05
2.261045426260114167e-03 -1.157562076749436017e-03
3.672721674876850036e-03 -4.250878734622140606e-04
3.662587412587412720e-03 -7.533662477558340743e-04
4.087739686228938213e-03 2.798809017439392137e-04
4.368720095693780572e-03 -8.937473595268265701e-04
5.124085365853663782e-03 -2.854511970533995529e-05
4.753259452411998619e-03 6.759801712501618970e-07
3.090058479532164972e-03 -1.083507306889352952e-03
1.364441819255763147e-03 2.238225880201196154e-04
6.813892145369286266e-03 -3.208041958041953404e-04
4.566625155666252829e-03 -8.310225303292892180e-04
3.126188966391913555e-04 -5.667288847410158681e-04
3.819999999999997443e-03 -1.754862053369516588e-04
3.528846153846155846e-03 -5.398053958425463221e-04
4.530793650793653315e-03 2.438604049978464975e-04
5.741024131842261888e-03 3.916256157635465891e-04
5.255930087390763700e-03 -1.748128577719067190e-04
4.099440646364202814e-03 -1.035583103764923163e-03
3.894801223241590830e-03 -1.404609767229575467e-03
2.757681159420292179e-03 -1.128882707464069855e-03
3.003621169916436979e-03 -6.784608580274212276e-04
1.346444304594088042e-03 -5.131810193321609042e-04
3.052137305699482127e-03 3.904231625835203625e-04
1.896249243799157319e-03 -6.399821109123437482e-04
1.851644941030418682e-03 4.422657952069706876e-05
6.684291898577613550e-03 -6.392174704276637855e-05
9.282147315855206931e-04 3.277851753217939004e-04
4.863819771351716136e-03 5.180878552971583759e-04
4.851070154577883341e-03 -1.158673240699237489e-03
5.581072351421191916e-03 -9.786678276012190144e-04
4.261845386533668137e-03 -4.875802997858663147e-04
2.799738219895289010e-03 -5.807841447651870218e-04
3.676177836761781482e-03 -1.323028673835123731e-03
2.025586995785674631e-03 1.505946935041171204e-03
2.818553459119497746e-03 -1.283371824480369558e-03
1.441922169811321033e-03 -1.275368797496647093e-03
7.064790575916232718e-03 -6.975996570938695776e-04
-3.670276774969675251e-05 -1.310174281676870734e-03
3.820945945945950113e-03 -1.502827316224444670e-04
4.225534672715520633e-04 1.278010910616870751e-03
4.364763552479814304e-03 -2.012612612612611675e-03
3.639830508474576395e-03 -7.551989150090417362e-04
5.148159509202454749e-03 -4.815964523281595082e-04
2.687943262411349090e-03 -3.215441516412386250e-04
4.086463730569952005e-03 -6.095591444783918927e-04
5.153707052441232339e-03 -2.076350093109875956e-04
4.883608423449062493e-03 -8.363880196691994041e-04
3.841486068111455571e-03 -9.244060475161973694e-04
2.174673784104394058e-03 -2.413642326191510620e-04
4.091620111731845803e-03 -1.855440647482015136e-03
3.800906344410875850e-03 -7.713401149933645732e-04
2.330205811138016253e-03 -1.006404391582802285e-04
5.154372397382513994e-03 -2.642887838418567659e-04
2.214718352513629900e-03 -9.194896612406468239e-05
5.654545454545453764e-03 1.793333333333341868e-04
1.227420402859002568e-03 -2.463970246396914704e-05
5.875395319418092940e-03 -1.744487678339819289e-03
1.990184049079760098e-03 1.162844036697248439e-04
3.607799619530755765e-03 -9.775435380384969904e-04
2.216856628674267280e-03 1.742610837438421736e-04
3.207331042382592125e-03 -2.268202764976958059e-03
3.171203871748338923e-03 -5.345802522836010139e-04
3.874529485570892776e-03 -1.713854021385402028e-03
7.481903485254692149e-03 -1.528662420382171695e-05
3.363109756097560406e-03 -8.903957314361932857e-04
2.518026565464899329e-03 7.436830835117773288e-04
2.118865519439133357e-03 9.637801831806846152e-05
6.364347826086961223e-03 3.403083700440532287e-04
2.094769230769233381e-03 -1.044358507734303824e-03
4.707565162110616958e-03 5.033890646181652306e-04
1.842700258397936578e-03 4.258741258741264115e-04
4.694143857415660620e-03 -7.306425041186142460e-04
2.483207676490750433e-03 -5.351562499999993911e-04
3.920724094881400043e-03 -8.010087116001841315e-04
3.721880762138909601e-03 8.967512238540263191e-05
2.692740926157700335e-03 1.093763258379295373e-03
2.707285622179241534e-03 2.040866568193015545e-04
1.070599613152808027e-03 -4.471175669541531893e-04
-3.217011995637673958e-05 -8.510689990281825176e-04
3.085518814139112664e-03 -2.371401151631477317e-03
5.945475638051077013e-04 -1.109090909090910482e-03
5.139908256880734022e-03 -5.096934174932377624e-04
3.267901234567902134e-03 -9.794611307420491783e-04
2.264451647757972919e-03 -1.237547892720305747e-03
6.272954403497817480e-03 -1.727025803531002945e-04
2.390377588306965434e-04 2.099317988064802244e-04
2.362366230677767544e-03 -4.733606557377042427e-04
5.573095823095826871e-03 -4.983621899859623158e-04
3.430656934306568987e-03 -3.931828050369070410e-04
4.041744548286606981e-03 5.284888521882964100e-05
1.975146980224481118e-03 -8.062390158172075597e-05
1.498402555910545702e-03 -4.986307622090357028e-04
2.720570388349517754e-03 -2.651296829971181335e-04
4.562500000000003185e-03 -7.382339757956073254e-04
2.528742514970061875e-03 3.614404918752750842e-04
3.881266490765174128e-03 -1.436515291936979065e-04
2.575359599749847163e-03 -3.557017543859641666e-04
5.418650793650796674e-03 1.525693497044116101e-04
2.585825747724320757e-03 -6.172576832151298321e-04
7.125389893948846573e-03 -1.169075777485763809e-03
4.572948328267478595e-03 -1.035428089413732299e-04
5.265432098765434644e-03 5.004478280340345694e-04
3.181114551083594200e-03 2.039106145251404548e-04
4.557558139534885130e-03 -8.171528080104467715e-04
3.204987834549879577e-03 -8.947602131438710206e-04
3.771322266742989371e-03 -2.215630472854639675e-03
4.248632218844985119e-03 -9.037307032590046829e-04
1.955928979074193687e-03 -3.689827429609441895e-04
3.090972708187545923e-03 1.756455921638474605e-04
3.278038755137993414e-03 7.553596950929016831e-04
1.552291801162045907e-03 7.002341920374794424e-05
1.158514492753626775e-03 -7.452142206016401562e-04
1.231094808126415030e-03 5.897666068222631513e-04
7.297683923705720541e-03 -9.530567685589533267e-04
1.083168316831684174e-03 6.933243727598562304e-04
5.709001233045623604e-03 -1.153498871331821643e-04
1.087106918238996134e-03 -1.924439461883406966e-03
5.335476329631795404e-03 -6.984237366713020754e-04
3.902382335851251570e-03 -5.665425779432292554e-04
4.963347587049481840e-03 7.118997912317465398e-05
4.178711484593840633e-03 -2.033114138093001805e-03
4.204372623574142466e-03 8.746877601998341491e-04
5.656734947237742304e-03 -2.445963828848696166e-04
-1.952351485148482975e-04 5.555555555555674406e-05
3.488228699551570219e-03 -1.014902135231316414e-03
2.306942053930007355e-03 -5.317213842058554716e-04
4.777212918660288764e-03 -1.512511170688115463e-04
2.183275058275063740e-03 -1.083333333333333067e-03
2.209050350541746834e-03 3.754932047347663763e-04
2.608468677494203171e-03 3.823792486583207874e-04
4.336605446485119163e-03 8.631346578366497300e-05
5.700688791484036927e-03 -6.652389540126242866e-04
3.323059360730593135e-03 -1.071490656236417883e-03
2.739805234327451645e-03 -6.243934715483020299e-04
1.063081395348843515e-03 -6.312470808033630604e-04
2.409993155373035215e-03 4.834745762711867073e-04
-6.313868613138671820e-04 -6.458852867830415013e-05
4.885211687537269719e-03 -1.633689839572193036e-03
4.302555168408830726e-03 -4.628801431126947633e-05
1.032267441860467609e-03 -1.808076225045360426e-04
3.825651302605212814e-03 -1.077807848443844115e-03
5.581818181818181714e-03 2.173715325147789119e-04
4.593967517401393447e-03 4.299702000851530679e-05
4.520484171322161279e-03 -1.254397537379068088e-03
2.544184535412607594e-03 1.941226941226938075e-04
7.030516431924883555e-03 1.800000000000016918e-04
2.217101273499094000e-03 -8.396475770925106120e-04
3.570484581497798335e-03 -8.442408376963318783e-05
3.493154947106410276e-03 -4.058265582655822814e-04
5.230148883374688938e-03 9.247592295345113391e-04
5.223771580345286901e-03 1.873614190687358870e-04
4.681424766977367036e-03 1.013084513084514145e-03
1.321428571428571487e-03 -5.560518088432342583e-04
4.283172496984320038e-03 -1.895168641750226337e-03
4.131734754292484130e-03 -1.401034637876742532e-03
2.169760479041920459e-03 -5.908281389136240411e-04
6.027862829148806188e-03 -3.672922252010718406e-04
5.496280223186610775e-03 -2.006018724921979687e-03
3.000000000000002665e-03 -2.056770590972542469e-04
6.249271986022140492e-03 -7.504336513443185443e-04
5.480662983425415614e-03 -5.850091407678255329e-05
3.966002344665890168e-03 -1.491071428571432095e-04
3.486059479553905386e-03 7.310872261264986585e-04
1.389661426844015363e-03 9.620418848167554141e-05
5.197501688048620019e-03 -1.124726477024070356e-03
-9.867924528301872007e-04 -1.292752982766239142e-03
5.514251061249242185e-03 -1.897412619155697429e-04
6.471899224806203742e-03 -3.333333333333320754e-04
3.039329464861381929e-03 -4.610330765745353026e-04
1.848626534190535471e-03 -2.601021830004646940e-05
3.240314769975786904e-03 -1.178690080683435443e-03
1.985148514851486044e-03 -3.190265486725641741e-04
2.214114832535886684e-03 -2.596575943810361408e-04
4.876671122994654349e-03 -7.731568998109630397e-04
3.607921928817454417e-03 -1.174454828660436616e-03
2.431578947368422203e-03 -5.268065268065283429e-05
3.540397762585457703e-03 6.440347071583528513e-04
4.049095607235144063e-03 1.170731707317074427e-03
3.322981366459627859e-03 -2.184690698709389808e-03
5.141010575793184510e-03 -1.328964613368282133e-03
4.810305775764442231e-03 -1.692071835304423790e-03
4.109669811320756927e-03 -9.099692577953445889e-04
6.470068415051315192e-03 4.949471750114843929e-04
1.886420525657074923e-03 -1.650562851782363775e-03
2.288461538461543463e-03 8.728971962616834199e-04
2.784168564920274681e-03 -1.172452158433465825e-03
4.156286721504112019e-03 -1.350242611380677400e-03
2.270436385986481734e-03 -1.049820466786356233e-03
4.885465116279071734e-03 -9.410805775500697898e-04
2.171334922526820584e-03 3.411518810961450330e-04
3.379761227970439624e-03 -1.065602836879431985e-03
3.158900836320194163e-03 -7.127659574468050226e-05
2.012500000000000400e-03 1.534451495920220298e-04
4.538112522686026801e-03 -1.325080238422742017e-03
2.214843750000005437e-03 -2.907570831398031963e-04
4.330188679245286325e-03 -8.522678185745121869e-04
1.463496316141997891e-03 5.565490575157087082e-04
3.723669309173274419e-03 -7.833999112294708382e-04
6.587044534412955094e-03 3.708860759493669257e-04
2.645436638214051627e-03 -1.119838420107704220e-04
1.865444375388442726e-03 -1.018144235186037002e-03
3.317255841821451813e-03 -8.086876155268387926e-06
4.665611146295123648e-03 1.260321599304622913e-05
3.599647266313933669e-03 -1.286295793758480835e-03
-2.802893309222214755e-05 3.591779542269959427e-04
3.025797101449275838e-03 -4.580674567000811583e-05
4.988554216867471108e-03 4.429109159347563440e-04
2.840311004784690316e-03 -1.030004380201488944e-03
4.940594059405941513e-03 -5.946898496240596082e-04
2.652457075192423460e-03 2.203977798334891226e-04
5.514557338086754565e-03 3.021451392058426282e-04
3.456060606060608765e-03 -2.676227515799707514e-04
3.405464824120605066e-03 -2.737405260811407999e-04
4.499421631000579888e-03 -1.260968921389397403e-03
5.429941860465116454e-03 -9.323962516733591771e-04
1.793680297397771961e-03 -2.502191060473269368e-04
3.811326860841423182e-03 1.239035087719293131e-04
4.080635118306353420e-03 -1.337021668971770054e-05
2.196782178217823300e-03 -3.229934924078085271e-04
4.700250312891118831e-03 -8.876681614349785435e-04
3.571138211382118149e-03 1.674672489082972135e-04
1.176250000000002814e-03 -6.313086199196064462e-04
1.507670454545457497e-03 -9.098646879092093338e-04
4.340169270833334550e-03 -1.389943074003807081e-04
2.624656781987919681e-03 -1.198384984722828273e-03
4.278271166370635308e-03 -7.170803533866226299e-04
3.019607843137256734e-03 -1.908288043478260010e-03
3.169034931912375220e-03 -6.116751269035527712e-04
2.279314159292040228e-03 5.685920577617303693e-05
5.167561761546720853e-03 -9.527680140597533575e-04
2.848014888337472000e-03 -8.285334514842701125e-04
5.350000000000002323e-03 -8.528285835814536971e-04
1.552679108970503579e-03 3.936494127881696244e-04
4.172766749379655180e-03 4.505166931637528309e-04
4.285904255319147871e-03 -4.001311188811176997e-04
2.331234256926954275e-03 -3.814783347493621093e-04
3.575126262626262836e-03 -1.082241301400812357e-03
4.758974358974358936e-03 -6.883794825238311434e-04
5.335995085995087414e-03 -1.401239846088069918e-03
5.997549019607844450e-03 -5.103978300180833432e-04
3.003864447086805698e-03 -3.338643604915795269e-04
3.139497422680415616e-03 8.571736320551495659e-04
3.686148648648653221e-03 6.825078090138338464e-04
1.911300919842316790e-03 -3.082342580359684064e-06
3.695101351351351773e-03 -9.861751152073726639e-04
1.750932835820894450e-03 -1.088932806324110049e-03
7.003296703296707330e-03 -3.795124238162209769e-04
9.121081745543973196e-04 -1.189960194604155162e-03
2.617302955665028186e-03 5.950764006791165600e-04
5.062423500611994490e-03 5.454937473048668088e-05
4.728234582829505574e-03 -4.681697612732087471e-04
2.224444444444449026e-03 5.161797752808993398e-04
5.711574952561675016e-03 5.222761358623745310e-04
3.601953601953604336e-03 -1.470437616387335923e-03
4.442849099099100904e-03 -2.418069087688226810e-04
4.821428571428573728e-03 -1.664504971897962242e-05
1.818233295583240221e-03 -3.022854678740816647e-04
2.480335267569313672e-03 -8.904656319290459900e-04
1.087660354306658724e-03 -1.095480726628268427e-03
5.387816245006658324e-03 1.960633290543431582e-03
3.500861573808159051e-03 -1.880692167577405183e-04
4.412859007832900006e-03 -6.517979062357752993e-04
5.521472392639233958e-06 -2.600000000000000314e-04
1.992661135928527720e-03 1.035569563259794754e-04
3.914108425865449152e-03 -5.412087912087911378e-04
5.326405152224827563e-03 -5.896147403685090367e-04
5.726538222498443916e-03 -3.267237494366835105e-04
4.343517989720163328e-03 -8.486640385457722103e-04
2.438738738738740076e-03 -3.874086807047694083e-04
4.662499999999999978e-03 -9.426444833625205509e-04
5.688713592233053803e-04 -4.968239564428205562e-05
4.462492616656822154e-03 -8.601458601458599048e-04
3.926190476190476349e-03 2.019429516329063591e-04
4.381408276714023921e-03 4.218401071907100703e-04
5.142901618929014880e-03 -3.453268977621765773e-04
5.424740484429067117e-03 3.082924654480604602e-04
6.464843750000002706e-03 5.753129046180400054e-04
1.397300469483571351e-03 -3.304366256888503187e-04
2.408539944903583668e-03 -1.782312925170073561e-04
-9.913381123058532304e-04 -1.822565969062783743e-03
4.489602446483182546e-03 5.143769968051117424e-04
4.971850613154965917e-03 -8.572064056939492516e-04
6.671445639187573336e-03 -1.649142102947646861e-03
2.297280593325095287e-03 -4.071828358208952076e-04
-2.871287128712854864e-04 -5.063398140321223812e-04
3.535273368606703121e-03 -1.418411037107516126e-03
4.711538461538464923e-03 -4.445828144458274095e-04
7.597588978186010662e-04 -1.411844484629293500e-03
2.169418960244651369e-03 -8.008130081300818314e-04
4.001549907005582697e-03 -2.413033905768367457e-04
3.737885462555068719e-03 -5.915684496826842083e-04
3.230585424133814235e-03 -1.023819651212248003e-03
2.931067344345617432e-03 -6.347368421052632364e-04
8.449754901960808634e-04 4.578488372093073038e-05
5.204221165279430093e-03 -1.803069053708432421e-04
3.573107049608359367e-03 4.279790484504588581e-04
3.644753086419756909e-03 1.731515902519620764e-03
3.424170616113746644e-03 3.811600523331876047e-04
2.488296488946686175e-03 -7.470967741935479649e-04
3.827504445761709031e-03 -1.549953746530989551e-03
4.284036144578314345e-03 -1.455267938237964857e-03
4.635014836795257019e-03 -3.394701392007184711e-04
3.031667635095878274e-03 -1.969625059326054236e-04
2.336395969176055173e-03 2.956521739130464000e-05
4.994871794871797409e-03 -1.105263157894736774e-03
5.526007802340706342e-03 -4.988505747126345340e-05
-1.965836711059618298e-04 -1.204882301656494924e-03
3.416712630998347891e-03 -1.308964316797215548e-03
3.856877323420077053e-03 2.190100744640698477e-07
2.623931623931647587e-04 -9.214154411764709793e-04
1.155227710070560500e-03 9.951923076923086930e-04
3.868553811659194985e-03 -6.997264021887811009e-04
1.003685503685506101e-03 -2.762096774193540890e-04
3.266995932597331360e-03 4.060948081264109145e-04
9.102333931777413251e-04 3.819206271435575200e-04
4.031353135313532621e-03 6.005188067444873750e-04
3.487937966685814711e-03 -5.195712954333642176e-04
5.200066800267202916e-03 -2.648238965670977668e-04
-5.112651646446679944e-05 -4.130730821606903814e-04
4.151497005988025700e-03 -1.636576239476145557e-03
3.459593023255815632e-03 2.456991618879580020e-04
3.108959537572258524e-03 -3.434228493400091507e-04
3.481526347668081802e-03 -1.464413607878244181e-03
1.926263219741486182e-03 -8.886894075403941337e-04
2.652363184079604020e-03 -2.981506540369860923e-04
4.038153846153848432e-03 -7.469854469854461925e-04
2.632284382284387231e-03 -1.089065255731926367e-04
3.525285972305840839e-03 -1.422639860139857408e-04
3.238636363636366276e-03 -1.413954525189477663e-03
2.630460104834015864e-03 -1.183296213808461735e-03
3.998474679682735566e-03 -2.433945364979846768e-04
2.480333730631704373e-03 -1.110835214446952070e-03
3.181641708264007148e-03 -1.761390324095824932e-04
2.237726098191219256e-03 4.393398751115120126e-05
6.219469026548673889e-03 -1.039531802120141797e-03
3.614499066583696640e-03 -1.474913494809689050e-04
4.377784467188443329e-03 7.769816390506002995e-05
4.266270337922405294e-03 -1.205361199454793239e-03
3.725757575757578013e-03 -3.769017980636238277e-04
4.956061408152466138e-03 -7.748267898383374725e-04
2.862080315997369683e-03 2.194682289319520969e-04
1.891644908616192319e-03 -1.252605346624375855e-03
5.373269114990967231e-03 -6.426642664266410962e-04
4.258245382585753788e-03 -3.628546861564919414e-04
3.248738965952082790e-03 -1.636206896551724646e-03
2.259535160905842052e-03 -1.188164586222832528e-04
4.580823601720962479e-03 -1.456055968517713610e-04
4.902561247216051174e-04 7.900662251655634618e-04
2.138807714786675543e-03 -2.690641247833618229e-04
1.817525125628143261e-03 -6.959023941068135689e-04
5.269642857142858156e-03 -4.349611063094208866e-04
2.231069711538463153e-03 6.126672240802688877e-04
8.503125000000015662e-04 -3.050158156348768308e-05
4.806166056166058520e-03 -1.484762734000869781e-03
2.700782661047562271e-03 -4.004357298474944360e-04
4.379821958456975133e-03 -8.322251773049646776e-04
2.987955346650999176e-03 -5.146321070234105349e-04
5.144342507645264032e-03 -2.312867956265655083e-06
3.856707317073172856e-03 5.775261324041819919e-04
1.621277915632756859e-03 -2.831678700360999354e-04
2.493043478260873521e-03 -8.136263736263736742e-04
1.299828669331812465e-03 -2.196365248226934920e-04
6.723480333730634702e-03 -1.541936878512753474e-03
3.226711906230726908e-03 2.340702210663208617e-04
3.235480161012078883e-03 -1.586713286713287239e-03
3.981289579735179836e-03 -6.648648648648643319e-04
1.603099304237826095e-03 -1.328779599271402235e-03
6.558255269320844086e-03 -6.251187084520416336e-04
3.649299207800126444e-03 -4.870996441281135922e-04
-5.887382075471667359e-04 -9.773804394657473454e-04
1.951152912621361563e-03 -8.469119579500646467e-04
3.262135922330101825e-03 7.112468407750633000e-04
7.666886109282426351e-03 -2.043350168350162787e-04
3.442567567567569441e-03 -5.219522591645354330e-04
5.267747858017134480e-03 -4.609960334949306541e-04
2.037365421152631615e-03 -1.224789915966385638e-03
2.011444141689374028e-03 -7.698232895333031404e-04
1.650819672131151068e-03 2.562585343650444400e-04
4.229906542056077398e-03 -6.998674911660776035e-04
3.919794188861988431e-03 -3.069241011984015239e-04
9.080421885299971331e-04 -1.294987146529561753e-03
5.385002797985451867e-03 -1.016129032258064656e-03
2.765389447236181724e-03 -2.586790855207450482e-04
2.531510107015459698e-03 1.114470842332624469e-04
4.291343669250648370e-03 -4.223433242506804963e-04
1.901387213510255742e-03 -4.602966841186733444e-04
1.819362455726094381e-03 9.184175234689326284e-04
2.174504950495052304e-03 -1.375799086757991231e-03
9.077809798271141244e-05 -6.729977116704802991e-04
4.883965014577260066e-03 -4.229559748427673058e-04
3.727550397067808368e-03 -1.412264995523730389e-04
3.117318435754193578e-03 -1.092123132639203189e-03
5.630653266331660071e-03 4.683622828784121000e-04
5.378146101903006314e-03 6.322332730560576396e-04
2.802153846153847012e-03 -7.420794288264169567e-04
2.019402985074629075e-03 -1.442578302315023842e-03
1.145221736414743507e-03 6.186880604058524625e-04
-4.895767530006280271e-04 2.702053298383572891e-04
5.989783653846152828e-03 -9.875113533151687328e-04
3.751698579369984639e-03 -1.488074204946997128e-03
4.969818913480885531e-03 2.771186440677974932e-04
3.877652933832712208e-03 6.072541165999102795e-04
3.684848484848486129e-03 -1.294194674814482752e-04
4.896298659859606509e-03 -3.478841870824049250e-04
1.947765525246669249e-03 2.432679141944318261e-04
4.317474048442910238e-03 -4.659909909909900629e-04
1.268561484918795737e-03 -1.014039855072463572e-03
1.653153153153153225e-03 -1.261722080136393241e-04
8.527611044417767253e-03 -1.266763848396501232e-03
1.146284376828556007e-03 -9.614517583408457337e-04
2.357352079671940978e-03 -1.778398510242082734e-04
2.679843089921548835e-03 6.995264743865711331e-05
4.213373860182370069e-03 -1.131852159468437402e-03
4.708413615928067932e-03 -3.611836379460344598e-05
7.745179948586122451e-03 -3.572041166380788245e-04
4.236443148688049179e-03 -1.922099915325992873e-04
1.349424552429668743e-03 -7.816399286987515699e-04
2.633590047393369066e-03 3.581204379562049592e-04
2.839929119905497141e-03 3.367058823529423071e-04
3.285380116959065767e-03 -6.218173836698852363e-04
3.722571428571429687e-03 -5.841099720410049528e-04
1.860025624599620248e-03 1.712053571428570479e-04
1.696450428396576414e-03 5.033798056611759903e-04
4.472920156337243519e-03 -2.053555555555555863e-03
3.057950727883541019e-03 -1.439067311922568107e-03
2.087928921568628013e-03 -6.947754353803835617e-04
4.917310167310165112e-03 -3.687658495350805313e-04
3.571024512884982214e-03 -5.374523910283501247e-05
2.034057545507930199e-03 -1.363983812949640367e-03
1.868595539481617603e-03 -1.021337439507257611e-03
3.310147299509003799e-03 -1.497033318119577383e-04
2.817611940298512044e-03 -3.136631865637765212e-04
3.636112814224406586e-03 -1.263938053097344487e-03
4.380116959064329560e-03 -5.697192820984820502e-04
2.468899521531101818e-03 -8.139954853273133600e-04
5.200537955768084336e-03 6.179891981719990964e-04
4.457281553398063055e-03 -2.930486142662418929e-04
4.989004276114845406e-03 2.933826931975937993e-04
1.768106734434564137e-03 -7.745602745602740225e-04
2.153495440729485955e-03 9.924911660777390940e-04
6.564584596725282946e-04 -6.631419939577034824e-04
2.567362428842508062e-03 -7.513574660633477688e-04
4.846908442330560667e-03 -8.715970961887480441e-04
5.044089456869009502e-03 1.604722343681683368e-04
2.969226260257913901e-03 -1.682378854625550231e-03
5.657599551318002670e-03 -1.601800554016621003e-03
1.179540094339623542e-03 -2.830188679245416506e-06
3.438971499380422733e-03 1.299907149489320717e-05
3.290903721204966378e-03 -9.172845227062091352e-04
3.011823273179838837e-03 -2.313333333333334179e-04
1.958383961117862119e-03 -2.086680761099348033e-04
6.268765133171915263e-03 3.672798948751649414e-04
-4.050056882821348480e-04 -3.263350068461872848e-05
5.890761185357350563e-03 3.069634200088145067e-04
3.930959752321982852e-03 5.266005410279525883e-04
3.016398158803222738e-03 -1.278977523137946742e-03
4.659844054580899488e-03 -6.534632034632028436e-04
3.162797992471774646e-03 -9.451495920217525847e-05
4.065530799475755921e-03 -1.519424131627057032e-03
2.108469055374595068e-03 -7.512045554095542037e-05
3.478599221789883955e-03 -7.689530685920579860e-04
4.464541120381409524e-03 -1.076101771921854225e-03
4.010135135135136329e-03 -1.503587443946187777e-03
2.377952755905517451e-03 1.692879675529517305e-03
2.791804362194318968e-03 -3.845150065245748127e-04
3.711435378201312623e-03 1.681943171402387218e-04
4.783749200255920687e-03 -3.016260162601613372e-04
1.578657865786581554e-03 -2.325268817204294595e-04
-3.085680047932756845e-05 -3.298580301685882072e-04
1.287291169451075436e-03 -2.519719544259419559e-04
5.062310949788264951e-03 -9.512750455373408407e-04
2.894320843091335600e-03 2.905405405405414381e-05
4.713697824808937495e-03 -8.373605947955386607e-04
1.755893300248142228e-03 1.826029216467469284e-04
-5.192197360871749135e-05 -1.069824876515491734e-03
-7.656149388280727563e-04 -1.101585940848692281e-04
4.104028863499698844e-03 -7.658255865427036554e-05
2.749390243902441206e-03 5.445874001774631294e-04
2.356002365464224257e-03 -1.304983996342020834e-03
6.614123581336698796e-03 -9.697260932244114451e-04
6.361150568181820480e-03 -7.135746606334835958e-04
6.010727056019072624e-03 8.444055944055940850e-04
4.676616915422890028e-03 3.080786026200869562e-04
4.566275659824051147e-03 -4.947229551451077384e-05
5.460037174721191558e-03 -3.429135585783236518e-04
2.860074626865674596e-03 -1.235795454545451878e-03
6.078205865439932978e-04 -1.937849162011173092e-03
5.191472026072786218e-03 -1.152126260412099715e-03
2.958581842279654935e-03 -4.514824797843616794e-05
3.615675990675994850e-03 -2.965142598460789332e-05
4.867282169648051910e-04 -1.209347826086955508e-03
2.479659153380980169e-03 -1.245493358633775532e-03
2.625531914893618722e-03 3.778348309798897856e-04
4.636806825106642993e-03 2.861930294906176462e-04
5.511746987951810298e-03 3.255451713395624935e-04
8.227091633466160998e-04 -8.337326305701923132e-05
5.112759643916958956e-04 -9.171920975199665451e-04
3.290566037735851313e-03 -6.057775847089472187e-04
3.855568117580560061e-03 -1.335167354424576444e-03
3.496009122006843439e-03 -4.694805194805188068e-04
4.368761552680224154e-03 -1.725585505965524381e-04
2.949753390875464645e-03 1.471924029727502575e-04
4.295925183700738566e-03 -1.478187208809808313e-04
4.744200626959249774e-03 -5.840745446844562488e-04
3.739091452480577255e-03 3.888115134633253803e-04
1.814814814814816844e-03 -6.221408966148213456e-05
3.651738361814970205e-03 -1.636304062909567630e-03
2.447319778188543436e-03 -1.024609015639374888e-03
4.639769452449579398e-04 -1.574600355239786373e-03
3.089903181189490242e-03 1.015112813963389617e-03
4.428711576193596414e-03 4.366344943348722790e-04
8.996405032953886001e-04 -1.141594925237879917e-03
6.140198511166253779e-03 -7.071611253196926532e-04
4.249169435215948039e-03 1.731707317073175902e-04
5.560114503816794389e-03 2.493595217762603774e-04
4.767733835530465797e-04 -2.508920606601248819e-04
2.687422166874225450e-03 -4.473458904109496234e-05
2.073519163763069308e-03 -2.875695732838585332e-04
4.534427284427283537e-03 7.260569456427961536e-04
2.807741522712735825e-03 -1.204262877442272050e-03
3.516497461928935146e-03 1.489279588336192518e-03
2.322283609576426735e-03 -1.086346235644406084e-03
8.384911242603555401e-03 -1.858622242233226628e-03
3.884290030211482499e-03 -1.259559154295994940e-05
1.645755305867668697e-03 3.265805877114872041e-04
5.717274357441719072e-03 -1.409308394954323653e-04
3.675584255842559780e-03 -2.173647824318826862e-04
3.854330708661416870e-03 -2.063966866083752653e-04
4.277955271565494003e-03 -4.368974583698512454e-04
3.897699757869252293e-03 -1.305617977528089092e-03
3.373173582700177749e-03 -8.143542757417104871e-04
3.119886721208306284e-03 9.826552462526764835e-04
