1.735427626043606602e-03 4.021353146681382507e-04
1.431065276712992175e-03 4.520094880990190630e-04
1.548584592882428250e-03 4.313091955197315358e-04
1.623476301117702820e-03 4.088310778605827437e-04
1.298920111658664151e-03 3.888543414690995249e-04
1.358607841391139227e-03 4.628465180213249932e-04
1.453493148626770976e-03 4.303755850248705463e-04
1.555718037979801367e-03 3.969958282221122876e-04
1.595985065134924216e-03 4.504954845047611563e-04
1.318642098699060721e-03 4.452272471286000525e-04
1.360734331402037919e-03 4.176699619644070726e-04
1.730016363040757848e-03 3.813350138188579034e-04
1.579955272075556603e-03 4.624194032641522605e-04
1.326402759314585346e-03 4.315025511014030138e-04
1.464335300111178515e-03 4.369139096499822746e-04
1.341260436132243319e-03 4.417331138783839165e-04
1.344047579773113539e-03 4.488746042169467518e-04
1.506030796827450158e-03 4.285819094493959272e-04
1.303736229100640803e-03 4.030298275313945445e-04
1.461620125955304409e-03 4.535947701109570816e-04
1.390555583458414745e-03 4.181112451457795801e-04
1.334587510547998119e-03 4.327031722461876844e-04
1.450284031554335135e-03 3.968162294686033292e-04
1.723297830485336904e-03 3.552087700912820076e-04
1.242887811020442022e-03 4.325815948213099075e-04
1.703257880738651402e-03 4.557319204960637760e-04
1.752619148285139558e-03 4.417547939104821001e-04
1.615924227394269132e-03 4.266014032590597477e-04
1.650763574667406513e-03 4.068507072065922743e-04
1.385003711262909349e-03 4.180846822737946888e-04
1.323039934114731558e-03 4.277721017313591595e-04
1.465062758945229410e-03 4.274791181327196755e-04
1.607876265677156543e-03 4.256850400300730888e-04
1.496524554430940773e-03 4.087618909315553629e-04
1.513056372995680602e-03 4.495336376365876891e-04
1.567010712601815204e-03 4.422196791732744669e-04
1.530550594469176672e-03 3.890003668129219652e-04
1.527949487827691454e-03 4.313609201114603745e-04
1.275239920076745971e-03 4.402487012785813382e-04
1.468003863291179704e-03 4.065264760268348567e-04
1.453067792549603146e-03 4.308503166482705211e-04
1.439751266339627184e-03 4.471823415590161122e-04
1.366571219975507012e-03 4.791225000604433688e-04
1.448951558148204926e-03 4.328117381778320795e-04
1.618081944142486794e-03 4.851106663631462711e-04
1.458946159709129413e-03 4.526469831259294233e-04
1.477955754786246722e-03 4.036644412955757953e-04
1.746480033275497282e-03 3.958676619871828945e-04
1.366330105369568558e-03 4.635331227184848104e-04
1.498999574875119504e-03 4.050334482182712647e-04
1.450008702770017770e-03 3.947100554922262591e-04
1.428205260391801970e-03 4.181530638581924353e-04
1.577436649506189703e-03 4.249369511227837209e-04
1.410835053759638708e-03 4.374357758098212402e-04
1.739950984644396490e-03 4.359115143795288605e-04
1.605724681341847955e-03 4.117614234706612778e-04
1.390882481524824540e-03 4.060978475888601664e-04
1.386028993998113940e-03 4.093638387941076211e-04
1.846713950640667791e-03 4.451701248811035000e-04
1.350729808897217386e-03 4.019196539704207160e-04
1.432005292182729483e-03 4.252155195581308394e-04
1.355945033734404703e-03 3.988435091099688259e-04
1.647539431132031933e-03 4.047858597034614770e-04
1.622881790829191692e-03 4.304283425744611551e-04
1.439586335962412264e-03 3.973358585141220059e-04
1.589596513532527461e-03 4.536273015262830667e-04
1.589849395704330797e-03 4.161356398339715441e-04
1.529439806030253668e-03 4.460950067531680428e-04
1.413723411435992674e-03 3.894983770584913127e-04
1.515140441925028145e-03 4.221561078098203987e-04
1.640422113392388031e-03 3.931118419358733116e-04
1.459750118283528915e-03 3.744097041049343228e-04
1.344026227896787063e-03 4.217228848223889947e-04
1.506569831516016769e-03 3.804363805966656212e-04
1.918269524756762790e-03 4.126682004979522660e-04
1.196624261507303957e-03 4.401593148189830826e-04
1.333367114114315452e-03 4.258683236506942264e-04
1.666704579565647616e-03 4.343823195340495318e-04
1.645498647520480607e-03 4.250646266814616693e-04
1.475816275397652186e-03 4.119697790742656972e-04
1.357131383100688895e-03 4.058183541979954335e-04
1.384592335712819550e-03 4.482281778003559323e-04
1.338270760057805233e-03 3.852429529771692865e-04
1.624636564393540632e-03 4.234218036675861988e-04
1.467754319083660903e-03 3.835351195957742085e-04
1.429123661930949314e-03 4.575815643214984209e-04
1.520358134793563330e-03 4.167717207217250014e-04
1.444646806269342257e-03 4.157854665108508957e-04
1.486018527723831622e-03 4.107448008151238453e-04
1.289842774359965284e-03 3.834478347511112548e-04
1.706633064899289219e-03 4.505303996378553989e-04
1.441485546234221211e-03 4.185611153714513988e-04
1.636315909448902853e-03 4.675958830928968342e-04
1.421130761404756568e-03 4.032616839694336893e-04
1.468708963643959543e-03 4.169966259957488797e-04
1.687736041383355087e-03 4.197608514087908336e-04
1.241329063668210461e-03 4.137597252960736145e-04
1.657530668681612409e-03 4.359654795374530586e-04
1.457009628968836861e-03 4.339718878754309016e-04
1.398635900404552202e-03 3.841288174653493376e-04
1.595121029413896141e-03 4.431138299672163976e-04
1.442841783917534881e-03 4.522133224588972323e-04
1.240858284385682386e-03 3.949365162712661090e-04
1.339571005464912498e-03 4.230012306715682157e-04
1.476168108745729577e-03 3.921744026698763003e-04
1.481995949038246701e-03 4.338659782946264272e-04
1.660398226210737203e-03 4.246163577905346688e-04
1.691124843798133591e-03 5.189635266435514661e-04
1.407996581828364902e-03 3.899507600988581682e-04
1.353991429911906991e-03 4.549252660867945919e-04
1.390952503148328977e-03 3.940850557929472670e-04
1.341179531359872404e-03 4.074839792987899976e-04
1.395837491082370114e-03 4.311140332570808113e-04
1.731665214259199212e-03 4.403324698834390006e-04
1.606031322158602264e-03 4.467462740355956832e-04
1.414406347069515051e-03 4.040251539983834577e-04
1.538150127043415782e-03 4.690352675614180874e-04
1.407889332256764261e-03 4.000826160878914869e-04
1.512392569437281389e-03 4.264174183320975395e-04
1.517885623301767906e-03 4.114060524503868727e-04
1.689566180998609531e-03 4.873330877451246472e-04
1.698910004729496182e-03 4.534300387902629403e-04
1.747656848229150973e-03 4.770855447871609977e-04
1.591819984118851474e-03 4.222465028304030026e-04
1.395577063499602553e-03 4.155008806381447800e-04
1.345444030095456619e-03 4.311369036314359406e-04
1.564129849002502022e-03 4.306241492894711956e-04
1.589539332441953579e-03 4.302238705384084805e-04
1.799286507608830387e-03 4.291146206888765149e-04
1.717360309744875605e-03 4.320165474736958997e-04
1.753928064459052980e-03 4.547531254925153742e-04
1.563466079642576506e-03 4.643177042832464748e-04
1.562503308868619508e-03 4.327361926137972790e-04
1.648419761990313004e-03 4.116986323958007660e-04
1.440895739559921963e-03 4.547647388503756548e-04
1.289666742552089337e-03 3.828949906145109904e-04
1.454906025588534281e-03 4.408028877527824310e-04
1.605666961348589878e-03 4.669046040616108722e-04
1.612237663692451129e-03 4.626548596731575361e-04
1.600366700859975509e-03 4.625250403170224874e-04
1.834586702777140331e-03 4.976716024113417161e-04
1.655171085776064189e-03 4.453103659570344553e-04
1.577342908768746910e-03 4.194180772121793195e-04
1.686246317112125156e-03 4.222932687231508450e-04
1.219032622158947509e-03 4.619307610584143589e-04
1.570659732585010957e-03 4.605096668387915473e-04
1.504709911109483990e-03 4.630522878696313824e-04
1.579623286650004566e-03 4.562285078320147042e-04
1.640731224024808994e-03 4.304870967578069128e-04
1.291261775562222011e-03 4.117060716850828015e-04
1.329898861953842217e-03 4.689094116013745039e-04
1.370261453276934438e-03 4.152050557865530908e-04
1.649514865003971374e-03 4.513253153160428949e-04
1.428986724049154545e-03 4.006653126988416196e-04
1.472500995850993316e-03 3.983199409129578508e-04
1.484732801387719748e-03 4.238553501326919369e-04
1.577032888960656735e-03 4.396181210013655211e-04
1.471293245460139447e-03 4.164755720610699278e-04
1.409968122543635771e-03 4.333655958751360805e-04
1.724868614903081205e-03 4.057538763177353527e-04
1.879459473613784033e-03 4.568074019247531288e-04
1.495400023766545183e-03 3.959959413525405200e-04
1.603010439527368042e-03 4.264549915727990147e-04
1.459641453216612697e-03 4.268018601878937148e-04
1.227205686750860048e-03 4.070757907449235481e-04
1.133887298670098725e-03 3.858220750604248557e-04
1.709209549731410078e-03 4.433397064918078779e-04
1.776677478721438736e-03 5.055198356563112482e-04
1.399711429741899282e-03 4.650457480279420819e-04
1.794463611447541735e-03 4.427008266203739570e-04
1.333355255288859106e-03 4.374936111918333167e-04
1.523287254838062233e-03 4.728382018077590906e-04
1.641075704214284194e-03 4.487101510896430805e-04
1.281565215169165172e-03 4.155262455774244904e-04
2.054852332698114525e-03 4.649385907626305730e-04
1.459771121307110306e-03 4.475476800563493577e-04
1.486339605190016306e-03 4.191820361501185288e-04
1.263845329788315132e-03 4.175495092888737922e-04
1.641169389746178087e-03 3.719037586944166788e-04
1.664486044792705746e-03 4.432788199434443250e-04
1.351832826624161992e-03 4.283981462968093298e-04
1.558401613137664612e-03 4.460285613496513387e-04
1.455441778884781134e-03 4.103325669101464995e-04
1.485897890443446971e-03 3.975403829077500954e-04
1.537630215563725190e-03 4.120948862562016208e-04
1.353585112806688067e-03 4.403399535051827286e-04
1.392152671245966162e-03 4.036333825186458031e-04
1.682162724565320570e-03 4.158317313369440447e-04
1.488388095134375848e-03 4.120018446090055117e-04
1.513132249063123790e-03 4.264491520444609204e-04
1.394991504702586954e-03 4.209841037914181208e-04
1.308120371376634379e-03 4.677870713679687167e-04
1.656110251606448917e-03 3.700304073155577804e-04
1.617698214816674310e-03 4.237516154077577827e-04
1.472887246275878794e-03 4.471049318843247321e-04
1.356503935733932836e-03 4.159950803011114133e-04
1.494245545585549777e-03 4.456821471300821311e-04
1.429450432471741656e-03 4.380186849337335702e-04
1.648302749532113386e-03 4.479602592268785294e-04
1.834726165038401630e-03 4.607160624412179523e-04
1.568158141462872718e-03 4.035320566476415047e-04
1.606979036477961843e-03 4.261016334079926332e-04
1.463594593459468553e-03 4.661047519625628635e-04
1.527901522036657521e-03 4.205006651723301151e-04
1.357460789131318020e-03 4.299227367638653111e-04
1.561479508331827968e-03 3.880362215618787304e-04
1.592097927636786613e-03 4.454688034548252656e-04
1.495489368543262334e-03 4.547753548419096892e-04
1.493104673202493840e-03 4.362956985981270019e-04
1.801922961075225335e-03 4.097254834115286325e-04
1.529894631438172758e-03 4.189039843865477908e-04
1.275324143080642158e-03 4.328519727409160757e-04
1.340464289349356302e-03 4.256180344389283291e-04
1.460080386986632728e-03 3.879572697688001524e-04
1.514829000658291869e-03 4.403831670035460036e-04
1.564866554962198201e-03 3.950875120916329535e-04
1.569460111288404009e-03 4.296711377936542672e-04
1.616978050017109413e-03 4.355281241921206935e-04
1.677746618548469314e-03 4.337511724106114645e-04
1.473360273878367632e-03 3.872337896563024886e-04
1.741465234522862051e-03 4.714710701004868839e-04
1.673513379106042519e-03 4.739958737567730477e-04
1.360943339596735373e-03 4.510959728461150166e-04
1.444906481401817206e-03 4.512316259104880612e-04
1.786207838364203306e-03 4.551675953943028988e-04
1.512238844310032863e-03 4.359489118361228508e-04
1.553019018335200429e-03 4.009175002004607873e-04
1.403791655418400479e-03 4.404614244947058894e-04
1.174671764144455573e-03 4.270960350246472636e-04
1.354525224693053746e-03 3.970728753825407019e-04
1.357402971488013256e-03 4.198729887265283383e-04
1.333630020358271421e-03 4.213438124312800953e-04
1.336652473882437653e-03 4.129099797130586589e-04
1.511038536007366668e-03 4.147975519024756043e-04
1.736506535025206287e-03 4.624437679840096016e-04
1.360493070039676261e-03 4.390743659357726415e-04
1.473676998927442219e-03 4.309794770832378868e-04
1.551309672092854959e-03 4.600919119691105090e-04
1.856648683198378752e-03 4.063842734350941511e-04
1.543296599321937988e-03 4.070110075747187216e-04
1.334118637262423409e-03 4.256624582751515422e-04
1.337270312042903664e-03 4.444632661630087641e-04
1.239360479674302129e-03 3.947340722455951862e-04
1.553271970248898967e-03 4.024923761170612780e-04
1.364499020571866613e-03 4.168826627552410253e-04
1.312047852916698419e-03 4.098174595141835228e-04
1.394086424086747383e-03 4.398441652805359470e-04
1.442571491581649866e-03 4.233706530920908857e-04
1.481006987238353773e-03 4.285351792370985409e-04
1.664875690391612491e-03 3.828227073863563613e-04
1.378338461326747855e-03 4.443742140559751863e-04
1.344445576195529976e-03 3.843489303710576608e-04
1.239646023563182502e-03 4.412600442506895522e-04
1.378327557705594534e-03 3.434706613039032017e-04
1.474328126551931054e-03 4.227710675214099126e-04
1.445295103711616205e-03 4.123418638583267108e-04
1.414791851999075336e-03 4.234516981176711836e-04
1.587498088536066620e-03 3.876274323734437235e-04
1.298496495837031701e-03 4.037784019281087243e-04
1.368027314933616253e-03 4.063731247778804858e-04
1.323377812717170835e-03 4.040605846256639373e-04
1.591067254638443189e-03 4.644746166606136708e-04
1.528628848410549254e-03 3.812224542987959191e-04
1.506338945461646118e-03 4.184231171496239471e-04
1.484293188986061636e-03 4.049940132169399585e-04
1.441317658955885419e-03 4.105067813362974090e-04
1.415271374745725400e-03 4.560128121404475546e-04
1.316640087774600520e-03 4.204480953643258893e-04
1.441241339780198992e-03 4.668240144883454342e-04
1.551450232594850506e-03 3.977986836823381076e-04
1.483139381867126533e-03 4.273152616844708564e-04
1.342319869113572798e-03 4.328611755119925685e-04
1.481680640458005183e-03 3.980510731138269648e-04
1.414230770837791211e-03 4.389921680775855147e-04
1.435795970857138733e-03 3.664633272538314872e-04
1.375467597931836214e-03 4.105016695230997948e-04
1.497290751941648566e-03 4.420129564462069931e-04
1.514510300537162376e-03 3.641522917978052306e-04
1.533372457292276822e-03 4.305679332694600033e-04
1.239452374137538487e-03 4.555143322032400308e-04
1.631581289819585218e-03 4.707915952823093662e-04
1.577377279732848463e-03 3.995871906919448409e-04
1.299763640038951529e-03 4.217686016979055211e-04
1.544889399619320518e-03 4.162006436384601627e-04
1.412634544504383924e-03 3.976108149254084685e-04
1.387062748735781812e-03 4.480987170777202462e-04
1.723472818611564584e-03 4.676843686887382882e-04
1.717528408756443256e-03 4.308182051317670084e-04
1.733447350123456208e-03 4.149916511365062295e-04
1.656477967069955749e-03 4.617717277289907639e-04
1.541827228425729241e-03 4.444139876802443963e-04
1.538495566194423778e-03 3.914143604163034407e-04
1.779722064193572191e-03 3.983798946049007671e-04
1.595697717490690863e-03 4.366192162382912857e-04
1.471389706955351711e-03 4.583922811135218494e-04
1.265142249900347727e-03 4.848527299331662909e-04
1.432580615770970593e-03 4.049882750297103835e-04
1.448042119564588127e-03 4.468980756620811361e-04
1.511913344106732620e-03 4.671674005533281849e-04
1.325975096504879245e-03 4.402153709981158403e-04
1.679691266535638912e-03 4.162580136876078214e-04
1.590682711145923346e-03 3.976351266131452852e-04
1.644819316133132097e-03 4.272367307768088580e-04
1.290416758077396822e-03 4.196434382160668208e-04
1.492292669860068120e-03 4.914666555123833880e-04
1.314639102734951447e-03 4.115215745639597025e-04
1.334855663041140247e-03 3.886538213424001057e-04
1.420814884813804968e-03 4.605214046453243323e-04
1.344436749856808009e-03 4.241733037592327932e-04
1.712607188814161026e-03 4.407326424464124153e-04
1.527525699075079138e-03 3.798620944886196360e-04
1.461921320824602485e-03 3.999933942578197681e-04
1.874665859990223967e-03 4.346812664336900732e-04
1.613462081679752991e-03 4.086963080689766923e-04
1.461099221503236534e-03 4.167679126452533320e-04
1.456964888826775681e-03 4.371775241469956822e-04
1.596557880134284648e-03 4.567432812909561998e-04
1.443699162287288536e-03 4.069109502185005284e-04
1.591884089847871338e-03 4.459034839402359644e-04
1.245457725067878295e-03 4.503363447916063100e-04
1.403528465954780860e-03 4.466833004146272758e-04
1.559090979195711015e-03 4.343592166973508114e-04
1.354888872156020637e-03 4.673147374531906140e-04
1.453056527427936707e-03 4.219970717148537466e-04
1.485266352468833477e-03 4.353217474450952530e-04
1.317819138492076769e-03 4.461569524499239044e-04
1.629832514861740377e-03 4.237762678847228166e-04
1.426984690098072285e-03 4.088185673402666459e-04
1.346981110045873155e-03 4.106009734553660176e-04
1.450431789440050079e-03 3.895336286485976546e-04
1.409982293171034920e-03 4.003087933387643009e-04
1.376597774776947697e-03 3.850284245663417059e-04
1.449180047406764061e-03 4.313492584767297995e-04
1.573093920707374724e-03 4.368257576326330690e-04
1.551015480260717252e-03 4.508596741489221934e-04
1.470368527668709400e-03 4.153928056956492998e-04
1.538399034985363971e-03 4.414021887383180244e-04
1.417286715169742894e-03 4.207062603389771218e-04
1.365588071603810166e-03 4.320334250146323361e-04
1.571696443247133689e-03 3.782557302728371861e-04
1.610185594288770410e-03 4.575258052791661249e-04
1.367070072660880745e-03 4.303427353690917451e-04
1.260557048378978598e-03 4.405753480407317759e-04
1.319711438029000546e-03 4.067497785783364371e-04
1.602415204207617658e-03 4.118261281564780619e-04
1.369324636519376592e-03 4.693359847313102523e-04
1.454957136613025791e-03 4.811363737250642513e-04
1.534893633053575554e-03 4.248771384356535567e-04
1.474133465393006335e-03 4.070770858520240498e-04
1.478761672208962850e-03 4.113276298434636398e-04
1.356720442042517885e-03 4.408769138572844813e-04
1.590625294806519499e-03 4.258639069451097370e-04
1.406696765425425114e-03 4.264429666412687323e-04
1.529431482648572083e-03 4.016830042726037648e-04
1.430911112204191673e-03 4.421419367264419181e-04
1.640709589586994421e-03 3.930717354558235115e-04
1.408862073960639354e-03 3.778414735037233891e-04
1.441118214734914658e-03 4.491393052654929887e-04
1.712867140960240521e-03 4.494824037317394095e-04
1.689320474362463386e-03 4.339245734344912174e-04
1.466899959132334777e-03 4.092980460866992324e-04
1.412253897551401724e-03 4.442630976092637419e-04
1.342572566141623592e-03 4.443491876299853036e-04
1.505663371761097350e-03 4.174957664307051832e-04
1.380286876997338348e-03 3.722486889098253898e-04
1.471151903099339204e-03 4.437624472817873434e-04
1.314747393396169381e-03 4.491154665967412099e-04
1.348489279128913584e-03 4.651652658654536446e-04
1.329693310667184099e-03 3.854631383200016713e-04
1.612339311423342152e-03 4.473446531097335769e-04
1.617387735536663556e-03 4.728883944577954505e-04
1.670385149988100207e-03 4.470623028384036290e-04
1.643813448055078761e-03 4.303784119949136946e-04
1.699729595883909573e-03 4.479815413947262699e-04
1.368153111257867927e-03 4.014790226068578423e-04
1.517042253885197067e-03 4.220620478674636943e-04
1.636248047036523417e-03 4.112332707870689267e-04
1.584541941419442476e-03 4.132983770208383087e-04
1.593870712927958474e-03 3.866905791128285187e-04
1.448031907534565090e-03 4.092921541373219490e-04
1.958686382797622007e-03 4.577811593816237708e-04
1.396854813622970537e-03 4.446879050557998696e-04
1.480094608343674421e-03 4.617497722352351358e-04
1.387580715033263305e-03 4.296721581291018015e-04
1.330104021325243576e-03 4.358718043651310355e-04
1.403351388982138548e-03 4.105864862603680735e-04
1.343056954246312417e-03 4.406931008385892999e-04
1.684216057773339379e-03 4.327523768900747112e-04
1.367674260077158957e-03 4.286427074926667941e-04
1.408225939455882156e-03 3.689720873455179886e-04
1.572526119885776742e-03 4.570456994862479483e-04
1.609663224001649804e-03 4.646089272674561589e-04
1.436225013066893229e-03 4.136979227665644196e-04
1.414481484172547092e-03 4.576757123706833279e-04
1.910171779490703542e-03 4.153043711900925180e-04
1.335001940339053958e-03 4.311359039662018854e-04
1.572973688268232200e-03 4.135766093253234591e-04
1.662218642439983402e-03 4.465064228020310675e-04
1.453787080460292730e-03 3.972578009106375965e-04
1.381392238965753819e-03 4.481142782664076910e-04
1.888620724874558740e-03 4.243318062701993275e-04
1.409361250922937193e-03 4.016924429814364064e-04
1.519450320261932523e-03 4.348383668561429027e-04
1.696798018757108293e-03 4.468518865197497079e-04
1.569093975318638272e-03 4.196331515002638709e-04
1.593233490140560839e-03 4.075577337057968708e-04
1.851456041929668743e-03 4.441278716421696274e-04
1.446860836072469837e-03 3.949359204369249873e-04
1.685340582010975237e-03 4.351388259454267511e-04
1.412825206023641004e-03 4.366236598237392360e-04
1.567102043818701176e-03 4.609453111792450090e-04
1.969347988506177718e-03 4.190443070175887963e-04
1.619749226601278512e-03 4.319555176229512633e-04
1.418250886142644962e-03 4.080616821104229765e-04
1.296404472098079729e-03 4.796999561250591066e-04
1.804009883204325294e-03 4.592936789139266999e-04
1.888418388534577989e-03 4.359424472714220830e-04
1.389867297310201557e-03 4.386570657184817208e-04
1.842680432524142339e-03 4.432776266404378409e-04
1.564439129172400141e-03 4.192341287384052356e-04
1.517461677874172056e-03 4.365053328248734107e-04
1.476919411519552307e-03 4.147463143599218450e-04
1.494868168869206487e-03 4.333278666859429634e-04
1.812983084248345929e-03 4.047776781929713903e-04
1.441928091858233349e-03 3.994705545888523491e-04
1.548266094472738408e-03 4.269469155345410709e-04
1.805668598703879732e-03 4.239214790567791724e-04
1.254507302416390082e-03 4.052095747006930295e-04
1.427081641331041841e-03 4.062220753452446659e-04
1.394420513058856849e-03 4.301751068739508585e-04
1.541721381993827215e-03 4.348231731531550432e-04
1.587424785923989990e-03 4.223880404719279418e-04
1.792932730943582907e-03 4.837597198373306943e-04
1.445712430483916348e-03 4.318658866374887697e-04
1.524276721627939885e-03 4.387071591817664411e-04
1.504971940541222943e-03 4.306695047121121707e-04
1.388797291654740281e-03 4.600014567011502346e-04
1.276984980919841769e-03 4.020319358779268185e-04
1.364246702550481714e-03 3.939809377963373227e-04
1.465356496964623874e-03 4.215614667636058324e-04
1.505426015660421123e-03 3.477560432682318342e-04
1.416243038023203699e-03 4.198491313897776637e-04
1.662654688962949146e-03 4.435283496730269156e-04
1.573491373577833594e-03 4.051009001072714672e-04
1.339117131277781526e-03 3.961836575638235801e-04
1.736961069827640172e-03 4.236251046326137276e-04
1.465981632538805937e-03 4.060855301257368594e-04
1.570537962404158858e-03 4.537257679959984312e-04
1.573361326651946711e-03 3.931001746799846837e-04
1.586873649456148946e-03 4.066785057780162552e-04
1.663389562858889198e-03 3.908509593950673915e-04
1.571951836111526619e-03 4.264738393836422039e-04
1.496965512664838590e-03 4.760766281214638316e-04
1.267461274294756938e-03 3.970664236406619483e-04
1.647659487484940972e-03 4.157933259815034771e-04
1.293441442209742123e-03 3.909218123412064750e-04
1.355023409055373246e-03 4.252012146238677202e-04
1.590500632462542308e-03 4.627785048183818734e-04
1.479915892774414125e-03 4.085433135749005646e-04
1.444895313383391363e-03 4.633483426233035718e-04
1.274468178156164906e-03 4.658631855760036826e-04
1.421430392348467303e-03 4.742000415528918578e-04
1.413936595789470462e-03 4.711277658820864876e-04
1.673076046729910426e-03 4.507257752391872628e-04
1.530796197364985532e-03 3.862640796776780705e-04
1.394167684562875762e-03 3.925989838502336746e-04
1.564611491423589145e-03 4.259304154664232916e-04
1.665696219570459401e-03 4.354375199367598232e-04
1.519816569052643337e-03 4.189135373309475644e-04
1.831389959136945321e-03 4.598047169715393937e-04
1.577883117758614034e-03 3.984164664027591484e-04
1.372886347032369449e-03 4.332636873970232834e-04
1.481993743536921078e-03 3.946967517718587845e-04
1.424051197611432822e-03 4.074199910052439685e-04
1.680719957801909406e-03 4.050033308025876590e-04
1.507278076437212596e-03 4.277708018017737442e-04
1.494996661220712253e-03 4.054133106051571842e-04
1.465658642992214919e-03 3.953079602242933767e-04
1.361002743202426295e-03 3.907113922282894731e-04
1.491806671423127201e-03 4.042082736900351296e-04
1.479192237288268512e-03 3.963031033381790818e-04
1.563801069056352730e-03 4.821451661232776902e-04
1.509516761118539531e-03 4.246562289546452085e-04
1.434322767365492140e-03 4.494483409929750373e-04
1.423386421075937148e-03 3.604058556527099297e-04
1.392237399666360282e-03 4.219599517694151421e-04
1.460649576336115613e-03 4.561064436467777484e-04
1.377877855830082592e-03 3.699214564027879563e-04
1.266141697627548536e-03 4.338854986324243695e-04
1.541431826985141182e-03 4.596549291816308760e-04
1.630149954702460758e-03 4.507573793728949499e-04
1.559841773579707415e-03 4.639575060214598447e-04
1.513679212052371085e-03 4.544471512884075502e-04
1.448627996831114038e-03 4.167217568760799278e-04
1.357195943058697165e-03 3.992451630596513426e-04
1.639631034263943797e-03 4.003186201422623963e-04
1.465943596079279836e-03 4.052994683075498809e-04
1.518088331101176977e-03 4.466133524105592319e-04
1.495936051040751063e-03 4.066940706438686094e-04
1.530339523073943886e-03 3.566203043493345096e-04
1.393959677976825892e-03 4.203014508562093947e-04
1.482374344553011184e-03 4.018492684463059500e-04
1.414973346180695363e-03 4.262813529195957625e-04
1.755200188724126116e-03 4.368290177078584693e-04
1.558944434368720504e-03 4.278082062849494164e-04
1.423382258685645767e-03 4.307440474094001307e-04
1.519103960385052030e-03 4.346990137552662740e-04
1.526553350428269890e-03 4.394934960814331497e-04
1.479237371547217472e-03 4.497773134363653499e-04
1.479940911119862618e-03 4.143413835401995281e-04
1.519255050101012486e-03 4.323336729966525157e-04
1.473600010286924347e-03 4.327062463315825059e-04
1.573124841867245801e-03 4.305416805572819666e-04
1.383865554509045850e-03 4.147251875626618649e-04
1.572519753625306561e-03 4.161060651442969292e-04
1.645919456411236307e-03 4.005970658262087824e-04
1.543159914561444915e-03 4.287659907215969428e-04
1.557202464019592867e-03 3.754108587027388646e-04
1.529294353337513164e-03 4.182043861461146863e-04
1.457580953203193880e-03 4.534509682224207401e-04
1.293471167829547599e-03 4.367449294539231465e-04
1.395731769729555150e-03 3.859769523778157222e-04
1.378216748542765348e-03 4.164513690460043419e-04
1.575662537518052013e-03 4.170292100593581673e-04
1.383668389051483961e-03 4.450203167646294105e-04
1.356537547379651045e-03 4.313310543571161060e-04
1.472645450583736195e-03 4.424467579364731716e-04
1.540086781399212018e-03 4.518515196258816782e-04
1.494871215437784846e-03 4.331481984236461194e-04
1.507821175215855831e-03 4.069895709795403032e-04
1.508695626813366403e-03 4.528280376040940010e-04
1.636628226154790422e-03 4.711072542089167351e-04
1.486044985719902137e-03 4.072900303930414214e-04
1.373155185224920506e-03 4.006003294913422844e-04
1.577473954294521686e-03 4.654713303671055959e-04
1.530086674365614295e-03 3.993029925461464885e-04
1.457856642059941234e-03 4.193601688689628363e-04
1.506154052142381992e-03 4.553086020003318797e-04
1.213403577970275640e-03 3.826971222688897679e-04
1.531890141470554183e-03 4.013259823031689382e-04
1.487422450228194750e-03 3.901933295144497391e-04
1.819542839711118295e-03 4.605315463635585886e-04
1.605538693703021129e-03 4.435857391739745541e-04
1.513332012726919824e-03 4.597791628648626046e-04
1.707007885801855012e-03 4.048198105502321862e-04
1.400695253030926702e-03 4.470180529521802738e-04
1.388836436811328708e-03 4.417680863179822108e-04
1.587435847278246799e-03 4.295466566113448283e-04
1.562812863220170486e-03 4.334006930594041553e-04
1.343862650097816863e-03 3.965934950952643080e-04
1.402660438274510885e-03 3.953001007607930602e-04
1.808057722371597502e-03 4.000577061973924426e-04
1.837672831711530856e-03 4.573384287746959831e-04
1.541813176915519945e-03 4.658449075610204024e-04
1.879795543371409793e-03 4.609365700439908039e-04
1.603106745661104452e-03 4.255815716388337789e-04
1.690402156498895360e-03 4.167495118770019979e-04
1.498987071790533173e-03 3.947769495720198675e-04
1.723502766614040931e-03 4.122076205644956159e-04
1.249973313687871394e-03 4.076354185571078601e-04
1.279793076589302164e-03 3.835887699389899791e-04
1.431032049031444970e-03 4.664328137687097755e-04
1.348620047657447243e-03 4.177093319908630181e-04
1.601821091967698231e-03 4.055698853406138559e-04
1.399053043984447957e-03 4.043277673234764121e-04
1.288365288693185976e-03 4.324071320231637184e-04
1.498965565700844998e-03 4.769839796956889914e-04
1.286408922080523433e-03 4.159233412330079504e-04
1.387494628845875296e-03 4.469877004478040690e-04
1.736531533060830428e-03 4.023968298333501620e-04
1.389991214429485379e-03 4.345942009209513785e-04
1.311687667492063107e-03 4.219288220582899460e-04
1.588075711836002893e-03 4.355195805194166515e-04
1.408216219056187364e-03 4.216502486966139515e-04
1.541906175493971357e-03 4.249513368771248465e-04
1.272744683910348625e-03 4.603726974207649272e-04
1.635403422469734226e-03 4.703134112600196185e-04
1.750371383447181474e-03 4.039593536745703832e-04
1.297160846403340971e-03 4.103606595286870564e-04
1.238562416447471903e-03 4.031140899459495497e-04
1.595342289619191721e-03 4.290776209473000737e-04
1.562026091724064971e-03 4.290617475173222426e-04
1.509586219651951836e-03 4.294716885396649623e-04
1.509187246503849392e-03 4.342585390992309969e-04
1.486880298621233529e-03 4.287825628962165653e-04
1.318346894158759809e-03 4.141891289692502926e-04
1.373555952417470673e-03 4.021696789202874119e-04
1.510984805329337226e-03 4.590960642731649528e-04
1.576153712887480227e-03 4.148310723276379106e-04
1.541234555329129086e-03 4.187841726009137121e-04
1.469566193087369285e-03 4.533822271002745162e-04
1.347011289145113189e-03 4.490748149284452448e-04
1.454828384597754709e-03 4.188005112468470370e-04
1.904129973786453014e-03 4.494495010022049315e-04
1.577459902681706966e-03 4.513810053383253158e-04
1.464298535745095584e-03 3.914564528111143292e-04
1.412256894378632974e-03 4.513771571018108204e-04
1.663059207347299855e-03 4.464733582744155800e-04
1.424650204262243583e-03 4.404705449621909769e-04
1.682608525063260599e-03 3.913923997854330122e-04
1.728858401173815089e-03 4.664157437916587154e-04
1.565755465203324051e-03 4.081550249042744955e-04
1.432205703833968951e-03 4.483691915445550138e-04
1.557854864495823678e-03 4.385919005040392316e-04
1.578837566459512145e-03 4.045097286228638658e-04
1.596458143229932073e-03 4.124423824423137722e-04
1.372530074983155162e-03 4.343186924844669020e-04
1.238191866961927410e-03 3.960514000169312204e-04
1.613569359157150445e-03 4.659323408167304796e-04
1.403276968299203582e-03 4.680127815252988670e-04
1.632802431827607348e-03 3.872045477095983662e-04
1.638045983707991015e-03 4.425636595608195729e-04
1.657384469038609845e-03 4.086311876718550103e-04
1.269571309026771557e-03 3.914567339922990562e-04
1.910112536544116696e-03 4.396081978326476397e-04
1.413318788020415844e-03 4.301729022069524172e-04
1.494254408466952518e-03 4.163801968266087712e-04
1.479155826866867954e-03 4.279883462599057536e-04
1.465609725639936039e-03 4.441698155657407103e-04
1.484378455177308995e-03 4.332191827976416480e-04
1.457482406533108787e-03 4.089639356069835240e-04
1.458810642823615573e-03 3.877209353194399351e-04
1.515608485252864252e-03 4.509703407638359046e-04
1.636824026785559712e-03 4.116661773977100050e-04
1.471686640509931379e-03 4.637832659876603924e-04
1.599145434883114929e-03 4.045029844577087094e-04
1.437854341573637992e-03 4.259436696585697777e-04
1.709111708876875739e-03 4.096700260906208741e-04
1.349939526341486108e-03 4.466719076486815217e-04
1.497265778540000924e-03 3.821518896594349964e-04
1.467712991198403443e-03 4.437978398597590564e-04
1.497366537434689825e-03 4.278159734428240791e-04
1.454389757520832896e-03 4.112167911794813602e-04
1.524365463421945965e-03 4.003786409617059194e-04
1.326694282998816445e-03 4.236011608224553543e-04
1.692601211828995492e-03 4.306639320337347161e-04
1.187207571393012135e-03 4.091909297333238345e-04
1.540048620505982341e-03 4.279202586072548419e-04
1.567228974356178143e-03 4.058932983279872034e-04
1.708105756650884436e-03 4.153123858432228614e-04
1.482211383517687648e-03 4.129608057750374902e-04
1.679741800429012137e-03 4.308223702352298738e-04
1.548242372865892696e-03 4.320047351861970694e-04
1.702128523261981071e-03 4.579440773206324864e-04
1.778009714602154460e-03 4.025973895992355578e-04
1.465496204806933074e-03 4.503082934432550591e-04
1.428172539793202446e-03 4.539458121276810005e-04
1.753038414452113636e-03 4.453461659519918417e-04
1.577919062448800364e-03 4.588575053593016212e-04
1.737517672063842132e-03 4.672340450121516319e-04
1.422760367225721747e-03 4.065443541264536953e-04
1.598804121511894841e-03 4.182688454574630052e-04
1.327637091098329836e-03 3.925182791788914423e-04
1.289002418903242853e-03 4.779891452415740375e-04
1.588230734071714809e-03 3.874034835288663915e-04
1.536577250080279310e-03 4.117971994936476632e-04
1.329271259748034855e-03 3.850581983695481355e-04
1.379352057497063890e-03 4.027366687725099197e-04
1.439873350209088659e-03 4.602793040911390041e-04
1.306493340239879390e-03 4.675414840511264128e-04
1.383258784277140467e-03 4.408207466642534542e-04
1.401275211604951229e-03 4.389601544196322582e-04
1.454967363187123107e-03 4.349000398213376879e-04
1.531434856809311788e-03 4.610621439741778333e-04
1.783904102919707914e-03 4.443706530522231681e-04
1.483532541736875925e-03 4.177123483180678444e-04
1.515730897072973052e-03 4.340180074340798722e-04
1.547390960639877808e-03 4.389166892886163887e-04
1.499588424998143932e-03 4.200024023055046055e-04
1.232522282569077296e-03 4.049744147344747384e-04
1.748970955282812354e-03 4.234965231521166645e-04
1.560627216992371748e-03 4.374310972808572590e-04
1.487475984089162194e-03 4.210903508508551996e-04
1.771356837915089499e-03 4.618031627052077018e-04
1.566082044232344674e-03 4.447155369421393377e-04
1.283211922011694237e-03 4.087411140524821484e-04
1.364240083947877583e-03 4.471221915997333589e-04
1.541457618546813362e-03 4.026868455856421150e-04
1.597600433209614900e-03 4.068740592394264012e-04
1.821025545002385223e-03 4.265077262116312093e-04
1.473066630584333970e-03 4.330210892931372966e-04
1.486281128674484366e-03 4.081779857201504880e-04
1.712420841727636681e-03 4.166415477375988051e-04
1.566941495202386122e-03 4.094033202967028670e-04
1.533339336007113725e-03 3.941885571879172388e-04
1.943016640302166207e-03 4.035368269648186381e-04
1.643467098544372550e-03 4.255992869805912842e-04
1.263362055936223397e-03 3.877329976884306842e-04
1.747084181530012903e-03 4.140232196692351300e-04
1.288884986201372209e-03 4.165889176904566285e-04
1.579463048183177634e-03 4.050131621947515191e-04
1.687106008049400405e-03 4.182175715502687804e-04
1.355975724723989953e-03 4.259420139062059484e-04
1.712301887278733616e-03 4.742378639608817517e-04
1.474470911238150769e-03 4.017870368701711081e-04
1.403452578755378386e-03 4.450175398674645604e-04
1.589762484673000508e-03 4.436413082174202175e-04
1.640073395599553254e-03 4.547365971759576280e-04
1.430000889203516222e-03 4.342767325151643439e-04
1.565121765034211375e-03 3.929186347992212939e-04
1.886550994365500172e-03 4.370717908693224274e-04
1.333377454262846479e-03 4.280446945955119500e-04
1.329209233371744271e-03 4.552338849396254136e-04
1.707237198264498690e-03 4.840586261037767811e-04
1.236638331341585652e-03 4.038145884205988738e-04
1.562094212945280966e-03 4.415465125285152515e-04
1.414842828371710342e-03 4.286985225059163356e-04
1.444169623961753714e-03 4.095666401176256688e-04
1.542674219496371988e-03 3.820139074414747758e-04
1.475850174920291698e-03 4.441088363964169937e-04
1.565275331591302679e-03 4.217673080163198904e-04
1.413968929389678754e-03 4.126507924453742685e-04
1.440650923978450309e-03 4.817536265924441297e-04
1.302024166776834680e-03 4.592778824069101420e-04
1.460657356003381910e-03 3.998318324188103283e-04
1.568781849703823573e-03 4.284758893893861873e-04
1.748469542250512612e-03 4.417437046073156110e-04
1.419324240280249276e-03 4.435653988616903524e-04
1.651566269496646281e-03 4.027418467429748068e-04
1.774308107782064572e-03 4.190875551443227175e-04
1.703967762571713916e-03 4.282436610548709171e-04
1.234279058575228887e-03 3.666977056969725679e-04
1.464976772751694660e-03 3.844894210405460809e-04
1.550487012990710636e-03 4.575829212468148876e-04
1.263433983452780587e-03 3.989723432024488156e-04
1.453903149232761661e-03 4.005297805996878616e-04
1.350866319366400775e-03 4.534298760094349523e-04
1.401683756155484720e-03 3.890269141828529517e-04
1.375316825103219814e-03 4.704455660109394519e-04
1.686594739347854234e-03 4.084227200254515614e-04
1.532084920075075119e-03 4.269620333377468113e-04
1.338911417459495061e-03 4.272323868191803568e-04
1.334046289774505796e-03 4.052978668099303035e-04
1.468078053323867939e-03 4.586974096184498256e-04
1.558860139702913320e-03 4.725633003233219924e-04
1.582299127437863766e-03 4.226621528705124453e-04
1.185664978918272517e-03 3.947049721022527057e-04
1.554076394896645270e-03 4.485334468605043658e-04
1.542336914376223229e-03 3.887160568883253728e-04
1.544676113765013721e-03 4.321943837448379922e-04
1.421585508062800764e-03 3.948110743614243108e-04
1.358867827172768362e-03 4.208969451958158520e-04
1.561594258501305781e-03 3.883476145421801517e-04
1.280760677799940451e-03 3.864059246973615804e-04
1.311355149490830681e-03 4.140798426432857997e-04
1.379423847453266697e-03 4.499717884691995635e-04
1.494633432944884573e-03 4.273725058148741167e-04
1.579927691235290428e-03 4.292281775614556960e-04
1.727479699036801614e-03 4.325719276194475932e-04
1.429183187037267287e-03 4.508253277120172122e-04
1.422008554722344227e-03 4.141925850448625662e-04
1.375991962077036546e-03 4.436240149403845889e-04
1.528705129737132056e-03 4.341488933569263354e-04
1.781289111651398333e-03 4.312203534084173393e-04
1.749652249937097039e-03 3.968064889648310087e-04
1.422738859419055667e-03 3.978495326061916586e-04
1.800188981552954893e-03 4.168814411653412599e-04
1.527825373416989620e-03 3.965785525345532909e-04
1.516516753413404235e-03 3.765802287441670027e-04
1.554376585829657029e-03 4.647622732190156828e-04
1.664905012547758349e-03 4.398391494221919333e-04
1.588411232897173628e-03 4.194538986626814578e-04
1.397400101656621520e-03 3.934057887038493466e-04
1.328711495309517574e-03 4.415333775232044592e-04
1.541163099171633487e-03 3.906476645221551732e-04
1.309830947703888564e-03 4.261408975713783156e-04
1.267481180555320251e-03 3.742690900335179580e-04
1.512698283227724297e-03 4.046266436640241510e-04
1.468745371403088222e-03 3.953411508980933455e-04
1.371694646044991283e-03 4.833986458988531829e-04
1.559441973110500118e-03 4.355735154210126992e-04
1.451504954978114761e-03 4.282343071219025014e-04
1.430801266436543609e-03 4.380966608270997617e-04
1.364837153188737775e-03 4.227011213200620597e-04
1.806292109403676580e-03 4.079938138607507058e-04
1.512956846091832643e-03 4.471096173502726325e-04
1.716503167139922644e-03 4.440312008376977142e-04
1.331429948190623533e-03 3.876356909499566986e-04
1.627137529582489044e-03 3.933768132293773622e-04
1.325125401527858619e-03 4.011243478901709253e-04
1.399561398799756577e-03 3.857310876693614051e-04
1.613159821279174302e-03 4.155055554473837667e-04
1.402874766347919720e-03 4.144463894300458372e-04
1.749582850586420702e-03 4.338382994993963417e-04
1.556299623046173818e-03 4.725026254715481138e-04
1.653746711059124550e-03 4.128756396833008972e-04
1.766209069646407920e-03 4.304950764360647572e-04
1.758561463764509933e-03 4.667108489942458456e-04
1.562946495979944351e-03 3.750209925559837981e-04
1.210492141128852173e-03 3.723459186572870686e-04
1.471173854360278369e-03 4.045718713917650054e-04
1.564674642032853587e-03 4.408683397294486960e-04
1.351385415272324643e-03 3.901707032435037538e-04
1.411805054236813092e-03 4.572334230311391758e-04
1.569523042527349015e-03 4.478283316094913268e-04
1.350563526957373724e-03 4.639547599372525945e-04
1.334724010217406371e-03 4.030326001662355565e-04
1.495629064912634785e-03 4.237088886963851072e-04
1.742110951455781622e-03 4.309107976516135486e-04
1.439005036033974777e-03 4.234538838875104511e-04
1.661324795023477871e-03 4.812516570332677759e-04
1.456424856586031056e-03 4.388088387465859694e-04
1.806747294891945972e-03 4.627933804230826014e-04
1.271089389082243623e-03 3.924189224286945264e-04
1.372305299632417932e-03 4.556499832111117303e-04
1.423610097025315149e-03 3.829231057698661385e-04
1.423115260383782648e-03 4.410334497871177249e-04
1.279673544660057559e-03 4.130896283131272771e-04
1.504084411951897874e-03 4.420674158628238128e-04
1.666020749341374802e-03 4.004272632375153562e-04
1.614547438016527810e-03 4.303201872692106501e-04
1.686863661600206945e-03 4.087907949900703233e-04
1.526833665671404727e-03 3.654869156423962043e-04
1.732526051537356922e-03 4.426544160646008028e-04
1.303848952747026051e-03 4.391380173464433964e-04
1.514444882617391056e-03 4.099917949493766828e-04
1.406369439871406855e-03 4.781228759438229965e-04
1.319818912990337141e-03 4.759727565239887611e-04
1.275026351396488147e-03 4.299483509582039970e-04
1.651727497480809121e-03 4.119514383867505934e-04
1.556314300814853977e-03 4.543268472644984286e-04
1.578434479248198505e-03 4.446031135970242147e-04
1.488580500118138290e-03 3.923779175760580096e-04
1.825455759149683570e-03 4.604180329674904273e-04
1.446285285245721419e-03 3.715611600019544641e-04
1.515906534509152458e-03 4.135832831341262525e-04
1.488717878775012689e-03 3.989883420001997215e-04
1.603933123234357059e-03 4.315559284975082873e-04
1.623686078681287450e-03 3.797021536623403299e-04
1.734175490765898749e-03 4.131862487835634228e-04
1.679882966059257059e-03 4.334327850965903660e-04
1.638406173200719846e-03 4.583886736945758230e-04
1.685521022745252451e-03 4.222868213623368300e-04
1.520608886475448502e-03 4.962630692269921285e-04
1.585090380191227612e-03 4.324077984164729593e-04
1.506997630614007131e-03 4.464590573949144122e-04
1.548555682751287001e-03 3.886585841967754324e-04
1.279830209456155792e-03 4.449436316334718700e-04
1.593130748135469267e-03 4.103556763128678479e-04
1.422941516249378799e-03 4.162913112599348213e-04
1.547162605133228395e-03 4.694795932876338874e-04
1.356150301191771154e-03 4.486802436195625864e-04
1.417230126403890185e-03 4.226949108866488117e-04
1.394542895278649743e-03 4.353697769566380904e-04
1.186222175605779064e-03 4.124746446318866295e-04
1.551176601624998765e-03 4.351442829254367067e-04
1.635937158585529759e-03 4.428823116802322072e-04
1.350275386962802035e-03 4.022467099443269431e-04
1.393178657285698433e-03 4.301936451597437091e-04
1.465760059104276140e-03 4.107749359189164580e-04
1.647660308860092026e-03 4.288391517740697441e-04
1.834116580266376183e-03 4.332711287639402038e-04
1.343775006261861650e-03 3.996118490215488863e-04
1.559817955144537482e-03 4.656460620076589970e-04
1.537532074088876835e-03 3.894185443043390047e-04
1.393682269615674875e-03 4.125276785479666105e-04
1.438614721668950462e-03 4.160032698840378284e-04
1.272939972294589951e-03 4.143391953764726551e-04
1.349894058027858047e-03 4.200457290410910269e-04
1.547951101397943528e-03 4.390194961040724472e-04
1.478794059142700358e-03 4.336382006422770147e-04
1.254841529120340237e-03 4.696922525478501608e-04
1.424355148944092715e-03 3.456937473230904537e-04
1.253172178341357187e-03 4.345534842485756035e-04
1.356477417805603729e-03 4.048907441254772548e-04
1.344056264922252261e-03 4.276225985869711748e-04
1.263866518851340139e-03 4.330260545622628405e-04
1.138511815173366996e-03 4.208257312639966186e-04
1.422775287621358192e-03 4.033443701417960443e-04
1.371488561354420547e-03 4.397851399113629229e-04
1.333237151180451541e-03 3.913310671762114498e-04
1.489878476160659115e-03 4.278658129517581409e-04
1.868206401282779001e-03 4.236153820011747946e-04
1.407113257613507550e-03 3.778626063992887151e-04
1.371568886444570401e-03 4.607779506009730425e-04
1.509442259978570084e-03 4.553363386823130760e-04
1.572043909153507000e-03 4.031249144618490564e-04
1.377336758422991348e-03 4.048352228220361950e-04
1.501456878653408249e-03 3.890135342746226551e-04
1.271484746006006344e-03 4.332762433910547777e-04
1.341165127786478296e-03 4.175318655812938263e-04
1.569930377942577605e-03 3.867427669084041097e-04
1.541910278240559351e-03 4.455520188098582315e-04
1.323686702207111168e-03 4.365992728561076341e-04
1.645879992707254772e-03 4.630887225701972609e-04
1.499008121271161974e-03 4.305310017921705262e-04
1.445089107816453777e-03 4.731752596008364825e-04
1.537505425506411998e-03 4.315345006678071994e-04
1.566359052987630150e-03 4.446474240460167250e-04
1.703643181631222994e-03 4.545238438295054278e-04
1.161540108014471034e-03 4.311705010911255501e-04
1.618944380893020448e-03 4.566140187954025606e-04
1.503144159922769783e-03 3.939819151243768923e-04
1.641602394414929571e-03 4.289868831823146779e-04
1.460849205158294391e-03 4.687712914140506476e-04
1.667267989377931850e-03 4.019510113885104699e-04
1.762786037648553890e-03 4.557123061841888870e-04
1.260000120892062472e-03 4.070462206219541287e-04
1.517165130096174291e-03 4.392709915974969985e-04
1.685167507388459808e-03 4.096182377898289454e-04
1.489024132675615536e-03 3.760710169091679793e-04
1.318132305861447785e-03 3.554996364754049384e-04
1.709053407852803488e-03 4.370522767941462539e-04
1.331733093214150466e-03 4.389817318280121077e-04
1.680965604706797850e-03 4.368214751611417131e-04
1.488321851710659597e-03 4.274698592825197413e-04
1.544032972585670507e-03 4.424396932695103045e-04
1.435903617034391122e-03 3.973147556414896044e-04
1.487144430913955049e-03 3.722557947683086664e-04
1.461795854340119374e-03 4.364531837669252375e-04
1.521096322723669613e-03 4.351542860621194554e-04
1.426380387194892780e-03 4.266046150128608664e-04
1.760170366071827069e-03 3.647581964554556019e-04
1.324069505369427930e-03 4.180034730784338648e-04
1.565016962123059845e-03 5.037504722805552330e-04
1.291281697836480901e-03 4.482690943007315576e-04
1.684966231690098078e-03 4.048142664984262225e-04
1.333200666428199614e-03 4.364243131988948055e-04
1.623322914151049739e-03 3.950766338685502148e-04
1.510118484327721989e-03 3.806786171696545915e-04
1.321460479343069139e-03 3.945239960041723977e-04
1.438647625111244381e-03 4.863034386918009804e-04
1.581111316062929579e-03 4.426036364039889867e-04
1.503449786385249471e-03 4.349203063804958332e-04
1.526041703742562388e-03 3.942452892661546938e-04
1.471320356940720823e-03 4.549197242099470295e-04
1.594113363892435799e-03 4.431748254507691075e-04
1.406236249918767266e-03 4.172296928335151949e-04
1.560781203120832454e-03 4.603397204193826085e-04
1.315918482220345374e-03 4.531944312987585058e-04
1.357045895112260004e-03 4.168006300871260231e-04
1.280761331702378074e-03 4.390938883799846396e-04
1.567810361193348444e-03 4.192634191383290388e-04
1.401968647431306014e-03 3.962469621958233977e-04
1.647564739492386396e-03 4.239751621035115956e-04
1.427218510522995252e-03 4.170784801292749680e-04
1.439706201417806711e-03 3.995158587024948246e-04
1.376834693729021017e-03 4.718871876462960610e-04
1.498217758938975288e-03 4.127365341491785831e-04
1.233597152205387739e-03 3.925571677045153435e-04
1.276852052863174537e-03 3.914983847928250969e-04
1.625256680432537407e-03 4.709305008322491460e-04
1.338225205507445007e-03 3.461333145428345287e-04
1.302732788989931570e-03 4.140185889796124154e-04
1.263680891107705519e-03 5.134009353828629732e-04
1.619260726457916362e-03 4.730925670747691846e-04
1.630605170376102581e-03 4.394134224687262780e-04
1.418331398078870537e-03 4.311268715219327926e-04
1.583297628977980596e-03 4.136463518783582011e-04
1.286930909363327843e-03 3.729567580835762446e-04
1.803645886602586257e-03 4.155103845521240964e-04
1.424243702252360379e-03 4.620463827548456953e-04
1.398108939539996921e-03 4.217996512123455412e-04
1.560252396316871067e-03 4.319152242335877532e-04
1.545859997771972154e-03 4.146586962378442194e-04
1.399332726651507505e-03 4.450929963312462521e-04
1.522145574643139201e-03 3.992113122425257907e-04
1.904477347876098710e-03 4.505460505699188231e-04
1.534499821019130001e-03 4.112981613720054848e-04
1.625313495407077966e-03 4.227141831601015929e-04
1.393914889078161140e-03 4.300940339796783976e-04
1.799158343995998490e-03 4.252884963770371413e-04
1.548347300924575671e-03 4.809707539906254124e-04
1.466908581980107392e-03 3.833968672935968982e-04
1.549885257293713873e-03 4.252633440108413493e-04
1.660150027981537870e-03 4.341984944310954097e-04
1.769175422001070374e-03 4.964121861687069729e-04
1.600751508147374956e-03 3.932469870289835925e-04
1.484106279236794938e-03 4.292072506207495483e-04
1.531671484811107349e-03 4.663633405677139162e-04
1.478675038162191547e-03 3.907387951155506692e-04
1.456764153092066517e-03 4.556441333906544283e-04
1.396488413751319430e-03 4.695989572501216161e-04
1.311175502753674123e-03 4.233999233427188829e-04
1.403181789730975149e-03 4.356239546771663675e-04
1.537125742868855919e-03 4.569689931616093014e-04
1.556439610720132408e-03 4.710847907267368866e-04
1.250625311472154276e-03 4.266914737534364759e-04
1.622678513106482010e-03 4.354203833563130587e-04
1.532413099834340278e-03 4.377666046063446678e-04
1.274100917319208890e-03 3.980293286520064817e-04
1.602490010423453367e-03 4.330630542531063178e-04
1.178183129463330862e-03 4.241295084744861805e-04
1.580239223675011882e-03 4.121738996613691646e-04
1.568461050129517885e-03 4.208523215734905347e-04
1.356017776565759123e-03 4.381706622634169994e-04
1.476669393915591884e-03 3.819126113628799023e-04
1.520566368883920693e-03 4.491731353277831902e-04
1.706643051391563189e-03 4.646574309394495370e-04
1.405216339977645792e-03 4.178452988508360813e-04
1.463081269516843495e-03 4.075647094116077620e-04
1.617446769575743440e-03 4.302830472892412621e-04
1.657145615860985315e-03 4.345499562425167591e-04
1.580398575017920651e-03 4.207371005003173446e-04
1.390563846537264808e-03 3.962334266485123763e-04
1.313312065702577349e-03 4.210647335617823009e-04
1.408100347438328995e-03 3.728938032562879911e-04
1.638484579979930782e-03 4.496658103634375118e-04
1.874183269927934574e-03 3.657705354650229242e-04
1.969901195510958582e-03 4.544909139344542603e-04
