1.673389148230991670e-03 4.178043872950587350e-04
1.524439053660473897e-03 4.294337124180816739e-04
1.473677489517886789e-03 4.822511381798177954e-04
1.437220184121631257e-03 4.579472452225768890e-04
1.606033000911637285e-03 4.719229163907624259e-04
1.370993321479292443e-03 4.171646967008298731e-04
1.496735230541695232e-03 4.655933761130501411e-04
1.383344253105038340e-03 4.152145113091042271e-04
1.511166932922405112e-03 4.047089453769741208e-04
1.609130320700636685e-03 4.249393150952320702e-04
1.600880682002425075e-03 4.335627528439210134e-04
1.506740383764916666e-03 4.267187818453074388e-04
1.339189035925185097e-03 4.246850196250085449e-04
1.602871221720524389e-03 3.973033846795165401e-04
1.487321133961041261e-03 4.291486167961186472e-04
1.533995794824189124e-03 4.370342190375523547e-04
1.467865288268883862e-03 4.459278077125126386e-04
1.534178932065837029e-03 4.357863164065167824e-04
1.676165257891604416e-03 4.528396469106871474e-04
1.511892854358964141e-03 4.625322044080423952e-04
1.359430218795852109e-03 4.382539915608488299e-04
1.697941897067181292e-03 5.024223710686948497e-04
1.312246369020286319e-03 4.340037877659747110e-04
1.292525335169417275e-03 4.518988312865605860e-04
1.240954530871458831e-03 4.055828507401121807e-04
1.496001888914301817e-03 4.383192941348851789e-04
1.301127025114466509e-03 4.316774581070842703e-04
1.381100007473741150e-03 4.404180427847394393e-04
1.275747386790822280e-03 4.080216978228337534e-04
1.401205997194584054e-03 4.677669211974392867e-04
1.632618714221223356e-03 4.306536702384078223e-04
1.538697485337230152e-03 4.432860748691629907e-04
1.447439290068864562e-03 4.462977588382761374e-04
1.403520781682635835e-03 4.457417824122257609e-04
1.408037606144091304e-03 3.955267877364413375e-04
1.288494572098716111e-03 4.905331211068387782e-04
1.401883537424759895e-03 4.835388674731939626e-04
1.486050206102026332e-03 4.598266362323232123e-04
1.396528196614836787e-03 4.553591123727651884e-04
1.508222781836667924e-03 4.387305195699199340e-04
1.513800909372216242e-03 4.187547533701535562e-04
1.707804768445363164e-03 4.808111928886564784e-04
1.715150482008441762e-03 4.757089822927864243e-04
1.352577705125781321e-03 3.898197768596023795e-04
1.418276961344151418e-03 4.238643214101532456e-04
1.671394967357550925e-03 4.418737978151248530e-04
1.631985732104447888e-03 4.491570090818805343e-04
1.420378343025602850e-03 4.540714067680371238e-04
1.618368774560517091e-03 4.656979527387052000e-04
1.584252907563323074e-03 4.678284961675944716e-04
1.200501803700200661e-03 4.179770333073243326e-04
1.597441197525207137e-03 4.701540172855782134e-04
1.504792252324465814e-03 4.023614104506221720e-04
1.330476342632187304e-03 3.917424883636818960e-04
1.494265958815472160e-03 4.138536497401296426e-04
1.327602522260320486e-03 4.327928797375238086e-04
1.312402166777489445e-03 4.375134790334734756e-04
1.607916140843742951e-03 4.696313078336156167e-04
1.531694594733161484e-03 4.774227233309178645e-04
1.732266821248988186e-03 4.949273457824011251e-04
1.439137670622438929e-03 4.406820104868248078e-04
1.728898817405004991e-03 4.795227681437160276e-04
1.477536041490178044e-03 4.526152086740637759e-04
1.446236521938354131e-03 4.184340936945527391e-04
1.433930021566716872e-03 4.099070038282194703e-04
1.383170514167351246e-03 3.985399416736378842e-04
1.384568792320714547e-03 4.386175031579596655e-04
1.373556350762755382e-03 4.201380714446667736e-04
1.782510436527326826e-03 4.607776071500558680e-04
1.370495849737834353e-03 4.631316643556966303e-04
1.617470532150952186e-03 4.364697034073826724e-04
1.445082021077452377e-03 4.902099587493414417e-04
1.348261566962426347e-03 4.111993139495753800e-04
1.325590260787520456e-03 4.882545112478171162e-04
1.364245243277945573e-03 4.570193912046906269e-04
1.397596386194923344e-03 4.006551944670206982e-04
1.394210535363056081e-03 4.008365881477372276e-04
1.576431407129696809e-03 4.333637725452864006e-04
1.541242609103329365e-03 4.468835262021198245e-04
1.341274179083151242e-03 4.696803006284764204e-04
1.659625328035643213e-03 4.920312179713999144e-04
1.328637328154310500e-03 3.949006145775776889e-04
1.324851441177429595e-03 4.275201609228791071e-04
1.421378245212541946e-03 3.913453081001617853e-04
1.401956373329473230e-03 5.018282282487938417e-04
1.335792410709345799e-03 4.451937683189652307e-04
1.529456584218277706e-03 4.388566200216688275e-04
1.554986829501841085e-03 4.254401752841018144e-04
1.523245179406159744e-03 4.456222688997706787e-04
1.474313218253260182e-03 4.406193936231656959e-04
1.513857297852275359e-03 4.496239781843445202e-04
1.552940456255866471e-03 4.571354999402179198e-04
1.584724489883860936e-03 4.149207495848656322e-04
1.459499226890332863e-03 4.627451839980448569e-04
1.293393954510283633e-03 4.148033746448409132e-04
1.302934159926137604e-03 4.639772107186403648e-04
1.276982452823495571e-03 3.962552501577409642e-04
1.400965687458235413e-03 4.142398516804674186e-04
1.299137760322952940e-03 4.925977902123728587e-04
1.361703839312228574e-03 4.090353886512436508e-04
1.635193747449026130e-03 4.712867075406499437e-04
1.677241290879799736e-03 4.875985727152670323e-04
1.503391924292673404e-03 4.160877238074534696e-04
1.602826029737719352e-03 4.253870073158578244e-04
1.422041315206643095e-03 4.498773392467381800e-04
1.224845356440805270e-03 4.150610577476949070e-04
1.409506940750967618e-03 4.324747099724409382e-04
1.374444606302853682e-03 4.758559936226827930e-04
1.423700956432920675e-03 4.333038591888402542e-04
1.405843892503404451e-03 4.289723283626118528e-04
1.508115060451943558e-03 4.964640770712183942e-04
1.602773979238331743e-03 4.318361765271754222e-04
1.418829295976693165e-03 4.254243863224681406e-04
1.378364989681362448e-03 4.148846778994080700e-04
1.382227705007354557e-03 4.526278828967773230e-04
1.347988675518263122e-03 4.153396746675845782e-04
1.177421320087159145e-03 4.105502631970890464e-04
1.385741272422772070e-03 4.345997671974937706e-04
1.336811042120313779e-03 3.930211607203335975e-04
1.574346565303038009e-03 5.066190646883678714e-04
1.442132575333295377e-03 5.242171265634566540e-04
1.239609535111368651e-03 4.097504289079860170e-04
1.289998079861556270e-03 4.341958793418262551e-04
1.619798988808710460e-03 4.858326911398194270e-04
1.549262893194913900e-03 4.557144632896413181e-04
1.550252352613998991e-03 4.620139177376620114e-04
1.321199515553488470e-03 5.038484762986026547e-04
1.319047808455600483e-03 4.154377631750114683e-04
1.329712176939699259e-03 4.474847514499122780e-04
1.394900179438032925e-03 4.469141084780951833e-04
1.604207886118560545e-03 4.797314825716784232e-04
1.406152360200716833e-03 4.396490568053637625e-04
1.502210733867193710e-03 4.746134086873265794e-04
1.449074748460186255e-03 4.683003832070659588e-04
1.431460704750700356e-03 4.572324470218147629e-04
1.435082516594500535e-03 5.069049958734508400e-04
1.406873283956763809e-03 4.554421296013796169e-04
1.713439596061273884e-03 4.431617357462682935e-04
1.699808406612098510e-03 4.612841533460787925e-04
1.529397208408499274e-03 4.033656943860273406e-04
1.482386435195322521e-03 4.661571476499750126e-04
1.560754046426675572e-03 4.562064837747639712e-04
1.704608170595090823e-03 4.606930870668323429e-04
1.559048854397694249e-03 4.368003336031619599e-04
1.548431928118405116e-03 4.278315026399542257e-04
1.594086261095880577e-03 4.560813620531305309e-04
1.492124533749701392e-03 4.574338848787688739e-04
1.398607810120388586e-03 4.737183389667972647e-04
1.418270108401214775e-03 4.282353591682218114e-04
1.615220907341800545e-03 4.737870576616540251e-04
1.461308048576093373e-03 4.437879221486344824e-04
1.578374952327448030e-03 4.654609504910934984e-04
1.511662562883026853e-03 4.480926169221620967e-04
1.351361402648626172e-03 3.879825096388039634e-04
1.665947437467877115e-03 4.438226845912793023e-04
1.526668898873789542e-03 4.471012175295321347e-04
1.187181903789501615e-03 3.974749866130808753e-04
1.592588153253161063e-03 4.446293399957210180e-04
1.295286915993765523e-03 4.221350399579457753e-04
1.599038240277482264e-03 4.710316621110978387e-04
1.683282360213236763e-03 4.105383684130181968e-04
1.335003444904004234e-03 4.495839796916081474e-04
1.334710124293756947e-03 3.939124927783667829e-04
1.469439457376884315e-03 4.553570221389424645e-04
1.630376324014156005e-03 4.473349263530620448e-04
1.583078678012717283e-03 4.341976623404339539e-04
1.631122845382155379e-03 4.732796142224145273e-04
1.316869223987743309e-03 4.925779483512654749e-04
1.486365894392069429e-03 4.269399050000766008e-04
1.483479614786943580e-03 4.597634584620751298e-04
1.513111170633631283e-03 4.126852143958518581e-04
1.285171838380822548e-03 4.559371007163672755e-04
1.510312588572540514e-03 4.497503681477455872e-04
1.452146678018595774e-03 4.444217483905802128e-04
1.516974782512356054e-03 4.786351201472162191e-04
1.201635019807683431e-03 3.987266909143438753e-04
1.509595340536222779e-03 4.094226503335282922e-04
1.265659142106884127e-03 4.204404353607811779e-04
1.488113773121879993e-03 4.293678623134607598e-04
1.342925329972958701e-03 4.102206772103853026e-04
1.458388428896036223e-03 4.666370544244859662e-04
1.670226062627291289e-03 4.682072601923448815e-04
1.493418877761365157e-03 4.939438820101636329e-04
1.709094953555320403e-03 4.727438608115266299e-04
1.286508673476408331e-03 4.454920125854282742e-04
1.595934103242569466e-03 4.626522679840092524e-04
1.566397713199184144e-03 4.569212749623507378e-04
1.558772413488472997e-03 4.243789496270358014e-04
1.536186438728795196e-03 3.931429060039853471e-04
1.640821043691867171e-03 4.768959736756443637e-04
1.379717617324422189e-03 4.214767558562028242e-04
1.492347812601152587e-03 3.983664747602751882e-04
1.406362458501322606e-03 4.176748309209692774e-04
1.393790772377845278e-03 4.155548205448890875e-04
1.364363760240783034e-03 4.457501776439465563e-04
1.358360753640823005e-03 4.254786208933219126e-04
1.431958001002982522e-03 4.348828637674903553e-04
1.408399300773863563e-03 4.366079635622548225e-04
1.501961436624742879e-03 4.457700772642453043e-04
1.484476705342899737e-03 4.497885671065701024e-04
1.473330477744533296e-03 4.557892606744449299e-04
1.681487517006829881e-03 4.636433086568634882e-04
1.421643271800302746e-03 4.248872476163075983e-04
1.281098201053464721e-03 4.110762656823743950e-04
1.361549022162004095e-03 4.354741933530045447e-04
1.576958392901915262e-03 4.370025639607462951e-04
1.489034912742887755e-03 4.321721694337195860e-04
1.470363534963866313e-03 4.149520045548611073e-04
1.503652563210543811e-03 4.480854530731554126e-04
1.473829673675693640e-03 4.464698490110213282e-04
1.454239941304362547e-03 4.510462349844317383e-04
1.292523927224167087e-03 4.367174538440717936e-04
1.546508408513049600e-03 4.863935243379585802e-04
1.341295205671012283e-03 4.257716403931652814e-04
1.563379673227944036e-03 4.529742962803073392e-04
1.444738006822756000e-03 4.593189402125726290e-04
1.531737942538689270e-03 4.242794031862558201e-04
1.608310071016799594e-03 4.333287263716105605e-04
1.349193778161779421e-03 4.549560258302341232e-04
1.290810126800266775e-03 3.932499272248435383e-04
1.317696419516022760e-03 4.224097152226580633e-04
1.360506212052243862e-03 4.527114634566866661e-04
1.170196853177333553e-03 4.473322428631273332e-04
1.438670755826311010e-03 4.355074652324567963e-04
1.339089205506028332e-03 4.594230515473525771e-04
1.422101635772674141e-03 4.650974731482259848e-04
1.563248602426021115e-03 4.432609016422646561e-04
1.231311625281537392e-03 4.795986411150609131e-04
1.640517251164143710e-03 4.916674198743413438e-04
1.541737880877418806e-03 4.202984292806595697e-04
1.664190817965673129e-03 4.859577455484634292e-04
1.473834565332873868e-03 4.572728987275211099e-04
1.292325623634867906e-03 4.522037565519716577e-04
1.309868150908578442e-03 4.243789612393307487e-04
1.279379408764314257e-03 4.223656508784103718e-04
1.610469496973026540e-03 4.275623320944969591e-04
1.449292338557444477e-03 4.174258754641471084e-04
1.455560181868205665e-03 4.671532322356463404e-04
1.383258551064623677e-03 4.215080073976665352e-04
1.605386209597856962e-03 5.172194573893202892e-04
1.271987664405899035e-03 4.587044362161556903e-04
1.649746451272609453e-03 4.839262359869703363e-04
1.485823961521909667e-03 3.996234662986382575e-04
1.458194493805811892e-03 4.720786432949465703e-04
1.481446287536882086e-03 4.767093815539750123e-04
1.575181433772898177e-03 4.221192591607505194e-04
1.417896827587625686e-03 4.672507035276833760e-04
1.250690676893065952e-03 4.452949636933244636e-04
1.533338299149820342e-03 3.983849333176234350e-04
1.347947461649252193e-03 4.054889962952091653e-04
1.510726424918407747e-03 4.177533869729222219e-04
1.598902789713230492e-03 4.631039597860121967e-04
1.344547181846547342e-03 4.120227721969269593e-04
1.545395973780196641e-03 4.830805000282661779e-04
1.382770419940542806e-03 4.842177534896481192e-04
1.535871586299705684e-03 4.028243311531054028e-04
1.536595085076241166e-03 4.116043909238454711e-04
1.524672138708591841e-03 4.806842463805472516e-04
1.442687411306382622e-03 4.339744734769119226e-04
1.565590052937487894e-03 4.927772149008877904e-04
1.417112980579760938e-03 4.381447376262693756e-04
1.502326098112629141e-03 4.679089608197769916e-04
1.470390562482653358e-03 4.487079278034962070e-04
1.398786864212038039e-03 4.166288935386900836e-04
1.471162728977735198e-03 4.516077147354931494e-04
1.607775421286323407e-03 4.718145841076568071e-04
1.438803539426530137e-03 4.102081674756897969e-04
1.588474302871144489e-03 4.624182101135482811e-04
1.252763885408810559e-03 4.303105687828359801e-04
1.683582054652566634e-03 4.010181344103426124e-04
1.490088799218882787e-03 4.308902343860073099e-04
1.535050500266338380e-03 4.920394534939708875e-04
1.506986862946918873e-03 4.088863063126967393e-04
1.587826536210963733e-03 4.956408877197704052e-04
1.536964777910312593e-03 4.475114330771024916e-04
1.522447422809634649e-03 4.438240174036143008e-04
1.193975233131224726e-03 3.966354213544157135e-04
1.356149273019887583e-03 3.982180590621826497e-04
1.570934177661633194e-03 4.386532218011937882e-04
1.427202211496004982e-03 4.059608617645763342e-04
1.490538632631460692e-03 4.142537301982657911e-04
1.323983821873213730e-03 4.442327339549879029e-04
1.333134494514796658e-03 4.409343721704254765e-04
1.224002079475047279e-03 4.357091540050840204e-04
1.323229768589775793e-03 4.150340198709315037e-04
1.620698899411445121e-03 4.735918897869559070e-04
1.254804573542778363e-03 4.185164044688622275e-04
1.632890016311159794e-03 4.180560024594890301e-04
1.422622758082145791e-03 3.816195361061893690e-04
1.332539285016632680e-03 4.500542598137488278e-04
1.502189140803980799e-03 4.589605573306406870e-04
1.701554051911400613e-03 4.606597569531288485e-04
1.368115573418832425e-03 4.416030023241790912e-04
1.389053227310100549e-03 4.559474214289845409e-04
1.413826009173642069e-03 4.198589332172239876e-04
1.370363216788535784e-03 4.534297444572959784e-04
1.404602761269934698e-03 4.291834927552165405e-04
1.485717277137973275e-03 4.766479966432384972e-04
1.634860165194653228e-03 4.586099186862427606e-04
1.449574270774498007e-03 4.566933123764604593e-04
1.522894295000996401e-03 4.634068621649891154e-04
1.459724348227297392e-03 4.214063669648666259e-04
1.299335520053913114e-03 4.275444566891204107e-04
1.613491407056817390e-03 4.782335866436399703e-04
1.415489024524623244e-03 4.354804298412296381e-04
1.603480719363901789e-03 4.172911044229032397e-04
1.510625400231655792e-03 4.411298625049967425e-04
1.336241498274743462e-03 4.375690827581325522e-04
1.515642615775972517e-03 4.382346458278154537e-04
1.356624892111908069e-03 4.238698330375067634e-04
1.654292452066387278e-03 4.424077439128761458e-04
1.641607667392908738e-03 4.834780339084293632e-04
1.405903685879625461e-03 4.009766199138606866e-04
1.517840106536908320e-03 4.502419174076285847e-04
1.590075510157117544e-03 4.531861510751222007e-04
1.438538231150342413e-03 4.510994509865410792e-04
1.761449487874868760e-03 4.622547743471697146e-04
1.563968842712313559e-03 4.188742998261189170e-04
1.318490248726448362e-03 4.176398431047576433e-04
1.561200357220806972e-03 4.638887664422576703e-04
1.594397619408145870e-03 4.480402664626151289e-04
1.737512722311111615e-03 4.559985967565646217e-04
1.451559312201726763e-03 4.739784481782642026e-04
1.398232831101470534e-03 4.239372968614150516e-04
1.446482982809885144e-03 4.658903383855203962e-04
1.365707560790050757e-03 4.221712604878436370e-04
1.242594658554449331e-03 4.909256373971928808e-04
1.436287617457506849e-03 4.529433237180212780e-04
1.709028959597942363e-03 4.574614364918276437e-04
1.665300191480136634e-03 4.423157021884502717e-04
1.268869574852300904e-03 4.208635625001446064e-04
1.458094566141824233e-03 4.263047651271416197e-04
1.486866913247381679e-03 4.711316508538369299e-04
1.478354521239480480e-03 4.126873038278227788e-04
1.301285713948253063e-03 4.530098202069031410e-04
1.455804442546711078e-03 4.088217297854600035e-04
1.490212669354297123e-03 4.476792693454622555e-04
1.475122251164949234e-03 4.194739982652873414e-04
1.432471365668609590e-03 4.554075680953874761e-04
1.686502841231468696e-03 4.242591748657088455e-04
1.407782349145704319e-03 4.016735522357363212e-04
1.324713255351063794e-03 4.508402225383003822e-04
1.514685899577509912e-03 4.391572474640856511e-04
1.535675624745217599e-03 4.547448844100063117e-04
1.360713035203329124e-03 4.463980175492701197e-04
1.370656152337058594e-03 4.142042262978632545e-04
1.486057395796611461e-03 4.146217465427336647e-04
1.384033029062268876e-03 4.372052056670259167e-04
1.612346335439376324e-03 4.535931677759213218e-04
1.506911994247120282e-03 4.040666225402611122e-04
1.532724551566530796e-03 4.431561548419282303e-04
1.657406214010286863e-03 4.956508653129620577e-04
1.363444552780069012e-03 4.110589820544389701e-04
1.521759138173135392e-03 4.522055959738931858e-04
1.379903179338230279e-03 4.529090924671675864e-04
1.431368480315976148e-03 4.210665621496201987e-04
1.566193406472323260e-03 4.269926640200742305e-04
1.386300332626773163e-03 4.307995862316434631e-04
1.680552840082579109e-03 4.929709682003956348e-04
1.311392824868674433e-03 4.342579472788302055e-04
1.374463200309069275e-03 4.338278016238567231e-04
1.570356346765641340e-03 4.293868103540126506e-04
1.374280973694354171e-03 5.080121699228637173e-04
1.428771641961701800e-03 4.568959259241394126e-04
1.521837167170049781e-03 4.412055101239016315e-04
1.469175686535804416e-03 5.236249359002736071e-04
1.318351708703783317e-03 4.927726480179874056e-04
1.359886296200981748e-03 4.250020190980092062e-04
1.344032997454517198e-03 4.448793209492312426e-04
1.666623761936916227e-03 4.778072114742636795e-04
1.327889866911633908e-03 4.267785364433373954e-04
1.658421714158615909e-03 4.589040431956205790e-04
1.653611858127890287e-03 4.695670157342912558e-04
1.717370323708527179e-03 4.079001638226316699e-04
1.524502364456373563e-03 5.037450673535335535e-04
1.475614176825621512e-03 4.357319575200774070e-04
1.600140733020747079e-03 4.719194139156102888e-04
1.479421221077609639e-03 4.321164771673722052e-04
1.450352853168750296e-03 4.563836909529658879e-04
1.488959840742103743e-03 4.581723099444063663e-04
1.479125076828776168e-03 4.333506772973548548e-04
1.243581921086064305e-03 3.678685751040680824e-04
1.807482669118051777e-03 4.392008594253781362e-04
1.525416805731614599e-03 4.442144817075449593e-04
1.635217186116717097e-03 4.274976227988019407e-04
1.422094996935777903e-03 4.367406310709755560e-04
1.598096272911089365e-03 4.439864882514274079e-04
1.376200762037005712e-03 4.678793185885352568e-04
1.539996452795050009e-03 4.331697057948042328e-04
1.288966415638037339e-03 4.135796382191127231e-04
1.667874123612651978e-03 4.488470066375753573e-04
1.493587721492846149e-03 3.922280146719450277e-04
1.441860189061060530e-03 4.545937736934784141e-04
1.482734574711868682e-03 3.991404113739998368e-04
1.551550021932719160e-03 4.366064366677661554e-04
1.212429557538588108e-03 3.813238908499320522e-04
1.458569369890713816e-03 4.649818887095604771e-04
1.641339547426800627e-03 4.679254827010224395e-04
1.115909394132060970e-03 3.710357293042712990e-04
1.444794198431861984e-03 4.497744487199754090e-04
1.564497423660244453e-03 4.932914691504095787e-04
1.451388580161234879e-03 4.511885195728146673e-04
1.505174979919069464e-03 4.443502645904077292e-04
1.540848188443849328e-03 4.491301120072627357e-04
1.589637604350344156e-03 4.781821950211119000e-04
1.408819803259538919e-03 4.674650133140946431e-04
1.457147718595254481e-03 4.751012389736157613e-04
1.318546044606221795e-03 4.085304422274000377e-04
1.284578477660089195e-03 3.970071002532235853e-04
1.409682389136523127e-03 4.875907899429860089e-04
1.718699180608797197e-03 4.280332754000423161e-04
1.494301623390905482e-03 4.512041888243296787e-04
1.452090694190658147e-03 4.387278937713403335e-04
1.606620117417342569e-03 4.883103955342875521e-04
1.488486602603946579e-03 4.488883116339811418e-04
1.461055293969448559e-03 4.423158518699358481e-04
1.844292884721655942e-03 4.730305310882457984e-04
1.434740992415280050e-03 4.075126528368653613e-04
1.607844652656483311e-03 4.525085861721157951e-04
1.511925116874433643e-03 4.352339410804872857e-04
1.268141841197370631e-03 4.218099204432452631e-04
1.572288504550854249e-03 4.832433040131518462e-04
1.643938888066171552e-03 4.612841531156435470e-04
1.519572587378047960e-03 4.583750928262850309e-04
1.487758849056739028e-03 4.478835479983811507e-04
1.378579150732951080e-03 4.669472719869705978e-04
1.583433901769968569e-03 4.625665114289462601e-04
1.427069348918445996e-03 4.063261934274685805e-04
1.269456425606585535e-03 4.287715583372982619e-04
1.389584230024733550e-03 4.380097599546617544e-04
1.540318488632368447e-03 4.618284884070877330e-04
1.393784103552720994e-03 4.728536121157366455e-04
1.535103743968222866e-03 4.394704461020321781e-04
1.514176466978412643e-03 4.545690542715521412e-04
1.388525852241028662e-03 4.836949839678667202e-04
1.308175614202482240e-03 4.320276781451329600e-04
1.449446298649110934e-03 4.232979344130575051e-04
1.238790947043827721e-03 4.447901705273557744e-04
1.377064643239194006e-03 4.487189253011402562e-04
1.394448799097532240e-03 4.181170487123429922e-04
1.597712157109600550e-03 4.344942448190321845e-04
1.559415392150078229e-03 4.449876532400106818e-04
1.473070634643958848e-03 4.161194698765140047e-04
1.466837951412437897e-03 4.377633860651609899e-04
1.358302169973562602e-03 4.321289542176117663e-04
1.256373239161247095e-03 3.997327046054273089e-04
1.342910209055728785e-03 4.354418069168474749e-04
1.406897605571555410e-03 4.204987770424791329e-04
1.486520945890484500e-03 4.421392384655685568e-04
1.364109299881961562e-03 4.109190980164685180e-04
1.343314410286251771e-03 4.524915746042484205e-04
1.580610753130785905e-03 4.237045380507542948e-04
1.494700580158548871e-03 4.352124036569405348e-04
1.284096883829585669e-03 4.130179029812445796e-04
1.595453690941217150e-03 4.299470180021574585e-04
1.196139451619890066e-03 4.055854449972344554e-04
1.681354552474348960e-03 5.108064482641308263e-04
1.438077365276477530e-03 4.197999499749209356e-04
1.418778100604371067e-03 4.390028191031772353e-04
1.231290522212631329e-03 4.099095050947229590e-04
1.511561440752306638e-03 4.204606809105654493e-04
1.344895138112620981e-03 4.998584995993856760e-04
1.409627833026999479e-03 4.569003260259362756e-04
1.385114972785112886e-03 4.318081874915167748e-04
1.540183614857405098e-03 4.149017218140060447e-04
1.617142040311340219e-03 4.665868481873987968e-04
1.577575570376065720e-03 4.301664509286793258e-04
1.358263750929361406e-03 4.634172939939967210e-04
1.474689600154411792e-03 4.699936043278970621e-04
1.640040497083508414e-03 4.321484982081772244e-04
1.513980121357635152e-03 4.524301247329350572e-04
1.637330379861956335e-03 4.704375631953606638e-04
1.667828336031944997e-03 4.284516303573614637e-04
1.520189949597179017e-03 4.725115102575398371e-04
1.416239471329881717e-03 4.446075057663761748e-04
1.435547046925177844e-03 4.640217267012873158e-04
1.461554354986009880e-03 4.724344337868885001e-04
1.491087784120888327e-03 4.835262376940420393e-04
1.432628199450423218e-03 4.222722474415204104e-04
1.297136676867100729e-03 4.521644309453206234e-04
1.191902089694935832e-03 4.561932264981410174e-04
1.429009209109826425e-03 4.433828184436673083e-04
1.543434716007014741e-03 4.503471400303828273e-04
1.297677460074286079e-03 4.254194410814263346e-04
1.283178658826956151e-03 4.125212778797908496e-04
1.583884253745469328e-03 3.808886803578662530e-04
1.492148112098725483e-03 4.481429258506184005e-04
1.355721981349107715e-03 4.464058254351292981e-04
1.485130280626243901e-03 4.351423779129411367e-04
1.471065826015805801e-03 4.476855993360454944e-04
1.538381762604047092e-03 4.355959135928346229e-04
1.405170599080259432e-03 4.249982422318386989e-04
1.520774338195986534e-03 4.229136926605698188e-04
1.332143569897048865e-03 3.855569257152987477e-04
1.424732056742047861e-03 4.105931776868631112e-04
1.404927571364277764e-03 4.636132991171209726e-04
1.416480070228722053e-03 4.141613032744447497e-04
1.475710751239663662e-03 4.279881397267041340e-04
1.348340002738984559e-03 4.259817782765756454e-04
1.280039740879629091e-03 4.230926063553433979e-04
1.600897826781922870e-03 4.113114870205089157e-04
1.381873823224691149e-03 4.611610039729011350e-04
1.451408774283225595e-03 4.400805976209628905e-04
1.402055923077269494e-03 4.719679925276863979e-04
1.262577875391285472e-03 4.726781331797838548e-04
1.517306416140731633e-03 4.225503643538296573e-04
1.427874240327562739e-03 4.270329780559416698e-04
1.532015097208168667e-03 4.259336365390760902e-04
1.496029084719291110e-03 4.242158490335729156e-04
1.649299048487251444e-03 4.637716757669055161e-04
1.372948021250592135e-03 4.052696947279769003e-04
1.432336415537627510e-03 4.412526714015583694e-04
1.441873769103915303e-03 4.516834379865428996e-04
1.430985175414515014e-03 4.829262320301041188e-04
1.382228436628059982e-03 4.908151513329305849e-04
1.285255835365766049e-03 4.148296400997080694e-04
1.342069127419908596e-03 3.704854455370089664e-04
1.837149071616356885e-03 4.417964576187138068e-04
1.356083996448283159e-03 4.385752530596279618e-04
1.436995777790287844e-03 4.461997484058731239e-04
1.395768744091845787e-03 4.661332302575233659e-04
1.426378202898519231e-03 4.323959835764906766e-04
1.478870413423194301e-03 4.031513382791831785e-04
1.424327266262894734e-03 4.392931962924537508e-04
1.333971752741426901e-03 4.590918367560052095e-04
1.468613053722302554e-03 4.350753861757171545e-04
1.521654364302543099e-03 4.551670097536929444e-04
1.501055270154326047e-03 4.825528541879398059e-04
1.364944078051490931e-03 4.477186864491927883e-04
1.515805939706015536e-03 4.468142685688190072e-04
1.533551529031186448e-03 4.679529584534623159e-04
1.542823445587358051e-03 3.996540743178448934e-04
1.580362970148075459e-03 4.545141541574614736e-04
1.403614025300103452e-03 4.315372413687562658e-04
1.402524526733441414e-03 4.516872274334273298e-04
1.531116657945509824e-03 4.848897428117836120e-04
1.404612904461840671e-03 4.383712192465154820e-04
1.563008729802540077e-03 4.937866477798944680e-04
1.310646756380610869e-03 4.557341983950154336e-04
1.505663342733196608e-03 4.535173317401866057e-04
1.543164096358487459e-03 5.111677736795151817e-04
1.490544064905769458e-03 4.256189331683414307e-04
1.623695609364116544e-03 4.623611571812988471e-04
1.582105174792851517e-03 4.157246568912221010e-04
1.516607934678071163e-03 4.807420188097801081e-04
1.679616137798567790e-03 4.658302263763301472e-04
1.561106925978958263e-03 4.567590402223620574e-04
1.335151379044258136e-03 4.041806134728456257e-04
1.601218535784620402e-03 4.062290921766266590e-04
1.180688594311034029e-03 4.258790438778791332e-04
1.423599603646064559e-03 4.815962329961102407e-04
1.263804289384914785e-03 4.415345152074053210e-04
1.523969770907034407e-03 4.430858328139978489e-04
1.511555428766771800e-03 4.541398075647548106e-04
1.653495937500520626e-03 5.074178809035233273e-04
1.374001276639956297e-03 4.626354660351836745e-04
1.438556281492898124e-03 4.332387126699719878e-04
1.205400013034042947e-03 4.479695369280629305e-04
1.480414237080311755e-03 4.428080403512571592e-04
1.581677860784008825e-03 4.629415142169516508e-04
1.787133701629082302e-03 4.635147467311709780e-04
1.488872181505289990e-03 4.798514320375841451e-04
1.481949820594209970e-03 3.987769639922926664e-04
1.296354095959232093e-03 4.567169179802705432e-04
1.522904314245626970e-03 4.379678703079780181e-04
1.483733460876585043e-03 4.570006794245562703e-04
1.477943254031637531e-03 4.322917686304774743e-04
1.577970639263620925e-03 4.751402002001003477e-04
1.675247478220561826e-03 4.394683429171480612e-04
1.504725829324263719e-03 5.081209175882193084e-04
1.581577546820904772e-03 5.060203994116340125e-04
1.612602120599720404e-03 4.309157714121955455e-04
1.273483015011528646e-03 4.323067286530317692e-04
1.312118696267088828e-03 4.358557793522000378e-04
1.424186788503573010e-03 3.931379829242724112e-04
1.404694758716792903e-03 4.492146356540804505e-04
1.540989506108527687e-03 4.033359529778219807e-04
1.490435584404834878e-03 4.552218299981608150e-04
1.374973105377597961e-03 4.626460549941349394e-04
1.593318772063116165e-03 4.118161667436877750e-04
1.506325302315126040e-03 4.300892088086661941e-04
1.285558003463141028e-03 4.254450823448071781e-04
1.649834089489419543e-03 4.771668159099460020e-04
1.522244119183927772e-03 4.172373400094382375e-04
1.447690485095071925e-03 4.337208679389650172e-04
1.328384292663092707e-03 4.769910424052110302e-04
1.582720747738628744e-03 4.440303725615876349e-04
1.445648625298621591e-03 4.180994191216338930e-04
1.458724955471448490e-03 4.443875507857616438e-04
1.216957732240600901e-03 4.310434392926419623e-04
1.470339363522948049e-03 4.452114336018757486e-04
1.431413168234544220e-03 4.539413408734358380e-04
1.428867796706115908e-03 4.332116785061417572e-04
1.408399935799204902e-03 4.422671108896182742e-04
1.396098673375293156e-03 4.590779276843230867e-04
1.566503558008426047e-03 5.083913520074268607e-04
1.394304736975413928e-03 4.147730366979333286e-04
1.354154486952990509e-03 4.548369960194277627e-04
1.594139815475142767e-03 4.205222179922246369e-04
1.268120720680820544e-03 4.157285296202136533e-04
1.389682227369406445e-03 4.397687471618380909e-04
1.498939815013489120e-03 4.404902616722682508e-04
1.382985688040731364e-03 4.569252645962362043e-04
1.299392735873577910e-03 4.176244904374103130e-04
1.436686237989695178e-03 4.566155222695593104e-04
1.321017432334743594e-03 4.213528108966938684e-04
1.287601227768166504e-03 4.461090445088743226e-04
1.425630099421342466e-03 4.325513314678852976e-04
1.401132731596320445e-03 3.891485675411464253e-04
1.314205269643746281e-03 4.338484387973212566e-04
1.317693611474168164e-03 4.086952153716909026e-04
1.563184881711072874e-03 4.267068294869796495e-04
1.491028129475917546e-03 4.658026624849349352e-04
1.388671082057215799e-03 4.607554982510586594e-04
1.800706084364553329e-03 4.402842320110384616e-04
1.313618339638993049e-03 4.590887868697624019e-04
1.452606902279330843e-03 4.537341584998185384e-04
1.337109481210237193e-03 4.340954075449115113e-04
1.477529817474620977e-03 4.353982353762968303e-04
1.291604120222595567e-03 4.013815081341498537e-04
1.493464081401596087e-03 4.401592064637061289e-04
1.398504004576912266e-03 4.606700131520969168e-04
1.356124209612323593e-03 4.141101664734471465e-04
1.408265403241356229e-03 4.688020509756514768e-04
1.225249870875238329e-03 4.630937999604970204e-04
1.388959645348161786e-03 4.303033505267352858e-04
1.517021923275011907e-03 4.724414087153370047e-04
1.461833742939473886e-03 4.904617939314380405e-04
1.562915825186171788e-03 4.370734225538978586e-04
1.310552147469007910e-03 4.003011301529911829e-04
1.475870401767286760e-03 4.950211836179140620e-04
1.531099600908200978e-03 4.110769662878126967e-04
1.370907557639558429e-03 4.481168160056959874e-04
1.776241797678449353e-03 4.845826125955764825e-04
1.539187766403022229e-03 4.630055604546267213e-04
1.262823465476440535e-03 4.097304468030511771e-04
1.536260545542547781e-03 4.603297336774922303e-04
1.597054931264747487e-03 4.704075875132606409e-04
1.516863530774292812e-03 4.153405162479183741e-04
1.422086545015548457e-03 4.830752634286765153e-04
1.521615200014318292e-03 4.522532822578223207e-04
1.243898521816991102e-03 4.268063475858640144e-04
1.509451220100889533e-03 5.045755812008364269e-04
1.482729133083472749e-03 4.985642537627798382e-04
1.416760017103669807e-03 4.438726886460843792e-04
1.510150506845340471e-03 4.533396851527652835e-04
1.700215084781684424e-03 4.334814480629033411e-04
1.500090336496012408e-03 4.558686139350366043e-04
1.505571093921884412e-03 4.563151294944313430e-04
1.368379243687089250e-03 4.722122439582177879e-04
1.356005677213615668e-03 4.000740283031701291e-04
1.255148937511698466e-03 4.722826956326383815e-04
1.369378751363634810e-03 4.798038030745643682e-04
1.667579854364066669e-03 4.483996261034418115e-04
1.436187915963020503e-03 4.895614606015131045e-04
1.202314767817944758e-03 4.022954903667811397e-04
1.304556833981471891e-03 4.191775680086978718e-04
1.571172233013855843e-03 4.644999761996011886e-04
1.524499601816337339e-03 4.456125322654560096e-04
1.532349285571164062e-03 4.982602122807509642e-04
1.619416595357075312e-03 4.270506699371199926e-04
1.655441191674025944e-03 4.094239416549761757e-04
1.552171915898049653e-03 4.301683049533171340e-04
1.404010433934050608e-03 4.631131875324411506e-04
1.452693971178833443e-03 4.507454049207030417e-04
1.402536205492138947e-03 4.362025568907173059e-04
1.427809750820178102e-03 4.990837769671317920e-04
1.288993926345713241e-03 4.362946460103171741e-04
1.264877110088787450e-03 4.343939567168394176e-04
1.516319204930973146e-03 4.345715252116234568e-04
1.396559184644203047e-03 4.128743023538567185e-04
1.537716748397187491e-03 4.144627532504920270e-04
1.252916260441314100e-03 4.296285876681676420e-04
1.634011638444518057e-03 4.469280978558494823e-04
1.474834388862127782e-03 4.538486247781453663e-04
1.615937751954851483e-03 4.539952942515093409e-04
1.543750152352866417e-03 4.735971426517561565e-04
1.490940933168946689e-03 4.724553344593796682e-04
1.307745336493487936e-03 3.964529872342179777e-04
1.652876020673990903e-03 4.651905543192022302e-04
1.412202828539545988e-03 4.653547185496133818e-04
1.335885061402069824e-03 4.466921010279388884e-04
1.421234139850651628e-03 4.847978790633796788e-04
1.488942550739484443e-03 4.352510429920504551e-04
1.331223613222697532e-03 4.479522013008452926e-04
1.614190924008525882e-03 4.803261484436822546e-04
1.541549024510696772e-03 4.698646631673441859e-04
1.539791563535245367e-03 4.642123010042778519e-04
1.224209840135908516e-03 4.367430918966130567e-04
1.285242255886927558e-03 4.897200617745750594e-04
1.655263673589752252e-03 4.575830385484780079e-04
1.451138995872920624e-03 4.508243364770833975e-04
1.506724205517409381e-03 4.694739097798584734e-04
1.616851013538355862e-03 4.197901006211057036e-04
1.335098588688989540e-03 4.728448617435867954e-04
1.309179817076326462e-03 3.895741061712743622e-04
1.360422714693540047e-03 4.504328187631760324e-04
1.524731518816956717e-03 4.144083801200931783e-04
1.621424509456116398e-03 4.411905866912137816e-04
1.566212972384132618e-03 4.472346411233775530e-04
1.224020508429598478e-03 4.000790917237782201e-04
1.464066706444891713e-03 4.625534058577896379e-04
1.358044258623384301e-03 4.335746446231251625e-04
1.557937097149984362e-03 3.895089570758966690e-04
1.328527155607164010e-03 4.127655154250964254e-04
1.333263375630023726e-03 4.464114518854025429e-04
1.580286959298158678e-03 4.387975993214979133e-04
1.577018865667902288e-03 4.776309211060432111e-04
1.615223838565263718e-03 4.549373225979167889e-04
1.460407426089509316e-03 4.443284262641976237e-04
1.447719443210005895e-03 4.844268573448999755e-04
1.634180598796867393e-03 4.440659192225340801e-04
1.422987926412961224e-03 4.064427420702127554e-04
1.533886487834265535e-03 3.926837507766763502e-04
1.555817906204370795e-03 4.569128988297159162e-04
1.482066316493939762e-03 4.205782764155056755e-04
1.357751170342174751e-03 4.583995416354807290e-04
1.537977371435420232e-03 4.622281051865559376e-04
1.335642933889269251e-03 3.982105784902397307e-04
1.445198238507696201e-03 4.344178339735844572e-04
1.361553604522878960e-03 4.388841978587064234e-04
1.458380843460705149e-03 4.470344955984096040e-04
1.468280061936378745e-03 4.514869554720329480e-04
1.682779429632481416e-03 4.666191987271007331e-04
1.389002790503219816e-03 4.413434523965083494e-04
1.327648424454174131e-03 4.317759107875820913e-04
1.542223017289380332e-03 4.497878105212952033e-04
1.638240001988632141e-03 4.659030521861230322e-04
1.300725935659655845e-03 4.436446162555487439e-04
1.419968842622539853e-03 4.347277789774386925e-04
1.436337017529700985e-03 4.419685123041271744e-04
1.313047460729290569e-03 4.038483029278720229e-04
1.410297485131661432e-03 4.282178487553010100e-04
1.365767846325083084e-03 4.547416067070082974e-04
1.422154351947612673e-03 4.181083494887952601e-04
1.713809508499106703e-03 4.411872690835285196e-04
1.541380580346550727e-03 4.510933247434723600e-04
1.508022170885711536e-03 4.409045094801311983e-04
1.320474591078937398e-03 4.537266561994602199e-04
1.349882061413880440e-03 4.208189103305095906e-04
1.558868493760794333e-03 4.072906972623732040e-04
1.443884459895160462e-03 4.530921669933313180e-04
1.480887249648430576e-03 4.228873011662643904e-04
1.528249213240971075e-03 4.791889993549735237e-04
1.283089852311489676e-03 4.202779076099435692e-04
1.509041630242427285e-03 4.890961142270053037e-04
1.465179381891660486e-03 4.396398648114593390e-04
1.398570372360632367e-03 4.664146354880805713e-04
1.694181378465529648e-03 4.741318209676418272e-04
1.288917799659288106e-03 4.196361757077856475e-04
1.423596545941944276e-03 4.015554297084969753e-04
1.374286708232549600e-03 4.306464583135063105e-04
1.573827552884335835e-03 4.634448202780594287e-04
1.191286646312755869e-03 4.489959101431807579e-04
1.294222393133911313e-03 4.244741029513545696e-04
1.443836852315046656e-03 4.505964883675915860e-04
1.519063841038083111e-03 4.673709645493214827e-04
1.606853331915075820e-03 4.562350253907324700e-04
1.412995203635668447e-03 4.475984517918610360e-04
1.341462901743966036e-03 4.391253318178701178e-04
1.413976373662330843e-03 4.707340496332051484e-04
1.369648700415380645e-03 4.279940027715430409e-04
1.440287023296666843e-03 4.661516455421145988e-04
1.427646424550653177e-03 4.389563012721698124e-04
1.836029378185668635e-03 4.794006157142221723e-04
1.340648938341640123e-03 4.200327484431768798e-04
1.295112135951413711e-03 4.466965761689042067e-04
1.592390764081145094e-03 4.320412221999644074e-04
1.416224831110231633e-03 4.631210504571434952e-04
1.446366738169240721e-03 4.777705036135995276e-04
1.491386184323332349e-03 4.708429585408978758e-04
1.353775906802522815e-03 4.410352628084765274e-04
1.484752806399119562e-03 4.430360740003023100e-04
1.371164070472352800e-03 4.094988689102927858e-04
1.554060936240124176e-03 4.452883427028008260e-04
1.428693625313048714e-03 4.579947928858912540e-04
1.512700758469519898e-03 4.261986675475128465e-04
1.432225889776617698e-03 4.509223703510323701e-04
1.465624463559410482e-03 4.040646678991620692e-04
1.456535799077249586e-03 4.548843455928754608e-04
1.388587465035249829e-03 4.466338936847052770e-04
1.458211495670244488e-03 4.903032515528013601e-04
1.405985315686392612e-03 4.932494052085017013e-04
1.618498050400728411e-03 4.357134272522832021e-04
1.426767178862751225e-03 4.639524360585786287e-04
1.625323058131084063e-03 4.709310765448935870e-04
1.201446151798015892e-03 4.611597911652193238e-04
1.244610132591747421e-03 4.727460494364678486e-04
1.538497510677485540e-03 4.418357991938587294e-04
1.462507057842351178e-03 4.532209827105826688e-04
1.617368222833071110e-03 4.153145122206790274e-04
1.461241095460566811e-03 4.542913138979891492e-04
1.719062077273227681e-03 5.250935753264856934e-04
1.567760668458521899e-03 4.542762963111447684e-04
1.314996535004579184e-03 4.185910762294807940e-04
1.462591609893657777e-03 4.565754137949279813e-04
1.397076250377267664e-03 4.762955295190088876e-04
1.414102402011757848e-03 4.444630762811721644e-04
1.299795904547208477e-03 4.096030939056002841e-04
1.589356895841976224e-03 4.475979691743823944e-04
1.462424654477507491e-03 4.253008687092453641e-04
1.462666931488128871e-03 4.761460298340257032e-04
1.549916291015692371e-03 4.699170904702970868e-04
1.240562961681252602e-03 4.209679680016987732e-04
1.356378893386979726e-03 4.388846354716271505e-04
1.612041725612106463e-03 4.476032240468954333e-04
1.584360563082709951e-03 4.203696500751345376e-04
1.507223698043626400e-03 4.353640811757687312e-04
1.218055102083580744e-03 4.557434501780997576e-04
1.365508516457131271e-03 4.748428435348799720e-04
1.480725848184087428e-03 4.165317963475427998e-04
1.613671801437415679e-03 4.622075351434162490e-04
1.524531438850097080e-03 4.641320046063575800e-04
1.328521991601535083e-03 4.484034964829943068e-04
1.430811890614160911e-03 4.312462658700016169e-04
1.581583212788953462e-03 4.501785097248648271e-04
1.385443283203910718e-03 4.708839928455422282e-04
1.520337801204501692e-03 4.262899363322989648e-04
1.445729363671644863e-03 4.985451162139854613e-04
1.663984777867438076e-03 4.573885133744562599e-04
1.573979395833106400e-03 4.598521033498473038e-04
1.643455120714804735e-03 4.990777762987770030e-04
1.216942210544302632e-03 4.204375024650446827e-04
1.273696882290388478e-03 3.854343217181999690e-04
1.558350161032680259e-03 5.095805701348883393e-04
1.373731337495501378e-03 4.602328438859190781e-04
1.416127148531423803e-03 4.223317061941329214e-04
1.318941451946551054e-03 4.477768857879405994e-04
1.666321422156809198e-03 4.474783567128481844e-04
1.562717989751487941e-03 4.810643045230137533e-04
1.376993020595020231e-03 4.513817179472100313e-04
1.367190276180732045e-03 4.137960349016469685e-04
1.618386115335010726e-03 4.525813562431633009e-04
1.430687849705447861e-03 4.601106306792853372e-04
1.376303615620104968e-03 4.082548487814347156e-04
1.422576576737095196e-03 4.437616929899589643e-04
1.448510257571147646e-03 4.252898064597811982e-04
1.690072611110436706e-03 4.255955973572543398e-04
1.709949405798140637e-03 4.265468620311762909e-04
1.264517211551182329e-03 4.482037036685277342e-04
1.373600789345066952e-03 3.953666378786202811e-04
1.720921160586680494e-03 5.060404987631471297e-04
1.474664396491610690e-03 4.391072984066491584e-04
1.384359165989121473e-03 3.988754909816918048e-04
1.293979741134213468e-03 4.325766408484151872e-04
1.458605003983811516e-03 4.139580607333119577e-04
1.463831483458313170e-03 4.560329016064734948e-04
1.542097374172198953e-03 4.174348846261624721e-04
1.423482405065322866e-03 3.964847092024121906e-04
1.365320226989063992e-03 4.275804672908761284e-04
1.466330936863462740e-03 4.379604295116893320e-04
1.303289216175087173e-03 3.824984119451295341e-04
1.340395139296745230e-03 4.340341103597350481e-04
1.522423641779231283e-03 4.534584475270736752e-04
1.424297800273546582e-03 4.665385490871246294e-04
1.104230526137843461e-03 3.792284377322371306e-04
1.181196446139695308e-03 4.807441375698291350e-04
1.504374460206565293e-03 4.250830865871511139e-04
1.473752593930600062e-03 4.194440770405930799e-04
1.295886066097468210e-03 4.466602896275736426e-04
1.658774568847090972e-03 4.409385639566392400e-04
1.512855917078195517e-03 4.734414437758154210e-04
1.382565508748934569e-03 4.707999943600694797e-04
1.541078282769267616e-03 4.331281167807306655e-04
1.479615107154178856e-03 4.211380352915938580e-04
1.526421491581678820e-03 4.627914397448544027e-04
1.356984539572248741e-03 3.970851592999385666e-04
1.580058937871216523e-03 4.359198028270176999e-04
1.301881017655659228e-03 4.193024960187082353e-04
1.697851759546875052e-03 4.154114479096661415e-04
1.586916675697348832e-03 4.409241187421407220e-04
1.386997627675012933e-03 4.462335361246653142e-04
1.554057237292943506e-03 4.903507718469995828e-04
1.517678497543031900e-03 4.383282205421714750e-04
1.576415523169606226e-03 4.636063454179105078e-04
1.370005823738940434e-03 4.266349483717218199e-04
1.572159384277315754e-03 4.165146077486797682e-04
1.364123417582702429e-03 4.380479520289509016e-04
1.312227863203994406e-03 4.440439505713789656e-04
1.443834459412170158e-03 4.779832702293831622e-04
1.546041796337315486e-03 4.828419966294989472e-04
1.458016722218576523e-03 4.600189843294737505e-04
1.457275516527213209e-03 4.669102209698347832e-04
1.474104488400369362e-03 4.204450946096459948e-04
1.520350434252765648e-03 4.268212588168214072e-04
1.299116780127310090e-03 4.358557252779593472e-04
1.420965468842217815e-03 4.221607860906955584e-04
1.309571469813951674e-03 4.295553216331688589e-04
1.327455606218467090e-03 4.707720578528920715e-04
1.505540309012328836e-03 4.878006191386117835e-04
1.525430440317692392e-03 4.918495056135168070e-04
1.442485131087215596e-03 4.129231986027191671e-04
1.419136740244485162e-03 4.429569753507083397e-04
1.694685943340759485e-03 4.941273933917278514e-04
1.472692931309446500e-03 4.329118912484997681e-04
1.501310423735338108e-03 3.874560723814600362e-04
1.431729073296029260e-03 4.376375018800134574e-04
1.416711712383763059e-03 4.492451507291389404e-04
1.467952370916582186e-03 3.977404346845994556e-04
1.354405604991020971e-03 4.293048040366922416e-04
1.423696010739993432e-03 4.248355182402859518e-04
1.692827251952490819e-03 4.284659508441694578e-04
1.407616346905985480e-03 4.411049782537574022e-04
1.366966109142936500e-03 4.450246622290663159e-04
1.510049139242529903e-03 4.315359878072242360e-04
1.444168815601292897e-03 4.529724876503295672e-04
1.455462873597581893e-03 4.555048282966455407e-04
1.359597087421330307e-03 4.209918301295157545e-04
1.581205008592007338e-03 4.700963816963266519e-04
1.398144575670751122e-03 4.342980957258275009e-04
1.652174937550876738e-03 4.541056915507182237e-04
1.370422422947726801e-03 4.968000002640460960e-04
1.393929791972179158e-03 4.176631225344638876e-04
1.438224184247161464e-03 4.651266436389841293e-04
1.622166488542888191e-03 4.882943050598835067e-04
1.241565426894649217e-03 4.412192837490653326e-04
1.541777860804117908e-03 5.053289265870683413e-04
1.742596805986021315e-03 4.650106213393533083e-04
1.314349383221333385e-03 4.520226386196930465e-04
1.276788500312453630e-03 4.020440846636864365e-04
1.401262252185539719e-03 4.464897123913752746e-04
1.526878221891144090e-03 4.362987863072425188e-04
1.479125458152678310e-03 4.724712676435428231e-04
1.477338117056977524e-03 4.560158110000351846e-04
1.264297401423731225e-03 4.111657111601699352e-04
1.269887033178319609e-03 3.946603062062346498e-04
1.277934885734496265e-03 4.184289374761295888e-04
1.489103606074523335e-03 4.295540965454102442e-04
1.420488727570732744e-03 4.297362458006865065e-04
1.438812152787416433e-03 4.726697601826198658e-04
1.714406157612716414e-03 5.027626490440529001e-04
1.369149327682839257e-03 4.149545213887834236e-04
1.180885104965473820e-03 4.190251877373035749e-04
1.669739169295048845e-03 4.372539134731456183e-04
1.561984047895756574e-03 4.278821526778657188e-04
1.219650311312734346e-03 4.420164258692430188e-04
1.549859937064697324e-03 4.523283130745966800e-04
1.448181882130398015e-03 4.736355009417450904e-04
1.302593060852994845e-03 4.585312502315190227e-04
1.695760466958713816e-03 4.689668095232483709e-04
1.302073260634797544e-03 4.225208141198897888e-04
1.573391822114441349e-03 4.798575551176818398e-04
1.598314262985714137e-03 4.832974769951607001e-04
1.444603395852060365e-03 4.418335321340982158e-04
1.598093230359977270e-03 4.070813265840146611e-04
1.333532208552835278e-03 3.875318183066508342e-04
1.219154116239695024e-03 4.166965727768163021e-04
1.399166017764380326e-03 4.174036842116658416e-04
1.661067778487771438e-03 5.196421488235922941e-04
1.383790960208271378e-03 4.290053294155311381e-04
1.590985074713417366e-03 4.169075676628505346e-04
1.789070975857407712e-03 4.399492235307507384e-04
1.640114803907124922e-03 4.306392910601244831e-04
1.633703392354717530e-03 4.592029640591576171e-04
1.277297908203902863e-03 4.434191686940468680e-04
1.456487913583968041e-03 4.644510289908602247e-04
1.800345698409086927e-03 4.902896438067601628e-04
1.413733785640763083e-03 4.405619304272940335e-04
1.570045071296260510e-03 4.509541650442151577e-04
1.284824076862097148e-03 4.393940870652844675e-04
1.565414657396163763e-03 4.688600595865662925e-04
1.861700389072187649e-03 4.616794962681939609e-04
1.439545031459297164e-03 5.054403121156271928e-04
1.388853363056724013e-03 3.647050582636739949e-04
1.685253755809821251e-03 4.030047015017159209e-04
1.416473875313759099e-03 4.138410976543302846e-04
1.506786866673518518e-03 4.398474768782676607e-04
1.393186320133136397e-03 4.230257652458271509e-04
1.471112604229920769e-03 4.137444115170359031e-04
1.437389082164937902e-03 4.205395186941442696e-04
1.557855176978146464e-03 4.192890985229484700e-04
1.392078131005559634e-03 4.389464961869769311e-04
1.383702212414738685e-03 4.065367783084031716e-04
1.526858220576099347e-03 4.670603169734465583e-04
1.448497828091747496e-03 4.401182853037589470e-04
1.366892997114867430e-03 4.566387400083380690e-04
1.511347173182221292e-03 5.050282353598003647e-04
1.380466185495334485e-03 4.298060792000147354e-04
1.534325969381169314e-03 4.352803568851546954e-04
1.497767910021660350e-03 5.009267750674097292e-04
1.216153459025498583e-03 4.461433319852551780e-04
1.491723953337555086e-03 4.160590186894051485e-04
1.512177298893255381e-03 4.379078743254754841e-04
1.584374568088210092e-03 4.704400271223264950e-04
1.364024049341686258e-03 4.369936508762886792e-04
1.309130585417659590e-03 4.601066150105389716e-04
1.541225885257250985e-03 4.388970533595424749e-04
1.577801804927055551e-03 4.079592150292220233e-04
1.438089535287983677e-03 4.575985758744891322e-04
1.502922846790614910e-03 4.265640156149656369e-04
1.420035604619783107e-03 4.620994688581271225e-04
1.151376970526329837e-03 3.894186960368804665e-04
1.575370539711913164e-03 4.688288967171196846e-04
1.479625144486880397e-03 4.316316757770258922e-04
1.421669630320631381e-03 4.463375778297077397e-04
1.492819527126828128e-03 4.258640875525699851e-04
1.451874640620422078e-03 4.310109503630941107e-04
1.489558969438081228e-03 4.084536354498935246e-04
1.455044955349727885e-03 4.249401858911560454e-04
1.535787441489531177e-03 4.069422712812718955e-04
