4.917394757744244366e-03 -1.500781657113066240e-04
1.133384734001541489e-03 -7.457948996201832883e-04
1.071038251366119610e-03 3.103448275862077292e-04
5.088697017268449356e-03 8.942105263157895537e-04
-7.543789808917191874e-04 -1.031403604587654860e-03
-1.098167539267015094e-03 1.119258439402326952e-03
4.878210116731520295e-03 2.213613724405104225e-04
-2.320724980299419360e-04 2.254143646408841937e-03
1.285294117647058521e-03 2.006546644844517304e-03
-3.727635782747600220e-03 -2.990033222591190990e-05
4.962643678160923340e-03 7.407509663169534100e-04
4.279016141429672730e-03 7.953367875647615376e-05
-1.507910074937549765e-03 2.541713014460525574e-04
3.444619010212123466e-04 9.851407716371233560e-04
3.644133644133678174e-04 1.070238756246532025e-03
2.358039215686278441e-03 -3.720302375809915289e-04
3.745659722222243197e-04 2.347368421052632281e-03
-3.994823123382188141e-04 1.004195070791819066e-03
-7.146643109540607320e-04 5.783740701381517857e-04
1.783208020050126375e-03 1.231818181818182447e-03
-4.161966156325514724e-04 8.674598782512467961e-04
-3.872186495176843223e-03 -1.011898859692611594e-03
1.279377431906615452e-03 1.732781633742658039e-03
1.784287011807449619e-03 -4.565108094519857232e-04
1.987529228371210415e-05 -4.013671874999980797e-04
1.471344599559148720e-03 3.680663556246770141e-04
1.800535987748856041e-03 6.292573981016188730e-04
1.561335403726708815e-03 4.566885964912287136e-04
5.020408163265310635e-03 1.424321201617562800e-03
-6.352479338842969593e-03 7.552605210420852396e-04
-4.798895899053625671e-04 6.184677828513460715e-04
-4.087370242214520468e-04 1.022790439132852678e-03
1.670836591086785833e-03 1.886411332633788516e-03
-5.758313057583139142e-04 2.246458923512758405e-04
4.304662379421242370e-04 1.617434758467518885e-03
7.761324041811877746e-04 -1.153596538669549943e-03
1.821489726027400230e-03 4.658302189001606699e-04
7.654373927958848991e-04 6.045117075956612769e-04
2.525135344160876088e-04 -2.862574687669730404e-04
-1.247581354441512592e-03 5.742721330956629833e-04
8.695150115473462621e-04 5.069213732004433344e-04
3.138613861386141835e-03 1.118972746331239193e-03
-1.696574225122334846e-04 3.470710212545356863e-04
4.995759117896536941e-04 -2.082059123343509867e-04
2.604790419161680248e-03 -2.811559301625521801e-04
-1.300236406619383533e-03 7.926267281106000751e-04
5.694221508828250979e-04 2.210908113917248174e-03
6.946502057613199816e-04 -3.086419753086409390e-04
-3.800238284352657793e-03 3.196138211382119009e-04
-1.512319456244686649e-04 7.275843881856538468e-04
-4.706982543640898103e-03 6.734025122883678964e-04
3.376923076923083779e-04 1.374726477024071445e-03
3.864235841737780324e-03 1.132598331346841526e-03
2.778919330289193051e-03 -1.423097392229908395e-03
3.711267605633803389e-03 1.210374639769455413e-04
1.117241379310346524e-03 9.664391353811155327e-04
5.156884057971015609e-03 -4.044568245125345057e-04
-1.164096916299559113e-03 1.060349391212281464e-03
-7.003759398496231916e-04 1.026560788608980998e-03
-6.022187004754328251e-04 1.837997847147484825e-04
4.614298323036189128e-03 -9.665878178592542591e-04
4.359581070597364286e-03 8.273381294964180367e-05
-1.453562850280223006e-03 1.624271330153691272e-04
-6.533795493934130803e-04 4.491347666491875604e-04
-2.105347166799679572e-03 2.254737412019491155e-03
2.916798107255521265e-03 -1.212230215827337244e-03
1.249797242497974149e-03 1.701881720430108071e-03
-2.105263157894731807e-04 1.442360728075018955e-04
-1.290799999999999717e-03 1.934770591487027045e-04
2.956538762725138998e-03 7.153762268266089172e-04
-1.247920133111495905e-05 2.100625355315528689e-04
7.383246849518180837e-04 1.988006396588486505e-03
1.781770376862402841e-03 5.592729188619611092e-04
-2.845368916797487348e-03 1.015317286652078765e-03
1.650633855331843855e-03 1.016393442622965878e-04
2.684121621621620747e-03 2.013691128148960806e-03
3.331896551724148128e-04 1.204837879567678726e-03
3.238924050632910421e-03 -2.230769230769231971e-04
-2.447604790419138920e-04 6.533333333333343242e-04
1.187761944677286985e-03 5.281113537117916807e-04
-1.176829268292683105e-03 5.468568102444725052e-04
-1.013610888710967089e-03 -3.779038357644509357e-04
1.343974461292895325e-03 9.277504105090329616e-05
1.177147239263825221e-04 1.039126016260163597e-03
3.640965732087230160e-03 1.280522430437267456e-04
1.846838824577025752e-03 3.328995314940147595e-04
1.096934865900381926e-03 1.126449475427943232e-04
5.385284810126587073e-03 1.170403587443947634e-03
2.760245901639344929e-03 -7.241471215351816216e-04
4.324803149606302501e-03 -1.087373167981961876e-03
8.116104868913861939e-04 1.576625386996905126e-03
-5.275407292474767031e-04 1.058455114822547550e-03
1.315217391304351370e-03 4.072794899043571818e-04
-3.638180272108842376e-03 1.761081081081083532e-03
-3.698296836982956364e-04 -2.000000000000000096e-04
-4.387387387387388198e-03 2.919978802331760648e-04
4.443493150684938342e-04 4.400113186191295872e-04
-1.398648648648645595e-03 -6.517763845350039520e-04
-2.413893510815306141e-03 -5.366922234391986388e-05
-1.044435215946840729e-03 1.845434543454370173e-04
-3.538053097345132594e-03 8.141978472578187105e-04
8.549881235154399919e-03 4.814814814814823629e-04
-5.148553557466755424e-04 7.484076433121031107e-05
4.505550811272417827e-03 -6.901330376940119750e-04
-2.115448504983388246e-03 -2.436854190585520689e-04
-2.223091076356943727e-03 9.132064590542109421e-04
-1.905458860759494128e-03 -4.411134903640251859e-04
2.014534883720929884e-03 1.042342342342341896e-03
1.554338668913226836e-03 1.549772468714449456e-03
-2.528067361668002999e-03 9.590980597797595097e-04
9.309640522875842553e-04 1.030053034767238092e-03
-5.241264559067965569e-05 -9.466201716738192710e-04
-3.394957983193257808e-04 9.324750394114560787e-04
3.349274124679761915e-03 -1.077790304396842279e-03
2.550374687760201872e-03 3.520812685827558273e-04
1.676034348165496941e-03 8.863157894736854682e-04
-1.789621882542232791e-03 -7.187845303867380908e-04
3.611068111455111463e-03 -1.152334851936217836e-03
-1.286787974683544118e-03 1.578480310593456063e-03
4.586780210867805359e-03 -1.830806713589603783e-03
-3.719008264462788033e-04 2.722772277227738743e-04
5.615521855486179130e-04 1.881471389645776376e-03
-1.679260450160771417e-03 8.669923995656901279e-04
1.405750798722044765e-03 -2.146569646569633581e-04
3.069387755102037782e-04 5.958867521367523009e-04
-3.428054662379421101e-03 7.184210526315877934e-05
9.788907284768244912e-04 3.676305446378438056e-03
-3.201410658307199137e-04 1.917206040992450178e-03
-2.137746710526313397e-03 1.928185745140389724e-03
-1.462448979591834605e-03 2.003577325261420537e-03
1.757864238410596644e-03 1.492761692650335092e-03
4.007026627218936848e-03 -9.572851153039827182e-04
-3.041841004184078962e-04 -7.721550855991937039e-04
3.340996168582411642e-04 5.925039872408305102e-04
8.017985611510792133e-04 1.901156069364161316e-03
1.294288079470197993e-03 3.348051948051952264e-04
9.014778325123166004e-04 1.798783858485351579e-03
2.628325508607198390e-03 2.588859416445635784e-04
3.527219430485762763e-03 1.115034777956125942e-03
6.153519932145894416e-04 -1.005200594353638502e-03
-2.565445026177990404e-04 2.626715945089762479e-04
-2.776881720430108072e-03 5.580535002845773062e-04
-1.164527956003662355e-03 -1.112586298459889740e-04
-3.110008271298562760e-04 3.756967670011162274e-04
-1.254449838187702984e-03 5.976951283394444075e-04
1.084550345887782489e-03 -1.328634604754005966e-03
3.004366812227082426e-04 1.121456364647027693e-03
9.771112865035534289e-04 4.700741525423738731e-04
2.507727975270481629e-04 6.866509155345549816e-04
1.100322320709109375e-03 -5.814070351758777663e-04
3.745796637309852049e-03 -2.916437603078604656e-04
-1.052946199829202581e-03 9.573333333333519050e-05
7.115534738485562814e-04 9.103410341034077916e-05
-1.649458784346376824e-03 1.283222165212931538e-03
2.742788461538461873e-03 -4.753665689149540077e-04
1.625745950554135892e-03 -1.908337648886573835e-04
3.924646781789642089e-03 1.290794979079499388e-03
-6.584194977843393958e-04 -1.575372722252896826e-03
2.136546184738995061e-04 -7.186268992684284812e-04
-7.254575707154719416e-04 6.810160427807505131e-04
2.459831675592963080e-03 7.599455040871949891e-04
1.978798586572440288e-03 1.701167728237792942e-03
1.733579638752053270e-03 8.759915388683251879e-04
1.307661290322581190e-03 2.618915929203550564e-04
-1.640096618357485400e-03 -4.255434782608692366e-04
-1.339010543390105551e-03 -1.895480225988692500e-04
-2.461538461538462057e-03 1.680681213411389747e-03
1.589671737389911901e-03 1.064499213424232091e-04
5.926701570680633323e-03 8.357461024498891253e-04
9.012490241998435351e-04 7.159383033419035184e-04
-7.859375000000001776e-04 1.564887640449439841e-03
-1.265437788018433391e-03 9.860526315789478434e-04
1.698784722222222189e-03 4.345549738219907387e-04
1.332175925925928707e-03 8.762403528114670256e-04
-2.027015793848709058e-03 1.816448801742942456e-04
1.390829694323145529e-03 3.882319819819821148e-04
3.578400000000001979e-03 3.556843267108175709e-04
1.190093141405592020e-03 -3.200542005420047237e-04
-1.322274881516586958e-03 3.927203065134120307e-04
-1.085573476702506295e-03 -4.941275167785219059e-04
-7.321867321867317219e-04 2.642816419612313301e-03
2.788961038961038346e-03 1.094398340248963018e-03
1.253466204506065032e-03 -1.344847112117771156e-04
1.875921375921379324e-03 -1.370698924731181224e-03
1.314799672935403540e-03 1.774211400110681063e-03
7.767111853088468510e-04 9.291023441966835342e-04
8.984932593180005493e-04 1.220063025210084634e-03
-6.635273972602713554e-04 2.248303167420816467e-03
3.374679213002563941e-04 2.947539210384057150e-05
8.088818398097002798e-05 1.746607515657620617e-03
1.345991561181459750e-04 -8.198824158204158280e-04
-1.916241496598638247e-03 3.546498277841560447e-03
1.398834304746046815e-03 1.720595788392400302e-03
2.296838858905167306e-03 6.641221374045798561e-04
7.009674582233990430e-04 -9.710184182015140332e-04
6.636000000000003007e-04 1.292207792207792716e-03
-4.868217054263568344e-04 4.959225280326202186e-04
4.516862745098041386e-03 -1.457654723127026588e-04
-1.061396131202691764e-03 6.269551616266943453e-04
3.984848484848486916e-03 1.361547085201794032e-03
7.615740740740779228e-04 8.294967880085671319e-04
2.816971713810316122e-03 2.607337780473013844e-03
6.410048622366299994e-04 9.432717678100278804e-04
-1.669565217391304202e-03 7.359295054007974598e-04
1.254363001745201515e-03 1.263297872340426922e-03
1.723122866894198895e-03 1.721315789473684948e-03
1.703896103896103192e-03 6.985257985257987317e-04
1.965783664459162632e-03 2.235263157894738437e-03
1.102693602693605819e-03 -1.345327604726090712e-04
2.124902723735411138e-03 8.838174273858925845e-04
2.470784641068448501e-03 1.577255537547273250e-03
-1.094361785434611739e-03 3.560493827160495449e-04
2.810170807453420821e-03 -3.544071353620144001e-04
-9.864864864864856045e-04 2.575051759834383206e-04
1.139464594127807037e-03 2.837601862630979160e-04
-2.375621890547261437e-03 6.594086021505391739e-04
-1.729752770673483996e-03 -1.741424802110801162e-04
4.059161873459343197e-04 1.669680851063830296e-03
1.304365079365079434e-03 -5.074544450579782746e-04
2.450292397660818518e-03 1.347945205479453247e-03
2.112903225806493852e-04 5.994652406417120497e-04
3.206329113924050699e-03 1.219463470319636375e-03
2.381920415224911790e-03 1.008223684210526709e-03
-2.571768437747819647e-03 7.148330596606457862e-04
2.974904942965780116e-03 1.883304448295782365e-03
4.838150289017342440e-03 2.190128996074031749e-04
-1.147786946736661430e-04 -6.377417668583209220e-05
-9.097834803528468545e-04 1.653946680606378870e-03
6.420187793427252878e-04 -1.475283213182269502e-04
-1.631911532385462750e-03 1.233531317494600656e-03
-1.030072173215716659e-03 -7.069672131147512382e-05
-4.162809917355372175e-03 1.892178164041282296e-03
-2.093213409648383375e-04 -2.010338885697868260e-04
2.416535433070867399e-03 2.150000000000000869e-03
2.677100494233940198e-03 7.168141592920367804e-04
-2.832805071315348572e-04 -7.991906929691449269e-04
3.197164948453608789e-03 8.977932636469233320e-04
-1.209320695102684235e-03 2.043409211222885094e-04
9.940652818991116153e-04 5.179738562091511277e-04
-1.232269503546097210e-03 2.812673707615342966e-04
5.132591958939321383e-05 2.240245261984392163e-03
-2.087240584166026071e-03 -5.957792207792197243e-04
-1.254708520179369409e-03 1.737215909090909609e-03
1.011135857461025822e-03 1.034357541899442491e-03
1.428516525749425666e-03 -1.955769230769229677e-03
1.419166666666664498e-03 -1.941502773575393636e-04
-2.173046251993603864e-04 -2.171743697478977907e-04
3.275805119735754421e-03 2.115830115830118034e-03
7.832110839445818829e-04 9.839461418953920034e-04
2.468142968142968564e-03 -9.126941617568281196e-04
1.201976284584980580e-03 9.054054054054060455e-04
-4.189741451209338420e-03 9.008620689655173200e-04
-5.395652173913013461e-04 -2.203742203742193760e-04
-2.755905511809408942e-06 4.701573521432462761e-04
-3.537642585551328909e-03 1.024520255863540542e-03
1.547742413027386552e-03 -5.179171332586669676e-05
3.311442385173248709e-03 -2.454904171364154794e-04
4.896003262642742090e-03 1.989417989417990515e-03
2.816582914572866424e-03 6.730657358929625954e-04
1.823598130841122067e-03 5.406390134529166086e-04
5.903908794788299223e-04 1.785096642929808039e-03
-1.494067796610169504e-03 2.354525862068963739e-04
1.665951972555746374e-03 1.684050939963615276e-03
4.608867775138560975e-03 6.570458404074721107e-04
-8.306451612903202652e-04 -8.189415041782644096e-05
2.946700507614211963e-03 1.828556263269639766e-04
3.138781804163454786e-03 1.682557487380929394e-06
-4.992778249787597523e-03 2.096600566572239758e-03
-1.755696202531645050e-03 -4.378194207836444635e-04
1.317254901960785698e-03 1.513555787278416265e-03
4.238348323793949407e-03 -1.552431165787942095e-05
-8.176661264181524095e-04 1.493888888888889434e-03
2.549199084668193720e-03 1.958077709611454140e-03
-4.626865671641771358e-04 7.630410654827981132e-04
2.142487046632126756e-03 1.867738296672307894e-03
1.201776649746195318e-03 -5.539430449068992630e-04
1.142969363707779578e-03 1.317128321085361516e-03
-3.044354838709678514e-04 9.148247978436673889e-04
-8.947163947163940543e-04 8.446327683615824757e-04
4.820830298616171627e-03 5.602240896358596427e-05
3.597345132743366160e-04 7.308892355694229922e-04
2.406277244986924967e-04 2.359958506224067872e-04
1.480814408770558853e-03 -2.367751780264487757e-04
6.932114882506533633e-03 9.714285714285724122e-04
3.658155487804881298e-03 1.554550292708889274e-03
1.684429641965032223e-03 1.620757918552038265e-03
2.446428571428571185e-03 5.387513455328328885e-04
1.457915057915060934e-03 -6.392572944296957751e-05
4.979423868312907924e-05 6.140401146131815174e-04
9.320276497695867543e-04 2.195337620578776631e-03
-4.729829755736480079e-04 1.869469026548675544e-04
-4.096548890714871854e-03 -8.328804347826076300e-04
-1.171813143309575860e-03 5.645809414466140992e-04
1.206605222734255653e-03 4.967817437097726526e-04
3.754927163667522595e-03 1.592063492063492498e-03
1.352542372881356848e-03 6.314710404920552238e-04
7.387616624257855539e-04 9.353861686017156700e-04
1.733771569433033765e-03 -3.076092822449886133e-05
2.952782462057335685e-03 1.247590361445783270e-03
1.304347826086978092e-04 1.481581798483212807e-04
8.783682634730574212e-04 1.307022634939060228e-03
3.354951796669588919e-03 1.253131524008350376e-03
2.745469522240529415e-03 -6.378275109170292688e-04
2.592857142857143277e-03 2.710846867749421192e-03
2.260902830910490008e-04 1.913340935005701472e-03
4.637889688249401121e-03 1.188211845102506202e-03
8.834951456310707711e-04 6.694549379384787200e-04
1.939655172413795895e-03 1.724362452523060590e-03
1.239647577092512203e-03 5.921120913336808513e-04
1.640310077519380313e-03 1.864577801380776266e-03
2.655129274395331106e-03 1.498893805309735186e-03
-1.780373831775707309e-04 7.835859905906968721e-04
3.130418250950571784e-03 -7.404432132963982560e-04
5.493595217762599174e-03 1.596143096702069483e-03
-3.818035426731078864e-03 -6.023755656108549376e-05
1.579075425790754965e-03 3.694158075601428748e-05
1.564785373608902456e-03 2.707261292166955537e-04
3.089143865842884293e-04 1.145598194130928107e-04
2.676341248900616747e-03 1.528206492815327878e-03
6.848484848484868255e-04 8.411799761620989118e-04
1.935483870967755161e-04 2.879282218597079717e-04
1.862083689154572872e-03 -1.853002070393354960e-04
8.222495894909688909e-04 6.084686774942004188e-04
-1.221337579617834488e-03 1.227396514161220500e-03
2.738793103448275337e-03 7.325268817204304457e-04
5.771883289124669740e-03 1.088831168831168837e-03
1.779041429731927429e-04 1.776670258620690994e-03
4.193644067796612786e-03 9.622797356828206730e-04
2.091860465116279332e-03 -5.015797788309627652e-04
-2.845528455284556096e-04 1.184507042253522087e-03
7.972972972973003643e-04 7.277777777777790121e-04
2.953881629515759614e-03 3.310085836909876732e-04
3.737896494156928151e-03 -7.297222222222223172e-04
2.588435374149663116e-03 -2.996670366259686314e-05
3.338323353293444224e-04 3.703061813980359574e-04
1.205511811023622431e-03 5.777133825079031624e-04
6.868995633187788144e-04 7.144058295964123874e-04
1.999999999999999174e-03 3.488502523836232191e-04
4.135424354243546347e-03 3.329042224510817753e-04
-2.716411564625847985e-03 -5.669014084507035698e-04
1.865884325230511955e-03 1.421318447634236509e-03
2.140127388535035657e-03 1.516412661195780387e-03
-6.042319749216267140e-04 -9.853938445487724854e-04
2.028262676641751116e-04 1.082507288629738513e-03
1.718905472636818527e-03 1.133939393939393950e-03
9.252479023646075417e-04 -1.088942307692306825e-03
1.645368782161235870e-03 -3.153034300791545405e-04
8.048515568428699736e-04 2.145981410606899377e-04
2.926250000000000032e-03 -4.933481152993338895e-04
-9.939498703543713854e-05 4.923599320882859421e-04
-1.585543199315650595e-03 -6.156427465152292024e-04
-1.852549019607841385e-03 2.753387533875358137e-04
3.253452477660447647e-04 -4.919447640966533589e-05
1.760382059800666161e-03 -4.026385224274394467e-04
1.483525535420100695e-03 -8.294509151414298891e-04
-4.010861132660954384e-04 1.520551801801802013e-03
6.546080964685620793e-04 1.390567037625862166e-03
2.143151815181518899e-03 1.118767507002800966e-03
-3.509623430962342978e-03 4.546632124352341787e-04
-2.274999999999999679e-03 1.244791666666671874e-04
2.399636363636364206e-03 1.637492941840879113e-05
1.083671811535338305e-03 -4.909319899244320379e-04
1.958437240232750731e-03 -4.540616246498588716e-04
-2.601701469450887119e-03 1.565350389321468584e-03
-1.343520782396086461e-03 -3.436830835117770928e-04
-1.987987987987984480e-03 -1.582121701669358602e-03
1.482213438735178633e-03 1.547671840354768007e-03
9.652555910543156661e-04 -2.605779153766663684e-05
2.094959495949595164e-03 1.421460176991154792e-04
3.026275704493527896e-03 4.071537290715387058e-04
8.568611987381712048e-04 1.260135135135135838e-03
3.990043290043293611e-03 -2.484342379958241255e-04
3.986610878661089007e-03 1.055861309851403385e-03
2.668036154478225282e-03 3.856993736951991694e-04
9.789777411376749013e-04 1.119059917355371509e-03
1.633750000000000436e-03 1.330513100436681723e-03
-1.492828685258962068e-03 6.038403233956630376e-05
2.416324856439706122e-03 -1.090512540894296901e-06
3.917050691244253180e-04 1.914544425580081170e-03
6.718213058419270512e-04 4.476905954368391488e-04
-1.707896857373086786e-03 -1.719056974459710137e-04
1.645484949832777761e-03 -1.497930677703050760e-03
2.095873786407766864e-03 3.861125723303533903e-04
-3.668661181750165735e-04 4.828496042216366842e-04
-5.051342812006312131e-04 7.555432372505546104e-04
8.829348722176434206e-04 1.171883892999432296e-03
-4.909793814432984998e-04 1.289186237028944974e-03
1.372365339578455806e-03 4.441312147616617492e-04
2.483883647798742263e-03 -1.115261472785469723e-04
-2.634474327628359702e-03 3.076233183856504506e-03
7.878667724028568659e-04 2.277095568606536018e-04
1.820337620578779550e-03 3.788351534061357227e-04
3.095364741641340976e-03 -2.201783723522827334e-04
-2.000891265597136925e-04 9.793577981651382935e-04
-2.162849872773535843e-03 1.215742677824268626e-03
-2.442996742670996329e-04 -2.936813186813178348e-04
-1.325917252146763129e-03 1.815539407490218129e-03
-1.159457167090754449e-03 4.873068432671089859e-04
3.623050259965339675e-03 -1.745375408052229340e-03
7.253515301902405295e-03 1.251944012441687985e-04
-1.041666666666664701e-03 9.680216802168032470e-04
1.906607929515421280e-03 1.436059907834102544e-03
1.052492447129910929e-03 -2.772702847931221158e-04
-1.564701064701062806e-03 1.249325418240691560e-03
1.739463601532588509e-04 -1.333427762039658465e-03
2.797335870599442767e-04 1.966598150051389673e-03
-2.745860927152317735e-03 4.772853185595584335e-04
-1.354023972602738353e-03 1.632441288913163676e-03
-7.438271604938245752e-04 -1.158472803347262482e-04
-2.620605069501224463e-04 7.307692307692313432e-04
-3.851866251944011891e-03 -2.548754062838557897e-04
-1.636992221261882822e-03 2.750533049040516974e-04
9.139784946236575395e-04 1.566311426879812016e-03
1.125475285171115909e-04 7.114111054508408857e-04
1.347380410022781154e-03 1.765734265734266763e-03
-1.061298076923075781e-03 8.589256646771570303e-04
1.767200000000003273e-03 -4.298009682625057487e-04
-2.625745950554137214e-03 1.215099715099715203e-03
2.299206349206349420e-03 -1.403917416622550230e-03
5.891987431264730964e-03 2.582271762208072940e-04
-2.702589489718201354e-03 1.900332225913623765e-03
5.313216195569139821e-03 -5.798557444616166991e-04
1.643304620203602613e-03 1.158369803063457335e-03
3.626046511627910134e-03 3.339483394833965080e-04
-2.375497215592680279e-03 1.058418367346939531e-03
3.060380479735314106e-04 -2.553030303030290934e-04
6.744186046511628854e-04 3.317178244480345635e-04
4.419737919737919477e-03 1.359575656058071441e-04
3.957983193277312436e-04 1.108873321657911047e-03
1.567099567099567358e-03 5.278981581798498132e-04
2.286026200873366582e-03 3.072325164375382437e-04
-1.706799999999998336e-03 -4.796529024536206297e-04
1.583846153846154214e-03 -2.457811649428402398e-04
3.578260869565231444e-04 -1.393469839513005598e-03
-3.827824750192173426e-04 -7.788410419989366153e-04
1.795875420875422132e-03 1.468816067653278337e-03
-6.485974222896124554e-04 -6.649142224681791431e-04
1.175819984744472420e-03 7.031708749266003854e-04
2.068058076225045595e-03 -3.509110988404194392e-04
-1.771317829457352041e-04 2.016050054406965612e-03
-1.398586866167910890e-03 -2.433890987587692528e-04
-3.399148936170214973e-03 1.204241719930274459e-03
4.152140672782875762e-03 -2.758333333333331714e-04
-5.125100887812528003e-05 5.715031315240091383e-04
1.095404984423678984e-03 -8.562992125984244694e-04
3.784119106699778963e-04 2.580564784053157503e-03
3.335473515248797444e-03 2.429353233830846160e-03
2.590130505709626035e-03 1.990904079382579874e-03
-7.175697865353027494e-04 1.071812802582034364e-03
1.432797971259523306e-04 4.257617728531863199e-04
-7.197628458498026190e-04 1.371954251616112810e-03
-1.930576631259481790e-03 -7.542460113226956853e-04
-3.675496688741725754e-04 4.625902992776067938e-04
-3.300843881856539968e-03 2.854830005396657012e-04
7.332535885167466285e-04 2.254076801683324149e-03
-1.948458149779736057e-03 2.017543859649142241e-04
-6.353448275862044617e-04 7.285787583376117165e-05
3.580165289256201193e-03 3.166197183098614872e-04
6.270424836601345845e-04 -5.748565466875321574e-04
1.210227272727272107e-03 2.323215289488477463e-03
-9.484690067214115018e-05 2.021220930232559606e-03
1.023904382470117820e-03 2.122929606625259102e-03
3.682816048448169519e-04 8.764248704663219576e-04
-8.170347003154565697e-04 5.069817400644480816e-04
3.328902229845625942e-03 9.712401055408958518e-04
-1.553252032520324299e-03 1.149516046867041447e-03
2.348436246992783617e-03 2.456779159265838879e-03
1.332189168573608530e-03 8.794885745375419922e-04
3.501180173092122209e-05 -1.296059933407323452e-03
-5.492688870836716884e-03 1.222658294086867437e-03
2.278490566037738151e-03 -9.211899791231587908e-05
-6.688411358403669382e-04 -6.427801724137919247e-04
-3.294908062234792878e-03 -3.128007699711123156e-06
1.685680566483086298e-03 -9.459812108559497064e-04
1.129106187929715139e-03 -3.046874999999982648e-04
-1.676651305683559551e-03 3.614101184068901928e-04
2.642745709828394577e-03 -6.957815035154125494e-04
-1.881748071979433409e-03 1.460892236384705957e-03
-1.544725738396622540e-03 1.628851540616245951e-03
6.123065015479879983e-03 -1.923863055697487415e-04
-8.119230769230762921e-04 7.597006651884699330e-04
-1.447602131438721759e-03 1.745749202975558235e-03
-1.256429652042359221e-03 1.262098966829800590e-03
-3.655828707375082301e-04 -2.627833421191346657e-04
4.389763779527581134e-04 6.316321374431537817e-04
-1.834267413931145105e-03 -2.867341356673960145e-03
4.440304487179485941e-03 4.698093220338985312e-04
-3.192158385093168786e-03 8.597046413502113090e-04
-6.245847176079703019e-04 2.704741379310342014e-04
1.443845462713389113e-03 -4.774025974025967729e-04
1.293835068054445883e-03 1.929639889196676714e-03
2.902218570254726498e-03 2.106901920083032495e-04
8.829348722176430953e-04 3.255758157389642641e-04
-5.050900548159726472e-04 2.723745473357477745e-04
-2.352693602693600641e-03 -1.491361788617875125e-04
8.124463519313305203e-04 2.770075101097643918e-04
4.573180703188880862e-03 -5.366269165247020611e-04
9.316720257234748165e-04 7.056429734129143240e-04
1.342554922701385709e-03 -1.758713136729214016e-04
6.988862370723946098e-04 -3.800205973223467603e-04
1.448840927258195858e-03 -1.612479914301016837e-03
8.724999999999993611e-04 3.521126760564330756e-06
-1.008966695132365327e-03 5.910372040586261023e-04
-2.490843949044587238e-03 -7.868766404199474800e-04
2.388059701492539506e-03 2.939698492462358722e-05
3.432330827067669923e-03 1.332963374028859694e-03
2.867669753086419821e-03 3.265250544662313113e-04
-2.931120331950206204e-03 4.093816631130076491e-04
4.850000000000002746e-03 1.627964699393270919e-03
-2.458366375891838851e-05 -6.828379136287150491e-04
1.171002295332824799e-03 8.551609322974487596e-04
-2.804549283909014284e-03 2.786752827140554921e-04
2.104395604395605402e-03 3.286988457502629983e-04
-4.198305084745762757e-03 8.149974052932034340e-04
1.170472440944885732e-03 -1.056156620298806748e-04
3.494149414941498475e-03 -3.635886673662105549e-04
-3.673557278208437228e-04 3.199780461031841551e-04
4.749185667752445737e-03 5.090090090090101634e-04
-9.419475655430683755e-04 -4.160084254870877478e-05
1.184807256235829824e-03 6.472509526401754422e-04
6.529942575881857560e-04 8.444570135746610985e-04
2.697098976109217096e-03 8.623853211009175745e-04
2.755000000000001805e-03 8.884002199010449831e-04
4.687500000000019342e-04 -2.660032275416880274e-04
1.285957446808512613e-03 6.328794755421275229e-05
4.576480263157899943e-04 5.056179775280907887e-04
-1.524390243902436692e-03 -1.030368763557484342e-04
-1.205958549222799431e-03 1.746981023576771493e-03
2.825160771704181631e-03 5.425133689839584062e-04
1.295867768595042454e-03 -3.599320882852277432e-04
4.459859703819176596e-03 3.504201680672272860e-04
-2.088766692851529334e-03 6.742654508611967482e-04
-1.891991182953681324e-04 1.617107393416082704e-03
3.940503432494282289e-03 4.347826086956521900e-04
2.639669421487604670e-03 4.386617100371766444e-04
6.952495974235107243e-04 2.008805723720474373e-05
-8.762886597938127076e-04 -8.913294797687864972e-04
2.379605826906603001e-03 -3.856783919597978733e-04
-2.368421052631579978e-03 1.396127681841967481e-03
-8.187893081761010629e-04 1.210599334073253356e-03
2.441953562850669151e-05 -3.549222797927369539e-05
3.320972886762365087e-03 -6.222513089005233134e-04
5.395949166004767802e-03 -6.239554317548693090e-05
8.038981702466208848e-04 -1.478450627386792876e-04
-2.215900233826966718e-03 1.094082840236687212e-03
-1.425811437403396624e-03 -9.745171673819725882e-04
-1.065921356977637610e-03 -2.810239287701662807e-05
6.004048582995973223e-04 -7.488126649076501645e-04
7.886718750000010691e-04 -2.298850574712633292e-04
-7.840434419381778946e-04 1.173986486486500679e-04
1.311605723370461217e-04 -9.120680763280034162e-04
-2.081632653061220913e-03 1.144484722941488712e-04
1.800945829750645990e-03 1.273354564755839295e-03
1.780681818181820792e-03 1.786554621848740346e-03
2.979910714285732886e-04 1.037289915966386556e-03
1.009779951100246449e-03 1.778514588859418395e-03
2.550736497545012631e-03 -6.468897020386815211e-04
3.043096234309626731e-03 -2.521691973969624411e-04
-2.868992248062015703e-03 7.682174887892381093e-04
2.975000000000013224e-04 1.093570608495980905e-03
4.252614641995175818e-03 -1.218362950996229425e-03
1.231411862990815275e-03 -1.513903192584946942e-04
4.176829268292695310e-04 6.345957011259000728e-05
-1.253634894991919766e-03 3.415890142226582060e-04
2.240067624683010714e-03 -4.267806267806259122e-04
5.685823754789280995e-04 4.497267759562858353e-04
-6.580050293378001194e-04 -1.637837837837836713e-03
-3.650928167877316548e-03 1.058823529411765047e-03
3.004640371229721379e-04 1.027925531914894572e-03
2.737360754070267046e-03 4.988956377691886566e-04
5.258575197889185648e-03 1.258362168396770769e-03
1.625641025641026780e-03 2.083518312985573571e-03
-6.969820554649248240e-04 1.250133475707421431e-03
8.211382113821155985e-04 6.481578947368438681e-04
1.313173156586580018e-04 1.593957871396898011e-03
-4.844783715012718379e-03 -1.471061093247575638e-04
9.416598192276103008e-04 1.554585152838429884e-03
1.930252833478640195e-03 5.579631635969726090e-05
-6.418816388467348064e-04 7.127010537992379516e-05
1.005175159235668133e-03 3.860000000000014136e-04
1.572452229299391873e-04 -2.086486486486486809e-04
-5.762711864406769692e-04 -1.548941798941796911e-03
-1.226134585289516974e-03 1.672663802363051231e-03
3.927959501557634799e-03 1.870698644421274655e-03
-1.769595176571919304e-03 1.083910891089110264e-03
-1.980948348856898401e-03 2.694770544290423433e-05
8.939393939393948385e-04 2.581260364842455877e-03
2.460975609756100007e-03 4.783628779979150116e-04
3.845855925639040697e-03 -3.643011917659799747e-04
2.056307911617974741e-04 -1.030147895335606573e-03
-7.359635811836020723e-05 1.862788144895719542e-03
4.040032025620497735e-03 8.022170361726959492e-04
-1.044877222692631525e-03 -2.428198433420203844e-05
-8.619344773790781804e-05 -4.307931570762036136e-04
1.248290598290599561e-03 6.309523809523815644e-04
2.323155216284989409e-03 1.938199105145414335e-03
-1.435987509757999814e-03 -7.991266375545836090e-04
1.927459016393442449e-03 1.273633257403190269e-03
1.164970313825277378e-03 8.170871559633042071e-04
-6.937919463087220554e-04 2.405641025641025357e-03
2.463206816421381791e-03 1.526758409785933723e-03
2.146245059288539540e-03 1.353457738748629294e-03
-1.937246963562753782e-03 -1.804022988505747053e-03
7.977071005917184786e-04 2.454034729315642937e-04
1.909317803660578571e-04 -3.510140405616227156e-04
3.432239057239057801e-03 -2.983193277310911408e-04
1.967099918765233529e-03 -1.047508988186952785e-03
-2.157568238213401594e-03 5.135722041259509598e-04
5.432002956393202492e-03 5.305280528052817943e-04
9.115729421352933163e-04 -9.661375661375648299e-04
1.206910246227166968e-03 -1.141332639250389929e-03
1.163034705407584198e-03 6.518915866741946136e-04
1.574225122349092452e-04 -7.780514504652440806e-04
-1.301960784313714896e-04 6.942504030091360342e-04
-9.163314561544642911e-04 -1.457292707292706180e-03
5.640913081650583217e-04 -6.118455843469051405e-04
-1.531100478468916805e-04 -3.335146898803039036e-04
8.361749444032641086e-04 -7.770800627943344366e-05
-2.053112033195020683e-03 1.421432537479178602e-03
-9.697549770290938859e-04 -1.141671130155328708e-03
7.673060884070063677e-04 5.107084019769359126e-04
2.157595450852966071e-03 2.389972144846800868e-04
3.483023443815683445e-03 7.524807056229399936e-05
-1.869984567901233083e-03 -5.258489609731361192e-04
1.760733801717410778e-03 -5.737302020753666911e-04
1.149101307189544230e-03 -2.528424472116932173e-04
-1.527777777777775473e-03 -1.521436227224007330e-03
-9.623786407766986902e-04 9.678589942975639225e-04
4.967845659164016369e-04 1.671478060046189922e-03
3.697251414713017756e-03 1.980749219562955889e-03
1.504149377593362157e-03 4.235449735449738941e-04
-1.365229110512126932e-03 -2.161749745676422044e-05
5.254648342764749527e-04 1.245744096650193292e-03
-2.275675675675676007e-03 1.575135135135136014e-03
2.090337784760409271e-03 6.465997770345560908e-05
3.515793848711555591e-03 1.313056379821959420e-03
-2.314710610932475821e-03 -1.280985169491524441e-03
3.523470243084662976e-03 -1.019230769230769669e-03
1.507393715341959163e-03 4.110005527915994573e-04
9.184829991281619112e-04 1.536227876106196523e-03
2.215474209650584916e-03 1.660113812726333017e-03
1.838628762541804794e-03 1.364910313901351792e-04
-1.002118644067794733e-03 -1.001075268817203882e-03
2.453717754172989908e-03 -3.644240570845995859e-05
-2.244662681468830717e-03 1.546831955922867369e-03
-1.903753609239653300e-03 3.907779495105630327e-04
2.741379310344847320e-04 1.394544431946007339e-03
4.510007698229408224e-03 7.184758771929833929e-04
1.727549467275522356e-04 9.203838174273875922e-04
7.168674698795222738e-04 -5.084147665580879489e-04
2.767730496453902223e-03 2.174205708131395770e-03
1.267702936096720863e-03 2.273749297358080581e-04
7.399999999999993389e-04 1.096076168493941103e-03
-1.426797945205478388e-03 4.259576901086343831e-04
-6.201382886776140441e-04 6.028328611898030407e-04
-7.615923009623768282e-04 2.295124481327805795e-04
1.116443745082613829e-03 1.507725093233884062e-03
-2.004889975550115991e-04 -5.220994475138140273e-05
1.572916666666665389e-03 8.759909399773505067e-04
9.584040747028883464e-04 1.485203796761607581e-04
-3.183319570602804040e-04 8.897421832144827630e-04
2.539429530201341764e-03 2.242537313432839321e-03
7.380165289256225688e-04 9.685603971318265931e-04
1.506488240064884042e-03 -1.723851687880456846e-04
-9.850299401197603645e-04 1.736534552845529203e-03
2.983383685800612087e-04 1.873579545454547631e-03
2.632635983263597202e-03 1.882337246531484015e-03
-3.173807599029904950e-03 1.667590027700842044e-04
-7.616229923922255727e-04 9.686842105263179879e-04
6.832579185520377572e-04 -4.365256124721591429e-04
2.656275303643728259e-03 -2.262689691261120413e-03
1.053327645051196004e-03 1.587714443829552589e-03
3.982266769468021674e-04 -5.468998410174868768e-04
1.675324675324674391e-03 2.515228426395938952e-03
1.716923076923076389e-03 6.805480924234292650e-04
3.659852820932134668e-03 1.878796245168415585e-03
1.819772528433954680e-04 9.605405405405415421e-04
-5.566608996539757197e-04 -2.513185654008433809e-04
-1.632139812446718524e-03 8.025906735751300782e-04
-8.138297872340410476e-04 7.874868004223875518e-04
-4.956245027844061873e-04 1.851747463359654678e-04
8.046413502109748400e-04 -2.189944134078203439e-04
2.617624810892589873e-03 -2.558949624866018661e-04
8.946528332003199488e-04 -6.641143440530868471e-04
5.094339622641505224e-04 7.378542510121461001e-04
3.383741258741261495e-03 -5.856716417910436600e-04
-2.976863753213367277e-03 2.384615384615397667e-04
-1.582812499999997416e-03 5.779816513761479877e-04
1.945814648729447469e-03 -1.077825159914711818e-03
2.657671549730146725e-03 2.154944473823379295e-04
-8.003442340791707126e-05 1.785714285714287827e-03
-2.217461600646725931e-03 1.543398211467649894e-03
1.460730948678070924e-03 1.767790262172285170e-03
1.147911338448423307e-03 9.962943356273160859e-04
2.469122023809523607e-03 2.802134646962232446e-03
6.379166666666691169e-04 1.087412587412587813e-03
-2.046025104602507572e-03 -1.027347781217749197e-03
1.444314641744548922e-03 2.993033226152191028e-04
1.526535253980289795e-03 6.302816901408455188e-04
6.810717372515135261e-04 -9.781449893390105278e-05
2.149676375404529615e-03 1.054828150572833341e-03
3.706688154713952128e-04 1.351003602676274480e-03
8.265728476821213554e-04 7.199772339214607962e-05
-1.289323553382231953e-03 -7.924961715160792897e-04
-1.376297577854671515e-03 7.281042128603113341e-04
2.011101622544861367e-04 1.115756541524460122e-03
2.209991876523154965e-03 2.774755168661674286e-05
-4.975357710651825277e-03 -2.888888888888879541e-04
-3.446288209606985023e-03 2.392857142857144053e-03
-1.500406173842404149e-03 1.375421822272216181e-03
9.579901153212537750e-04 1.186017786561265703e-03
1.351020408163273231e-04 1.107963655799037907e-03
-1.090791738382098329e-03 -3.776800439802079599e-04
-2.355665839536806236e-03 1.672413793103448131e-03
9.423688394276647081e-04 5.826446280991747764e-04
-2.838668913226621848e-03 4.789867587795059540e-04
2.750763358778626419e-03 -1.127514953779226205e-03
4.112587959343249168e-04 9.551451187335294277e-05
2.044105854049722056e-03 6.437744276940268479e-04
-4.961715160796311818e-04 1.037750385208012450e-03
1.571086261980831093e-03 1.280548628428928096e-03
-1.535974130962033084e-05 -7.752928647497317992e-04
-1.156325543916156973e-04 -2.081462140992166362e-03
-3.051969823973176444e-03 7.401231400718325795e-04
-4.426567656765641829e-04 3.422107674685002823e-04
3.994957983193279764e-03 6.868825466520313543e-04
2.074307304785891464e-03 -1.187089715536093217e-04
-1.234955752212389853e-03 8.707446808510636892e-04
-5.238480194017775373e-04 8.335204941044367568e-04
1.316720257234726965e-03 1.839351125065411072e-03
-1.503554502369668696e-03 2.105985722130715681e-04
-3.360504201680671998e-03 1.586754241926657425e-03
-3.063504823151123532e-03 -1.331552162849871561e-03
-1.863270777479891435e-03 2.534842319430314055e-03
-2.306988352745425151e-03 2.370689655172412459e-03
4.059506531204648896e-03 1.041044776119402987e-03
1.747023809523810724e-03 -4.100937672366228044e-04
9.210758377425061569e-04 -1.028161802355349354e-03
-1.011475409836064352e-03 2.328740157480315830e-03
3.671969045571800861e-03 -2.382769901853871552e-04
3.219008264462813393e-03 6.900277008310268505e-04
2.946575342465755729e-03 1.857782754759238495e-03
2.547308319738990356e-03 -5.812236286919837420e-04
-1.259734513274334694e-03 1.118675995694295208e-03
-1.200813008130078002e-03 -7.082435344827575337e-04
6.177606177606354262e-06 -7.246207701283539221e-04
1.017973856209151030e-03 2.116756756756757105e-03
3.825370675453052243e-03 1.412994980479644188e-03
4.042798353909467061e-03 9.179879715691656060e-04
6.720000000000022396e-04 -1.202830188679244756e-03
3.976226993865045840e-04 2.328326180257511366e-04
1.624418604651163859e-03 1.399284534947716971e-03
7.099076406381208586e-04 6.758914316125595734e-04
-6.219298245614056060e-04 8.380855397148679817e-04
3.030794165316045424e-03 1.186251468860166332e-03
5.373244929797195077e-03 3.327939590075526879e-04
4.400684931506876059e-04 -1.871704745166953988e-04
-1.072669826224324253e-03 -4.470145239376002006e-04
5.441306266548996120e-04 1.410742918225549184e-03
9.450240770465487576e-04 4.423183582917363703e-04
1.789044289044288555e-03 1.612808145766346339e-03
8.257839721254359947e-04 1.771866295264625229e-03
3.365030674846627122e-03 8.765366114377410938e-05
1.733771251931993766e-03 1.660674157303371938e-03
9.154030327214699196e-04 2.065264293419634325e-03
-4.721774193548361237e-04 1.379564193168433947e-03
6.488609583660648024e-04 -1.073347662547016268e-03
1.159638554216868523e-03 1.727173318753417574e-03
2.748927038626612727e-03 -9.554929577464762623e-04
1.141575663026520981e-03 1.852769679300292653e-03
2.729610580455582190e-04 -4.913112164296989503e-04
2.004893964110930193e-03 -1.201957295373663921e-03
-1.608020231213872636e-03 5.322171486555045492e-04
-2.894736842105282391e-04 2.116825208085613107e-03
2.113455414012741819e-03 -6.212707182320445238e-04
-7.535211267605634693e-04 2.008032128514057396e-04
3.163095238095240021e-03 -2.514405447878404143e-05
1.018010963195080470e-05 1.436623376623376736e-03
8.176126878130214951e-04 1.900431732325959374e-03
3.732718894009249221e-04 1.475629791894852213e-03
1.255142017629774266e-03 1.788018433179724672e-03
-3.435938759065272369e-03 -8.630289532293899848e-05
2.922231270358306016e-03 1.516480730223124761e-03
1.694396551724137870e-03 1.196557468073297680e-04
7.747886241352826232e-04 7.744937055282039874e-05
-2.521302250803857722e-03 7.705175117616328223e-04
-3.891419893697788319e-04 3.034521158129119890e-05
2.951540195341852829e-03 1.839240506329114068e-03
2.292021688613480029e-03 5.324416619237339575e-04
1.404109589041096454e-03 7.167887029288705966e-04
-3.133851468048358315e-03 -7.538769384692337516e-04
-1.818070318887978496e-03 1.337407013815091524e-03
1.095518867924528223e-03 -3.221606648199431752e-04
-2.298146655922642632e-03 2.117710583153349039e-03
-3.183176771989747970e-03 -1.986713665943599938e-03
3.222083333333333310e-03 8.835764451647757679e-04
9.629204892966387180e-04 1.232518476407051117e-03
8.242049469964639243e-04 -3.572559366754610513e-04
-4.710815047021942037e-03 -1.634221311475411861e-04
3.159180457052798534e-03 1.785889872173058741e-03
1.237160120845922631e-03 1.905537459283397563e-04
1.899308224442735390e-03 -1.950207468879659300e-04
1.026490066225183018e-04 1.307057057057058004e-03
-2.277190332326282929e-03 5.851330989452700510e-05
-1.781725888324872924e-03 1.130483689538814228e-04
1.082697201017812725e-03 1.657211028632026018e-03
-3.385033444816052447e-03 -6.238019169329065555e-04
-2.506722689075629746e-03 2.545840407470288148e-03
2.734177215189874995e-03 -5.715983363042183990e-04
-3.237068965517243477e-04 2.147138228941686613e-03
-1.771505376344085711e-03 2.486813186813187793e-03
1.476061776061778942e-03 1.527527792482795193e-03
-1.953703703703702291e-03 5.708822029576759343e-04
4.392344497607655884e-03 1.668506682161535965e-03
2.259535655058056045e-04 1.446418808091854595e-03
4.268921095008055416e-03 7.278517660683275423e-04
-2.015217391304347135e-03 4.178117048346071576e-04
-2.237211221122108705e-03 -8.684355997788839772e-04
3.272357723577239835e-03 -9.530477759472806565e-04
-9.367681498828835161e-05 -1.606493506493504543e-03
3.313165905631663272e-03 -6.991241628026791848e-04
2.385593220338987107e-04 9.789757412398941011e-04
3.627533783783791401e-04 1.010869565217391514e-03
-1.597896440129436115e-04 7.137535816618920679e-04
1.760204081632655519e-03 3.702020202020215103e-04
-2.131275720164610421e-03 9.948814655172425695e-04
5.174148606811161157e-04 2.636238279095422937e-03
3.643783371472160589e-03 4.043408360128625018e-04
5.438180404354591400e-03 -1.374035281146636367e-03
1.399912203687446368e-03 9.251182343667898114e-04
3.723651452282160639e-03 1.078485181119651299e-03
4.708366854384557314e-03 1.369716425896202192e-03
-3.208402662229617019e-03 -1.451820128479656751e-03
-1.680817610062891945e-03 1.583427601809955917e-03
-3.473183391003444812e-04 -3.723404255319105602e-05
1.566112084063044649e-03 1.504040948275862672e-03
2.510539629005056374e-03 8.738938053097340891e-04
2.384178652535957812e-03 4.837988826815641441e-04
-2.958030669895056583e-04 1.983002832861282679e-05
4.708695652173916155e-03 1.778846153846162911e-04
9.641985353946246984e-05 1.500276090557703737e-03
2.666389351081547860e-04 5.314895947426066239e-04
1.896792763157897780e-03 1.884722999440405136e-03
-1.225497702909649411e-03 -7.387944358578039245e-04
3.058354324097400500e-03 1.296600877192990845e-04
-1.099033816425120562e-03 1.003801317790168441e-03
-1.566957210776546072e-03 2.602463605823068099e-03
-1.945107398568012914e-04 7.813776999416238494e-04
-2.324921135646686350e-03 1.141611082606457892e-04
-2.730926989335520031e-03 2.109129066107046980e-04
-1.131641554321965353e-03 1.854384997242139498e-03
1.539301310043670722e-03 1.297650130548313064e-04
-9.711538461538467412e-04 8.305322128851555042e-04
-6.801619433198287260e-05 1.934937124111536441e-03
-7.549721559268081621e-04 2.140449438202247489e-03
-3.422150882825035403e-03 4.591557017543866333e-04
4.883111806098518540e-03 4.460784313725496943e-04
4.395986895986896820e-03 1.562935190144617388e-03
-5.791366906474819734e-04 1.399264289756651288e-03
-1.416666666666506002e-05 2.562120375483158759e-04
-3.315008726003489028e-03 1.624037403740376685e-03
-1.247844827586206285e-03 -6.396325459317565116e-04
-6.446617766911177114e-04 5.492841409691637863e-04
-2.673186634066814274e-04 -4.759978425026962731e-04
4.909511784511786346e-03 -6.550747037609475857e-04
-2.211802748585285031e-03 -3.961776859504120298e-04
-1.875205930807247266e-03 4.737108190091006811e-04
4.435208866155156658e-03 1.383629707112971410e-03
2.252297410192145768e-03 1.880097879282219145e-03
-2.691439688715950487e-03 -7.529472065607366272e-04
1.740540540540541636e-03 -1.335540838852075391e-04
7.292944785276082864e-04 -4.182795698924724847e-04
-1.333841463414609852e-04 -1.109062170706002354e-04
2.681742043551093267e-03 9.157466589192348730e-04
-1.859767025089606842e-03 1.208245243128964379e-03
-2.662238325281801425e-03 7.815934065934069695e-04
-1.091954022988504778e-03 5.512273212379950257e-04
3.424543288324067257e-03 8.066426364572624281e-04
-1.857314148681053030e-03 -4.343461747151369486e-04
-1.324255319148935888e-03 -4.063310845874418243e-04
-4.592293906810036245e-04 9.542346133613878153e-04
-1.068181818181815996e-03 -1.032008830022065649e-04
-2.195421095666393561e-03 1.587452471482891187e-03
3.132281553398058929e-03 -3.973821989528791799e-04
1.417416189697466187e-03 -9.552443712246005969e-04
1.390472312703585917e-03 -4.971339239187073543e-04
4.033877551020409805e-03 1.425377305757409216e-03
1.393583724569642020e-03 3.353546910755146864e-03
2.594103392568662854e-03 6.735074626865695602e-04
5.019920318725294375e-05 1.204720087815587754e-03
1.357205623901584259e-03 1.925946862634257857e-03
-1.769808173477898164e-03 9.266259032796004625e-04
6.954397394136837716e-04 2.377952755905513114e-03
2.365307753796963303e-03 2.035420944558521700e-03
1.523618895116093247e-03 1.570720968629610607e-03
2.103829787234044214e-03 -1.103971318257032088e-03
1.975255972696255118e-04 1.097423510466990007e-03
2.850459482038430938e-03 1.681394207167402925e-03
1.174999999999998745e-03 1.243157894736843369e-03
-1.131962296486715416e-03 4.572490706319713672e-04
1.389865996649918521e-03 1.041430192962542519e-03
3.796554252199417761e-03 -1.075932017543858874e-03
2.206530612244897958e-03 -3.381374722838132048e-04
1.023668639053256640e-03 1.075914800655379967e-03
6.419716206123978787e-03 1.199512723335139849e-03
2.439024390243909010e-05 5.121887966804987077e-04
6.803633217993096567e-04 -4.983704508419333802e-04
1.949836867862971088e-03 -9.576416714367474168e-04
-9.653299916457796104e-04 -3.548057259713686073e-04
1.443172526574000710e-03 3.772582359192558365e-05
1.377186009538951305e-03 1.886243386243375295e-04
-1.827476038338656222e-03 1.258152173913053295e-04
2.820175438596492310e-03 1.738591549295775583e-03
-4.293597304128051427e-03 4.208690987124481938e-04
2.833973866256725687e-03 -6.760247052217848362e-04
4.713723776223779222e-03 -2.261018889524743782e-05
-1.135383386581468017e-03 -1.716931216931215332e-04
-9.832599118942740666e-04 1.114891243725599831e-03
-3.416869424168692253e-03 4.847052280311467962e-04
8.322841726618724050e-04 4.318955732122594076e-04
2.001959247648903324e-03 1.453757225433529449e-04
4.207125103562552558e-03 2.767070484581505294e-04
1.565424266455195520e-03 6.403980634749875580e-04
-7.996715927750424387e-04 -6.034841393655737121e-04
-1.511073253833047610e-03 2.361654555617676574e-04
-1.366906474820143687e-03 3.343717549325032575e-04
4.406710310965664666e-04 8.594409282700440000e-04
-1.958506224066387455e-03 -1.848737238044060628e-03
-2.674735915492959352e-03 3.950845665961954449e-04
-1.888329135180520212e-03 1.489550679205852010e-03
3.276904948939514828e-03 -2.800524934383183981e-04
3.667174409748670473e-04 -1.336813186813186512e-03
3.035216718266254502e-03 2.669529085872576323e-03
2.218570254724734365e-03 1.046166306695465098e-03
1.359920634920636605e-03 9.277688603531307910e-04
1.030958439355387580e-03 -2.122241086587326662e-05
2.103596559812354570e-03 2.326388888888902460e-04
7.014331210191098852e-04 -2.970459518599542054e-04
2.342264150943395087e-03 1.525401069518716535e-03
2.295573893473369913e-03 1.844919786096271505e-04
1.505622489959841659e-03 9.977851605758600653e-04
-1.708924103419515910e-03 4.828042328042336621e-04
2.163318777292576236e-03 6.443174984966935134e-04
2.319646968534152046e-03 2.327491785323143226e-05
-7.623604465709727046e-04 6.678397401191119801e-04
1.959234608985034457e-04 1.334252619966905468e-03
-3.355725190839693815e-03 -7.702394526795881867e-04
-9.387990762124711567e-04 -2.475893363584795795e-04
-2.302100161550866338e-04 -4.978925184404631632e-05
-1.293308890925753268e-03 1.803724928366762627e-03
7.436868686868699629e-04 -4.840021691973959267e-04
2.500000000000002654e-03 -7.293830177153325708e-04
4.051584077985379874e-03 6.837560712358349297e-04
-5.984251968503811331e-05 2.001821019771072348e-03
-2.438488576449885975e-04 -7.888774459320276348e-04
7.617942768754797827e-05 1.026968716289105785e-03
8.570300157977928145e-04 -9.874165382639926974e-04
-6.959247648902792613e-04 3.473926380368103669e-04
1.520750199521151303e-03 1.913347685683545833e-04
-1.934032983508244272e-03 2.046857463524131854e-03
1.730384615384616921e-03 5.432584269662938314e-04
5.587190082644632148e-03 2.388919514884236140e-03
-1.300411522633739578e-04 7.431525992174400604e-04
-1.491329479768786336e-03 5.331143951833622763e-04
1.661648177496038428e-03 2.336944127708096355e-03
4.662095984329098696e-04 2.217969598262758534e-03
-1.164205039096453883e-04 1.838133333333334717e-03
-4.072649572649556806e-04 -3.765466816647916799e-04
1.928112449799200111e-03 2.563725490196078812e-03
8.572474377745246390e-04 7.531285551763378886e-04
-3.760000000000003032e-04 1.284115720524018006e-03
1.417770849571316129e-03 1.545749864645371051e-03
-2.247706422018331391e-04 -2.760023242300925809e-05
1.033333333333332502e-03 1.850054525627045643e-03
2.155294117647061237e-03 8.693279724296392331e-04
8.430458430458628047e-05 5.878063010501754192e-04
2.390095569070375958e-03 -3.623580313683033701e-05
2.195318805488296211e-03 1.733578708946773407e-03
-5.117781155015182397e-04 7.034169781099840679e-04
-6.818584070796473648e-04 3.963616317530331014e-04
2.970358814352578626e-03 -6.938829787234039115e-04
-1.493404781533388612e-03 1.585318559556788114e-03
2.485806974858072432e-03 -1.910608508346794835e-03
2.872571872571871073e-03 -2.744999999999993539e-04
2.840170940170941034e-03 -1.279069767441848597e-04
1.667350287120592661e-03 5.096051227321242655e-04
3.721162185602778453e-03 -1.612293773283660948e-03
-1.012854609929076527e-03 1.894531249999999514e-04
3.471914556962031172e-03 1.095002905287625113e-03
-4.290518638573742605e-03 1.006175771971496921e-03
1.142911585365852072e-03 7.207828004410147919e-04
4.243792325056443596e-04 1.077005923532689463e-05
8.475559237779631402e-04 2.386735807860262265e-03
2.986633249791156223e-04 1.523268698060943399e-03
2.046274509803924172e-03 4.271468144044322855e-04
2.298882681564247236e-03 3.644067796610181540e-04
1.747359870024373053e-03 -1.685814455231929082e-03
2.918334667734188113e-03 6.525662718556119552e-04
-9.455535390199625804e-04 3.321680216802167396e-03
3.425880425880427349e-03 7.332446808510651717e-04
