1.209754748938992805e-03 5.306213323686685039e-04
1.450696501398597354e-03 5.847348638264659266e-04
1.457306484202689238e-03 4.742882580082434150e-04
1.254557166358196210e-03 5.808399403883908419e-04
1.490206969150231200e-03 5.542517661304294588e-04
1.221201800648940477e-03 4.738229873600929279e-04
1.607268574916112568e-03 5.527431108198249590e-04
1.392927905212908938e-03 5.231101617929780198e-04
1.511769309104673111e-03 5.446803878253673840e-04
1.540484403215347997e-03 5.790506398943586451e-04
1.332919323962664755e-03 5.785879589743921731e-04
1.577706904368582526e-03 5.448360145389336820e-04
1.410103581281284182e-03 5.807406112319796893e-04
1.428623919619590723e-03 5.413785038880174856e-04
1.379183654307738170e-03 5.301509904026795303e-04
1.156776203354302783e-03 4.999110074746174063e-04
1.278773116060894161e-03 5.389609407266207370e-04
1.204137476090871677e-03 5.322001831914629014e-04
1.641569135215280653e-03 5.674581248304718739e-04
1.251619460573909996e-03 5.029630590421322288e-04
1.340622765150726063e-03 5.341656087645452492e-04
1.436169395979017748e-03 5.637353922059477277e-04
1.273768028932005655e-03 5.101972618069742062e-04
1.387883251199854666e-03 5.674775775069075719e-04
1.239343077065348632e-03 5.263571134214247880e-04
1.472118317829150275e-03 5.923338789327905985e-04
1.285546284593770032e-03 5.058912661994371257e-04
1.267751877378400522e-03 5.896604071331622418e-04
1.379020113054870052e-03 5.215554898516641582e-04
1.375822556065613546e-03 4.971938723186832649e-04
1.295773105891390555e-03 5.750481890015575557e-04
1.559356609735808958e-03 4.906156095690369749e-04
1.402263973016868196e-03 5.263683011895937047e-04
1.345483877692287738e-03 5.360999022269482672e-04
1.524342823476500458e-03 5.635497514121900597e-04
1.065864129859307253e-03 4.968241311738419560e-04
1.482881089917310489e-03 5.043282685323690435e-04
1.394886916672487178e-03 5.358477974035411951e-04
1.163222908365086706e-03 5.042082389762127552e-04
1.413958664877278983e-03 5.367909219101108485e-04
1.555457126265949409e-03 5.596567749918355270e-04
1.245376663694878431e-03 5.941583477324906010e-04
1.763361782563162240e-03 5.366325516577070314e-04
1.403161354359904692e-03 5.740599220460432771e-04
1.299681855621667931e-03 5.427930320713822985e-04
1.519249807551727605e-03 5.485281215208203743e-04
1.394575690964116980e-03 4.627102027620276742e-04
1.470845246303863511e-03 5.543673202692098612e-04
1.390428004625219021e-03 4.530394841447069878e-04
1.402572779396812647e-03 6.080738136444236363e-04
1.580925125501681482e-03 5.748122570261186620e-04
1.419294387661854638e-03 5.385128327563213626e-04
1.515672620293062167e-03 5.172170312818518290e-04
1.525320344685257047e-03 4.682875915733763421e-04
1.450421658135996354e-03 5.923511400811178962e-04
1.440598060471356620e-03 5.531312011156487660e-04
1.396529150301065517e-03 5.576140838992704567e-04
1.387302377686828190e-03 5.739763426521413830e-04
1.588457950228942773e-03 5.152006841991697058e-04
1.320461281557663673e-03 5.048307186872596098e-04
1.400894527741503460e-03 5.519551015166901517e-04
1.238603257039101171e-03 5.207290305121510142e-04
1.584763263866939683e-03 5.860901912307952448e-04
1.510254896010353523e-03 6.245961160080996596e-04
1.438843440332604343e-03 5.795155046742886439e-04
1.199057046058204460e-03 5.460838955380608586e-04
1.456908494270470287e-03 5.395418190776179491e-04
1.241402823870497822e-03 5.365125602331599413e-04
1.293059606515177323e-03 5.760793502161956278e-04
1.264836177272886993e-03 5.148157838714171675e-04
1.534986527324520541e-03 5.316708948254185527e-04
1.351742201279932786e-03 4.663982395847735994e-04
1.319970943476233291e-03 5.546651808031351346e-04
1.331613134905941824e-03 5.736661949178257147e-04
1.469943686973187568e-03 5.049137242468826900e-04
1.427142939902829562e-03 5.570524148153440129e-04
1.479293323663091568e-03 5.148498619619540188e-04
1.481293553380266369e-03 5.259437744082076606e-04
1.323322326735145490e-03 5.656823274553985943e-04
1.451296021557552975e-03 5.506058518115788643e-04
1.328360851475185499e-03 5.645209863498058638e-04
1.317784182217898118e-03 4.841584694520355086e-04
1.198187250580008863e-03 5.721009856260928688e-04
1.216004755157699740e-03 5.629426312922140114e-04
1.422667906716721309e-03 5.434721902058182487e-04
1.043275079328828637e-03 4.957256338579231003e-04
1.403266608592308078e-03 5.366185810623790844e-04
1.513008348507885025e-03 5.728208047940067538e-04
1.446218505031199135e-03 5.302837697317941369e-04
1.321651454688376219e-03 5.013786619314490210e-04
1.476458685689315160e-03 5.540662227840250373e-04
1.391798021768396627e-03 5.218912778083974018e-04
1.472028627186679553e-03 6.239915852366824216e-04
1.162333523890055021e-03 5.037528059942038847e-04
1.561497865994405324e-03 5.589391089840106686e-04
1.366648812277152696e-03 5.934445578700896879e-04
1.328788126365077274e-03 5.539731013416778101e-04
1.485053801505130779e-03 5.133534680226493115e-04
1.482097585186202158e-03 5.616994210501460600e-04
1.329450495634579852e-03 5.703369095839493476e-04
1.324297984756609261e-03 5.514136928341082820e-04
1.405547141310370569e-03 5.555991077210376472e-04
1.439230651475098804e-03 5.176104002089594504e-04
1.504226998811083972e-03 6.006967015855515461e-04
1.306235403506802182e-03 5.326993829834799753e-04
1.390830246897196282e-03 5.061672810015738645e-04
1.194900094627567759e-03 4.952975051135016012e-04
1.184932781180242974e-03 5.167068686924620622e-04
1.883250849253279187e-03 5.335607902907892790e-04
1.260288323781230159e-03 5.532403113119355219e-04
1.367453491336852525e-03 5.605686124874594087e-04
1.199526083119024488e-03 5.781389367414045645e-04
1.505953014259833311e-03 5.226046001490987922e-04
1.433876451004154323e-03 5.259247610916518208e-04
1.580573948472195579e-03 5.458786726649927923e-04
1.489010949021379523e-03 5.781089592029426891e-04
1.279340686473573853e-03 5.332753201301509505e-04
1.589414240743611392e-03 5.450809703587857066e-04
1.165815949242539991e-03 4.988110795194660363e-04
1.356462048862657529e-03 5.987758512561689199e-04
1.377608632811288180e-03 5.268786183060098459e-04
1.422310309683692082e-03 4.888748382566349311e-04
1.381819503745993979e-03 5.696037061977271554e-04
1.352394731707773617e-03 5.566516564007281719e-04
1.402089248862443049e-03 5.150830202150590660e-04
1.701811005079213865e-03 5.563832020928651499e-04
1.413432472691601629e-03 4.924632144993660275e-04
1.393253410791162918e-03 5.497965217991420545e-04
1.191516060386926465e-03 5.229877358407786486e-04
1.344824184445839134e-03 5.243963536050704616e-04
1.342841431860260877e-03 5.436713886681587664e-04
1.348657017193174035e-03 5.553482015602227186e-04
1.233617744926112118e-03 5.648248902420701777e-04
1.234291470471532816e-03 5.735793982072706024e-04
1.126591758959460086e-03 5.355504829137052066e-04
1.531550022346204760e-03 5.230698255759290470e-04
1.285295420449138496e-03 6.045534388599911775e-04
1.615546524113519551e-03 5.723380551654114450e-04
1.232678681088617218e-03 5.005764500017670501e-04
1.247923370590885844e-03 5.544584404221849106e-04
1.276128454628215354e-03 5.373401895626379139e-04
1.689602371606584164e-03 5.555553812721605476e-04
1.230760187578364530e-03 5.011963054825691218e-04
1.273091049721421708e-03 5.208447401194832944e-04
1.204251417149488929e-03 5.093812276491509888e-04
1.477601034789196958e-03 5.706892045695569158e-04
1.321866815582269572e-03 5.612722064308035786e-04
1.365530306000012654e-03 4.744209905385843979e-04
1.477478742710308787e-03 5.573739523678636126e-04
1.302992212339124795e-03 5.576498143174159206e-04
1.243152184083288299e-03 4.846734253940175640e-04
1.491214482619677550e-03 5.289346967721739222e-04
1.266101739605374286e-03 5.203755841198678218e-04
1.497753629817017871e-03 5.163737229026740122e-04
1.457255794160130201e-03 5.995162942698691304e-04
1.341331524126045593e-03 5.698320756623901327e-04
1.320480696796701679e-03 5.305341265594554472e-04
1.367942138362201934e-03 5.809038188049655800e-04
1.537592457671547530e-03 5.777588559180167399e-04
1.552381545685991432e-03 5.567288092214260197e-04
1.409773632648365351e-03 5.900417905890602797e-04
1.324788711586471525e-03 5.475726705471827428e-04
1.452191223832255710e-03 5.880979615194106315e-04
1.395217634149648620e-03 4.874632972242602777e-04
1.277561654940626663e-03 5.486156273534390729e-04
1.294169532696596431e-03 5.420996855611210979e-04
1.349105529687514519e-03 5.466055258990165297e-04
1.270247580766597096e-03 6.036555767880462864e-04
1.545637946892929396e-03 5.034245446669652129e-04
1.421803401750507991e-03 5.325078799893409338e-04
1.493594020275428903e-03 5.364034872550042148e-04
1.403332461759028774e-03 4.859209651214512729e-04
1.345538439058467607e-03 5.022377892000129537e-04
1.613236334801630961e-03 5.870332134339439553e-04
1.359839791157176720e-03 5.241927746527334916e-04
1.539333936129630345e-03 5.616926377090959537e-04
1.287830892368040363e-03 5.129388777173536597e-04
1.224392049572255517e-03 5.521217039649568923e-04
1.478316136420681961e-03 5.524427417633379208e-04
1.482631674372120525e-03 5.418666850903249704e-04
1.357783831264416236e-03 5.148746563887062096e-04
1.639099217574227279e-03 5.489166873235795489e-04
1.282298492955681341e-03 4.948195924068544407e-04
1.356847960670741959e-03 5.276956595132649723e-04
1.427902941490889364e-03 5.110255822641004541e-04
1.369551791548678050e-03 6.063108314467202708e-04
1.730380640510251720e-03 5.527641919169215589e-04
1.481847195354265212e-03 5.789527546848796755e-04
1.511541646333971296e-03 6.017267656221719080e-04
1.351445756420111607e-03 4.896829185606125200e-04
1.344857183013476202e-03 5.638200631739268432e-04
1.478239001187677242e-03 5.932072274751733557e-04
1.224875321164135703e-03 5.279806562592926191e-04
1.408883232317564155e-03 5.408306198505626527e-04
1.477609416234849059e-03 5.686075893052696751e-04
1.307746973970446650e-03 5.698701557837873360e-04
1.427827822627807022e-03 4.900267978075274668e-04
1.433136515109907638e-03 5.534648974519517685e-04
1.360379870721533605e-03 5.033489268770174451e-04
1.613426195334054757e-03 5.065992364606659816e-04
1.247350442454256544e-03 5.436726830656717687e-04
1.678553137636570490e-03 5.613275318581607311e-04
1.428379236543763546e-03 5.414585060989779170e-04
1.576597705753782349e-03 5.296125721140062864e-04
1.299809653442753760e-03 4.736311505095412645e-04
1.229864755551874755e-03 4.915765486948166577e-04
1.345631665152965603e-03 5.234307835827728536e-04
1.325256397038697843e-03 4.978826013313624723e-04
1.300698817380490854e-03 5.147288320189349724e-04
1.459006802182372066e-03 4.960134776562607995e-04
1.327449317088855900e-03 5.561487018694077694e-04
1.302212520748314336e-03 5.282673480222417920e-04
1.187695058377202925e-03 5.613918546521072831e-04
1.736130674248779430e-03 5.076495691875490806e-04
1.164897849300867505e-03 5.212272862759240568e-04
1.315367198291827848e-03 5.581184192886976458e-04
1.234627409488316162e-03 4.557885386391010351e-04
1.417406041332668152e-03 5.793965693694970052e-04
1.545863108051467915e-03 5.157576472003283117e-04
1.385476646268212625e-03 5.572891183263591107e-04
1.363820327748644159e-03 5.462790756501648354e-04
1.423583307344332026e-03 5.162947305802750289e-04
1.674248708222054929e-03 5.596235277858592656e-04
1.623692205879433007e-03 5.666557261422863843e-04
1.177014082173537821e-03 5.084864302820071239e-04
1.380988942395756144e-03 5.167040786735398964e-04
1.356048149985811637e-03 4.934063532513607245e-04
1.292939755661847876e-03 5.225764387644815266e-04
1.261285692486422598e-03 5.529891133489801998e-04
1.538946476434599909e-03 5.227706464177400659e-04
1.412568364011707609e-03 5.326794801858557998e-04
1.385019772441261265e-03 6.033589903212573102e-04
1.560155995931977431e-03 5.681317842371555070e-04
1.430058862225413356e-03 5.227650132729591342e-04
1.494265117424436540e-03 5.458761385090800085e-04
1.352317191367688421e-03 5.201721250562616307e-04
1.339160587869422459e-03 5.244713608175033577e-04
1.343529399466863875e-03 5.625273534028789584e-04
1.311803321860764661e-03 5.276306926381356096e-04
1.119043994970151529e-03 6.061723272939721803e-04
1.267417072290140303e-03 5.315950516582884817e-04
1.200097985549610901e-03 5.027223838087816745e-04
1.312370436673043197e-03 4.877353077329426895e-04
1.363913455522231715e-03 5.269540379571566744e-04
1.359831901487357133e-03 5.147268515128220227e-04
1.251180686567497256e-03 5.575191908724938354e-04
1.411449846977508912e-03 5.535817337947595857e-04
1.374919316992795999e-03 5.935428719553209522e-04
1.454958253104909980e-03 5.540436660627392996e-04
1.478257355681218167e-03 5.693561727492367107e-04
1.296060889017546782e-03 5.323173782583334344e-04
1.474912944074912528e-03 5.136316257232453148e-04
1.393881260373130634e-03 5.081649152489492970e-04
1.338500403195794523e-03 4.943938330543062908e-04
1.282965703993745304e-03 5.697569596420105345e-04
1.559287242996525808e-03 4.734437540036600593e-04
1.243082586365629183e-03 5.024266541238919239e-04
1.573795739693000439e-03 5.941751612493874953e-04
1.405663070951670458e-03 5.176232004025640510e-04
1.105420340279123208e-03 5.852074301290060036e-04
1.237256842773969481e-03 5.030187201350938509e-04
1.222140184190957006e-03 5.393890800347454686e-04
1.406615160401410852e-03 5.405384951557666703e-04
1.502777372100393962e-03 5.467554589552086957e-04
1.250251832000345972e-03 5.752975688355297908e-04
1.203786343010465392e-03 4.890457055216196596e-04
1.508547304839045122e-03 5.625580625198092115e-04
1.302815998226138821e-03 5.544113311405834748e-04
1.347936785101340375e-03 4.988291081879365867e-04
1.362340166616984394e-03 5.919004231781657081e-04
1.561840463467869655e-03 5.881351828697878271e-04
1.486001845122909837e-03 5.705413072046427309e-04
1.469689888777856151e-03 4.971617922386940055e-04
1.343824230150911974e-03 5.518226411678615233e-04
1.544227469123421546e-03 5.388837360124893285e-04
1.401670400350545510e-03 4.974781923536092604e-04
1.354003043502517234e-03 4.922779214487587153e-04
1.544182568338999841e-03 5.248083210602327419e-04
1.348397643639923787e-03 5.360664257056645945e-04
1.314069915768655309e-03 5.341630649483177081e-04
1.493108683251763479e-03 5.497463507543473788e-04
1.647837683958244294e-03 5.529366925679789517e-04
1.748907868828266125e-03 5.836976376559317378e-04
1.493275256097935681e-03 5.668307488682857885e-04
1.280880505183136292e-03 5.085973783703166958e-04
1.564235801124820536e-03 5.560377519427036350e-04
1.188450660954203878e-03 5.284699270772585467e-04
1.407912763709438016e-03 5.413250408466240959e-04
1.377861073797917836e-03 5.833118964249415324e-04
1.274623538608753636e-03 5.701483534907615409e-04
1.484794875689621294e-03 5.243880752702543115e-04
1.253521651483280146e-03 5.204920616220667191e-04
1.200371397458625681e-03 5.077030518435885322e-04
1.635389150905557695e-03 5.706772662348781220e-04
1.235678617908176702e-03 4.847386433457776585e-04
1.195508896537224742e-03 5.578707101700893173e-04
1.425272873020948065e-03 5.811898396907425783e-04
1.350693281385709470e-03 5.205686868203506000e-04
1.575909773077706138e-03 5.900251739654536857e-04
1.416326433723247291e-03 5.542342153129815483e-04
1.523458132620756494e-03 5.180412811974209348e-04
1.369833727356813005e-03 5.690604512172549962e-04
1.405843633231253827e-03 5.979372560944858864e-04
1.344985026565003383e-03 5.589536706356524253e-04
1.031008369245588890e-03 4.762606543365225167e-04
1.769397828469693916e-03 5.268524385326363822e-04
1.330446485279928540e-03 5.945311009576517746e-04
1.374993430488376852e-03 5.555352777037454292e-04
1.440374164398981098e-03 5.377620490494873506e-04
1.393518670811959856e-03 5.525483289411133167e-04
1.404777840011287157e-03 5.385016251365373026e-04
1.497737918407856129e-03 5.332944535600832835e-04
1.163207531709776338e-03 5.659887480860930882e-04
1.404434617106766489e-03 5.606869044644205869e-04
1.638035235579370823e-03 5.443432641862576979e-04
1.400162964651971735e-03 6.041040555290997120e-04
1.407174420098305069e-03 5.491607629985823186e-04
1.285437984294762184e-03 5.844376240533623052e-04
1.490839926908807834e-03 5.665850684767312134e-04
1.248068652130039820e-03 5.839645437953690536e-04
1.337646064510840524e-03 5.382748247811819809e-04
1.219393026377010207e-03 5.134409378084268255e-04
1.528865936780100018e-03 5.884599846307905823e-04
1.483752347910023781e-03 5.852928338371086872e-04
1.163343654910157414e-03 5.265355136638631391e-04
1.521884306921872290e-03 5.694121302545620622e-04
1.229035147842568983e-03 5.420054148310397705e-04
1.409403210661282950e-03 5.987326217174842842e-04
1.380923193299653674e-03 5.444300772432562148e-04
1.484870664073709764e-03 5.852007759878870329e-04
1.172972945480701100e-03 5.163309225093037132e-04
1.411565292258668046e-03 5.758002530692096950e-04
1.210078920167744366e-03 4.695402999204880291e-04
1.442836997500717951e-03 5.188143327948358885e-04
1.437407155106480532e-03 5.262186252563885031e-04
1.355613350663157452e-03 5.074942774575492760e-04
1.383004914573717284e-03 5.925198425598269310e-04
1.543791014575261224e-03 6.157951960546485717e-04
1.225503952317773867e-03 5.888175421101136866e-04
1.309688457563418186e-03 5.018850879635666437e-04
1.347989934502323139e-03 6.048841139568312533e-04
1.398166464077101132e-03 6.350285776254418818e-04
1.626334221844667098e-03 5.507180542260872247e-04
1.307770909708563453e-03 5.689440578647114418e-04
1.490483462909768589e-03 5.450865254655058159e-04
1.137107576951217969e-03 4.534184776952841279e-04
1.374565360187148888e-03 5.117853400110563720e-04
1.273103523726655615e-03 5.018749819706412206e-04
1.451881138330342975e-03 5.678974021196814530e-04
1.360021173006142501e-03 5.563728532446039505e-04
1.577066133114421844e-03 5.656947827449323963e-04
1.517178958436391769e-03 5.361643469243326842e-04
1.265559572242508238e-03 5.158397852876776910e-04
1.649520832160070909e-03 4.979831661025381018e-04
1.126717502413759420e-03 5.412350294716493414e-04
1.372048870534303992e-03 5.453546281916982685e-04
1.345344609336813699e-03 5.591596112855308108e-04
1.461780257109122601e-03 5.167422254328108127e-04
1.458884378915140502e-03 5.780558599382415539e-04
1.432069520993446742e-03 4.723528656589753220e-04
1.519272207045459233e-03 5.426261250868775338e-04
1.630690763997199016e-03 5.507611443232613303e-04
1.256867991396932701e-03 5.567629698945929500e-04
1.475143751459719044e-03 5.303569734155357332e-04
1.696681610334058480e-03 5.571182681999829484e-04
1.671145617450161495e-03 4.719034971044887283e-04
1.571128034123128563e-03 5.653158184155793837e-04
1.592857306684619580e-03 6.179157799295276676e-04
1.545313744310102900e-03 5.523612772930903102e-04
1.822053547192856475e-03 5.650873533531152468e-04
1.332606248749194922e-03 5.610510323575234725e-04
1.539579561480075229e-03 5.625036399218195319e-04
1.181354408973436408e-03 5.189887039954891408e-04
1.378945880764940709e-03 5.482767692573391367e-04
1.377630237110813319e-03 5.317616386231489986e-04
1.431387769080099412e-03 5.213384747747731949e-04
1.473451921795383701e-03 5.258802138125908418e-04
1.166197032946913754e-03 5.308414313740903064e-04
1.467252341727007204e-03 5.644729408800536630e-04
1.476326969756940792e-03 5.785886644929158756e-04
1.277951495002383744e-03 5.107346807260861694e-04
1.564189303685385116e-03 5.333961536412091305e-04
1.363393426532661691e-03 6.285074998599179345e-04
1.453214302171255664e-03 5.736218418537950784e-04
1.378570876539366016e-03 5.501012963724563045e-04
1.330450485990995442e-03 5.479594209430120990e-04
1.310835037350693063e-03 5.350571038381358134e-04
1.371398384338209930e-03 5.027427972733667164e-04
1.170177554251699984e-03 4.851471524196880993e-04
1.551946785322670620e-03 5.436671350387298294e-04
1.390255359940567549e-03 5.745812003943201766e-04
1.394393491360389073e-03 5.231532439902343177e-04
1.582390172241422656e-03 5.363323971490072985e-04
1.564705548442556129e-03 5.437306146546900740e-04
1.340630425134352625e-03 5.213171649905235048e-04
1.404849017146568568e-03 5.744896426635710904e-04
1.112377520016251094e-03 4.893003447512713888e-04
1.449698727354607882e-03 5.345575163672499144e-04
1.373130086472514446e-03 5.707784462972137875e-04
1.248155630758861516e-03 5.269967241103128966e-04
1.437526225257345063e-03 5.312821889127166330e-04
1.361365460682108144e-03 4.909149286065535864e-04
1.402916172343101958e-03 5.154978795902283046e-04
1.544931518270333372e-03 5.412903153736198410e-04
1.473248204613356559e-03 5.266845781765323951e-04
1.356611038152797950e-03 5.481073196725450968e-04
1.448280576858879164e-03 5.739356700248543107e-04
1.595806797377936643e-03 5.574901507453359226e-04
1.199974329936904322e-03 5.350471086985850470e-04
1.235507115541611706e-03 5.066822693293232191e-04
1.382470544088855143e-03 6.143790757856035624e-04
1.341629752579161531e-03 5.579714473246194994e-04
1.392130290632490833e-03 5.349545241343711330e-04
1.141672384461676513e-03 5.168276867098277588e-04
1.370833109350240355e-03 5.640177172847527431e-04
1.460563713705228606e-03 5.708710684624154546e-04
1.319388786743432235e-03 5.809193995592517321e-04
1.529740501250247174e-03 6.035901490135521345e-04
1.314474064847905629e-03 5.390895665405377648e-04
1.349422353988385340e-03 5.187462751677651435e-04
1.117209042355722746e-03 5.666664950315356865e-04
1.853519561130527547e-03 5.191083956922902445e-04
1.312585219246798461e-03 5.900607995846683315e-04
1.446544475571225324e-03 5.365654714220563634e-04
1.506328736691488982e-03 5.439596363212057971e-04
1.317213396986206299e-03 5.353313601741279369e-04
1.533961425685184720e-03 5.437293344150955074e-04
1.438982081630685826e-03 5.003059626902436451e-04
1.216461428137777462e-03 5.392830424245713362e-04
1.619872863321762451e-03 5.992216992076473351e-04
1.321077500493043422e-03 5.235457866151898036e-04
1.416335479596314822e-03 5.367784399064928682e-04
1.410358953582142080e-03 5.436345460452340732e-04
1.352200421911118472e-03 5.293514536135404550e-04
1.403959784152104557e-03 5.433160851506914704e-04
1.487760621399820135e-03 5.661018790773691186e-04
1.561095005862388890e-03 5.183086597792451117e-04
1.276884765893499711e-03 5.835662146797924868e-04
1.576314717393461360e-03 5.451618424976463614e-04
1.305895347473710021e-03 5.300811461106023047e-04
1.174608566985744758e-03 5.269123798970293477e-04
1.334768780793675223e-03 5.880953473298872495e-04
1.571187195154333813e-03 5.358232174004716984e-04
1.707775178973774954e-03 5.168690384384971642e-04
1.362966162527381704e-03 5.290297118367336343e-04
1.342435066368821359e-03 4.891804665403732578e-04
1.254377948238101417e-03 4.955683716003827849e-04
1.381716118696796163e-03 5.536342383598815342e-04
1.245061170829886909e-03 5.113602059017920186e-04
1.320241499113878041e-03 5.872158303850843510e-04
1.427212957528171304e-03 5.613302332753125536e-04
1.278260568396080666e-03 4.934462091900509474e-04
1.392312151585286140e-03 5.363165723543282179e-04
1.322326185491784012e-03 5.567287763479314032e-04
1.573635194558949775e-03 6.024016937369559236e-04
1.503707489247930540e-03 5.911935484092820190e-04
1.354394871649683071e-03 5.517710488836458831e-04
1.146700236549142316e-03 5.516571576068565958e-04
1.525525691835687928e-03 5.720879534154515002e-04
1.431104127272529855e-03 5.041790644159085868e-04
1.254610724306956830e-03 5.496922309465075316e-04
1.377921378277010894e-03 5.835263122983778148e-04
1.414838550801518187e-03 5.730855496791493987e-04
1.151658189077050306e-03 4.807425191167155284e-04
1.524589379071904531e-03 4.924812111758421294e-04
1.338848187476800265e-03 4.924644616104781065e-04
1.227068260186947287e-03 5.380638440596547181e-04
1.260664459611121396e-03 4.880907772213393140e-04
1.242539945965232331e-03 5.462898401884971585e-04
1.451011375513940787e-03 5.354326938689028380e-04
1.333023340779543060e-03 4.977746948227979116e-04
1.253472762762832980e-03 5.857359548341932540e-04
1.488065567766330265e-03 5.701336793144881360e-04
1.054616328899003709e-03 5.111197741504759119e-04
1.413239360033967645e-03 5.358328594051401262e-04
1.202349018845319528e-03 5.349363116298272653e-04
1.395572634950099965e-03 5.330164494320036375e-04
1.450815102624970852e-03 5.583055137071448988e-04
1.178524401054639389e-03 5.433063028748481588e-04
1.408096891895802612e-03 5.703572706729883235e-04
1.370073785381536796e-03 5.339623564499782794e-04
1.333388917317502144e-03 5.545159228658667330e-04
1.422830576449780633e-03 5.695361292194359767e-04
1.608263432836035643e-03 5.662505830410112170e-04
1.559595933449593654e-03 5.208488463999300403e-04
1.646638881622996793e-03 6.017152756886365869e-04
1.493194483972300809e-03 6.051690286277294382e-04
1.597987935086463487e-03 5.585891592821948162e-04
1.396393313222304760e-03 5.463949591660471113e-04
1.427079879775354932e-03 5.100692623071930408e-04
1.249273882363232139e-03 5.273036926321572658e-04
1.354232654057746467e-03 6.171672936256365630e-04
1.348611840569404223e-03 5.417084147520659278e-04
1.401704026831638618e-03 6.017044602037202898e-04
1.238293365482402925e-03 5.185589589588409558e-04
1.446157641003673533e-03 5.006947049456065418e-04
1.678300882643060177e-03 5.281429321117758931e-04
1.509658200458338390e-03 5.682769494519721671e-04
1.345442736433505402e-03 4.710134476780620453e-04
1.389297414880388999e-03 5.435449913628963682e-04
1.246365481976057952e-03 5.515633699777771791e-04
1.269013255305044292e-03 5.241939316857248269e-04
1.415416582304715584e-03 5.827994262726537327e-04
1.248937418037248791e-03 5.145298015543609774e-04
1.432411576736317528e-03 4.855970581298266284e-04
1.485245491921629354e-03 4.873234989472913161e-04
1.342596630014172929e-03 6.059711877533981855e-04
1.373199861036968799e-03 5.691126390414621983e-04
1.219197429751510842e-03 5.309634460599340711e-04
1.314828964056167452e-03 5.349075615535602100e-04
1.436918913306860831e-03 5.170584458736714618e-04
1.270575253142692054e-03 4.818679604478579362e-04
1.305392500220339379e-03 4.887634528183313568e-04
1.512921123364798382e-03 5.346667518710530951e-04
1.502062008539577871e-03 5.258395928488518835e-04
1.419507140455736208e-03 5.638420296584522890e-04
1.418543559853752307e-03 5.965967969780359937e-04
1.593586135305924585e-03 5.592490324593713978e-04
1.529031839038752245e-03 5.697570868674362585e-04
1.575292065894234568e-03 5.502539084005316676e-04
1.267498028819056665e-03 5.547912639624253848e-04
1.071124358881065395e-03 5.220274179247768112e-04
1.124588641793438423e-03 5.234350209973675193e-04
1.283916528214217555e-03 5.603966682518676931e-04
1.421959421161169074e-03 5.859192848760049052e-04
1.366426240955528762e-03 5.141425079562928976e-04
1.258904571404324173e-03 5.132625993773973303e-04
1.309055024335736275e-03 5.857235406551913144e-04
1.344072513209324839e-03 5.142912915029431483e-04
1.442528610431964304e-03 5.231803688333578868e-04
1.377790936169711895e-03 4.805276271278446248e-04
1.420572756876635305e-03 5.207498401630969009e-04
1.360149871291981222e-03 5.735078286196725614e-04
1.354845593717866241e-03 5.381316912998532600e-04
1.332646874937084202e-03 5.446335185467088150e-04
1.415906971139282468e-03 5.477075468325789259e-04
1.300130520989695865e-03 5.207794430155514038e-04
1.337334654995841121e-03 4.708474443558448579e-04
1.509627182409415411e-03 5.392076517329863613e-04
1.326903022931582568e-03 5.437395621601358309e-04
1.266715606963607701e-03 5.281486396393797510e-04
1.502972962189557836e-03 5.960774427452456090e-04
1.236918410711381833e-03 5.175486778788699520e-04
1.315340679660324461e-03 5.067147470848981910e-04
1.387887336716373725e-03 5.405930308737083405e-04
1.208612262454171211e-03 6.042735258276585482e-04
1.502000162668768075e-03 5.948065626203786951e-04
1.317319406201569731e-03 5.647738821918321401e-04
1.268680962688766706e-03 5.139853606717357561e-04
1.331873451042000969e-03 5.402310861510594428e-04
1.362069666589774304e-03 5.595190070769042422e-04
1.348716464425851747e-03 5.389899815823274900e-04
1.174493005976699148e-03 5.530464712795417218e-04
1.497405802305629315e-03 5.008379408300366693e-04
1.361777231546528041e-03 5.799738937074196046e-04
1.267667237588423644e-03 5.351861439556194469e-04
1.469982641502397963e-03 5.725803210720273057e-04
1.270756155074110726e-03 5.772609625895443273e-04
1.392556814600962077e-03 6.148457310795165179e-04
1.301540888328887131e-03 5.689589549437635467e-04
1.373038151688675112e-03 5.894373705709063729e-04
1.199208330709302609e-03 5.804519067889698158e-04
1.212583760294018865e-03 5.137564232083189535e-04
1.554176572214934068e-03 5.936812405900441809e-04
1.696178034965957655e-03 5.347931007844468560e-04
1.471012999653591082e-03 5.063542192480522059e-04
1.379990782664392707e-03 5.145553006405969264e-04
1.439813047329041801e-03 5.010871132018403663e-04
1.406695822031611958e-03 6.044580392112940343e-04
1.346822987310665205e-03 5.994799190624379003e-04
1.446710508699281406e-03 5.627927966323759525e-04
1.232249885397038603e-03 5.214459212567733879e-04
1.407578393945916077e-03 5.519036786446365446e-04
1.277318098819061167e-03 5.442868379971075232e-04
1.323496100938562157e-03 6.132855139802684827e-04
1.632601879305298946e-03 5.184466531207889946e-04
1.183192580322035012e-03 4.853527622988240914e-04
1.317149484459402380e-03 5.187304591946607186e-04
1.344297867253442177e-03 5.711084902933101504e-04
1.555972388787960244e-03 5.369557096774301959e-04
1.374212500634326619e-03 5.161643095305842692e-04
1.206406113393921134e-03 5.244979048121127833e-04
1.396592429226831914e-03 5.776625441282986790e-04
1.657281666844784068e-03 5.628160684687942734e-04
1.478900891121884839e-03 5.454595529612991283e-04
1.347737686158328833e-03 4.799442089358865477e-04
1.262487866953567166e-03 5.932775500277657566e-04
1.488661344281180451e-03 6.081497888574747797e-04
1.315639968972510477e-03 5.431374486551725439e-04
1.349742069270678298e-03 5.534444338128522269e-04
1.323127641185362080e-03 4.531790222686423396e-04
1.247212903703209851e-03 5.515278447342841566e-04
1.441399382414030456e-03 5.072492014400691420e-04
1.504215814699996637e-03 5.484219957411772288e-04
1.353564343189241157e-03 5.771381122577320163e-04
1.564878581756241937e-03 5.784289459991610307e-04
1.188155337530999878e-03 5.429983949909686922e-04
1.305999719856922514e-03 5.188978926540014323e-04
1.183207652465301544e-03 5.454306443919568551e-04
1.355505779615173972e-03 6.191348461325422037e-04
1.293892843425744222e-03 6.239237810286404938e-04
1.393143893990315919e-03 5.318823769624521532e-04
1.191291796323841858e-03 5.134545254949590644e-04
1.201720926480478579e-03 6.032580298216802441e-04
1.204431353396681441e-03 5.341220412313834806e-04
1.309485337855668561e-03 5.702920879298246839e-04
1.301197202130084619e-03 5.226573898429261091e-04
1.330471625254884714e-03 5.373680001129740652e-04
1.484986269302454240e-03 4.927740716852358404e-04
9.859405370138856536e-04 5.841065741075034340e-04
1.532438989643553854e-03 5.011066035514104245e-04
1.335253358860185495e-03 5.139644383877127421e-04
1.477033873828282511e-03 5.727460696324784481e-04
1.284757209723949665e-03 5.440988331848449228e-04
1.513728311590727604e-03 5.160278488733247796e-04
1.448559805964138615e-03 5.472628096279629449e-04
1.588188332955064704e-03 5.682909842115924830e-04
1.214056555246408780e-03 5.327659150266964884e-04
1.430437270965326680e-03 4.710738747808321573e-04
1.223647026341417778e-03 4.943677036570871385e-04
1.428105442278558004e-03 5.025645251722528481e-04
1.154601718737893745e-03 5.175603169544365717e-04
1.060152238335166459e-03 4.626078174977859073e-04
1.378260703489203598e-03 5.469021715612795492e-04
1.192674735857376890e-03 5.539396350939632422e-04
1.428334122546625696e-03 4.665666480470887206e-04
1.358192573188318894e-03 5.547910430118894141e-04
1.703001795019466269e-03 5.556488171753325590e-04
1.245520733239119555e-03 4.921680488414778131e-04
1.164900975930810737e-03 5.406992028811651637e-04
1.565591252681474994e-03 5.849871854194928309e-04
1.226423509744751540e-03 5.561872310538940956e-04
1.406965899909002173e-03 5.557560668858352185e-04
1.438062877677599369e-03 5.397798368838074758e-04
1.134153980641442990e-03 4.693019005946486456e-04
1.458367314566646946e-03 5.524212165868543425e-04
1.287161971380067953e-03 4.993522242155253770e-04
1.495669439230518311e-03 5.681656247572940003e-04
1.283838331538603248e-03 4.800417902800989639e-04
1.478557213438968241e-03 4.991851193458560860e-04
1.533270362715828498e-03 5.423531424403734910e-04
1.199214102886678873e-03 5.476471375180310980e-04
1.284386423230392130e-03 5.266169742623598481e-04
1.293328459372173386e-03 4.577450517890761360e-04
1.645043329704421646e-03 5.690614296404462044e-04
1.488568439594390846e-03 6.211128032400322664e-04
1.296210573020805399e-03 5.833698025866172060e-04
1.443948332327807870e-03 5.302745122152763366e-04
1.308189424768504408e-03 5.686591856848296047e-04
1.567161268537318759e-03 5.166116033587470156e-04
1.464621469779368553e-03 5.399610950971318185e-04
1.226274246609573328e-03 5.856236564492640472e-04
1.614868299016792436e-03 5.604732591364337997e-04
1.467940760065649785e-03 5.681610621185137532e-04
1.484061647151919787e-03 5.910305307924541363e-04
1.188646795179558934e-03 4.416448436719096118e-04
1.438208829508197005e-03 5.581618944785275401e-04
1.430864320674284226e-03 5.297523632481330493e-04
1.308075618403613380e-03 5.744893681473666174e-04
1.355336660813106229e-03 4.889669558049062172e-04
1.205588440785225219e-03 5.477049097901559582e-04
1.463743660200040892e-03 5.592870260099464755e-04
1.683559218955057914e-03 5.951315757045051637e-04
1.267141022579900897e-03 4.821052194978882690e-04
1.383287798896174446e-03 4.854446801269973332e-04
1.422902298827954113e-03 4.858435212168562591e-04
1.275279573989518932e-03 4.849071087957208836e-04
1.230765412963083418e-03 4.882852287722171851e-04
1.254429909367048073e-03 5.268675261403695355e-04
1.712327303772511302e-03 5.209353787723296214e-04
1.527099116530461140e-03 5.625392080129139978e-04
1.553358433670601292e-03 5.442048394668779106e-04
1.579534592164152191e-03 5.387342934674106600e-04
1.379599487308111848e-03 5.414524494489573190e-04
1.481952789620110972e-03 5.174042826236097993e-04
1.674027057386428315e-03 5.857966279968965370e-04
1.361125165613893831e-03 5.054047509962049899e-04
1.730664033117072483e-03 5.281730698993853789e-04
1.242188414431714830e-03 4.527885790817918793e-04
1.487067888762652569e-03 5.530598429007929509e-04
1.465418982904700788e-03 5.641473129207024567e-04
1.154880995393735808e-03 5.080911576969678002e-04
1.311428053640604661e-03 5.884897750910716031e-04
1.186064975656481732e-03 4.845007459589464275e-04
1.443020391919337415e-03 5.322703774261603642e-04
1.452782629728451578e-03 5.892563357540650916e-04
1.154324748875182110e-03 5.348562577528836017e-04
1.275930915719321107e-03 5.658444645538346623e-04
1.363108756704794339e-03 4.670777425073619512e-04
1.305750491051391876e-03 4.717063552962117356e-04
1.212249774740554575e-03 4.708173812671361913e-04
1.368969431087375694e-03 5.323707745354384988e-04
1.154896757889545700e-03 5.622625383913160179e-04
1.259813208219047291e-03 5.957697111079594170e-04
1.538859824386588568e-03 5.480629229675717130e-04
1.261852122007146295e-03 4.801523837859802838e-04
1.189272857582387164e-03 5.177004936566630263e-04
1.196548974325779531e-03 5.238519784237548674e-04
1.401511847578778896e-03 6.013818189312942044e-04
1.258476167742762081e-03 4.661942830148179230e-04
1.502622936689437718e-03 5.733726379420797485e-04
1.629067185844168932e-03 5.350931018880636814e-04
1.568178419415549099e-03 5.378523217881061571e-04
1.336619386156760476e-03 4.873377502834081690e-04
1.356507264829491088e-03 5.396749199242025386e-04
1.216698588772387396e-03 5.905197229677015087e-04
1.316733818738930438e-03 5.504876183220633670e-04
1.398287411287387405e-03 5.429195246721705073e-04
1.670722659740059160e-03 5.926499964195150374e-04
1.492474895700017555e-03 5.538650665817672911e-04
1.555331079439592565e-03 5.880529675859119329e-04
1.161954422958665903e-03 5.985018182335016595e-04
1.117422252576937306e-03 4.745627336589621826e-04
1.413590446413985581e-03 5.780257172055961509e-04
1.324061153256185161e-03 5.448615623910456254e-04
1.697176473913546754e-03 5.883264180788175691e-04
1.241257218296475682e-03 5.279856931670515565e-04
1.331949351367442760e-03 5.322121241549993302e-04
1.199537545563014989e-03 5.162105042834637478e-04
1.223440250359062158e-03 5.596653912438179310e-04
1.299752736491944409e-03 5.097204629836235177e-04
1.534595707784603422e-03 5.560979271235824131e-04
1.386823527114218078e-03 5.349538617317202817e-04
1.239130097867582707e-03 5.273148060501253818e-04
1.423653253299385140e-03 5.257250871080357355e-04
1.413052782048627391e-03 5.617217859740416533e-04
1.131624459553358603e-03 5.099834472265327026e-04
1.421681848620775807e-03 5.285138214535018862e-04
1.097819911294331324e-03 5.100951592616684294e-04
1.304522258835221068e-03 5.494015568516186698e-04
1.413648601048507827e-03 5.249523304285218630e-04
1.324159389489243041e-03 4.773848872070394654e-04
1.377806615988440243e-03 5.453178686993607333e-04
1.298796300668635020e-03 4.892299957077122325e-04
1.242460993960825891e-03 5.539839032064904729e-04
1.283754289143165155e-03 5.826111270865840094e-04
1.448328626669981561e-03 5.740021924060476890e-04
1.360873939380393425e-03 5.205142187392864739e-04
1.405410803474318061e-03 5.206166944038721897e-04
1.388763212705023406e-03 4.793122052181643692e-04
1.436775167532112043e-03 5.624219855416587137e-04
1.207818292066974381e-03 5.392617179632457937e-04
1.261904977078766961e-03 4.734448867639118146e-04
1.283981957717864010e-03 5.239393699898701887e-04
1.291872667074234942e-03 5.554266013819502378e-04
1.310541677565411900e-03 4.945514599303672040e-04
1.543483887974963316e-03 5.737815099078943243e-04
1.477259190788143828e-03 5.795632705092992670e-04
1.354976838182677052e-03 5.300453327145922440e-04
1.433176395838808978e-03 5.205042117865970241e-04
1.527220085705540678e-03 4.842521697298630425e-04
1.434993745364916348e-03 5.766482635617729098e-04
1.612787683406753788e-03 5.420553875221993884e-04
1.539175417628998489e-03 5.319289541188291712e-04
1.394984513443553670e-03 4.925982126993504445e-04
1.142540597121349377e-03 4.970595979761258630e-04
1.253442136520020993e-03 4.753195627251349700e-04
1.344890746135706883e-03 5.244406491412251887e-04
1.481218189805683181e-03 5.709977247666984338e-04
1.198865968327550435e-03 5.541181490734843878e-04
1.415692496412348372e-03 5.420048295085390161e-04
1.343961463021961771e-03 5.874856813961804773e-04
1.243820904288268697e-03 4.884903763316011428e-04
1.355679538853235512e-03 5.244232478665224358e-04
1.127454342700642993e-03 4.927918362355549961e-04
1.422639634836027345e-03 5.108203357763754998e-04
1.291071642503510003e-03 5.196486521732718170e-04
1.425731008123251381e-03 4.753623214522857492e-04
1.149133958730803613e-03 5.812484841507363498e-04
1.544461330876274957e-03 5.656614311014174397e-04
1.232526192991525169e-03 5.424284105443742850e-04
1.054331317134896183e-03 5.537705847433860686e-04
1.374751453500740227e-03 5.059937447434385144e-04
1.190309120594070826e-03 5.242732390372532207e-04
1.323388804438637876e-03 5.924488313682297691e-04
1.336581080826917522e-03 4.677223606463886806e-04
1.314992427723447876e-03 5.439672555180355678e-04
1.399260085969697334e-03 6.414081845264235420e-04
1.614843724026369378e-03 4.845398341920633843e-04
1.458512555967429129e-03 5.760851436615132930e-04
1.437595465002659703e-03 6.348584453906104324e-04
1.257525258706510430e-03 5.245703721510630319e-04
1.547241808958886404e-03 5.229220209595796583e-04
1.376285263435146839e-03 4.752206653456491747e-04
1.228185896240375228e-03 5.736126204742338780e-04
1.538311392861058894e-03 5.746553365771693263e-04
1.324489277906792939e-03 4.997592578802607759e-04
1.317213277169367557e-03 4.802321457959696227e-04
1.434540752080609369e-03 5.889010121654232556e-04
1.546593965859805082e-03 5.746381681225547601e-04
1.714283763020355055e-03 6.245022363177056167e-04
1.523612636314985438e-03 5.419320616488589384e-04
1.558396316588232496e-03 4.924935623428778730e-04
1.365560243411805940e-03 5.278396832602891666e-04
1.540377523273097271e-03 5.295121191588586648e-04
1.513499901429912232e-03 5.446676688439286819e-04
1.331306198329654548e-03 5.108534752917292827e-04
1.491241584193110908e-03 5.949439381286183125e-04
1.426860348322293165e-03 5.090177014737869978e-04
1.300572319893308947e-03 4.864213386844481730e-04
1.343720517888504070e-03 5.377572870347068022e-04
1.133975541162011427e-03 5.309178693104493621e-04
1.548307982935613614e-03 5.639354590764428764e-04
1.363560312275544388e-03 5.266465878372049913e-04
1.304809266423499238e-03 5.451205897531508950e-04
1.516724582072255306e-03 6.031058437118635507e-04
1.545114879211632094e-03 5.632034141357122360e-04
1.458794363519261370e-03 4.799094071386567615e-04
1.484835518965981838e-03 5.736114247467548246e-04
1.342800895372193602e-03 5.021208621370067474e-04
1.502404555959176852e-03 5.161135080549417685e-04
1.304220136414252539e-03 5.270256504021428182e-04
1.559604782540473852e-03 6.083734421688693876e-04
1.114490941058373036e-03 5.849108262300893460e-04
1.537590768683905510e-03 5.298035490626353330e-04
1.195084084303357384e-03 5.175831131723427616e-04
1.572510258512492282e-03 5.560033026414344919e-04
1.281621212883487029e-03 5.388814082436828431e-04
1.523235662001140491e-03 5.071527098390682473e-04
1.313137218703627502e-03 4.688995970091156982e-04
1.231675112872123541e-03 4.708346976999867590e-04
1.424878786915411387e-03 5.828797330624519010e-04
1.315731893812452325e-03 5.273046699579732452e-04
1.290828419276670615e-03 4.560298124900720690e-04
1.693764515094362726e-03 5.662760887968770751e-04
1.604152527966184625e-03 5.294137587127878625e-04
1.194200210129424140e-03 5.371789245469743785e-04
1.523133297485192595e-03 5.219691114248606063e-04
1.303270016517207343e-03 5.152392590750888741e-04
1.339425333331202474e-03 5.276346420945105063e-04
1.540305741065687607e-03 5.494688207785460455e-04
1.315385026309659608e-03 5.114486649618949681e-04
1.485965650473000015e-03 5.417137020066430109e-04
1.231484188991498370e-03 5.770005602670735508e-04
1.418701627130000134e-03 5.302983596651735226e-04
1.549438270609318361e-03 5.224407006135787547e-04
1.226993763547116600e-03 5.445396099144627104e-04
1.630377870625914372e-03 5.450788985815267339e-04
1.465642405069707884e-03 5.291640277528993075e-04
1.644381748184530053e-03 5.850043963437114025e-04
1.237715831058863345e-03 5.634012396116760361e-04
1.432670142199429569e-03 5.789058301099876940e-04
1.369619224209284039e-03 4.835365224386659641e-04
1.136070359412224466e-03 5.199740843630332480e-04
1.324173710600977903e-03 4.932059978349257216e-04
1.345993763656450331e-03 5.519392047867488537e-04
1.475990117581349112e-03 5.070515821241263626e-04
1.260346660809908174e-03 4.805722402027477400e-04
1.308189447191721337e-03 5.473391607841021633e-04
1.270649418595994236e-03 5.522394438840676819e-04
1.280298193438919856e-03 5.013727519980481790e-04
1.659906353043771356e-03 5.226987474463102917e-04
1.340576978429328017e-03 5.485009474927936930e-04
1.538817346150518454e-03 5.479741292634413225e-04
1.312989551076195176e-03 5.419530572681460290e-04
1.636396379326225409e-03 5.490201840161265537e-04
1.370889636904862752e-03 4.812177906801853714e-04
1.305441731102014065e-03 4.932522768712649689e-04
1.301113608626268316e-03 5.116897195865108879e-04
1.330952581993391243e-03 5.775654518352409247e-04
1.387414073246430414e-03 5.242898744308402848e-04
1.345061078618946249e-03 4.417909829658635550e-04
1.014705251242146739e-03 4.789423016846872105e-04
1.624083497964101501e-03 6.046652812017027636e-04
1.240822568120902251e-03 5.140950402957177208e-04
1.357092849935175689e-03 5.035097545774129980e-04
1.573204561840509585e-03 5.525339117344672379e-04
1.278605274891860292e-03 5.043203384782901514e-04
1.568359319844460018e-03 5.870040472609168794e-04
1.714557920781890421e-03 5.241008575726766082e-04
1.822291491800403758e-03 5.463211341673900913e-04
1.447934567785527692e-03 5.456057704487720598e-04
1.649114572604192279e-03 5.537013131942866706e-04
1.368938290301330600e-03 5.767191706234715744e-04
1.501584145042188364e-03 5.412000293438092111e-04
1.577112993147393189e-03 5.731153316651326586e-04
1.330662207688420749e-03 5.433721811369398398e-04
1.759981939748074802e-03 5.749914268248138395e-04
1.115208394310709646e-03 4.858315758837953397e-04
1.301277450386943658e-03 5.342406446609278920e-04
1.530309697292224925e-03 5.330801712435919099e-04
1.244144462300862501e-03 5.374997992980310672e-04
1.458797020487539358e-03 5.422376164812289052e-04
1.562100972566190203e-03 5.624367015468153576e-04
1.311507021220948777e-03 5.475414037214071297e-04
1.312385196831211600e-03 5.168133774057664422e-04
1.505228172344252316e-03 5.426703198180854058e-04
1.580997244303516871e-03 5.481769836115220297e-04
1.428004412185843912e-03 5.017898406226448333e-04
1.367558593059821142e-03 5.395884113852557470e-04
1.412610692223751534e-03 5.972263523045779439e-04
1.629824322935176416e-03 5.599071067718982934e-04
1.262259081044685236e-03 5.235193796619949441e-04
1.438139297493083507e-03 5.506273611632887680e-04
1.362616192524140381e-03 5.415651984322399689e-04
1.194249472193921425e-03 5.669333947039387374e-04
1.083593929478324485e-03 5.051961654598192053e-04
1.770776799555619143e-03 5.824579102263266949e-04
1.371256708506889826e-03 5.655288826997163093e-04
1.290126133970428881e-03 5.263347888130452028e-04
1.400041360200384366e-03 5.508841726468285483e-04
1.534680938080904911e-03 5.965551252690434259e-04
1.310132892236093262e-03 5.134874509525203055e-04
1.287095963731370784e-03 5.280016780988566359e-04
1.386591562353748155e-03 4.876192962099540882e-04
1.485204223625789062e-03 5.632927233238387184e-04
1.171793694511830608e-03 6.050515309736143651e-04
1.435710075371190173e-03 4.910435424624847974e-04
1.166113838801403424e-03 5.505929781893204814e-04
1.353775476863239855e-03 4.841819894110503003e-04
1.604050000617553628e-03 5.480321270501010717e-04
1.531112245289804582e-03 5.378896191552387431e-04
1.320549283125747094e-03 5.179836168109497188e-04
1.238588149634330202e-03 5.375391328597031292e-04
1.450671017516195474e-03 5.626133537643392222e-04
1.308924026394829620e-03 5.203340794424688885e-04
1.282825185029510618e-03 5.173896720884418009e-04
1.396730862181326006e-03 5.095120146242280946e-04
1.465558941414155233e-03 5.036441846724261460e-04
1.346503010612599754e-03 5.438339068693293825e-04
1.222418603815706708e-03 5.353631036282877715e-04
1.446246871191849337e-03 5.223663605415455316e-04
1.361354651374375828e-03 5.256883046185833542e-04
1.192705532170120538e-03 5.064555695392478508e-04
1.586728087657404695e-03 5.237270444245025781e-04
1.164254403312259224e-03 5.580859785090444558e-04
1.344927787890796327e-03 5.582902758767551658e-04
1.147264233469279335e-03 4.978027773775542441e-04
1.533035283494962181e-03 5.253337529109738079e-04
1.510183263503025184e-03 5.188373913223424429e-04
1.592248889636316321e-03 4.926101544819604149e-04
1.560288938809515974e-03 5.303202741143386812e-04
1.488463497243736836e-03 5.427176597710105721e-04
1.395293516432481121e-03 5.517087000105852339e-04
1.272046586001086398e-03 5.343765486121137805e-04
1.470183930064579729e-03 5.393751536210822503e-04
1.630376039988025048e-03 4.924374900144028351e-04
1.407839969453565307e-03 5.193363653584716832e-04
1.380879325475887999e-03 5.831263077827501329e-04
1.395241575716070492e-03 5.246776675370584848e-04
1.570927752169310951e-03 5.487862620955932759e-04
1.075686731123879063e-03 4.537890993353807566e-04
1.419785748034203170e-03 4.856642564060291846e-04
1.377652439177071706e-03 5.498739556138355520e-04
1.612413470747145515e-03 6.182688261574803687e-04
1.371428672096806000e-03 5.243343311225936434e-04
1.494573634306549902e-03 5.488453735536459772e-04
1.379939305489818937e-03 5.612636953043122776e-04
1.527561244141911745e-03 5.759904954079848914e-04
1.418700406185161413e-03 5.247674747958266635e-04
1.159549441750233568e-03 4.698448594897098956e-04
1.590996529548272974e-03 5.709033118448983120e-04
1.602404208695114990e-03 5.588649061320513992e-04
1.554685038105660432e-03 4.928509127223093794e-04
1.414247175413890648e-03 5.141941621179072506e-04
1.476242512214436019e-03 5.621417144264552208e-04
1.345052562801999241e-03 5.665994090980543563e-04
1.255749341176406802e-03 5.486538617278798827e-04
1.098491237233160467e-03 5.488433252516272025e-04
1.257050414211501044e-03 5.618424122767087629e-04
1.607797107323369378e-03 5.950580237373769531e-04
1.533081940466466146e-03 4.847255305389147530e-04
1.580867563811944737e-03 5.282474802692254572e-04
1.370086347830395089e-03 5.493848042787426557e-04
1.198162673222223423e-03 5.461579422196550767e-04
1.419907721389068907e-03 5.636431639271955590e-04
1.270858089758373187e-03 5.401497794849618962e-04
1.242616648968790805e-03 4.321104826336691221e-04
1.301523967170957214e-03 4.842513221286642877e-04
1.468114712967649293e-03 5.462125728088458414e-04
1.175810356047597444e-03 4.982874904861432728e-04
1.416778488697603916e-03 5.320007078478853702e-04
1.487531845545850403e-03 5.884964424941460182e-04
1.697562182714632386e-03 5.413996015344036935e-04
1.408388157621943710e-03 5.657626990930156091e-04
1.447604716384643352e-03 5.592914519910825374e-04
1.460216730058811656e-03 5.541138708664732938e-04
1.203334001904426400e-03 5.596424686724007537e-04
1.309159939387442026e-03 4.958718976935955073e-04
1.593877801719776341e-03 5.395932597285074683e-04
1.552546560554228386e-03 5.724931681473354470e-04
1.471699329164619747e-03 6.099561793440553799e-04
1.462453307276715851e-03 5.323864034943206732e-04
1.384767294432778795e-03 5.963437229008818887e-04
1.427838449416301333e-03 5.161516207541764264e-04
1.279264288206240349e-03 4.859791230091189398e-04
1.635221081662293968e-03 5.157964614839017714e-04
1.202505422038160259e-03 5.513705518114760985e-04
1.363123765546628849e-03 5.836812183348389889e-04
1.391287994831961550e-03 5.446704987072021904e-04
1.496429609874097696e-03 5.496012169290189495e-04
1.593816955332392473e-03 5.047705344302525279e-04
1.331161376404066529e-03 4.978734919259985474e-04
1.611663361932672792e-03 5.440151658559049799e-04
1.563208704114146504e-03 5.287489585408633279e-04
1.513160159203139109e-03 5.475069032077722582e-04
1.406610517369261994e-03 5.622639824082452690e-04
1.035345785648659643e-03 4.624343352818733482e-04
1.355678317306027074e-03 5.690490105038371318e-04
1.396847343099365431e-03 5.308046759072694533e-04
