1.375487813379223890e-03 4.391516788521141542e-04
1.378624453691008759e-03 5.284320989862737253e-04
1.450647452713568243e-03 4.946836671941636258e-04
1.372076277282883137e-03 4.529993561253091374e-04
1.459133384300680082e-03 4.803306717396652525e-04
1.421648612953135046e-03 4.276350258697775059e-04
1.481285577783016030e-03 5.365140364142128790e-04
1.529641523352165845e-03 5.052526307147910296e-04
1.338197168920556316e-03 5.519686338439766657e-04
1.398284451820267687e-03 4.778523704824235124e-04
1.268631999685219469e-03 4.753545732215076845e-04
1.509343432877103749e-03 4.677308037371293915e-04
1.318383091719626480e-03 4.907457088272451683e-04
1.445349678700059981e-03 4.817486706824986834e-04
1.414456768225905549e-03 5.178131777791411235e-04
1.340781203139076398e-03 4.402920624529066754e-04
1.523004149612557480e-03 5.046625384165353287e-04
1.327892013875928189e-03 4.720363354235025634e-04
1.395049397940986572e-03 4.715416592616862752e-04
1.344370873366132349e-03 4.787793875715662894e-04
1.467316284889237611e-03 4.655837525777105357e-04
1.339102704589549032e-03 5.816891849701249714e-04
1.444864912285196085e-03 5.595869006639551382e-04
1.453187446372394007e-03 5.949850852401331177e-04
1.387673659570210589e-03 5.475585786840358755e-04
1.499477822107378195e-03 4.993766235849740739e-04
1.267929428174821875e-03 4.401419539077103759e-04
1.303803865367573252e-03 4.296132612900163380e-04
1.418807760839160782e-03 4.689205094368152182e-04
1.321551372277216235e-03 5.559833885629912641e-04
1.216629556428317155e-03 5.187166112168293316e-04
1.262907063654115794e-03 5.465916353811955996e-04
1.180767995933760259e-03 4.695187925590426324e-04
1.259139604949354547e-03 4.385613665318562082e-04
1.461408784596724591e-03 5.160745415944350363e-04
1.336893863030468076e-03 4.584612656671752302e-04
1.260488943649222060e-03 5.097846440361349660e-04
1.608276882730252672e-03 4.949100117634097889e-04
1.274998137417980267e-03 4.950858652730844457e-04
1.346618575768310797e-03 5.452601366539059583e-04
1.347920377691546505e-03 5.009012923038181882e-04
1.472379629347004204e-03 5.112869763131015549e-04
1.277890856486015633e-03 4.757570107521694918e-04
1.460744499522043452e-03 5.109594694030305086e-04
1.331421356108183907e-03 4.674763525480573516e-04
1.461850067527246380e-03 4.676181511476179618e-04
1.415384394951120202e-03 4.833698367567804957e-04
1.369609963220140949e-03 4.668683530405607100e-04
1.413694414832237850e-03 4.401142255404185029e-04
1.361668673524082333e-03 4.732687857702362003e-04
1.403680794567821076e-03 4.916300742363678743e-04
1.389902678665841341e-03 4.889367774066510257e-04
1.373666854991862632e-03 4.992360843303027393e-04
1.324445518686391630e-03 4.871583456626351932e-04
1.310753668290033560e-03 4.591662673402755151e-04
1.470563199066964337e-03 5.641399796646999086e-04
1.521334377542722834e-03 4.861585522479746073e-04
1.337125575643292354e-03 5.207936889043623474e-04
1.515586608336193892e-03 5.186266889989925213e-04
1.364973061470254028e-03 4.870351145674819949e-04
1.471028514131430881e-03 5.097235423716464132e-04
1.308541184413033760e-03 4.962829278238923853e-04
1.197229145649277102e-03 4.563600379304721326e-04
1.362868130519144906e-03 4.706760423385161611e-04
1.425644417267315535e-03 4.772520926727409044e-04
1.461831284592388092e-03 4.582671538641586596e-04
1.471739610548777021e-03 4.962991005125976613e-04
1.340799636577824682e-03 5.714364641337006927e-04
1.343255091823228721e-03 4.818035054112314699e-04
1.469445832779368464e-03 4.579152344937359887e-04
1.279313239134475914e-03 4.913745033971704534e-04
1.407395205263649481e-03 5.213129560126996808e-04
1.556690757760066397e-03 4.902946411081327872e-04
1.132491441807471693e-03 4.616224948507472586e-04
1.224208184777233078e-03 4.680980062718214036e-04
1.281978485868248219e-03 5.376494456205698109e-04
1.435715821188923019e-03 5.039717218100403170e-04
1.415853296644458467e-03 4.908553113654579416e-04
1.477641739018877584e-03 5.448147790697978419e-04
1.376153994858988344e-03 4.523142440260629672e-04
1.418795055676024810e-03 4.498789648974097118e-04
1.480853658275784216e-03 4.501908104388614718e-04
1.327124364999720824e-03 5.110401790584097412e-04
1.293169062113874637e-03 5.215503332932767315e-04
1.338700738596416626e-03 4.303243360912122561e-04
1.289320559359568913e-03 4.727622210298010677e-04
1.382836830414245965e-03 4.942872270358232394e-04
1.216897076135655927e-03 4.760348865696981515e-04
1.215952044026879977e-03 4.301005777611043046e-04
1.421282928418885882e-03 4.685118180438639451e-04
1.409640821286679488e-03 4.953989828333052762e-04
1.425028950846458919e-03 5.011370858872053573e-04
1.417172094441233442e-03 5.051212561659862953e-04
1.371124194989771982e-03 5.271387631313837353e-04
1.266198336153833131e-03 4.736566137720078068e-04
1.333926335571146210e-03 4.832820921076820216e-04
1.487543098690967966e-03 4.839456621429853007e-04
1.463888294270832523e-03 5.121693583009649968e-04
1.219841720746727863e-03 4.537965816821284797e-04
1.051656006159029004e-03 4.840566605641068469e-04
1.459099507959689011e-03 5.169214805892768634e-04
1.371518177594629496e-03 4.872215544145600268e-04
1.365527821535956511e-03 4.859336867262793280e-04
1.493361380617368910e-03 4.652269665033604250e-04
1.283171935549785262e-03 5.050468008119119974e-04
1.264242257325606626e-03 4.960286042061593089e-04
1.517092759136063305e-03 5.145521476219151692e-04
1.297166126353199809e-03 5.369526814234219661e-04
1.442959124993609598e-03 4.738966660892017708e-04
1.235423511940262785e-03 5.039750593632035197e-04
1.566642800268437490e-03 4.919757607858651514e-04
1.402888395451107328e-03 5.156950651917914605e-04
1.454354637599688692e-03 4.561248266716858837e-04
1.181285667164845739e-03 4.598435570661382082e-04
1.375119560052369015e-03 4.758294165807070916e-04
1.445380412476634895e-03 4.876327546867328076e-04
1.552489528769795740e-03 5.505103780806942879e-04
1.507305717736397458e-03 5.143384999364151089e-04
1.328617120233808622e-03 4.551157645787103708e-04
1.345935065181242491e-03 4.892327502551564299e-04
1.279717827327588693e-03 4.839692851771277898e-04
1.232507283919406522e-03 5.060127932159005351e-04
1.401538443854828241e-03 5.324088670380845061e-04
1.294148207251071079e-03 4.926305563018025611e-04
1.478741815737517678e-03 4.698382921464670488e-04
1.198368500583836972e-03 4.477520928620617817e-04
1.515054536252784419e-03 5.112887246715379884e-04
1.370749324824920533e-03 5.244296845634625328e-04
1.511320528124945927e-03 5.017992732963964028e-04
1.484138614162226148e-03 4.799817020635371726e-04
1.375113187573673464e-03 5.544290101330347654e-04
1.128370872852042014e-03 5.229785956564220878e-04
1.380970436526958054e-03 5.063007089515217298e-04
1.431785646983418534e-03 5.485366325347889455e-04
1.260961990155446896e-03 5.518315845991075353e-04
1.142394149787805558e-03 5.160424493639774284e-04
1.289081353114164075e-03 4.934533785199193270e-04
1.364899351369598494e-03 5.150685299541236982e-04
1.353732528813763681e-03 4.728741042549278509e-04
1.247207101816741629e-03 4.928236991400895524e-04
1.370494902776529843e-03 5.492058152026009369e-04
1.384275542728303837e-03 4.766528327394116502e-04
1.418196119420331736e-03 4.701024678580652976e-04
1.360880536037757660e-03 4.985031334661774215e-04
1.667974978862175580e-03 5.067359998526627064e-04
1.340139108425247036e-03 5.441297028661326671e-04
1.568556636946052355e-03 5.310831409293083815e-04
1.514590458387837573e-03 4.470450806713985705e-04
1.439807833046581782e-03 5.106277682450059566e-04
1.574698855797896117e-03 5.146377375937105821e-04
1.384722349685726462e-03 4.272951912611866921e-04
1.339465198381718141e-03 4.868495316639027634e-04
1.319371929241113916e-03 5.185144603231421016e-04
1.340293352568611021e-03 4.717374494811194387e-04
1.378891735314324114e-03 5.295268879456093997e-04
1.261990666182727198e-03 4.531978445790278264e-04
1.405982569326845065e-03 4.817953016669691596e-04
1.353810940684599439e-03 4.776510039754154266e-04
1.378577128996252236e-03 4.942977259819420844e-04
1.311625137193191560e-03 4.695404579269484295e-04
1.418180475946743610e-03 4.884805268621039784e-04
1.537061068417080968e-03 4.920820508506956389e-04
1.301617209938919252e-03 4.977344120926265178e-04
1.407460742856249522e-03 4.976153355234849435e-04
1.192175543256633651e-03 4.885656708166821998e-04
1.362001680718213622e-03 5.031410430981622184e-04
1.360729025883374629e-03 4.449623093300177361e-04
1.287049907726181292e-03 5.328149931468492088e-04
1.408485461848060566e-03 4.753206582185262293e-04
1.457407299583591848e-03 5.540884076430963598e-04
1.373988801941094509e-03 4.994817391925080634e-04
1.373965560871297752e-03 5.147719880780497401e-04
1.381413869136332087e-03 5.000731598029505703e-04
1.318783664981483745e-03 4.783198479639479725e-04
1.267465791867657338e-03 5.140961414318733934e-04
1.421202785863738983e-03 4.772160243224095170e-04
1.254461720349165851e-03 4.773706875419138828e-04
1.233253914677417268e-03 4.425887663336979406e-04
1.463937578417855937e-03 5.461236748964678426e-04
1.479921277754042567e-03 4.524344142873196585e-04
1.501213150647284734e-03 5.022975302886490030e-04
1.439904361644332416e-03 4.687992907982180745e-04
1.349170682761846422e-03 5.006788081141972562e-04
1.496595614104449671e-03 5.186350995584094060e-04
1.148179523724543591e-03 4.929875640453976974e-04
1.353394678571321046e-03 4.984660059340926619e-04
1.313114420579550561e-03 4.246282046271164404e-04
1.308638541334768667e-03 4.961438913729469130e-04
1.492725162987066853e-03 4.927635376649352637e-04
1.303426153011070935e-03 4.984102868990275591e-04
1.425936604655162789e-03 5.849979554891796083e-04
1.346344004860708160e-03 4.764951453357845423e-04
1.521287930603447891e-03 4.750654914229096278e-04
1.386481276924282505e-03 4.498655628842805035e-04
1.354013634981630259e-03 4.876222313450256571e-04
1.509760207100592500e-03 4.498731131330743543e-04
1.388847228617716249e-03 5.353648087421192595e-04
1.339852304710217011e-03 5.239478297573154589e-04
1.217563698291894859e-03 4.683421208498968853e-04
1.356311521857115699e-03 4.855178571481914883e-04
1.267191731134304986e-03 4.455232497648661479e-04
1.413214394647120849e-03 4.587291887936390390e-04
1.299746440315712771e-03 4.377897562050990878e-04
1.413760235641742030e-03 4.764597339969647567e-04
1.464196759342586713e-03 4.837695244905141126e-04
1.307673825016878464e-03 4.500310088053283619e-04
1.339898518448315052e-03 4.639184905438557653e-04
1.371546607672488030e-03 4.827380468532171866e-04
1.569670292562019972e-03 4.779441582967650223e-04
1.144929839058309419e-03 4.595305034007006136e-04
1.221686097241585700e-03 4.656803423271379367e-04
1.437401132893258724e-03 5.635452283123249233e-04
1.446324644937197748e-03 5.209998989976013682e-04
1.245376484645658753e-03 4.262328899677062140e-04
1.276535862339450364e-03 4.768384395700536326e-04
1.267308922054016882e-03 5.445205283832335943e-04
1.472738333040484425e-03 4.904152570407433040e-04
1.251578007749792497e-03 5.129240736639775842e-04
1.381548159041677635e-03 5.637535372954349854e-04
1.346640756583455468e-03 4.386454392594623937e-04
1.261158092982045528e-03 4.874412210106009581e-04
1.367581344746719978e-03 5.441085933088036326e-04
1.483970188707233687e-03 4.959752397973419841e-04
1.425274599608997682e-03 4.931196599288759563e-04
1.307194179473564937e-03 4.760720550941781532e-04
1.319369601931915260e-03 4.259684151217869191e-04
1.441936659775130362e-03 5.460182976603556761e-04
1.278750730294981978e-03 5.031745988168047400e-04
1.428250171472368471e-03 4.690631399420881688e-04
1.283252649150456830e-03 4.970622489964796227e-04
1.165045565202283383e-03 4.799956765705165043e-04
1.344735400976074724e-03 4.528467875043997652e-04
1.334806136811484897e-03 4.729693777852003169e-04
1.471093837494842930e-03 5.118752175658514711e-04
1.390444597096346336e-03 5.304320698507390772e-04
1.354177776358221662e-03 5.731139700391437233e-04
1.365167078965248216e-03 4.938925961897359333e-04
1.373065214083804206e-03 4.884792524522726248e-04
1.265975631097941614e-03 5.418378763457316416e-04
1.253511897170405797e-03 4.661874217309740502e-04
1.293977660356586228e-03 5.091681622160265826e-04
1.524461497035141519e-03 4.846862822499534043e-04
1.289894081220514452e-03 4.686154669930186079e-04
1.258807939374233372e-03 5.018667720453894336e-04
1.573915335215232041e-03 4.862275732084532964e-04
1.290660687376586320e-03 4.944901090405374403e-04
1.330488834408967815e-03 4.754487172487588723e-04
1.446134491631793180e-03 5.352403210147977297e-04
1.373883531409318248e-03 4.630097521750337498e-04
1.344932720938989568e-03 5.384492729413770540e-04
1.288681253389342566e-03 5.166430618715611581e-04
1.363941984268077440e-03 4.611304396683535076e-04
1.332440912660191835e-03 4.528960021362785082e-04
1.470388327408562708e-03 4.472354199424632732e-04
1.433284955383212159e-03 4.604583509411171649e-04
1.475089756688936510e-03 4.907878484686877939e-04
1.347455230615869073e-03 4.719202108792727788e-04
1.427960126719875081e-03 5.175974569211755491e-04
1.601990591343776648e-03 4.913836604022245183e-04
1.369251848303778066e-03 4.761799147876748868e-04
1.355998044825134242e-03 4.709059365302028675e-04
1.541659224366979985e-03 4.944124412643286339e-04
1.392593579182352164e-03 4.870775392627155220e-04
1.521801626226527591e-03 4.834641056289138913e-04
1.410362412614107018e-03 4.794238021718458557e-04
1.407600338350633489e-03 4.644294136802355017e-04
1.326501140641302970e-03 4.968324510152121593e-04
1.366647091800088495e-03 4.957663212318337998e-04
1.289255027369167047e-03 5.302381925328242523e-04
1.270658282210043776e-03 4.957730851971927505e-04
1.359746856287983013e-03 4.759984400487916141e-04
1.228273202575342563e-03 4.808772943413749468e-04
1.443329089114792508e-03 4.892990037300329982e-04
1.362149437891560684e-03 5.294843660230303404e-04
1.312845584572803993e-03 4.554933397572721323e-04
1.380706903545727811e-03 3.932800318376768385e-04
1.321054078017647572e-03 4.651475650567485267e-04
1.264653923454346976e-03 4.343326956807487408e-04
1.314966417126872851e-03 4.705403480286584413e-04
1.457765301761298213e-03 4.985670434848987320e-04
1.392732764767724667e-03 4.834966858434317774e-04
1.523202048179676370e-03 4.960157981463144891e-04
1.374955929089621397e-03 4.159639836200645642e-04
1.545821830380396996e-03 5.112938608269490147e-04
1.355400912245147572e-03 5.497781549226705110e-04
1.441735964794436161e-03 4.772920671902920503e-04
1.348802604404997696e-03 4.383485746832534299e-04
1.340104300793647750e-03 4.718428688002645186e-04
1.321578188230651020e-03 4.329020864244408290e-04
1.369482636422624878e-03 4.943909636172925557e-04
1.324388767569842015e-03 5.579530379429401606e-04
1.435292311532302464e-03 4.789504447037831974e-04
1.116416905000018785e-03 4.910217939869261335e-04
1.132561460941670928e-03 4.506281541714314900e-04
1.338244657952297181e-03 4.908781199817937452e-04
1.363593323895991158e-03 5.252296904630155338e-04
1.385873297050369685e-03 4.369864360208918570e-04
1.288157687086455717e-03 5.021819290001261569e-04
1.369560479558592191e-03 5.455062567596807551e-04
1.531951050251691409e-03 5.166717630780075883e-04
1.292041142189033617e-03 5.136196980395376201e-04
1.294715671683766868e-03 5.106773825295777463e-04
1.288645974966007171e-03 4.514502841138252898e-04
1.376918796663935754e-03 5.188750373316005065e-04
1.187528631094226335e-03 4.186792557495351368e-04
1.260398161575181433e-03 4.910597459674186571e-04
1.432650646804024342e-03 4.826952832513016988e-04
1.252290775447434217e-03 4.449313021256667963e-04
1.385867805432621684e-03 4.911083122215061103e-04
1.464570367746330891e-03 4.709226721019592939e-04
1.386223602690099229e-03 5.591860124909317194e-04
1.253963393944938168e-03 4.737606155809856987e-04
1.437770768013659937e-03 4.994931846078537940e-04
1.387229788990399946e-03 5.386212612554595186e-04
1.374104725535009366e-03 5.061517771206215828e-04
1.334109357957814638e-03 4.154164223234475296e-04
1.295036677942730226e-03 4.788891491186623799e-04
1.261667095695569044e-03 4.987051147057995496e-04
1.297530978830862148e-03 4.562575806012505140e-04
1.366179726032737537e-03 4.736811084007479526e-04
1.434706752642863617e-03 4.494754236612388105e-04
1.300341250387236983e-03 5.127240022936102809e-04
1.277999536142126503e-03 3.895895476284772061e-04
1.313765020805252861e-03 4.509521595798681609e-04
1.338815673288494545e-03 5.275539019714366087e-04
1.396426992349890936e-03 4.431714478127580289e-04
1.270748117246797053e-03 5.450593382572136618e-04
1.464397409276810020e-03 5.040794794680715247e-04
1.283407306022690559e-03 4.654910209645701465e-04
1.214083926499346343e-03 4.923090950986419795e-04
1.474652336356187818e-03 5.888518201000374035e-04
1.513957064361182202e-03 4.948116336043383240e-04
1.435405255620085703e-03 4.281626369378346126e-04
1.360193204262933166e-03 4.341985949071858566e-04
1.351487411667514705e-03 4.516552037494371064e-04
1.227161154789938730e-03 4.321905022291763722e-04
1.394132869671397580e-03 4.825849278864714743e-04
1.271284229864742604e-03 4.983439895164757522e-04
1.246005185113249715e-03 4.769829086257552377e-04
1.350281758041613905e-03 4.919412338796728696e-04
1.216526769566140089e-03 4.572841235815226411e-04
1.351947288489252063e-03 4.329155991873689089e-04
1.493289513092040284e-03 5.280172115196536632e-04
1.329636807234554300e-03 4.510413923708314165e-04
1.287653808574037951e-03 4.333083028964408723e-04
1.353088790705164442e-03 4.574613837815798018e-04
1.520941275588835869e-03 4.813742014910521038e-04
1.284180160321074776e-03 5.679619644473209075e-04
1.322723864445613439e-03 4.510226288358603697e-04
1.373535225552053544e-03 4.159543329903539412e-04
1.304129006921381445e-03 4.785912182029031735e-04
1.234182979145614532e-03 4.945994456524230309e-04
1.469941667489127555e-03 5.402170099717641455e-04
1.259396806977783508e-03 4.520848517961226806e-04
1.449786071244472127e-03 4.121853278559874469e-04
1.484598873702732726e-03 4.745244033703712697e-04
1.376016933526957430e-03 5.237270146676497803e-04
1.400260443677157256e-03 4.438350546626024153e-04
1.437664118378052976e-03 5.099889340361952409e-04
1.461028365011469467e-03 5.356021173437126946e-04
1.566019894566519693e-03 5.470732671895706242e-04
1.261438702654251115e-03 4.691441131364699796e-04
1.202102334939312645e-03 4.496857107305335236e-04
1.396254712027845523e-03 4.867818197914544880e-04
1.382361440358301826e-03 5.392124699307703634e-04
1.523598623980997871e-03 4.291561193356844910e-04
1.098833981636911528e-03 4.864547776437918507e-04
1.312833614278713194e-03 5.121853058176210807e-04
1.425439430577686920e-03 5.228107275753820669e-04
1.304157942813284491e-03 4.738433805117537212e-04
1.360782498722543565e-03 4.869669112269285746e-04
1.430908499925990628e-03 4.664720287743551338e-04
1.249862368060837906e-03 4.914571163612447982e-04
1.422952855676701267e-03 5.142638784558644120e-04
1.322961591420291965e-03 5.126599530226754776e-04
1.530590273709882742e-03 5.438189163359357899e-04
1.262173409360209039e-03 4.802171190329520200e-04
1.354158505899412260e-03 5.390485695091409976e-04
1.371712070312500371e-03 4.914098847262246246e-04
1.359375994886620909e-03 4.767013501542578043e-04
1.306943940550467451e-03 5.286859175675262838e-04
1.303005395549198088e-03 5.296264406028384488e-04
1.320585705331420862e-03 4.644380100512057589e-04
1.295452399181277114e-03 4.587164228988267604e-04
1.443678504879145324e-03 4.874919724002229498e-04
1.223445074755637532e-03 4.672029879209033446e-04
1.409497527339742193e-03 4.755743210585624777e-04
1.217767576243253659e-03 5.063032142934867580e-04
1.367030908303109573e-03 4.600406333180244271e-04
1.312968713969473030e-03 4.333488088385210207e-04
1.252691508337881775e-03 4.442642425406736757e-04
1.323086727193492065e-03 5.023233209235689100e-04
1.177996672495342564e-03 4.609915102534543484e-04
1.272446997780944666e-03 4.316405215480344226e-04
1.447958020380243774e-03 5.162685510804614943e-04
1.369212976282961668e-03 4.708220127041196838e-04
1.426184445674820661e-03 4.730671819752805228e-04
1.433074161863179437e-03 5.106653560601212647e-04
1.136353999052997551e-03 4.680806876739323423e-04
1.376179080587820432e-03 4.644188097441481690e-04
1.304089757537336058e-03 5.111956915711290180e-04
1.506100680635815521e-03 4.864608792992341471e-04
1.257110091384706961e-03 5.658950879468266490e-04
1.466162401385769478e-03 4.413628295410649020e-04
1.296267491074478860e-03 5.210009673498052721e-04
1.358514606773597849e-03 5.131497174554755254e-04
1.269667198765120613e-03 4.201994316582781386e-04
1.406640293837347483e-03 5.053621876751304047e-04
1.326098141578803966e-03 5.034354893085936367e-04
1.343434678365188796e-03 5.008565785641064987e-04
1.667066645181224235e-03 4.543860038343209727e-04
1.302984478726244497e-03 4.585065584767426794e-04
1.255645994709162589e-03 5.394242322948478987e-04
1.440354618095811756e-03 4.336575442820623984e-04
1.351013577791279965e-03 5.341883429010599793e-04
1.314137158160193003e-03 4.911152160256540469e-04
1.367774312266084721e-03 4.682324709580183643e-04
1.385446386532163295e-03 5.275758841859883854e-04
1.357288647396193842e-03 5.180863529785636546e-04
1.335845016181284178e-03 4.752123041925177763e-04
1.213672815527769505e-03 4.942360459395824359e-04
1.260530963120914342e-03 5.498249273448116989e-04
1.401496437740035531e-03 4.871670391489983805e-04
1.432707918436540223e-03 4.760533634055724977e-04
1.338446930077105907e-03 4.559792542362435682e-04
1.222662928954694429e-03 4.683237753849010159e-04
1.460534112593515552e-03 5.034359336240195595e-04
1.133267176704560357e-03 4.951733412987217170e-04
1.471728901759621240e-03 4.964588589880980680e-04
1.397444540876232764e-03 4.757789503924590648e-04
1.448118131518351739e-03 5.232413139517591485e-04
1.307225655336819933e-03 4.842928188533170662e-04
1.439337167627203085e-03 4.922073371361169146e-04
1.403295636654590308e-03 4.724368645043971744e-04
1.196205538848665872e-03 4.399593745257005125e-04
1.425281306712905972e-03 5.131722571275736805e-04
1.336302141286114034e-03 5.042437502268443290e-04
1.385894333740612765e-03 5.127474401712984195e-04
1.363861649761448922e-03 4.577271313812844903e-04
1.392234339427776257e-03 4.958578683868475031e-04
1.420157430295818958e-03 5.913029402736465255e-04
1.216026601130534282e-03 4.836931530961576507e-04
1.335475675125755244e-03 5.542241740335645487e-04
1.465650924918582461e-03 4.700285378932748904e-04
1.462143561828652995e-03 4.688459600793917076e-04
1.453379352867404002e-03 5.080505781589070508e-04
1.354021646748313715e-03 4.735460689669336544e-04
1.377292242966697989e-03 5.492423595230582671e-04
1.383110154415127932e-03 4.578891462880792045e-04
1.128043027569756822e-03 4.739484655006555693e-04
1.552826765935022427e-03 4.381068847818044183e-04
1.298894660610781012e-03 4.605997810572919895e-04
1.284070471383167312e-03 4.600853527686752167e-04
1.377537078126613978e-03 4.815039239948002564e-04
1.537831592941472101e-03 5.362615963631161241e-04
1.502964565049708275e-03 4.825728586478085220e-04
1.448869442809379640e-03 5.050121299476571226e-04
1.506106516467816325e-03 4.865595192220702474e-04
1.246347218122786406e-03 4.772417481354563023e-04
1.336619907756727904e-03 4.822549892689381376e-04
1.404556875655868509e-03 5.322111788177320965e-04
1.372449842665841814e-03 4.402263268802002584e-04
1.603472712218296809e-03 4.716795146290208977e-04
1.348447963750459659e-03 4.741871603130700481e-04
1.396616160475919926e-03 4.649421697286301117e-04
1.376821852481676257e-03 5.292524989327588442e-04
1.296460952234690985e-03 5.036828598985872108e-04
1.416958989036039111e-03 4.817520863883682520e-04
1.475977597241931536e-03 5.462751419321206078e-04
1.509958573445736038e-03 4.357289767365019810e-04
1.398183923101041243e-03 4.995193066864534945e-04
1.394049081989518326e-03 5.038128282738733909e-04
1.279237192219483728e-03 4.519800585610052671e-04
1.176797743074259502e-03 4.918811587812779501e-04
1.273464334870401133e-03 4.513706561135265565e-04
1.406240546256761403e-03 5.156896101119386741e-04
1.357400323143508839e-03 5.193281453996835030e-04
1.346039588539341657e-03 4.343740564418875258e-04
1.585559111831750514e-03 4.492040500217580885e-04
1.414324396124948821e-03 4.784969180045137898e-04
1.326021249946419175e-03 5.078770905947018821e-04
1.412574451867943661e-03 5.062007062986435390e-04
1.377841937738882730e-03 4.800721527424062956e-04
1.420809528841491740e-03 4.517509714334397145e-04
1.349462100012852224e-03 4.340836397991653457e-04
1.378551090185938573e-03 4.882123471441862476e-04
1.434704018715451685e-03 4.849738570757240654e-04
1.324435801801001570e-03 4.251397587834503480e-04
1.539369865984980624e-03 5.054435384892172521e-04
1.443830402497019117e-03 4.925750757226515439e-04
1.420845507153025962e-03 4.614117686720335806e-04
1.476106351128912003e-03 5.336443485807854407e-04
1.533759975625997732e-03 4.468530820650126485e-04
1.204234091311248700e-03 5.716793816795966328e-04
1.208274537641478279e-03 4.863947276567859735e-04
1.448150506167829484e-03 5.587286958822002599e-04
1.430231958264264937e-03 5.114974560809023999e-04
1.439215182892794641e-03 4.705225473719884120e-04
1.432870231712524969e-03 4.756756215998706448e-04
1.308703291173260235e-03 5.088331805974598233e-04
1.267934025046569277e-03 5.055265236869948761e-04
1.322061619409453225e-03 4.657895219522224187e-04
1.393012925994409302e-03 4.976599597081575758e-04
1.446310129996591530e-03 4.527901688268302352e-04
1.355540712226414694e-03 4.715491934642059534e-04
1.287390005492247734e-03 4.771508305512563207e-04
1.399713003916071155e-03 4.787918917200663350e-04
1.421107162725206369e-03 5.232658596024394393e-04
1.396467013961059283e-03 4.970506215282885455e-04
1.284569808132198692e-03 4.657368365736467967e-04
1.566710759421585967e-03 4.876575864185134224e-04
1.384639204965337897e-03 5.203203003599439535e-04
1.397324149519160643e-03 4.895016489124069236e-04
1.353693005629877204e-03 5.012834174098760231e-04
1.414464243501868668e-03 4.768812738136453313e-04
1.329625460906225156e-03 4.773196350624781654e-04
1.502994387395849242e-03 4.711252565396873608e-04
1.483312358700674283e-03 4.923975015049426038e-04
1.662741539271841507e-03 4.582959851823595766e-04
1.194605564746992936e-03 4.859717701496547426e-04
1.575375077017532495e-03 5.387254197401392282e-04
1.456996446343600433e-03 4.838844181331066613e-04
1.431294964646760964e-03 4.517741527170858864e-04
1.377155575142146281e-03 4.356481050736294445e-04
1.499896466043762087e-03 5.021561238667498865e-04
1.300590533981741325e-03 4.329024275403103752e-04
1.463821770036048296e-03 5.218166646216488734e-04
1.344476511326654893e-03 4.858413221681264177e-04
1.325070144208563300e-03 4.664894045593166554e-04
1.286223800737051502e-03 5.354295767496897000e-04
1.118735020632177432e-03 4.910133848443820528e-04
1.489419793753170036e-03 4.322247425288300218e-04
1.487577300658970937e-03 5.049927465097531079e-04
1.276051675782888901e-03 4.555310018999020696e-04
1.304791224848844428e-03 4.549411961507306883e-04
1.255926440856003487e-03 4.770335447305880817e-04
1.365822740867135695e-03 4.378295058325529666e-04
1.508428274623359452e-03 5.338489664589336769e-04
1.310666760206043776e-03 4.445675315454959741e-04
1.352809744155625748e-03 4.937256583600074409e-04
1.282021278491996116e-03 5.092495398076377468e-04
1.295108954364259605e-03 5.146034002923047072e-04
1.510725524817270893e-03 4.972545368354695577e-04
1.367037101168666526e-03 4.614846239650186119e-04
1.459146909111407389e-03 4.907042564870426607e-04
1.435987822699056997e-03 4.628688689706582479e-04
1.304020649008888434e-03 4.506346704921013972e-04
1.401747330524823502e-03 5.261495866322389407e-04
1.340601437195001848e-03 4.824270865062040090e-04
1.449795133545693851e-03 4.896828314625519853e-04
1.275669213552130515e-03 4.631355889028099162e-04
1.428606476224558285e-03 4.521669380401145450e-04
1.459233959465253442e-03 5.001132641643305475e-04
1.572247356571839253e-03 5.063846699444985540e-04
1.221801383844353661e-03 5.955155773414620929e-04
1.444243751457424717e-03 5.122997837554236480e-04
1.492315591725909291e-03 5.108886868238349255e-04
1.397476089797436774e-03 5.149213208056361776e-04
1.363938106867161040e-03 4.994801807959902210e-04
1.372447040383257882e-03 4.716439467082919981e-04
1.567511712467157918e-03 5.059066035208053570e-04
1.065211320960724947e-03 4.199081458052806963e-04
1.505852720030481434e-03 5.407150672723894710e-04
1.308621458522423201e-03 4.706185635679142453e-04
1.319400351025710539e-03 4.911461788975490404e-04
1.296762442622357301e-03 4.607248832600777371e-04
1.438674838103731193e-03 4.671140508851397708e-04
1.406846722769456923e-03 4.838862560607404772e-04
1.427306156828647005e-03 5.183452361508113877e-04
1.512054403367137740e-03 4.859693269528124753e-04
1.396417218517817830e-03 4.472108916030481966e-04
1.351611937642901214e-03 4.708440936723889579e-04
1.320930483675715472e-03 4.676456769033298148e-04
1.474103055513071182e-03 4.838852438660295628e-04
1.296681043451502211e-03 4.861145012790768971e-04
1.430060467656062888e-03 5.081154467634635278e-04
1.310456182928112319e-03 4.779151031651234513e-04
1.556855870588824773e-03 5.318271445604759104e-04
1.322720890113388481e-03 5.162591051273926089e-04
1.343678320224644170e-03 5.203182389827874180e-04
1.329881557286273974e-03 4.653118493425671882e-04
1.391034763030697197e-03 5.278203001226019261e-04
1.325132075657732599e-03 4.740734649419612733e-04
1.304367910021455180e-03 4.575646301589211774e-04
1.336656513942820462e-03 4.848471119115980998e-04
1.550600995790713628e-03 5.058457752912939387e-04
1.442557512979408428e-03 4.829742515060842433e-04
1.441293047986672102e-03 4.588727461105245259e-04
1.543264556593815879e-03 4.378675747931669890e-04
1.373041651113200657e-03 4.770680774990896994e-04
1.345080178285745992e-03 5.059345561292565626e-04
1.416811954639024106e-03 5.532393581388940496e-04
1.376888721294043747e-03 4.715476164911849822e-04
1.458489019998644330e-03 5.207372562917143713e-04
1.328593880580636712e-03 4.587937316151989076e-04
1.291441378138111478e-03 4.731091151730361334e-04
1.199438235931120063e-03 5.670118256994391296e-04
1.325912908559041207e-03 5.168145875610892894e-04
1.403671080675037612e-03 5.052361072644366439e-04
1.503285277952480948e-03 5.175003614929841490e-04
1.109445634682739877e-03 5.037257248834831058e-04
1.466410974385610414e-03 4.932770713148952602e-04
1.178431202693202033e-03 4.170581481683623896e-04
1.235874492974069205e-03 4.916077187538032446e-04
1.335820387977221897e-03 5.057716829571381285e-04
1.337288418491773198e-03 5.286563786931920000e-04
1.323109515611767305e-03 4.212844432696627971e-04
1.393784222369664040e-03 5.716436087189705629e-04
1.444343112275757110e-03 4.202586793222119949e-04
1.537243985633970260e-03 4.910116356069859538e-04
1.388182425046512701e-03 5.201045994435508609e-04
1.266222549070336731e-03 4.480978447876781822e-04
1.444758598187085132e-03 4.909954547284833132e-04
1.395797383835133652e-03 4.905016511287062491e-04
1.284253314626303700e-03 4.769256765633016443e-04
1.400295594688324378e-03 5.302029750053066518e-04
1.328655348041934232e-03 4.488628580400272263e-04
1.391273804604187042e-03 4.680065706832372435e-04
1.495002668907829783e-03 5.010082052806539643e-04
1.416214253509500125e-03 5.033996527581326716e-04
1.472962792346511071e-03 5.036178589834639343e-04
1.383895309102042143e-03 5.352970315779539100e-04
1.323784318067455345e-03 4.655513039031020399e-04
1.350765639958649740e-03 5.204544062921214213e-04
1.325584600648614273e-03 4.632389991328802570e-04
1.222488259582433547e-03 5.282294919710989103e-04
1.328430491370065098e-03 4.054087181403809347e-04
1.476964816882875894e-03 4.804295926978770421e-04
1.488881993587320334e-03 4.710288997882784083e-04
1.354641188682354207e-03 5.290244796839670355e-04
1.419510497100463352e-03 4.310079874279084972e-04
1.164476703508797234e-03 4.853716524714587642e-04
1.286554898209162079e-03 5.271225837460281720e-04
1.224421488293971723e-03 4.182556144635543377e-04
1.357383242948432189e-03 5.000753299123478733e-04
1.465423364453503820e-03 5.363928658888621409e-04
1.181991275190975767e-03 5.054296824403183962e-04
1.457340750307290151e-03 4.727578118835592158e-04
1.372685216868515775e-03 5.136873416354780213e-04
1.358343732854839885e-03 5.006997652611810956e-04
1.183326654673208175e-03 4.815750566054312625e-04
1.225566857296617358e-03 4.573991010356964000e-04
1.452558047660531615e-03 5.030052801299943416e-04
1.241130260857755980e-03 5.003052073588880235e-04
1.498711041120492872e-03 4.889792277837336698e-04
1.412839993312697438e-03 4.495278945864790801e-04
1.335476708419403372e-03 4.923125258670871382e-04
1.352982602214052466e-03 5.371202169389217764e-04
1.275004651349707831e-03 4.516446116200183722e-04
1.382018376661686265e-03 5.014700984432309515e-04
1.275962223121277807e-03 4.877909507763494596e-04
1.310639219034726282e-03 5.230677182698662171e-04
1.436513719418131777e-03 5.413193691922538750e-04
1.699145445501056831e-03 4.420620317043468949e-04
1.219800142839590467e-03 4.841915604556083275e-04
1.174765289099141685e-03 4.725779285595191640e-04
1.300045470397843180e-03 5.453802408603490668e-04
1.377198509385789242e-03 4.960713791044235816e-04
1.342375016140208129e-03 4.578537141817860118e-04
1.451668271813755457e-03 5.238127963452471423e-04
1.261983569917941340e-03 5.078004139255866065e-04
1.471341340572673287e-03 5.036445648052144571e-04
1.248206736377998043e-03 5.491457711796250566e-04
1.369440556911416485e-03 4.898764298936381404e-04
1.379406296653964536e-03 4.877577918369584284e-04
1.359697136805947853e-03 4.496228160602559905e-04
1.480597588966663146e-03 4.722758692724959178e-04
1.056410590306698302e-03 5.351195712645845978e-04
1.331073963039766531e-03 4.414645062648424128e-04
1.343703630732983548e-03 4.442077267206311661e-04
1.415012852828420944e-03 4.654675503618852504e-04
1.465332553679134404e-03 5.071214280957052865e-04
1.264413777143535544e-03 4.620846411512479542e-04
1.396463006296757301e-03 4.661645726897697701e-04
1.399732053728513928e-03 5.082869521405967723e-04
1.488474152043003885e-03 4.944445753456146002e-04
1.449213301948857387e-03 4.487660360180016433e-04
1.448197794502408117e-03 5.115224684634885272e-04
1.437459519615134646e-03 4.695138983759091075e-04
1.360977004839564273e-03 4.981431916540883693e-04
1.423597633169616534e-03 5.031236537533617355e-04
1.227353734384099794e-03 5.140703076408224739e-04
1.616249554916855463e-03 5.407035349966351177e-04
1.601658979291137059e-03 4.772628454791786375e-04
1.333945126825609919e-03 4.870929249013692015e-04
1.376839194650416156e-03 5.211679119483914827e-04
1.246430378920592363e-03 5.046947346852939144e-04
1.440457905411301294e-03 4.419920733973001117e-04
1.327597525749010321e-03 4.841401725098527938e-04
1.306272634309150809e-03 4.346467243070213280e-04
1.417034639497542119e-03 5.083023659367810667e-04
1.281547846116036678e-03 4.616013018808363694e-04
1.188842453424924193e-03 4.900899442515903055e-04
1.247649485537079272e-03 4.792780561598434597e-04
1.503042489127364052e-03 4.845832603169894460e-04
1.452895133966238114e-03 4.517574606693463700e-04
1.415758079541264017e-03 5.012838324193624349e-04
1.434222294148018413e-03 5.562094146137405845e-04
1.435683803118837374e-03 4.550797141884891078e-04
1.391907522749569496e-03 4.533768554719945845e-04
1.355078380033084657e-03 5.372642957085259959e-04
1.214536745820442298e-03 5.360558778157909930e-04
1.454754070461349805e-03 4.487629293060902075e-04
1.530223620893958686e-03 4.775456149007646471e-04
1.479768728791081532e-03 4.669182203511686039e-04
1.308698889898079554e-03 4.567978496620377733e-04
1.484564051152304463e-03 4.869517285406115264e-04
1.292863148174611685e-03 4.745848768963405423e-04
1.344735965150134840e-03 5.019113881349709537e-04
1.251742128157137379e-03 5.020962381610590691e-04
1.346204370878247968e-03 4.535520628254875123e-04
1.537509620832621911e-03 5.012069198749575898e-04
1.236945570346413038e-03 4.948921753421410118e-04
1.529609506246010090e-03 4.742318140201789338e-04
1.318607603387126573e-03 5.183091561369971038e-04
1.347978832802889911e-03 5.069093641266291797e-04
1.307700772730643109e-03 4.783313732142261505e-04
1.464431218571301012e-03 5.056070621919520405e-04
1.294712567301411956e-03 4.910965626898133657e-04
1.469138557815555723e-03 5.027083937350972998e-04
1.236227415919918414e-03 4.259643856168880065e-04
1.299408489328380926e-03 4.394918215036102251e-04
1.481616476346586360e-03 4.768465797522084340e-04
1.392681610114659312e-03 4.623913200987680061e-04
1.530637864374412380e-03 5.392318691200975473e-04
1.575660841818684200e-03 5.273998194327451927e-04
1.320399289281848137e-03 4.481418361343198127e-04
1.287211770323662408e-03 5.194618616059009167e-04
1.539979945846314813e-03 5.390422808069216540e-04
1.373998847063931990e-03 4.952544162772448645e-04
1.306304111096652596e-03 4.913117773797367810e-04
1.355909661056696339e-03 4.683200379064860440e-04
1.342411214481061118e-03 4.540354561217773777e-04
1.463273172185643308e-03 5.082625061669774659e-04
1.440352914107632032e-03 5.194379944689882581e-04
1.236609481136736414e-03 4.955011670855848137e-04
1.447604592710418844e-03 4.316598147709988604e-04
1.318695856229280773e-03 5.134058234676440978e-04
1.526014369102945923e-03 5.688372331152057298e-04
1.422740253759555715e-03 4.220874511997040903e-04
1.369336094528379125e-03 5.021922432342862744e-04
1.259631347193807763e-03 5.839349788073104142e-04
1.238136101601905199e-03 4.608454840581950400e-04
1.322889715484579188e-03 4.783412271171184264e-04
1.397973312716630423e-03 5.457202943682374404e-04
1.243455014237178358e-03 4.876125792221273534e-04
1.287381829877430215e-03 4.895714140812822352e-04
1.263966189034605291e-03 4.786440393273792100e-04
1.414858337738974332e-03 5.222041539463687446e-04
1.412701931199021252e-03 4.624118514835065617e-04
1.296151355447855121e-03 4.891190722035338324e-04
1.241989293897736426e-03 4.188126747788159542e-04
1.433922627270476247e-03 5.161203529398484743e-04
1.331244682197905245e-03 5.601235635936962793e-04
1.303770202452583012e-03 5.274426301829629243e-04
1.398400230303320632e-03 4.961886421957064979e-04
1.230941467601117919e-03 4.575489195908643441e-04
1.379977589168695715e-03 5.247718870967224081e-04
1.303214446612653565e-03 4.739882272535794012e-04
1.201162091688835320e-03 5.319776164884445959e-04
1.352483941501906846e-03 4.900030409940634270e-04
1.277720338748566291e-03 5.320070025333693787e-04
1.390532817476766280e-03 5.111203362985238582e-04
1.236619362905073613e-03 4.959535043149045476e-04
1.400560814010581726e-03 4.815648825841449001e-04
1.291060646317972356e-03 4.982823590528740864e-04
1.406958261152421339e-03 4.457392628624599982e-04
1.368533547092852260e-03 5.105655244837387086e-04
1.339797283951136252e-03 5.229236701860284255e-04
1.454707784978203060e-03 4.676837943924906866e-04
1.375315252710954160e-03 4.795195369035543044e-04
1.409697528424563124e-03 4.543586158727027464e-04
1.395930590620473623e-03 4.958302496338956415e-04
1.495311544274376472e-03 4.498558453048058970e-04
1.318865433740667309e-03 4.581951848862970272e-04
1.244154829451109279e-03 4.462271788609589165e-04
1.606521724474701445e-03 5.273454179042364170e-04
1.390580544084102626e-03 5.083799080014385699e-04
1.298615280637322334e-03 5.175697693182711471e-04
1.440065021968304050e-03 4.174154941526549666e-04
1.464393762917148758e-03 5.313885530426633568e-04
1.472618760189121695e-03 4.944935586452323248e-04
1.208015593284852670e-03 5.064212242263204083e-04
1.387572379606949284e-03 4.253955521628117998e-04
1.092525245714126136e-03 4.929354090732802505e-04
1.318621163615144943e-03 5.187604964572221748e-04
1.190072556913112983e-03 4.515878408912353168e-04
1.458711888098684559e-03 4.484373883310516576e-04
1.502317365372915926e-03 5.317929698706857231e-04
1.286224845878911277e-03 4.652257474521712208e-04
1.186595079311873616e-03 4.956704722670705323e-04
1.215333750780731720e-03 4.292528045702139763e-04
1.374080554630724774e-03 5.105330499658928319e-04
1.376536024162205258e-03 4.492231682363269471e-04
1.323587058142509021e-03 5.147398521904880501e-04
1.405608250365472742e-03 5.257599899242728627e-04
1.284961783908710560e-03 4.476635320084035850e-04
1.340245559996871465e-03 4.900084316990829499e-04
1.395929976957277410e-03 4.885498515000532074e-04
1.403322951359072066e-03 5.268725789840494585e-04
1.434664976585558506e-03 5.629365685941679432e-04
1.322665066538027904e-03 4.401072256805465361e-04
1.415012757765003303e-03 4.743381941120551897e-04
1.228454539286204152e-03 4.847149687201889393e-04
1.465542116079815481e-03 4.515586886504609990e-04
1.254245887177909882e-03 4.605130331489780968e-04
1.418778000048682509e-03 4.856073739366959397e-04
1.428107680454203908e-03 5.097603088098874363e-04
1.351553681773522749e-03 5.132365579948322282e-04
1.121469902231538550e-03 4.512439835950001420e-04
1.296811699698171725e-03 4.740712956914325564e-04
1.361294977934681891e-03 4.936001727371411773e-04
1.121075186586847124e-03 4.874232148694232101e-04
1.363741071455409860e-03 5.003512923389440755e-04
1.441039542623069819e-03 4.953797831544490618e-04
1.382943149046825856e-03 4.592397321316226463e-04
1.261090148443878801e-03 4.587558198303154323e-04
1.252582397742416608e-03 4.572162070999228039e-04
1.367303401309402644e-03 4.950568003397569361e-04
1.322630023071557671e-03 4.278259614335192277e-04
1.259787487063819891e-03 4.902626736015096298e-04
1.299290257921686433e-03 4.579239185731992208e-04
1.243873625499705574e-03 4.996394840052702886e-04
1.407963733653470146e-03 4.730987055711423947e-04
1.474726566676300924e-03 4.906006563022471392e-04
1.563600650721233901e-03 4.282122984159984812e-04
1.256180710252760872e-03 4.677039097064593365e-04
1.429501689214619743e-03 4.511717712145560779e-04
1.351005309942673264e-03 5.229877001160006950e-04
1.330216507293107212e-03 5.104900353677646520e-04
1.331915827229383656e-03 4.322583542163664508e-04
1.226194182121894717e-03 4.790720860284261194e-04
1.262853432998092438e-03 4.566008091588706977e-04
1.377837936938497302e-03 4.916475310167749352e-04
1.275858212514051218e-03 4.528468618072914041e-04
1.552706814629345585e-03 5.115771720609703279e-04
1.291584584500723347e-03 5.417967236658291800e-04
1.276927191698818461e-03 4.214125775108989351e-04
1.313083862490178498e-03 5.078363860300739085e-04
1.562842738304407245e-03 5.526792268423395479e-04
1.371721000711793913e-03 5.526712732449035048e-04
1.206060677188503742e-03 5.064311681270812710e-04
1.524882474149063952e-03 5.292746601074238425e-04
1.450838761598511771e-03 4.782968784816286575e-04
1.338662854064702869e-03 5.226258760331789184e-04
1.501154080297765385e-03 4.705348250163032581e-04
1.458697073022726656e-03 4.766521922374799929e-04
1.467406297258676533e-03 5.313674856270474015e-04
1.350520877062501204e-03 4.527534327605543547e-04
1.306335813240939482e-03 5.066794973178074916e-04
1.505635175257676820e-03 4.696012378777259725e-04
1.331468425463302541e-03 5.228309671504703399e-04
1.369601293676249356e-03 4.323112273354674014e-04
1.434484546232281171e-03 5.252893938087903379e-04
1.407469862054752403e-03 4.712253473328328261e-04
1.249007585369760589e-03 4.884104413653712201e-04
1.421571398479747192e-03 5.115658862115598235e-04
1.321887845235797691e-03 4.795578444026204470e-04
1.385442300353772202e-03 5.026480316553516960e-04
1.319938542957854993e-03 4.441540876621587175e-04
1.326445126016881056e-03 5.314101944324653090e-04
1.459027095635320520e-03 4.545765654912483841e-04
1.389531099751329431e-03 4.476111681592896555e-04
1.375885310504009092e-03 5.262329533669556515e-04
1.472917718166006284e-03 5.315138243496927333e-04
1.233865328683781803e-03 4.604804055082170481e-04
1.235132790917061124e-03 4.728378344456260268e-04
1.188775058848425903e-03 5.136409240047590946e-04
1.375037094428131291e-03 4.573827510529091477e-04
1.325938582536956853e-03 4.448149820032201956e-04
1.408518550011357085e-03 4.451825731591695610e-04
1.345000231593767009e-03 5.591885819498348519e-04
1.566203711760119546e-03 5.192043968309380080e-04
1.295950635537244282e-03 4.195811864159143144e-04
1.296049086170181523e-03 4.609986412887550158e-04
1.240143181047163347e-03 4.926640853051508263e-04
1.269765424097269628e-03 4.835050080176633153e-04
1.444855346211678347e-03 4.633524718524751609e-04
1.413029599176133513e-03 4.891255283945239668e-04
1.420535083929483052e-03 4.953680811031718582e-04
1.651821912647258913e-03 5.136331697217744966e-04
1.288522921637683550e-03 4.993600750522915466e-04
1.341641858294437663e-03 5.469522637691491725e-04
1.296953607644073508e-03 5.003174789588022125e-04
1.231899560495688115e-03 5.226028602227824867e-04
1.330945472127340089e-03 5.405067916604723707e-04
1.525103242923248883e-03 5.404375917739993266e-04
1.226542187945732065e-03 5.253996238904915309e-04
1.362716635021370484e-03 4.987467641660401230e-04
1.273321319737405607e-03 5.232739521663461917e-04
1.265957377902088158e-03 4.437182783047332723e-04
1.390115022745920742e-03 4.907689109157070554e-04
1.205921502109411764e-03 4.998482918964569860e-04
1.514240855328826893e-03 4.419559879532263414e-04
1.437685514757174130e-03 4.959683511188892318e-04
1.190172075065429975e-03 4.764642477761620661e-04
1.558442724541988633e-03 5.267745787020361968e-04
1.270585178585701856e-03 5.214153666701315483e-04
1.274983015175859633e-03 5.425023048717565743e-04
1.437152083839998229e-03 4.981893425794001878e-04
1.472989215368300303e-03 5.150109153388282698e-04
1.406657004893478377e-03 4.175610301312289419e-04
1.315447739815355866e-03 5.613423444221859147e-04
1.524583547726822809e-03 4.643040910683736726e-04
1.363799504374656147e-03 5.412324662094591650e-04
1.324401634537127710e-03 5.019669634058478939e-04
1.286072290383398400e-03 5.109709043751222302e-04
1.316034090410181075e-03 4.982501144356109388e-04
1.457273221844557513e-03 4.966546291351282361e-04
1.258510760002427321e-03 5.071078728786665045e-04
1.459129474880483009e-03 5.104577497605791107e-04
1.255445556540222760e-03 5.005684973259418849e-04
1.451793954723322802e-03 4.211738693890763018e-04
1.371241973791072991e-03 5.177746174098509261e-04
1.467451361385840999e-03 4.457676852840542370e-04
1.672311287331695439e-03 4.684486804238039955e-04
1.205937714678626850e-03 4.508301339587516892e-04
1.324247459555498224e-03 4.863484189011478185e-04
1.396623917659514397e-03 4.719512346685320785e-04
1.384845752526364356e-03 5.399671736414235349e-04
1.357985805475242632e-03 5.207109219734247637e-04
1.317448974762968185e-03 4.982639891465904646e-04
1.298299623080422698e-03 4.947582862508166516e-04
1.337974718366317841e-03 4.488105371246440861e-04
1.356790922338025696e-03 5.155834195694760725e-04
1.291489158818033643e-03 4.547372518907384447e-04
1.521265847749905592e-03 5.059947089656231410e-04
1.255854219826790493e-03 4.815362991050766090e-04
1.224565087700337168e-03 4.813017645573147078e-04
1.259045976217770335e-03 4.805696946399819550e-04
1.351801319744347666e-03 4.989859650501065258e-04
1.319640924595291351e-03 4.852698513708098753e-04
1.182406324337273613e-03 5.750107409556858441e-04
1.420690809069499174e-03 5.505647313730471087e-04
1.454858425937248859e-03 4.516918502382324084e-04
1.181004783770036757e-03 5.596593390067654793e-04
1.340592486467744168e-03 4.789986042925172948e-04
1.256456759701948464e-03 4.819680510905928472e-04
1.421165354692409833e-03 4.976838002180313360e-04
1.273237778040337866e-03 4.761167587942511802e-04
1.252833237419114388e-03 5.465090212609089761e-04
1.474500998905321639e-03 4.838049341828249599e-04
1.233822563666947840e-03 4.481248185901812566e-04
1.356429585451829952e-03 5.083822589967915010e-04
1.427836323080606791e-03 5.136785161731141766e-04
1.388221619676511956e-03 4.577769319938346086e-04
1.520736368008982625e-03 4.671748644942012646e-04
1.407495282068437110e-03 4.401481075812622729e-04
1.462247662689794819e-03 4.584123395543917125e-04
1.390104732185608446e-03 4.487709925349904765e-04
1.381529832374363709e-03 4.547529223401533625e-04
1.458404140635890904e-03 4.689584338790954714e-04
1.378708921058217299e-03 4.889048980355324052e-04
1.426605087952517725e-03 4.526605140089141194e-04
1.397309935921148098e-03 4.658206197657118776e-04
1.400715529205173032e-03 4.680072978278263592e-04
1.627797237413365281e-03 4.913764672768132372e-04
1.339797419419120304e-03 4.438970048943060524e-04
1.346519144329735894e-03 4.903440037296749685e-04
1.488177716223540578e-03 4.656503137921126981e-04
1.368243662812104354e-03 4.499602153230227125e-04
1.238046537966627867e-03 4.827057822452134224e-04
1.408280410105761235e-03 4.248430563293025485e-04
1.314543906933360057e-03 4.688886194611193228e-04
1.478900466050752250e-03 4.961996589856822225e-04
1.408384417269581889e-03 4.821836971975745358e-04
1.328869964660999835e-03 5.772792042596688444e-04
1.389945922934321051e-03 4.789423855338664922e-04
1.335546417451061087e-03 4.946191053430978131e-04
1.398628500504552367e-03 5.013000537884199949e-04
1.342304088453448452e-03 5.181706057614786105e-04
1.379959874753676442e-03 4.386986543837885369e-04
1.416557111180459733e-03 4.288017635968352612e-04
1.491377830569737663e-03 4.986190113824544995e-04
1.478221622364484216e-03 4.491207597703934188e-04
1.343798281664941368e-03 4.457338027236362830e-04
1.419593764818967733e-03 5.171462828222284308e-04
1.309415869157251567e-03 4.924966867732045311e-04
1.355834295709385786e-03 5.343091795968661975e-04
1.480393465523139771e-03 4.375685554479025120e-04
1.457034154976184943e-03 4.919162900040619001e-04
1.400995632917922430e-03 4.653185857621524256e-04
1.222915999726857704e-03 4.871503991131665031e-04
1.463145570122907115e-03 5.258463506904786705e-04
1.339114698890495362e-03 5.078759873377424600e-04
1.374796274994378358e-03 4.666582514605177221e-04
1.635519665290153905e-03 4.840452831855357897e-04
1.383681810727187744e-03 5.026098698009186802e-04
1.178242144854310105e-03 4.576104167924574312e-04
1.375110845218816729e-03 4.700166815325216825e-04
1.539368947728698847e-03 5.331934839443137160e-04
1.165114935937001809e-03 4.675043912545423161e-04
1.270786547390809424e-03 4.705943084079501799e-04
1.371948117303124250e-03 5.286711392923187621e-04
1.323430534859894227e-03 4.934758108429839569e-04
1.411710298493703110e-03 4.791855987992572224e-04
1.286989978042424061e-03 5.401612983280128406e-04
1.319602503539718400e-03 5.097803390118640877e-04
1.310639592542351501e-03 4.837963757565704858e-04
1.289721258065197433e-03 4.409556524907243561e-04
