1.393275259077105931e-03 4.993918715660418482e-04
1.352653173448437355e-03 4.245249204663566894e-04
1.392754536033867204e-03 5.142664480600887995e-04
1.239222400367701125e-03 4.926987095311579669e-04
1.299307711579285275e-03 4.525854042440769919e-04
1.363222243185385112e-03 4.938176547038054028e-04
1.290508998552072732e-03 4.319987746957749844e-04
1.202692904159159649e-03 4.460879698300177399e-04
1.279999096326118720e-03 5.316699418141740885e-04
1.336041530565405680e-03 4.610980561163308296e-04
1.387829973801448912e-03 5.022743995757358165e-04
1.351663897319611753e-03 4.618401800672829530e-04
1.189057189290340655e-03 5.034406601539586973e-04
1.256347706167390945e-03 4.984628380832856849e-04
1.177546010336946161e-03 4.683019279042699282e-04
1.314214645509995897e-03 4.437519393059433429e-04
1.266522326958674505e-03 5.028390758041743945e-04
1.284286794429364675e-03 5.427909038097040789e-04
1.307087951383244500e-03 4.696042963589845925e-04
1.248651121479626850e-03 4.593742104033605566e-04
1.198483652623053876e-03 4.628760148528611603e-04
1.081432394464984341e-03 4.763322554754321971e-04
1.336613199762345071e-03 5.277937102676484409e-04
1.191982319473643354e-03 4.715299149161300985e-04
1.358130468129125669e-03 5.384283048996326435e-04
1.255214144768734049e-03 4.451411961868277146e-04
1.300189148886770956e-03 4.585243734799061030e-04
1.414888737102539375e-03 4.700439089409334911e-04
1.319723588915082575e-03 4.935282494334599116e-04
1.456581410818786520e-03 4.475753643799190024e-04
1.099575990921787755e-03 5.188250898973159305e-04
1.518405239931431292e-03 4.291145538290254717e-04
1.262097425030579961e-03 4.810988583636643880e-04
1.295727722363915419e-03 4.415993079964323793e-04
1.334673463574400200e-03 4.596688003681066335e-04
1.251285514910961075e-03 4.456575674371899740e-04
1.345805069895017990e-03 5.019739583190872389e-04
1.288776917799767333e-03 4.677694962760557728e-04
1.285324149691052971e-03 4.414969372628431182e-04
1.227493295805002311e-03 4.802345553202834200e-04
1.374625535969720624e-03 4.868543366493561218e-04
1.146680362546773167e-03 4.567336848292751763e-04
1.293423862499696372e-03 5.199045618874731422e-04
1.186406574540338141e-03 4.636567716941206673e-04
1.501975124030717782e-03 4.630304037204364389e-04
1.331433574431910597e-03 4.703705902316475309e-04
1.194955365509620549e-03 4.880545086725899162e-04
1.198462571202438395e-03 4.501699939460933916e-04
1.491354951267800499e-03 4.776556495257965984e-04
1.122707122989810308e-03 4.400752759602043446e-04
1.219925504361717714e-03 4.851586693157041168e-04
1.390482036045727560e-03 4.796212133531818633e-04
1.139246526943657554e-03 4.658887709096028867e-04
1.399456278882074212e-03 4.840535402750940539e-04
1.423657037259408497e-03 5.199512172665699114e-04
1.499838377098721906e-03 4.583116201926788259e-04
1.301210569235491986e-03 4.158332906732331515e-04
1.244860703157865678e-03 4.663689590963867194e-04
1.339982302839767781e-03 4.890806191388480731e-04
1.507531211670414808e-03 4.417772471686639223e-04
1.489808361982172986e-03 4.252578506585280040e-04
1.274047210058179558e-03 4.639590826041420130e-04
1.220619003913390489e-03 4.777337675888191542e-04
1.243208643337091919e-03 4.519276942901797895e-04
1.256093949829932381e-03 5.046113218546637675e-04
1.136066399308637833e-03 4.683691875564600557e-04
1.121091665169242227e-03 4.896364934389080053e-04
1.374877683173619499e-03 4.677355625553844304e-04
1.220759740060749741e-03 4.677625931622796953e-04
1.134548333143502131e-03 4.826135248142702301e-04
1.111251848084523347e-03 4.605604272205359069e-04
1.229393220399537879e-03 4.038657981501167960e-04
1.291361640085583046e-03 4.713895610485687782e-04
1.283184031944254897e-03 4.824586634979474015e-04
1.101267164987738707e-03 5.096697687932265916e-04
1.288338160984684551e-03 4.538169076161871290e-04
1.258937493380065439e-03 5.149042181320505644e-04
1.151793758055111002e-03 4.383875303102906240e-04
1.349855439250403693e-03 4.818881713179145850e-04
1.317329867523799004e-03 4.830429296783120231e-04
1.331942525039590385e-03 4.328782604989943762e-04
1.206924188883238104e-03 5.403545320862153086e-04
1.085978623581102583e-03 5.168373219677581442e-04
1.432515020264445594e-03 5.053973645057508726e-04
1.270349672202830118e-03 4.930050738037557775e-04
1.283574461041217356e-03 5.121284371919612765e-04
1.072440488141415552e-03 4.630460265937423972e-04
1.525088381248154322e-03 4.457218554298468007e-04
1.420328649479407753e-03 4.702014012934546358e-04
1.278831002677261212e-03 4.657246801104414770e-04
1.281576347751994067e-03 5.386861930638836993e-04
1.204715385491204362e-03 4.885884544639023611e-04
1.169694998756943454e-03 4.502537187573670604e-04
1.278627297335839389e-03 4.931730361610130566e-04
1.209484249302793073e-03 4.484523652976721655e-04
1.430769265875991934e-03 4.785523471039579706e-04
1.293247248494380428e-03 4.274746608835763330e-04
1.373286525060628043e-03 4.741828006459871932e-04
1.329371451023249112e-03 4.482896648966666316e-04
1.267467533519867160e-03 4.755554052609998442e-04
1.293979921912297593e-03 4.996617365456069342e-04
1.214015222094676563e-03 4.414889753151397117e-04
1.402070165019979071e-03 4.977527644788336042e-04
1.155376984287163119e-03 4.720515068206881980e-04
1.336467469621776616e-03 4.562512812803016962e-04
1.448048941298736179e-03 4.993402710132965753e-04
1.299534628235824666e-03 5.145880618692184752e-04
1.296584428363875986e-03 4.959662474099049831e-04
1.525168171856075084e-03 4.528385427971161228e-04
1.012242093738701483e-03 4.310721211308063492e-04
1.324446110004350637e-03 5.391307069626601490e-04
1.305899352047395264e-03 4.737170728837729826e-04
1.189261478478299133e-03 4.577390146178904784e-04
1.273168056435665472e-03 4.811406914618595221e-04
1.290348631332287853e-03 4.881607556001048526e-04
1.303321521220075427e-03 4.612742724518528151e-04
1.285370951593701712e-03 4.896112395288336559e-04
1.231717833874474257e-03 5.259163878531078907e-04
1.204552288534031096e-03 4.495369651972101884e-04
1.227644499443323461e-03 4.389384773297395816e-04
1.389687340791619661e-03 4.391179342670313503e-04
1.470684757879272024e-03 4.485685719467922194e-04
1.252315212660859130e-03 4.645281696116681028e-04
1.173532623772703979e-03 4.547437336262849039e-04
1.360279973534001940e-03 5.190503467187364706e-04
1.415624952870833762e-03 4.811653739449818913e-04
1.261629843102113737e-03 4.199190941359316233e-04
1.226444467181966652e-03 4.655451112306818805e-04
1.266142023708347834e-03 4.838395093562619892e-04
1.209305554748407946e-03 4.104081302055931791e-04
1.398052467637316996e-03 4.529677458294191408e-04
1.224374810317123375e-03 5.267364700520472866e-04
1.432637229489581044e-03 4.574937542356467086e-04
1.239768573932775253e-03 4.904585178251857653e-04
1.343296442213245305e-03 4.656583559120634178e-04
1.095499565618819355e-03 4.891385903834361134e-04
1.049731269113851357e-03 5.122795329863843354e-04
1.225504743736702956e-03 4.513658728818620725e-04
1.522180273303180365e-03 4.011877726404244112e-04
1.331815865713666634e-03 4.882436359069401363e-04
1.128487624477793327e-03 4.440983979382012465e-04
1.163283316000428931e-03 4.386647481020028850e-04
1.531705308232127931e-03 4.796012302270895810e-04
1.328809895278989205e-03 4.026196243074501397e-04
1.185727772642794497e-03 5.015497405548112724e-04
1.251392691623701712e-03 5.170143021872961216e-04
1.180128919556134052e-03 4.703057748260721900e-04
1.251289446693142158e-03 5.061418114694761321e-04
1.243524658365211281e-03 4.339850303942980941e-04
1.153932361447423732e-03 5.749676484076014955e-04
1.305745197034075119e-03 4.486107302849365298e-04
1.103915094796414009e-03 4.949829871652522504e-04
1.403748650115034090e-03 4.905306624327358160e-04
1.151100429599508264e-03 5.002005445649778705e-04
1.295499331140359360e-03 4.792645749594326280e-04
1.435161016269609260e-03 4.487540069640775825e-04
1.256862243645987150e-03 4.943421200836902157e-04
1.351142385643694767e-03 4.728937301029569875e-04
1.347745284554001475e-03 5.093659742091738484e-04
1.342500396728307484e-03 4.747686285557778797e-04
1.253247960711216828e-03 4.579663990673811091e-04
1.245823479059882761e-03 4.681019635635748593e-04
1.373623621532592135e-03 4.323733273001022248e-04
1.348686981821514263e-03 4.834316058672713783e-04
1.279516053941757167e-03 4.607926110628251929e-04
1.297899649709135595e-03 5.536868190074339859e-04
1.285355276481738073e-03 4.808604749838748236e-04
1.219651317266818484e-03 5.415964195634128580e-04
1.195394324271079620e-03 4.655033128864951198e-04
1.210832942772034062e-03 4.346252136835710073e-04
1.341470346055538814e-03 4.971855107313537248e-04
1.367934736867940917e-03 4.928743032214569740e-04
1.324840262026977678e-03 4.642851867641548049e-04
1.233237547151000814e-03 4.792576975903228235e-04
1.290972846920959184e-03 4.983151735608217902e-04
1.247980378339822241e-03 4.519065461257857274e-04
1.380075747817799360e-03 4.433528933250849052e-04
1.340656432133211775e-03 4.423706689747058528e-04
1.225113840258530403e-03 4.230528896364328141e-04
1.318145857301465012e-03 5.209269337872680017e-04
1.262958876163739873e-03 4.203886394884845737e-04
1.313724453488741188e-03 4.583214829847174652e-04
1.262540241170809381e-03 4.837138434694669958e-04
1.241230166839827394e-03 4.861625707179952679e-04
1.260072423052707551e-03 4.728231639072877357e-04
1.026362496903622913e-03 4.617982031563634487e-04
1.082911583384882056e-03 4.509632435951759031e-04
1.269435856482916888e-03 4.359459610508342655e-04
1.124180174189135352e-03 4.682307821091218590e-04
1.238828839665739043e-03 4.331052735569305609e-04
1.501386313013692393e-03 4.917081147823873597e-04
1.263534850584895454e-03 4.390414717296811284e-04
1.440838041022847070e-03 4.526246100791501709e-04
1.393817065900353853e-03 4.400445462945412915e-04
1.349493659892421525e-03 5.496249481369684274e-04
1.291684125418297900e-03 4.767396765579804329e-04
1.495747068098080739e-03 5.148047855645793147e-04
1.318976010580804594e-03 4.828799822996736454e-04
1.167669062951340840e-03 4.193671023636655836e-04
1.333976540499366573e-03 4.452354681773607460e-04
1.279295429068397303e-03 4.705708068681432247e-04
1.100555023216686192e-03 4.614469809888523382e-04
1.440593034858557442e-03 4.750604098727199878e-04
1.255277797237227579e-03 5.016745219632889104e-04
1.426537124502730465e-03 4.728248960888950872e-04
1.165169917590403153e-03 4.742528243253256491e-04
1.424153948417072792e-03 5.057283260258983292e-04
1.180293707459991208e-03 5.211455682464070536e-04
1.188139919950751159e-03 4.337290368436741558e-04
1.283548747112971990e-03 4.609418848981464340e-04
1.137093943059439179e-03 4.649456843605909032e-04
1.348239327403239710e-03 3.846182909959460178e-04
1.323999309240701154e-03 5.219342012477538612e-04
1.526480726508431520e-03 4.722826876975317625e-04
1.221538213828237329e-03 4.062883822262243960e-04
1.237719020727828280e-03 4.523212308644091275e-04
1.357466700054133250e-03 5.000536292573326330e-04
1.220900556309306804e-03 4.874096782858001477e-04
1.321043395617249507e-03 4.711471821173735842e-04
1.192416182929103468e-03 4.213581265197773344e-04
1.296513656136657599e-03 4.760150324475025184e-04
1.128596669575860191e-03 5.082018913238985948e-04
1.308888096203870630e-03 4.568509146983563561e-04
1.335504989945975832e-03 4.858916670963421558e-04
1.110764865817779863e-03 4.380660907746403306e-04
1.309503967510924948e-03 4.735395666845871481e-04
1.300106598300569986e-03 5.087877010168863779e-04
1.293935023046766065e-03 4.659731572907376777e-04
1.459573439417035344e-03 4.380146422548951792e-04
1.236933649406466492e-03 4.594945362170288570e-04
1.286995597258666331e-03 5.431139649151615683e-04
1.341413026420207886e-03 4.573958939107580584e-04
1.238564930385430314e-03 4.515246158389030076e-04
1.166376107662668278e-03 4.468006185415521973e-04
1.272029904124747333e-03 5.945065354150472214e-04
1.343243091110129465e-03 4.411721106839902769e-04
1.281131243400416815e-03 4.462532426005430325e-04
1.269894772570358960e-03 3.912815876165458046e-04
1.158121839455411453e-03 4.441735987963557251e-04
1.201805227688975764e-03 4.592999454392422839e-04
1.398208905739247452e-03 4.757852239328286053e-04
1.241215448104038190e-03 4.652182226721651476e-04
1.246689244702935909e-03 4.467864088386570625e-04
1.281981403544867624e-03 4.412724967555320941e-04
1.292920960298649764e-03 4.411258526777438985e-04
1.419470900832518106e-03 4.620242167481008653e-04
1.139316052161918041e-03 4.870741925251249036e-04
1.417328869437117387e-03 4.569304768334592507e-04
1.094465703027357661e-03 5.127684889039604279e-04
1.339113737246175632e-03 4.571379124991596589e-04
1.235738033911277112e-03 4.598139055797692098e-04
1.272156429495845337e-03 4.447317665882571415e-04
1.355980736579344729e-03 4.951747532392520310e-04
1.217513209821661493e-03 4.943822048864002965e-04
1.589519762392283811e-03 4.354400518582219183e-04
1.350766240110131203e-03 4.349277295367616133e-04
1.338322631520592627e-03 4.928083288983741003e-04
1.220463476361210000e-03 4.504585288197853680e-04
1.337983949540655576e-03 4.471220417750266813e-04
1.344902660159532758e-03 4.594552097613153574e-04
1.271798453180304029e-03 4.709817536133149634e-04
1.415565180276435629e-03 4.878909161055579422e-04
1.329285369973055375e-03 4.982817940413551781e-04
1.294461320617817240e-03 5.084526890066804351e-04
1.273892170888001225e-03 5.027322121170298705e-04
1.439669018836185841e-03 5.049703202058894577e-04
1.338436912473402315e-03 4.480951061323919086e-04
1.261844964013368077e-03 4.764244009584896406e-04
1.339570259876662070e-03 4.847004623076929053e-04
1.352301999774278536e-03 5.054532110314339730e-04
1.470204981715112760e-03 4.804450082663576219e-04
1.322732961476212089e-03 4.574655858808810262e-04
1.219597942361673286e-03 4.875074889775426806e-04
1.472415809440277747e-03 5.335187110076880252e-04
1.318555460452218355e-03 4.694565728241564752e-04
1.395915293901068589e-03 4.858357836120954587e-04
1.449847831916077677e-03 4.477321919529984201e-04
1.253189291736823323e-03 4.865220902374753440e-04
1.240106252453390808e-03 4.980774988813186158e-04
1.357917978719526365e-03 5.219630974712528198e-04
1.234107566022561633e-03 4.858967254747659117e-04
1.294879813286129062e-03 5.371815642960213336e-04
1.305662158522444272e-03 4.932096800959826638e-04
1.289400864018916751e-03 4.521443692104103185e-04
1.232195348473126605e-03 4.845702444839148607e-04
1.130302520425200677e-03 4.527624166230842843e-04
1.439758786923041886e-03 4.768418812291872616e-04
1.337536853826356903e-03 4.696801696599938879e-04
1.267316942865064338e-03 4.228672651156066618e-04
1.393125751843362356e-03 4.652713081807827709e-04
1.192724278724415768e-03 4.793313489679017171e-04
1.343333311842875464e-03 4.564112091458890209e-04
1.117655548042171491e-03 4.602350215869972999e-04
1.194547619279184153e-03 4.949446497501324782e-04
1.425680119347822773e-03 4.913981757776389589e-04
1.108293793176274656e-03 4.533705452373609887e-04
1.317514654117200824e-03 5.316554685703936585e-04
1.171085407418324432e-03 4.490091908677056975e-04
1.190932010459694757e-03 5.420543751347627016e-04
1.188895441599160810e-03 4.614039638520794624e-04
1.412157805302683517e-03 4.618603434917276551e-04
1.398286914485562683e-03 4.705982865623596937e-04
1.337527789804085878e-03 4.588668914122725497e-04
1.322750397473513445e-03 4.378113688697098690e-04
1.171012240975545212e-03 4.147534001338691991e-04
1.200231371868445713e-03 4.779106361945549466e-04
1.189906193032465786e-03 4.401964637781534254e-04
1.297150594699858972e-03 4.759953147469684503e-04
1.254277623501183665e-03 4.693316503666647888e-04
1.157076498801791042e-03 5.010272362580078668e-04
1.107706792356919845e-03 4.587338969769494900e-04
1.319916302878112102e-03 4.817272300927766368e-04
1.501586184809461638e-03 4.779933154861808154e-04
1.273141775717495433e-03 5.066545859883991258e-04
1.258731882210486000e-03 4.918776418923820684e-04
1.263870191479273680e-03 5.070524641937310031e-04
1.335530661271176192e-03 5.122761896997489505e-04
1.352819949813145132e-03 5.112645769073622575e-04
1.231666735165563810e-03 4.265709905646822308e-04
1.067153904953650582e-03 4.873628107502631221e-04
1.219961735382481347e-03 4.319988114504455263e-04
1.429506301902580719e-03 4.504786770761379732e-04
1.284831926719502302e-03 4.744763022632111937e-04
1.293201067082407887e-03 4.655043387862076859e-04
1.375458492214592194e-03 4.794246040268741954e-04
1.357986362596597541e-03 4.667730457057985461e-04
1.249821815500808293e-03 4.979399236806790127e-04
1.361149877533906517e-03 4.856493614768624383e-04
1.455809151122114354e-03 5.145292295069836281e-04
1.329725100288330075e-03 5.020677118798898102e-04
1.151679915140321015e-03 4.934128993690521442e-04
1.427898905733226195e-03 4.856538217557038010e-04
1.235932355553928663e-03 4.828524943722871171e-04
1.313676515405277218e-03 4.392257858109805324e-04
1.373983359472398741e-03 4.440161104899973451e-04
1.306225199387931347e-03 4.920825313142277715e-04
1.285101164361378105e-03 5.306452049913695269e-04
1.246047535816496550e-03 4.842760882377707241e-04
1.218116819365238409e-03 4.914015095700462405e-04
1.164518705836681224e-03 4.498163705906814782e-04
1.264759454526930265e-03 4.259490444836612315e-04
1.188936303423243808e-03 4.827596417365071727e-04
1.346866063059376679e-03 4.677055190197710178e-04
1.330707836109009052e-03 4.605902199499529786e-04
1.289817541386483780e-03 4.583591023135672122e-04
1.110178132625574011e-03 4.179936717070991976e-04
1.330400598761673952e-03 4.713705139658174782e-04
1.311806974246979094e-03 4.723625406847021310e-04
1.279729158568692748e-03 4.621246777554845024e-04
1.461176321392837051e-03 5.313748146642982995e-04
1.296353990088533817e-03 5.110809094676501893e-04
1.165114524239557444e-03 5.009687234523832510e-04
1.273151316467435951e-03 5.276847908669225675e-04
1.101139556607479402e-03 4.796073618127442658e-04
1.248191908260197144e-03 4.772368134512226909e-04
1.255157053655352965e-03 4.517305184342624387e-04
1.151354360893813147e-03 4.821386550044161139e-04
1.144377445618139201e-03 5.026811476963130186e-04
1.362122782736961734e-03 4.362072167158968891e-04
1.332710075251849211e-03 5.238188715956132880e-04
1.218974476547844861e-03 4.611987325200861583e-04
1.072128705977430695e-03 4.800729588315440092e-04
1.380950706987472834e-03 5.080023076950502311e-04
1.258952852028065970e-03 4.460720953305239052e-04
1.377220229945812138e-03 5.147421582912699561e-04
1.189206455118760547e-03 4.788380872519131448e-04
1.334225053850710864e-03 4.701734028080014715e-04
1.084394412965996712e-03 4.620257501727347178e-04
1.300018166377608529e-03 4.555748808752803098e-04
1.285580783295064587e-03 4.838303241036548104e-04
1.544725988698848100e-03 4.914721084853065263e-04
1.439964322291538684e-03 4.864878568730363582e-04
1.307736856534026963e-03 4.585099908732741757e-04
1.209328698861247700e-03 4.689775561093398174e-04
1.389256765123299091e-03 4.511198476143791179e-04
1.424304033042392541e-03 4.670898042790085861e-04
1.339312139153144357e-03 4.789598877896263118e-04
1.288924417799990020e-03 5.160225064188787153e-04
1.469723189909587441e-03 5.238179327191579745e-04
1.205142351609035482e-03 5.180269508027087995e-04
1.206298399269612343e-03 4.687039304822806368e-04
1.228609181969107832e-03 4.729395899325398501e-04
1.236820027119345852e-03 5.198539921565290510e-04
1.355044116836707970e-03 4.412260201580674016e-04
1.357464399033304729e-03 4.845401671598192363e-04
1.236664359195258989e-03 4.514824275416524295e-04
1.425930121017380961e-03 5.058384765024938117e-04
1.330435691740844547e-03 4.855177165710577330e-04
1.216187268282849579e-03 4.421942724838532181e-04
1.205056629446510678e-03 5.151937077786392441e-04
1.155832110176122649e-03 4.700720727342082858e-04
1.148251180347981647e-03 4.375717353927032643e-04
1.374751975449003483e-03 4.944645528424923943e-04
1.320246762483827125e-03 4.341689106148359447e-04
1.197528315110706629e-03 5.156049168127330639e-04
1.283348416259755742e-03 4.925448154848197872e-04
1.316621369746781393e-03 5.058269261205272909e-04
1.163134407567036890e-03 5.347018018305499300e-04
1.411975550168982196e-03 4.271552214771521280e-04
1.333247808222393386e-03 4.681222286651058541e-04
1.209246256258146189e-03 4.537854117712825509e-04
1.300082463818014742e-03 5.107140412148672426e-04
1.258829230450741327e-03 4.626063115332127557e-04
1.211521728367342260e-03 4.008103650438790016e-04
1.385186397245484393e-03 4.833017189170791877e-04
1.262363157964143138e-03 4.699675983646947695e-04
1.187253861266014112e-03 4.306900685384240255e-04
1.064973984059587814e-03 5.170314431451474664e-04
1.313055353150290299e-03 4.547077009964069672e-04
1.079772367596388118e-03 5.022007227589356639e-04
1.405399544970868230e-03 4.741643685205591840e-04
1.208286960812718922e-03 4.586486519999235915e-04
1.373509757760207634e-03 4.582337440992176282e-04
1.216185337901893150e-03 4.890459329324018138e-04
1.269771030312234110e-03 4.851389063303544920e-04
1.244176679206318841e-03 5.194867836796002647e-04
1.318274567030834751e-03 5.059886013061751751e-04
1.437303734992868886e-03 4.922845522075694437e-04
1.205118308209454300e-03 4.431969381044124326e-04
1.211822270246595053e-03 4.896717192836596601e-04
1.362798306038878835e-03 5.164334249469743716e-04
1.074093129790852684e-03 4.472462531683505890e-04
1.156181558330641535e-03 4.455087275036901610e-04
1.274871113728277567e-03 4.292883665140274072e-04
1.266451753999875158e-03 5.160204519881713466e-04
1.260699781392041890e-03 5.157546413569100673e-04
1.296373870523462313e-03 4.424701823184276454e-04
1.244192938400417135e-03 4.717962756500064764e-04
1.204782000148823173e-03 5.071256398904007380e-04
1.133975129512010014e-03 4.367957103961663391e-04
1.437085015444777457e-03 4.595331485640087848e-04
1.214759151181856681e-03 4.377506272096636430e-04
1.331607516718075939e-03 5.124727002804487907e-04
1.314840046335147153e-03 5.295669610747000527e-04
1.312916093724731661e-03 4.963018210440315811e-04
1.209406512294242944e-03 4.762393801148567915e-04
1.129232472837987276e-03 5.148296995730078807e-04
1.247666160904399102e-03 4.853007220149369656e-04
1.213541799166120271e-03 4.820113027977114008e-04
1.336357108680129172e-03 5.012808251922080743e-04
1.370607515040164412e-03 4.919753722107211933e-04
1.186447230046467748e-03 4.256179064175282076e-04
1.278649110293441239e-03 4.632650159913732956e-04
1.306165776871586999e-03 4.556017918094620498e-04
1.411902570316285119e-03 4.311518606885434996e-04
1.338437960519015717e-03 4.722892840954042424e-04
1.186486114012599759e-03 4.527255232398265340e-04
1.260313279916350834e-03 4.696382506886878313e-04
1.442106279209964901e-03 4.765812478893832380e-04
1.343262559357737444e-03 5.388010013891368459e-04
1.160511729195716100e-03 3.998910114911607082e-04
1.252575562390121581e-03 4.949115933616420526e-04
1.188135207461314940e-03 4.907820757879479030e-04
1.264415584141647449e-03 4.365637805268762599e-04
1.200323306390557992e-03 4.820630686638892673e-04
1.266049223679222924e-03 4.864373946373635235e-04
1.339976415007942609e-03 4.820812311127565175e-04
1.324785765758198803e-03 4.681197375175034708e-04
1.341472606117656303e-03 4.988267169138696977e-04
1.278390283727511663e-03 4.675193927571282600e-04
1.451590252603080812e-03 5.089142566190212394e-04
1.418158325306746043e-03 5.303294770997944154e-04
1.253907477669742154e-03 4.906163052152269326e-04
1.270996200926753465e-03 4.648828458871162778e-04
1.161248232417068588e-03 5.209516585882109510e-04
1.231488101738525357e-03 4.650042811532697552e-04
1.354431563765483206e-03 4.339736366781540866e-04
1.223257860897201347e-03 4.838041410107013843e-04
1.255822939048081236e-03 4.805050365297732873e-04
1.390456835190555154e-03 4.650510033789926321e-04
1.355851005929657087e-03 5.010793402872292532e-04
1.396411387316204462e-03 4.684542697118472413e-04
1.208343646391916082e-03 5.069336044184643815e-04
1.400837190671204999e-03 4.990453949461319408e-04
1.313480374286767494e-03 5.047548869790177391e-04
1.397271396284243111e-03 4.288850333011446085e-04
1.237562200145936276e-03 4.548120163782373845e-04
1.282664669018866114e-03 4.765811300691056153e-04
1.443910604827001272e-03 5.333835438743119188e-04
1.330194835195358657e-03 5.299223063174069315e-04
1.076532543100520772e-03 4.604432540370183595e-04
1.186654306008297789e-03 4.816815336476793484e-04
1.266032461090512611e-03 5.108262331621392588e-04
1.232858226174126824e-03 5.201642653260575002e-04
1.267283336834407279e-03 4.538792857586605722e-04
1.216066559014891474e-03 4.311090602837727606e-04
1.326837893253938246e-03 5.166324569224536997e-04
1.354218866754894769e-03 4.839849341523318974e-04
1.167274409600715804e-03 5.023108302607524629e-04
1.231775988940540627e-03 4.929590178042602983e-04
1.398188223158851069e-03 4.727422476941415728e-04
1.422833469384630423e-03 4.798067473729545327e-04
1.452407381652969388e-03 5.024950369369709981e-04
1.336589144430785480e-03 4.347797032021975274e-04
1.206793277143930043e-03 5.265873997017506657e-04
1.439948570496800114e-03 4.792292751595278824e-04
1.092973750120263118e-03 4.947577003571411707e-04
1.249209206370709624e-03 5.238377832886460545e-04
1.369544607612819750e-03 5.076144068378988551e-04
1.358406721116091039e-03 5.184440433867418567e-04
1.186442567634559591e-03 4.323518187021441997e-04
1.406003776365624637e-03 4.964099265245595048e-04
1.299294712653534375e-03 5.044792596455720301e-04
1.177423127016710225e-03 4.754492078320543221e-04
1.319699835299599370e-03 4.705266631520420425e-04
1.329568623776338030e-03 4.785470572800954456e-04
1.346474801545379830e-03 4.824613091645797887e-04
1.362412553055300036e-03 4.751160545872205767e-04
1.342118406788799477e-03 4.671616173198222220e-04
1.380009078434392194e-03 5.299343901064476050e-04
1.049590137659773973e-03 4.143047321245431694e-04
1.119521327869700414e-03 4.283867301270613505e-04
1.335061828533163969e-03 4.413547306584247984e-04
1.286835947107109381e-03 4.849019769640619342e-04
1.318102015723501960e-03 4.949945307681909113e-04
1.358984947401198438e-03 4.541476273874840469e-04
1.304886930261176577e-03 4.638532272158407254e-04
1.282220328249405452e-03 5.420615229630486656e-04
1.151670517408093621e-03 4.843971969298366048e-04
1.163515751902126881e-03 5.041415889637517345e-04
1.240044306556790411e-03 4.799410684824196639e-04
1.332764666131191610e-03 4.853357426800911328e-04
1.429371659259404256e-03 4.603493592543761188e-04
1.251958344646932585e-03 5.170800018874530330e-04
1.398006396275223604e-03 4.759264971009266078e-04
1.281567795755852871e-03 4.792975132281633664e-04
1.402671787199232314e-03 4.881390299151931625e-04
1.288844382720527289e-03 4.469842580390563647e-04
1.347724818020494238e-03 4.935851070618453356e-04
1.161648347703541891e-03 5.019360402008157937e-04
1.199840119062406613e-03 4.648283048673762735e-04
1.434900378006421975e-03 4.889109102950208461e-04
1.216085790442225992e-03 5.240256128590600618e-04
1.466235178717332577e-03 4.924951646352251780e-04
1.212662549770915409e-03 4.873334677089834178e-04
1.262761546251407871e-03 4.809959049696934329e-04
1.382165315197727163e-03 5.043572766592754409e-04
1.265198752858470808e-03 4.493628842926496018e-04
1.233773547501019639e-03 4.132432431274970716e-04
1.441861688130389703e-03 4.894146804975115037e-04
1.206734838924453232e-03 4.927563051016830772e-04
1.310340830880077096e-03 4.781202931503293792e-04
1.442885759240946243e-03 4.898015247783856722e-04
1.348438292090411734e-03 4.637863879981197926e-04
1.469063423409843264e-03 5.107355111152018200e-04
1.259417691458096598e-03 4.745390325184815103e-04
1.176422018032399026e-03 5.490356952670539083e-04
1.249194814816673464e-03 4.433303847971464839e-04
1.324230174084265908e-03 4.414596044234754654e-04
1.150730790043683451e-03 4.824066861518569059e-04
1.216173006392063825e-03 4.643864347887487415e-04
1.262896490632070025e-03 4.853492495485786239e-04
1.386794956016056905e-03 5.102424786599202376e-04
1.311296223915107148e-03 5.169662761735935395e-04
1.360744389692342951e-03 4.926987927292448416e-04
1.195729263816362178e-03 5.473035710382636188e-04
1.236276794981329809e-03 4.868204082695720171e-04
1.244435955897272260e-03 4.948689546234435327e-04
1.427983694400640144e-03 4.994425007018128086e-04
1.220887439851911114e-03 4.660829362231390404e-04
1.211264539308207124e-03 4.567664316368548905e-04
1.179050310288505890e-03 4.980982513735362311e-04
1.271734323297382631e-03 4.733236281061804513e-04
1.320325319067341355e-03 3.934619666904003686e-04
1.151947872658582936e-03 4.550676704009914194e-04
1.289967312377049728e-03 4.696695483788972288e-04
1.196836385325907417e-03 4.941900166390391421e-04
1.262338108137094550e-03 4.504113855541221111e-04
1.194945933292981734e-03 4.863588657497518305e-04
1.460796816686108597e-03 5.009248455189230275e-04
1.117451715328646135e-03 4.641458470256232607e-04
1.563379647456999630e-03 4.735951003305777706e-04
1.212821984098020299e-03 4.685521248019066114e-04
1.450522372420892615e-03 4.705232293207190788e-04
1.239003710038719466e-03 4.987101053875564027e-04
1.212905338023252200e-03 4.511553810773703561e-04
1.368473297139839468e-03 5.054482514652385277e-04
1.227481841948184016e-03 4.640242964554091047e-04
1.219168461823215378e-03 4.985466784192573971e-04
1.077341877262660624e-03 4.603212353111483059e-04
1.279965967868040367e-03 4.658790733366255528e-04
1.268681925922243410e-03 5.077744550206107158e-04
1.254277827150024512e-03 4.844380448362966890e-04
1.301895914508796994e-03 5.078409931245533686e-04
1.244518898679874237e-03 4.715332648034204562e-04
1.256680113654159254e-03 4.694284853804722843e-04
1.394701141070067664e-03 4.619021824659874523e-04
1.324325808433664308e-03 4.518850526916821952e-04
1.170847343452216353e-03 4.357452903976216088e-04
1.220400199882188232e-03 4.749507183386168048e-04
1.274439134440171926e-03 4.506176385326762768e-04
1.352338853113235675e-03 4.862665317256233935e-04
1.322585616931884955e-03 4.049389809699477198e-04
1.271962010204733939e-03 4.617218831072611527e-04
1.198743661507274683e-03 4.598317668462375066e-04
1.465039226698138354e-03 4.056320591331806199e-04
1.306915699481753191e-03 4.803012751654281843e-04
1.105112557545846188e-03 4.884886850991489908e-04
1.215925145738815192e-03 4.635057923011594826e-04
1.151405053591697579e-03 4.758750780441143636e-04
1.396337274604626246e-03 4.502051923770688819e-04
1.147435508883046414e-03 4.694031001748843026e-04
1.390124376427013435e-03 4.703471481375911438e-04
1.273042082051965536e-03 4.946048590129976117e-04
1.288691689507331234e-03 5.176648146905829355e-04
1.243383853843661822e-03 5.300726804208881742e-04
1.270320533066249908e-03 4.988032305585473258e-04
1.290538484867095621e-03 4.779949802413485725e-04
1.149544421130159347e-03 4.906738889412828441e-04
1.224627309730918915e-03 4.525750391818757711e-04
1.301661158766144076e-03 4.564538263274430505e-04
1.385574425521100654e-03 4.722464139372344830e-04
1.296282477774980115e-03 5.106954590834558499e-04
1.248472011309490707e-03 4.775228052220242846e-04
1.374646686195869858e-03 5.173902736698776173e-04
1.251687662629475620e-03 4.633049488143770500e-04
1.270138245667799337e-03 4.491540135149047473e-04
1.251152710198718361e-03 4.887345467237754100e-04
1.273719070276018925e-03 4.811316212210190011e-04
1.177529312448741651e-03 4.208295520128621839e-04
1.266651439900079836e-03 4.211921530430857747e-04
1.388886707782744506e-03 4.750605041412233644e-04
1.130567185842797388e-03 4.899191920914447570e-04
1.308675710323255973e-03 5.175666451198079540e-04
1.314896971429233138e-03 4.779095734208827113e-04
1.244619430376664188e-03 4.757321188816564499e-04
1.214568273493272805e-03 4.955277627365403236e-04
1.242874053391103319e-03 4.964317128908471346e-04
1.176653010450921539e-03 5.153474384295825533e-04
1.271673828067037323e-03 4.812736827602500820e-04
1.130397140393689511e-03 4.359655384909578426e-04
1.306037474897315609e-03 5.221689324736122602e-04
1.307072966891660972e-03 5.572101064005516042e-04
1.178837259814479897e-03 4.673039053968913248e-04
1.123179132748688318e-03 5.372284875031293908e-04
1.151674194911749384e-03 5.101535000370630317e-04
1.165878084435357110e-03 4.869092589548704554e-04
1.389743965098116365e-03 4.260559675979799831e-04
1.429262127045830824e-03 5.188728387915854260e-04
1.213029421709211622e-03 5.125788655320309998e-04
1.209992782070123517e-03 4.919456287671447213e-04
1.272600073806195780e-03 5.219759710702480187e-04
1.253257862742141425e-03 5.025261074597368481e-04
1.564570444083253180e-03 5.339080090074159457e-04
1.326054372068450173e-03 4.932625225909623200e-04
1.315223906796128767e-03 4.830617391658685025e-04
1.176573874054494782e-03 4.947678729539887327e-04
1.428064769728872160e-03 4.559403459966613909e-04
9.783316157748178903e-04 4.875690632301785598e-04
1.357715506932954388e-03 5.380649110728759864e-04
1.301772747781828731e-03 4.817009968327487773e-04
1.203659967998669221e-03 4.452737209653029110e-04
1.406481925875503010e-03 4.654059288972300836e-04
1.076811138396528396e-03 4.588177993733197975e-04
1.328737359577282420e-03 4.865809907038584885e-04
1.318625471216970961e-03 5.047508690758461094e-04
1.220417135029055111e-03 4.570145274714300311e-04
1.185961853876741365e-03 4.841238309439317039e-04
1.211459645322657307e-03 4.702351653007031383e-04
1.374358638251484653e-03 4.741262008600918582e-04
1.330881934028215570e-03 4.248370269441065173e-04
1.251881227159773674e-03 4.724350899542844174e-04
1.249268301597328051e-03 4.331310604206087397e-04
1.344514573327511980e-03 4.792302630917905180e-04
1.344540869647814236e-03 4.646259349126668462e-04
1.326732641919236471e-03 4.388894782399261002e-04
1.121956517014554341e-03 5.218767752260596721e-04
1.241552040796034886e-03 4.576023282729531870e-04
1.398194313053351644e-03 5.199042310613856974e-04
1.353851325783299959e-03 4.486928521517393018e-04
1.337462327552425053e-03 4.441797896736378445e-04
1.186041844233813591e-03 4.881892538249276402e-04
1.357665998899028250e-03 4.943407919704069118e-04
1.090106658040109790e-03 5.438427112378788151e-04
1.268575588769778675e-03 4.919904890363360414e-04
1.273903189848163940e-03 4.264453152509568639e-04
1.169252831444321560e-03 4.919969917424402020e-04
1.358583428423080228e-03 4.567140735926451529e-04
1.214751732787220685e-03 4.685198400864256946e-04
1.461945518182758506e-03 4.640034785777021487e-04
1.384259635651844192e-03 4.778319920399866838e-04
1.182946812827361015e-03 5.134113545783940656e-04
1.264353037416284875e-03 4.028364535939770526e-04
1.328934504325647581e-03 4.314275657940206451e-04
1.431403845725640923e-03 4.551848824157839679e-04
1.296905343864429008e-03 5.042525076719585721e-04
1.343966804302519158e-03 4.553514748173766039e-04
1.336740864015105229e-03 4.834178179171883883e-04
1.283628096047245227e-03 4.232465966173705853e-04
1.204845733388470574e-03 4.474884997179177167e-04
1.220683216139830177e-03 4.707812385811171877e-04
1.295995092493264439e-03 4.726475278424616100e-04
1.452176317129393176e-03 4.671359745537943049e-04
1.380278328129003326e-03 4.162266296167012325e-04
1.229147041720052421e-03 4.867161054073397509e-04
1.179582314069961427e-03 4.807156089376916062e-04
1.129124931605424327e-03 5.253832740753267049e-04
1.412752832226357681e-03 4.709827334545939326e-04
1.260287681609075948e-03 4.462995131559173803e-04
1.300095033442769631e-03 4.583137634259532196e-04
1.323373341322410307e-03 4.557433221399384668e-04
1.172125114952252134e-03 4.699897358546647206e-04
1.442966464518463795e-03 5.147093587145337929e-04
1.436523972747361056e-03 4.929846934584347943e-04
1.268340852349072578e-03 4.961944995742961426e-04
1.346495157335628103e-03 4.768268724214451632e-04
1.236188844888626119e-03 4.615511793038414544e-04
1.136290623957585122e-03 4.806808442045959712e-04
1.116181544741434847e-03 4.446941203583172609e-04
1.080974845870439835e-03 4.375328482311245789e-04
1.481277258824045557e-03 4.992726783106782827e-04
1.327747405947162819e-03 4.688344824222323744e-04
1.387160065371672397e-03 4.900876338633236443e-04
1.201871816023498095e-03 4.385003614419305637e-04
1.261897810458258986e-03 4.566709820459815389e-04
1.264282245598389752e-03 4.797980571832920942e-04
1.109861137460335179e-03 4.966426732874557829e-04
1.189169703501856282e-03 5.308998198941442632e-04
1.317418817589638890e-03 5.245138686543932048e-04
1.302566221695711712e-03 4.228675409785898347e-04
1.318803962320905156e-03 4.695228680270016174e-04
1.111350201712426808e-03 4.883185448685654776e-04
1.364503957655882312e-03 4.455535697460088432e-04
1.343359793030722170e-03 4.614321601444831876e-04
1.371383350287610657e-03 4.914535081442808701e-04
1.298314246592188574e-03 4.765520608304581705e-04
1.190285766294965760e-03 4.803465920306819502e-04
1.359441358908033146e-03 5.465803981273574313e-04
1.282591598920950621e-03 5.500523289893626466e-04
1.205286676592535544e-03 3.896365492416371508e-04
1.065031121656237305e-03 4.989523120719223295e-04
1.003651995923275642e-03 5.118451467612738452e-04
1.226617330035239531e-03 4.434857240790852375e-04
1.319262785971604939e-03 4.277427341785046649e-04
1.352784187498345080e-03 4.730975125837968195e-04
1.299162803078052816e-03 4.919371830448325631e-04
1.214458475182712480e-03 4.319743016672509747e-04
1.441621129229799523e-03 4.212574529304094549e-04
1.287278811490265599e-03 4.057209913152900940e-04
1.420088843151983251e-03 4.872543879302829021e-04
1.204679486606298174e-03 4.501238930701439598e-04
1.274513084528712710e-03 4.794265904777596514e-04
1.173617998886145953e-03 5.192441116496862184e-04
1.217693811291196493e-03 4.676717204925807600e-04
1.339407990299179606e-03 4.872272782232624786e-04
1.585393695053747025e-03 4.227470380413287233e-04
1.248327661292185971e-03 4.977224551088964537e-04
1.306977217880271082e-03 5.432643637134224523e-04
1.377671744261174842e-03 4.241131484184668577e-04
1.380034874186499482e-03 5.209394195261749698e-04
1.469946462387194258e-03 4.498068478706820526e-04
1.274552857416056751e-03 4.817680995940023018e-04
1.365943232909869447e-03 5.102959675233337137e-04
1.246849446396899224e-03 4.361330016584681287e-04
1.297472576949244491e-03 5.176621661259102336e-04
1.179771584339802488e-03 4.422895178776438787e-04
1.270572745563102336e-03 4.860665612434452777e-04
1.419347572467270693e-03 4.598189060212232366e-04
1.295010183557594556e-03 4.784561299635628484e-04
1.216464963684620385e-03 5.466572551003717967e-04
1.213257970017305115e-03 5.030020306898204830e-04
1.250424749946405303e-03 4.693654608185671324e-04
1.354032853211879425e-03 4.632918237612864039e-04
1.152188553513166028e-03 4.684522820067287398e-04
1.163392769237296112e-03 5.034679199972138912e-04
1.075050751636352688e-03 4.675759917140575217e-04
1.195095333083939738e-03 4.707917994271034259e-04
1.370824026398258667e-03 5.545612061919585455e-04
1.159318772745393175e-03 4.629782209663345425e-04
1.202633982046151691e-03 5.029050457251011113e-04
1.304654784006101936e-03 4.924675342481007415e-04
1.264900872033401878e-03 4.703760032683644717e-04
1.397227981078718500e-03 4.972531855046443241e-04
1.367435393265570894e-03 4.701480502424010993e-04
1.280601154903612425e-03 4.846772465891753838e-04
1.262297215745023958e-03 4.642687938543911259e-04
1.257174721207700990e-03 5.282352368798961780e-04
1.230537993024057811e-03 4.525987867662300385e-04
1.313197797523701915e-03 4.743823518222973958e-04
1.311704578521685977e-03 5.385957590763821570e-04
1.310890609460376582e-03 4.742759535367764155e-04
1.045391421003004058e-03 4.830228573721637685e-04
1.345646229560400458e-03 4.529009266082839754e-04
1.356414125887163121e-03 5.179023464928228125e-04
1.037317944696645620e-03 4.719814222970892853e-04
1.210237904300439510e-03 5.338465324876094913e-04
1.299903258040645531e-03 4.666154757170735121e-04
1.310606869087354567e-03 4.919901266868316903e-04
1.149275955305604970e-03 4.883918332382836212e-04
9.408193976154671009e-04 4.656635796803334148e-04
1.501745751821424420e-03 4.245433907123379079e-04
1.058849253949579843e-03 5.063471048808819560e-04
1.282646712183035985e-03 4.838031404934210853e-04
1.342588006541955590e-03 4.449322961683518213e-04
1.360511682496916416e-03 5.271530335157578089e-04
1.210196255127149846e-03 4.744594588393429772e-04
1.323135328524649348e-03 5.022589374360638889e-04
1.475450739807229695e-03 5.318054600165697532e-04
1.383056376358371897e-03 4.357000460239977835e-04
1.128290988578980938e-03 5.256817119509507325e-04
1.328451318181394234e-03 5.095415977387669770e-04
1.358644858747155631e-03 4.972885779802018119e-04
1.182572898291241311e-03 4.605131045975660283e-04
1.316901854913643446e-03 5.463974067714875938e-04
1.349413087237042938e-03 5.017131278189248091e-04
1.053637756974577485e-03 4.894604234793093920e-04
1.123356737129090890e-03 4.413259504891065910e-04
1.360873772407482883e-03 5.021390614388913801e-04
1.319038177540099183e-03 4.426532292946754152e-04
1.050276103311292191e-03 4.386019756128340611e-04
1.262243490109732878e-03 4.637275620696015149e-04
1.395322041050761370e-03 4.314694545185021796e-04
1.362197806801556657e-03 4.520958821379169267e-04
1.426747866760635832e-03 4.762505339535141641e-04
1.097218016718626548e-03 4.483337174961246662e-04
1.246227774326493691e-03 4.517524108844762714e-04
1.455040896235432549e-03 4.752196463220885458e-04
1.267224209954362878e-03 5.407916666074296221e-04
1.358809841280406118e-03 4.858271606992340124e-04
1.312725782190817588e-03 4.968103727720062784e-04
1.190126466180396270e-03 4.929677133755389507e-04
1.321731242898575636e-03 4.742839616129748345e-04
1.212445872803767557e-03 4.932271740268170989e-04
1.475626135568060531e-03 4.821625348546575889e-04
1.378303013171946383e-03 4.660027648461286800e-04
1.510213298631271238e-03 4.587211634647459586e-04
1.169667275227446405e-03 5.552934756808301179e-04
1.027669685055310157e-03 4.901716701778883025e-04
1.278162149416655268e-03 4.490036444833467462e-04
1.573651348809661189e-03 5.383277335934748232e-04
1.352825353865166544e-03 4.144526490896733900e-04
1.133155575639779172e-03 4.818269799005498399e-04
1.313274504659068783e-03 4.709274945656828941e-04
1.269471947069418212e-03 4.723463751313389226e-04
1.560507941383366265e-03 4.658576488444959494e-04
1.295050285571887599e-03 4.423935683652725076e-04
1.390914514725244888e-03 5.140162786395762080e-04
1.252340927148716532e-03 4.625636837852321946e-04
1.295798688343448996e-03 4.592325245812575664e-04
1.393726800574643116e-03 4.520432448591174741e-04
1.205469237159849730e-03 4.681618280113504353e-04
1.315094267171595119e-03 4.363358326660823948e-04
1.277953647110074585e-03 4.760020322674176881e-04
1.308039358727728285e-03 4.293773856181408726e-04
1.316084870450474854e-03 5.323607910816474057e-04
1.183932427857925041e-03 5.087911631794030153e-04
1.324113298978685368e-03 4.990412356218268267e-04
1.189865916239632579e-03 5.261872321871338947e-04
1.287601692211001606e-03 4.613579247039993744e-04
1.431920450101686979e-03 4.861778235084754591e-04
1.375038374819149110e-03 5.576523580136229317e-04
1.159170215524224501e-03 4.830116981075033246e-04
1.476296175166186449e-03 4.391380947634288706e-04
1.102881295317603271e-03 5.522362660672369304e-04
1.341657400650070634e-03 4.473760093203685674e-04
1.376601370939411432e-03 4.907625756590451192e-04
1.377133867347468156e-03 5.056021344425241319e-04
1.244328128079586274e-03 5.140283698913776511e-04
1.210494533633904319e-03 4.431398707702581996e-04
1.278671186592966660e-03 4.973890236256603382e-04
1.355476746496054848e-03 5.198803094301315993e-04
1.031977002910542144e-03 3.648699394061578763e-04
1.367157508898231202e-03 4.641927990762902069e-04
1.192886811311617921e-03 4.492206491926528807e-04
1.414163631247924557e-03 5.258041009591127562e-04
1.375389335337349550e-03 4.548610890331700315e-04
1.118955010703412368e-03 4.650800536329223077e-04
1.291297431147392588e-03 4.480748009891636339e-04
1.364412734764141417e-03 5.329328917081921618e-04
1.407680133219603880e-03 4.740314346066795584e-04
1.279365822185044846e-03 4.669834951076138945e-04
1.396820887638142248e-03 4.086377913737751022e-04
1.361353595968961723e-03 5.070530305719879059e-04
1.400032956812949239e-03 4.865802327589128042e-04
1.369420749978065427e-03 4.527920982069487963e-04
1.241156701561062269e-03 4.904498425816454120e-04
1.149243657433940283e-03 4.934073966818923723e-04
1.101266364443204181e-03 4.625456249360484096e-04
1.207143378232904563e-03 4.999504219530859521e-04
1.185538420500830206e-03 4.347561024352636773e-04
1.250081135460339018e-03 5.034392261890728451e-04
1.306535818317148797e-03 4.664798714366871920e-04
1.309963387644747391e-03 5.376629145407574176e-04
1.444141147927349754e-03 5.130858413797514993e-04
1.304946869903969141e-03 4.920812986085729883e-04
1.136932797709023623e-03 4.759781506670852556e-04
1.337949466440700903e-03 5.459760940093501009e-04
1.163574938666474528e-03 4.112350792820989817e-04
1.409003175878515346e-03 5.174780356658975709e-04
1.471374570738285094e-03 5.257776531437830404e-04
1.329531494489049216e-03 5.132716250963552515e-04
1.231340111229532351e-03 4.772732161421748597e-04
1.289136333135397711e-03 4.898612927211202020e-04
1.467819536665452944e-03 4.908295350590480928e-04
1.207662492501820114e-03 4.704121032112824788e-04
1.296083344133956315e-03 4.484909678294464247e-04
1.222241083946722616e-03 4.763543279948374127e-04
1.195485459157245465e-03 4.609505694899514627e-04
1.402021909282711448e-03 4.914735374658857911e-04
1.352111491055499673e-03 4.838167603001119078e-04
1.238827237819222068e-03 4.506461767072870083e-04
1.315157673919830272e-03 4.518913794597860219e-04
1.250677158845667257e-03 5.075615258337305225e-04
1.292513793902504192e-03 4.771656686506914997e-04
1.134101423707357167e-03 4.613164418061567896e-04
1.332133193949965782e-03 5.386129015460890297e-04
1.280372861393394438e-03 4.441227917576826651e-04
1.330825363619809933e-03 4.932786428334288379e-04
1.180803416020605786e-03 5.121127266528466239e-04
1.249914233380492422e-03 4.588175672965438693e-04
1.136646131576767547e-03 4.325377766039044847e-04
1.360978993020438982e-03 4.547665333347190560e-04
1.199101167278817260e-03 4.857099702256067997e-04
1.315220787597405237e-03 4.727467853801108977e-04
1.246155864003547836e-03 4.643647375621252405e-04
1.264218412198996619e-03 4.812089090350995862e-04
1.354685928292130234e-03 4.789878374261470899e-04
1.317598525607092041e-03 4.674507196061906131e-04
1.419349217498584986e-03 4.667111027099271766e-04
1.326556923471210094e-03 4.925430165309106637e-04
1.156868676155464650e-03 4.579943709965416266e-04
1.103317085190808327e-03 4.982201956951544820e-04
1.113364452677195575e-03 4.214469551102318062e-04
1.202345416385537658e-03 4.860290190513237422e-04
1.287021852557465769e-03 4.828338633899329564e-04
1.244295890541318285e-03 4.656680220522976246e-04
1.177604188724176541e-03 4.559165930516232757e-04
1.357551921537082130e-03 5.083557594735660075e-04
1.244063465127541630e-03 4.867783533288418726e-04
1.396889047055435836e-03 5.297899680979650935e-04
1.422425573553965338e-03 4.510180455798354490e-04
1.321637316505399652e-03 4.624569493152942126e-04
1.339160738439296736e-03 4.873531727324017810e-04
1.271247303555025823e-03 4.158410016111396801e-04
1.196467745472721417e-03 4.953732122439359837e-04
1.093939726721707270e-03 4.924086123120246031e-04
1.192001524192972057e-03 5.248918076209488359e-04
1.270076592606336156e-03 4.841826198682716684e-04
1.370192698764082949e-03 4.550244909897457673e-04
1.358569667650150669e-03 5.099746916711738473e-04
1.390689370036136789e-03 4.916543025436061675e-04
1.166113239823520723e-03 5.306345701480878014e-04
1.287741450004937626e-03 4.530130788977107872e-04
1.235647117539909103e-03 4.486217530313526191e-04
1.486212775083700557e-03 4.807486708998568543e-04
1.648358236092383865e-03 5.049967767735575458e-04
1.369508911225438821e-03 4.799263491238034201e-04
1.233262242674500880e-03 5.303533401622361702e-04
1.134249261650471840e-03 4.964491289075474408e-04
1.211637748621768526e-03 4.256511181108962069e-04
1.142846119373201090e-03 4.639445347875738594e-04
1.291613498203161717e-03 4.459954877241253295e-04
1.297932746203874204e-03 4.453192350258732848e-04
1.516064647413906900e-03 4.744360160829823943e-04
1.273590743114405305e-03 4.265819922895954224e-04
1.350144065247509823e-03 5.170381360806612170e-04
1.288322941217632210e-03 4.823448172286831106e-04
1.191508359416505215e-03 4.950290254298178854e-04
1.205688952065813455e-03 4.549674143243647708e-04
1.454898756971943286e-03 4.823240229405606505e-04
1.172046606986283006e-03 3.891783234942018644e-04
1.303260152882228457e-03 4.520905067611017672e-04
1.332929570632627797e-03 5.211145661221651361e-04
1.322493157849396854e-03 4.738404820373472701e-04
9.247191933789647043e-04 4.836135349483275847e-04
1.341395268363245689e-03 4.863769090985347937e-04
1.264795991497182515e-03 5.133266582059834620e-04
1.067747365939867785e-03 4.799435516728300130e-04
1.350057704666417441e-03 4.588184997149060080e-04
1.297563151247805788e-03 5.326105573957188666e-04
1.353296830241903798e-03 5.045378269885056680e-04
1.354130762117821806e-03 4.766106858918700800e-04
1.438290792321288061e-03 4.913825104101752312e-04
1.252776348298011893e-03 5.154381254273157848e-04
1.289687671154773332e-03 4.749121468722130365e-04
1.503812621862644482e-03 4.621361067111299853e-04
1.210863725850910800e-03 4.657279855922538962e-04
1.417846088521420396e-03 4.800327714844272601e-04
1.174329659165429052e-03 5.122511652688651338e-04
1.279105478844668776e-03 5.265992540437970573e-04
1.217774179419224730e-03 4.477752960425098708e-04
1.307204039372519312e-03 4.475633549352454172e-04
1.241504501108475073e-03 5.122721415268266390e-04
1.125611086914284032e-03 4.496067582109154032e-04
1.139075159769652396e-03 4.894000182024657629e-04
1.115760028384271641e-03 4.538637339813309424e-04
1.247041494860746513e-03 4.721200423959582984e-04
1.277401521136113704e-03 4.623979523576253491e-04
1.376608233996601477e-03 4.606914238549299385e-04
1.366459167257520107e-03 5.034375420516952210e-04
1.189521635475380241e-03 4.975216114055536903e-04
1.236979964212312670e-03 5.210629237048485917e-04
1.276742471525133807e-03 5.449693531454346271e-04
1.364167427617248582e-03 5.515842007778647485e-04
1.394805364174995111e-03 4.784646007544585545e-04
1.275605397435199302e-03 4.483496600283978892e-04
1.228612782600693471e-03 4.525100341796581705e-04
1.285232362466028197e-03 4.567309868039512422e-04
1.254002780139069819e-03 4.346204662564565491e-04
1.379559854056099317e-03 5.513190991762448919e-04
