-1.153831417624521204e-02 3.301255230125524874e-03
-6.755208333333331816e-03 3.329690346083790265e-03
-4.719026548672560807e-03 4.566929133858263078e-04
-5.730769230769226785e-03 1.718232044198895287e-03
-9.861510791366901243e-03 3.404761904761905659e-03
-7.231249999999998963e-03 1.224550898203593781e-03
-9.324074074074071433e-03 5.557620817843888410e-04
-3.810483870967666838e-04 -8.181818181816410957e-06
3.824786324786318657e-04 6.792452830188696038e-04
-8.931407942238265424e-03 2.675879396984925333e-03
-6.659183673469386104e-03 1.572477064220184368e-03
-2.481404958677687570e-03 -9.491071428571428142e-04
-5.081896551724133203e-03 1.239711934156379316e-03
-4.484444444444444546e-03 1.196360153256705331e-03
-6.585152838427945493e-03 7.253937007874006150e-04
-3.484649122807010474e-03 -1.551126516464468742e-04
-4.075098814229252686e-03 5.009293680297403645e-04
-1.371063829787234033e-02 1.855363984674330636e-03
-4.887640449438201452e-03 1.415607985480948027e-04
-3.035849056603772637e-03 2.955958549222796865e-03
-1.137104072398189593e-02 9.026717557251918078e-04
-1.362648221343873423e-02 1.317307692307692494e-03
-6.210116731517500120e-03 -2.471953578336554685e-03
-3.250915750915747172e-03 1.443533697632058341e-03
-5.631386861313864359e-03 4.652252252252252890e-03
-8.262548262548282361e-04 4.189035916824193628e-03
-5.554585152838422378e-03 1.272211720226845266e-03
-4.541436464088399044e-03 3.466417910447760434e-03
-1.986590038314177669e-03 3.598058252427184089e-03
3.957528957528984792e-04 2.124333925399645318e-03
-7.242187499999994289e-03 9.310986964618249472e-04
-2.299586776859504841e-03 2.439929328621910469e-03
-5.375000000000005641e-03 2.579279279279280551e-03
-2.926008968609864966e-03 1.568468468468468607e-03
2.197777777777777664e-03 5.420315236427334510e-04
-1.421052631578944431e-03 4.703770197486532682e-03
-3.432242990654205215e-03 3.826638477801269731e-03
-9.072549019607837120e-03 5.513282732447819835e-03
-6.763066202090589792e-03 2.348088531187123712e-03
-7.912547528517110962e-03 2.859732824427480089e-03
-5.005999999999998298e-03 -3.168067226890757264e-04
-9.876681614349772445e-03 1.137500000000001140e-03
-4.793032786885247087e-03 4.042056074766355034e-03
-1.189516129032257155e-03 2.759842519685039124e-03
-8.017045454545453781e-03 8.065953654188961087e-04
-6.487455197132614530e-03 4.171846435100547493e-03
-1.442531120331949461e-02 -5.367793240556667728e-04
-2.894144144144138869e-03 3.761406844106463671e-03
-6.939501779359417597e-05 3.844311377245511301e-03
-1.104166666666666057e-03 3.537878787878787328e-03
1.136554621848742978e-03 2.663602941176470684e-03
-8.687782805429794270e-04 3.528487229862476132e-03
-2.384453781512606285e-03 2.666666666666667011e-03
-1.196296296296295997e-02 2.250000000000000264e-03
-1.181964285714284801e-02 5.372262773722626811e-03
-5.499999999999999681e-03 4.512975778546712141e-03
-8.009302325581387633e-03 2.920303605313092580e-03
-1.207847533632287924e-02 1.510280373831775777e-03
-6.243951612903228358e-03 2.628228782287821575e-03
-5.815573770491799799e-03 3.484939759036146268e-03
-3.737451737451734368e-03 -1.035196687370546807e-05
-7.528195488721802289e-03 2.534709193245780062e-03
5.138888888888900079e-04 2.062370062370063543e-03
-7.442528735632183978e-03 2.596590909090906469e-03
-5.646551724137931563e-03 2.962121212121212373e-03
-8.512145748987856586e-03 1.725749559082892992e-03
-2.327309236947790010e-03 4.838374291115310130e-03
-1.718146718146696013e-04 3.110169491525424396e-03
-2.823863636363637807e-03 3.176029962546818210e-03
-2.741106719367582961e-03 2.377952755905512246e-03
-5.699999999999996736e-03 1.924038461538462273e-03
-8.107142857142852696e-03 2.850086655112651565e-03
-3.217472118959102418e-03 3.337638376383765277e-03
-7.124999999999997655e-03 5.532038834951455604e-03
-1.010199999999999640e-02 1.831858407079646261e-03
-1.315441176470587108e-02 3.812621359223300824e-03
-4.544871794871793193e-03 4.945121951219512250e-03
-1.044600000000000216e-02 1.899628252788104462e-03
-7.332713754646838326e-03 -1.172794117647059636e-03
-7.145756457564572672e-03 1.905525846702318428e-03
-3.063829787234028951e-04 2.060954063604241489e-03
-4.110655737704914901e-03 3.414807302231235870e-03
-5.170498084291184210e-03 1.577720207253886699e-03
-4.821989528795811442e-03 1.558429118773945170e-03
-4.482889733840300477e-03 9.162210338680927329e-04
-3.631355932203388873e-03 1.355599214145384668e-03
-8.650909090909091048e-03 3.411290322580643603e-03
-1.188247863247862517e-02 3.579566003616635808e-03
-8.004444444444445972e-03 1.301660516605165820e-03
-1.481675392670159198e-03 2.160243407707913062e-03
-7.903361344537812583e-03 4.237084870848708586e-03
-9.929889298892987520e-03 1.963249516441006089e-03
-4.314748201438845833e-03 -7.306397306397298657e-04
-2.345070422535214597e-03 7.854291417165664650e-04
-2.088785046728972375e-03 1.401197604790419644e-03
-5.137130801687764085e-03 3.267045454545456501e-03
-8.281250000000005621e-03 2.578846153846155089e-03
-2.215355805243441386e-03 1.120848708487084998e-03
-3.263829787234036415e-03 5.000000000000010946e-04
-1.730290456431535576e-03 5.497382198952930287e-05
-1.021942446043165413e-02 2.351883561643836832e-03
-5.454545454545447168e-03 3.604323308270679371e-03
-2.877272727272725712e-03 -1.434259259259258604e-03
-5.421568627450978201e-03 3.985955056179775469e-03
-1.942105263157895391e-03 3.694974003466204495e-03
-8.171875000000002054e-03 3.299999999999995645e-04
-5.779461279461280132e-03 2.821492007104794714e-03
-5.082692307692308897e-03 2.312499999999999452e-03
-6.898076923076919970e-03 1.485106382978724831e-03
-3.289682539682540346e-03 1.868750000000001269e-03
-2.632420091324198970e-03 1.429090909090909804e-03
-5.372093023255810999e-03 2.511952191235062096e-03
-4.786764705882354948e-03 3.959566074950691787e-03
-6.204128440366968311e-03 2.110882956878849283e-03
-3.213973799126639604e-03 2.160071942446042600e-03
-9.379912663755464453e-03 2.608737864077669086e-03
-1.754237288135587509e-03 1.766787658802180042e-03
-1.085084033613445235e-02 1.210622710622712107e-03
2.945489657168782539e-18 1.195488721804511536e-03
-5.333333333333337492e-03 4.402857142857143254e-03
-4.009216589861754401e-03 1.724806201550387877e-03
-1.594170403587446888e-03 2.222580645161291186e-03
-8.485559566786999436e-03 5.895390070921988253e-04
-1.388846153846152488e-02 4.306722689075634792e-04
-4.119658119658119351e-03 2.720450281425888469e-04
-3.974545454545451960e-03 2.201535508637237487e-03
-6.022177419354836532e-03 7.382352941176467502e-04
2.228682170542639097e-03 1.732269503546100689e-03
-2.824110671936755704e-03 -5.915948275862052685e-04
-2.456140350877193072e-03 5.882882882882902289e-04
-1.068008474576271141e-02 3.186781609195403400e-03
-4.743902439024385784e-03 1.100183823529411785e-03
-7.091760299625463233e-03 4.443942133815550859e-03
-5.860784313725487388e-03 2.195945945945946068e-03
-6.835416666666668459e-03 2.100719424460433839e-03
-3.742358078602623424e-03 4.101073345259391607e-03
-5.675889328063237101e-03 -7.069351230425053364e-04
-4.977186311787069016e-03 1.204372623574145006e-03
-2.886194029850745052e-03 -1.808593750000000522e-03
-3.450236966824639633e-03 9.582524271844660097e-04
-7.176855895196504811e-03 6.026365348399306934e-05
-1.096543778801843845e-02 2.158490566037735668e-03
-1.399267399267400003e-03 6.492842535787320948e-04
-7.668604651162788492e-03 -1.167282809611829356e-03
-3.713768115942024097e-04 -2.159999999999991246e-04
-5.737918215613379419e-03 -5.767097966728280869e-04
-2.880149812734082975e-03 -5.569029850746272988e-04
-5.509090909090907061e-03 7.886029411764703193e-04
-2.226244343891405856e-03 4.005464480874318910e-03
-7.529739776951672840e-03 2.884543761638734116e-03
3.744493392070499869e-04 5.362727272727270747e-03
-4.121673003802278114e-03 3.006216696269982565e-03
-1.502016129032255698e-03 1.656249999999999736e-03
-4.512295081967215502e-03 2.806878306878309286e-03
-3.369888475836430725e-03 2.353448275862069037e-03
-5.200757575757569522e-03 4.693675889328070838e-04
-9.143162393162400023e-03 2.286870503597122212e-03
-5.772887323943664412e-03 2.904504504504504606e-03
-2.448559670781892596e-03 1.755514705882363748e-04
-8.865296803652970500e-03 1.488047808764940156e-03
-4.212177121771213881e-03 2.538664323374340698e-03
1.113725490196084116e-03 1.390858208955225543e-03
-7.830798479087448458e-03 7.704460966542756636e-04
-5.599156118143459523e-03 2.565257352941177193e-03
-2.779761904761904670e-03 2.168905950095969398e-03
-3.497560975609756428e-03 2.880077369439071333e-03
-9.785454545454539896e-03 4.816112084063047319e-03
-1.073221757322175701e-02 2.079189686924494233e-03
-9.211240310077519963e-03 4.481149012567324161e-03
-3.742160278745644206e-03 1.397644927536231384e-03
-3.555984555984554284e-03 9.376146788990840026e-04
-3.761467889908242258e-04 4.478222996515678588e-03
-4.446428571428572528e-03 2.821755027422304888e-03
-1.345507812500000219e-02 1.838919925512104729e-03
1.147410358565740000e-03 3.446942446043164791e-03
-5.293749999999996375e-03 4.217693836978130689e-03
-1.930894308943087532e-03 3.657293497363796678e-03
-5.750000000000002505e-03 4.002732240437159063e-03
-3.679824561403510861e-03 6.402321083172130738e-04
-3.424460431654670171e-03 1.911596958174903785e-03
-5.005836575875490142e-03 4.355018587360592885e-03
3.777566539923957103e-03 9.379194630872499192e-04
-9.351758793969849881e-03 7.414132379248658013e-03
-7.121338912133895818e-03 3.191570881226052543e-03
-8.392116182572618294e-03 6.600378787878782242e-04
-5.814102564102561349e-03 1.248638838475497849e-03
2.994094488188975452e-03 2.359375000000001228e-03
-7.758064516129029552e-03 1.097495527728086255e-03
5.954365079365079270e-03 5.425764192139736651e-04
-1.295180722891565344e-03 5.095197255574614517e-03
2.118644067796532045e-04 8.924825174825182054e-04
4.961240310077573651e-04 3.009803921568631000e-03
-6.769379844961236244e-03 -2.582524271844660168e-04
-1.038834951456310378e-02 4.164835164835165027e-03
-4.286637931034483276e-03 2.597888675623800415e-03
-6.734177215189872910e-03 3.575187969924812845e-03
-5.635458167330672195e-03 7.541284403669727731e-04
3.293307086614175993e-03 6.091549295774668568e-04
-1.823275862068964893e-03 2.346830985915494914e-03
-7.325806451612897063e-03 2.074503311258278811e-03
-6.235074626865671522e-03 1.876785714285715816e-03
-6.363636363636347801e-04 1.521452145214522876e-03
-3.165198237885463207e-03 1.092485549132948342e-03
-6.770072992700721347e-04 1.331132075471697313e-03
2.939914163090109845e-04 2.815331010452962190e-03
-1.147555555555555655e-02 2.890542907180387953e-03
-7.678294573643413591e-03 4.478609625668449924e-03
-5.880392156862739722e-03 4.226325757575757729e-03
-2.840336134453780303e-03 2.882616487455197472e-03
-6.596590909090908721e-03 1.674698795180723856e-03
1.428571428571449007e-04 3.805350553505535988e-03
-4.302325581395344267e-03 3.386363636363636572e-03
-4.947916666666665568e-03 3.874067164179104909e-03
-4.784883720930232370e-03 2.657142857142854881e-03
-4.765342960288806475e-03 4.259259259259269808e-04
-4.124444444444444469e-03 2.994871794871796066e-03
-7.331775700934579920e-03 1.429303278688524989e-03
-6.341628959276014721e-03 7.732656514382414345e-04
-1.941304347826082423e-03 5.083857442347995258e-04
-1.062500000000000597e-02 3.294434470377017882e-03
-1.692913385826773191e-03 1.403508771929824241e-03
-3.100896860986553007e-03 2.628737541528240133e-03
-3.673306772908365228e-03 2.513671875000001582e-03
-1.485294117647059913e-03 4.536764705882353858e-03
-4.957264957264951623e-03 2.082386363636363515e-03
-8.550000000000002043e-03 1.789583333333337033e-03
-6.878600823045269430e-03 1.369351669941061382e-03
-2.892561983471072899e-03 -7.795202952029516193e-04
-1.085462555066078923e-02 1.371767241379311586e-03
-6.104247104247105885e-03 3.174668874172188043e-03
-7.596428571428567346e-03 1.085388994307400585e-03
-3.925233644859829358e-04 2.803442028985508178e-03
-7.851405622489957686e-03 1.522813688212927433e-03
-7.874015748031480775e-05 2.582872928176796219e-03
-5.076492537313428283e-03 1.448243992606286111e-03
1.207843137254904818e-03 1.880350194552529936e-03
-1.077973568281938126e-02 9.804964539007099585e-04
-7.820945945945936102e-04 2.266435986159171488e-03
-1.074806201550387516e-02 2.534883720930233841e-03
-3.166107382550333461e-03 1.034965034965035962e-03
-7.635416666666668822e-03 2.779693486590036240e-03
1.684981684981690564e-04 1.669811320754718571e-03
-6.680555555555558502e-03 5.208719851576995227e-03
-8.913043478260829211e-04 1.978741496598640254e-03
4.071759259259259342e-03 5.000000000000001188e-04
-6.906976744186078647e-04 1.447080291970801597e-03
-1.135483870967741310e-02 3.032110091743120232e-03
6.229946524064155448e-04 1.506835937500001447e-03
-5.091085271317827114e-03 1.714421252371919197e-03
1.149501661129571049e-03 9.282907662082521367e-04
-5.708812260536428977e-04 3.425855513307984011e-03
-4.749999999999997280e-03 -3.162878787878779731e-04
9.230769230769243555e-04 3.143153526970957740e-04
-9.150190114068437741e-03 -2.777777777777766391e-04
-3.493852459016390851e-03 3.340304182509505875e-03
-6.722602739726028093e-03 2.177272727272727779e-03
-7.197674418604652936e-03 1.888468809073725468e-03
-6.032751091703052529e-03 9.097605893186014227e-04
-5.979323308270678879e-03 4.304878048780485557e-03
3.067375886524857111e-04 2.009666080843586396e-03
-6.511210762331836460e-03 -1.342931937172773746e-03
-9.306640625000001110e-03 8.964803312629410778e-04
-6.213114754098358894e-03 1.534552845528473633e-04
-1.061067193675888955e-02 1.822841726618704833e-03
-1.077608695652173924e-02 3.655866900175130420e-03
-4.749999999999997280e-03 5.813397129186612241e-04
-4.633744855967073667e-03 2.630973451327434619e-03
-9.511111111111119482e-03 1.773942093541202485e-03
-6.679442508710799024e-03 1.570408163265305922e-03
-5.396186440677967072e-03 2.156370656370656513e-03
-5.507692307692303724e-03 -2.023172905525848751e-04
-1.198547717842323238e-02 4.687735849056602969e-03
1.201785714285713612e-03 2.848540145985401385e-03
2.514084507042251698e-03 3.772635814889337309e-03
-2.814049586776857896e-03 1.088929219600739051e-04
2.222222222223457896e-06 2.942244224422442111e-03
-3.971074380165286188e-03 -2.098646034816231622e-04
-3.119433198380570232e-03 5.500866551126516041e-03
-3.208185053380782983e-03 3.008097165991902456e-03
-8.457854406130270800e-03 4.670818505338080601e-03
-6.024163568773228949e-03 1.616630669546434982e-03
-3.022123893805310404e-03 3.570552147239264458e-03
-1.269736842105264035e-03 2.742346938775512295e-03
1.080152671755724202e-03 3.904356060606059119e-03
-6.913669064748202350e-03 1.341535433070866531e-03
-6.346153846153848588e-03 2.471456692913384569e-03
-3.533582089552238844e-03 2.232217573221757703e-03
-2.398373983739830403e-04 5.847457627118656832e-04
-6.973214285714284845e-03 3.015655577299411298e-03
-4.712643678160918781e-03 4.893238434163700058e-03
5.040322580645186087e-04 2.620632279534108877e-03
1.067685589519653437e-03 4.693518518518517008e-03
-6.733812949640285289e-03 4.411247803163440354e-03
-7.259900990099009410e-03 2.378612716763004419e-03
-3.482625482625487795e-03 2.610619469026547856e-03
-5.092057761732847465e-03 1.235765124555160454e-03
-5.109489051094713005e-05 3.983962264150943053e-03
-2.311387900355873441e-03 -3.867041198501873132e-04
-5.467857142857138891e-03 1.607719928186715280e-03
-1.291637010676156480e-02 1.447269303201507030e-03
-6.015418502202643861e-03 4.197222222222224582e-03
-9.674369747899161376e-03 -9.427083333333330503e-04
-4.577433628318581735e-03 2.218390804597701171e-03
-2.731707317073170556e-03 -1.840277777777777918e-03
-3.655769230769229366e-03 2.351099830795262604e-03
-1.738095238095238018e-03 1.624744376278120656e-03
-6.078244274809158076e-03 1.614678899082569116e-04
-5.170370370370372046e-03 3.089100346020760661e-03
5.429687499999996149e-04 2.613718411552347874e-03
-3.575806451612899804e-03 5.129390018484288700e-04
2.094660194174761698e-03 -1.268939393939373867e-04
-5.996168582375479509e-04 4.962374581939797864e-03
2.902834008097170040e-03 3.984761904761902410e-03
-8.504702194357366407e-03 6.781193490054256102e-04
-1.006359649122807315e-02 5.228758169934645365e-04
-7.648594377510038733e-03 -2.649362477231327964e-03
-4.793617021276595086e-03 7.290874524714842245e-04
-5.425837320574166366e-03 3.164241164241164868e-03
2.886752136752139368e-03 2.239957716701903873e-03
2.924632352941180981e-03 -5.580524344569291620e-04
-1.050592885375494293e-02 3.442164179104477504e-03
-3.110869565217390300e-03 1.182773109243696798e-03
-3.452218430034131522e-03 -5.191256830601093976e-04
-5.366666666666661950e-03 3.149801587301586520e-03
-5.459349593495929978e-03 6.793172690763049290e-03
-5.786821705426357237e-03 2.968749999999999601e-03
-9.075555555555558929e-03 -3.123844731977813293e-04
-5.806451612903223633e-03 9.689922480625273355e-07
-1.858391608391607962e-03 4.737676056338025951e-03
-2.595330739299609238e-03 7.176684881602928695e-04
-7.592827004219414658e-03 2.675324675324674845e-03
-2.827800829875516068e-03 -6.673346693386776954e-04
-6.556249999999995241e-03 2.298155737704918062e-03
-8.752918287937741515e-03 1.444980694980694093e-03
-4.129955947136564748e-03 1.101156069364162904e-03
-5.952991452991454602e-03 5.256732495511669961e-03
-1.039094650205757897e-03 1.787500000000000677e-03
-7.810546874999998480e-03 2.013238289205702448e-03
-7.020179372197301280e-03 1.635983263598327552e-03
-2.667338709677419262e-03 4.268953068592062287e-04
-2.845493562231760868e-03 9.846014492753628854e-04
-2.955390334572487784e-03 -3.392523364485971831e-04
-1.206896551724133014e-03 2.171102661596959350e-03
-6.245136186770428206e-03 1.505415162454876122e-03
-9.469581749049433075e-03 3.260830324909745961e-03
-6.951127819548861587e-03 1.038793103448277600e-03
-1.097872340425531772e-02 3.148531951640760971e-03
-3.148760330578512494e-03 3.252129471890971481e-03
-3.113733905579393630e-03 1.895348837209303661e-03
-7.463709677419350444e-03 3.245283018867923565e-03
-6.076271186440675674e-03 1.534905660377358519e-03
1.127753303964760699e-03 2.719298245614078729e-05
-3.624100719424458265e-03 4.744761904761903536e-03
-6.515936254980083872e-03 7.042253521126857162e-05
-4.774038461538460641e-03 4.121212121212121902e-03
-7.288381742738592010e-03 2.025573192239860012e-03
-1.307203389830505821e-03 9.218436873747518881e-05
-1.119202898550724322e-02 2.236313868613139071e-03
7.281746031746053668e-04 8.706422018348629810e-04
-4.550000000000004562e-03 2.540485829959512019e-03
-5.288235294117645674e-03 2.369639794168096943e-03
-6.560975609756091245e-03 1.957142857142857816e-03
-3.273333333333333824e-03 4.091954022988502672e-03
-1.811284046692604888e-03 3.213855421686744387e-03
-2.935840707964601330e-03 1.344144144144143694e-03
3.646946564885493718e-03 5.839430894308940759e-03
1.621212121212125103e-03 1.983067729083667387e-03
-1.688461538461532565e-03 2.840909090909090988e-03
-3.578602620087337118e-03 3.106382978723406553e-03
-1.334033613445380091e-03 2.691605839416073669e-04
-1.098756218905472433e-02 1.738747553816047181e-03
8.167330677291086865e-05 4.755102040816322961e-04
4.354838709677407642e-04 5.223895582329315078e-03
-4.262096774193553823e-03 2.518199233716478941e-03
-8.450854700854699628e-03 4.619565217391304567e-03
-7.654506437768236748e-03 1.504716981132075884e-03
-3.004524886877826557e-03 2.120202020202020896e-03
-4.005905511811019490e-03 2.094961240310079780e-03
-2.529962546816481167e-03 5.815196998123826552e-03
-1.478540772532184033e-03 4.520676691729333266e-04
-5.053956834532424142e-04 2.893277310924368372e-03
-1.857142857142858421e-03 2.720779220779221286e-03
-8.789592760180996861e-03 2.373280943025540650e-03
-5.069620253164558270e-03 1.807339449541284443e-03
2.937969924812034589e-03 1.421455938697319165e-03
-4.005882352941178559e-03 8.629032258064514875e-04
-8.281045751633991925e-03 2.331094049904033298e-03
-6.202000000000000915e-03 3.463293650793651708e-03
-7.608474576271184904e-03 1.617041198501872759e-03
-3.171673819742493357e-03 3.452898550724636285e-03
-5.351145038167938288e-03 3.733928571428570767e-03
-2.759259259259258176e-03 3.784735812133072173e-03
-4.969262295081969608e-03 3.341222879684417786e-03
-5.302083333333331393e-03 2.217142857142858497e-03
-1.759911894273131529e-03 3.173954372623574889e-03
-5.833333333333335334e-03 3.385496183206106961e-03
-5.083333333333330331e-03 2.722222222222228519e-04
-8.307999999999999413e-03 3.035992217898830434e-03
-5.778280542986421672e-03 2.440602836879433423e-03
-3.892733564013843225e-03 3.129422718808193716e-03
-8.117117117117111230e-03 4.320754716981140258e-04
3.211320754716990439e-03 4.842908438061040502e-03
-3.120229007633581672e-03 9.299610894941640147e-04
-5.037848605577688842e-03 2.566907775768535564e-03
-7.755281690140839596e-03 2.585714285714285372e-03
-3.674904942965785421e-03 2.972072072072072784e-03
-1.218470149253730699e-02 5.090252707581226221e-03
-5.957446808510637702e-03 2.103036876355748354e-03
-4.502403846153835675e-03 7.935222672064782537e-04
-7.281938325991195796e-03 3.916334661354582691e-03
-4.005102040816321644e-03 8.977272727272729135e-04
-3.962053571428563424e-03 1.456692913385824269e-04
6.350352112676051729e-03 3.544747081712061165e-03
-3.351190476190472022e-03 4.157620041753652511e-03
-7.765734265734262551e-03 2.664165103189493865e-03
-5.223684210526313536e-03 4.206827309236953975e-04
-1.026415094339626745e-03 5.128676470588235461e-03
-7.018145161290322183e-03 3.055449330783940182e-03
-1.473790322580645004e-02 1.409514925373133972e-03
-3.226293103448277591e-03 1.237424547283702721e-03
-9.980468749999945981e-04 2.250886524822694971e-03
-4.992537313432838728e-03 3.552631578947370184e-03
-2.850427350427342955e-03 1.466475095785441498e-03
-1.803571428571429120e-03 2.222326454033770812e-03
-9.444897959183668965e-03 2.685739436619716865e-03
-1.364750957854406199e-02 3.664545454545453315e-03
-9.187499999999997752e-03 5.895872420262662263e-03
-4.962962962962967628e-03 1.776408450704226698e-03
-2.877323420074351813e-03 1.798148148148147460e-03
-5.453124999999998772e-03 3.664658634538152382e-04
-5.960251046025106213e-03 1.775894538606405219e-03
-6.875000000000000902e-03 1.082075471698114430e-03
-6.342222222222220450e-03 2.375231053604447704e-04
-7.258695652173913736e-03 2.583992094861660427e-03
-7.469999999999995741e-03 3.006653992395436417e-03
-1.257407407407406738e-02 1.875216637781630322e-03
-3.425650557620816411e-03 3.473275862068964884e-03
-2.583955223880591776e-03 3.668717047451670356e-03
-5.448936170212765467e-03 2.952965235173824528e-03
1.523715415019758282e-03 3.586998087954111104e-03
-3.021818181818178468e-03 3.490566037735815598e-05
1.017182130584197257e-03 2.316635160680529694e-03
-6.533333333333331099e-03 4.457820738137082198e-03
6.061776061776088208e-04 -1.168488160291439489e-03
-1.205078125000000853e-03 3.749060150375941973e-03
-3.633603238866397588e-03 1.171245421245421803e-03
-6.078947368421053557e-03 -4.036511156186624186e-04
-8.408127208480565759e-03 2.745033112582782962e-03
-1.103555555555555193e-02 3.243925233644859036e-03
-4.728333333333331785e-03 3.609265734265734542e-03
8.013100436681263629e-04 9.542961608775131195e-04
-1.205208333333333305e-02 1.475046210720887610e-03
-3.187763713080168405e-03 4.542976939203353763e-03
-6.616113744075821645e-03 2.450505050505051921e-03
-3.203999999999997215e-03 1.760396039603960962e-03
-3.604982206405690347e-03 5.435943060498237217e-04
-5.389273356401384080e-03 1.338589981447124147e-03
5.872093023255765690e-04 3.691829484902310783e-03
-4.180194805194803118e-03 1.080482897384306635e-03
-5.115384615384579179e-04 1.028399311531841926e-03
-6.271226415094336044e-03 3.654832347140039590e-03
4.082116788321173313e-03 2.566539923954372707e-03
-3.474770642201833667e-03 3.471920289855075139e-03
-8.685064935064931019e-03 3.763653483992465947e-03
-8.279069767441858338e-03 3.686224489795917464e-03
-7.690476190476184214e-03 1.840038314176245136e-03
-7.668888888888890018e-03 1.807228915662649352e-03
-7.195473251028799283e-03 1.129960317460318182e-03
-7.414096916299548617e-03 9.883040935672515650e-04
-4.815261044176708666e-03 2.132162661737522797e-03
-8.234251968503934760e-03 1.972972972972973811e-03
-1.966135458167326058e-03 3.980251346499102602e-03
-4.772177419354834554e-03 2.203598484848487502e-03
-7.945454545454547213e-03 4.052904564315354397e-03
-2.803571428571468606e-04 1.995229007633588479e-03
-7.153846153846127407e-04 2.083798882681564112e-03
-6.454710144927537641e-03 2.891143911439114818e-03
-3.203389830508471953e-03 1.393700787401575469e-03
-4.679012345679012946e-03 2.415896487985210676e-03
-7.439622641509433150e-03 2.414634146341463825e-03
-4.358299595141693246e-03 3.877737226277374900e-04
-6.426000000000000288e-03 1.889204545454545260e-03
-2.402040816326530062e-03 1.170898437500000498e-03
-2.655038759689918367e-03 1.397058823529426415e-04
-1.694444444444445251e-03 9.981132075471698967e-04
7.015209125475293682e-04 1.996323529411766096e-03
-2.181647940074901270e-03 -3.532110091743112979e-04
3.294117647058824108e-03 3.817164179104478271e-03
-1.057499999999999760e-02 1.574297188755021922e-03
-1.039430894308943434e-02 8.136531365313661932e-04
-9.727969348659007420e-03 1.910488245931282183e-03
-6.557034220532314411e-03 2.973581213307241108e-03
-9.077380952380947887e-03 2.503824091778201338e-03
-1.587121212121214838e-03 1.718348623853210811e-03
-1.233888888888889229e-02 3.699999999999998429e-03
-6.178694158075598818e-03 2.549165120593691221e-03
-1.253947368421052221e-02 4.222222222222221828e-03
-6.846666666666661495e-03 1.197368421052631216e-03
3.728222996515655804e-04 4.358047016274861976e-03
-8.782978723404251745e-03 3.230923694779115878e-03
-7.308823529411766044e-03 3.177816901408450460e-03
-1.147004608294931692e-02 1.640804597701151423e-03
-4.962450592885373803e-03 1.272482014388489876e-03
-9.216867469879515403e-04 5.841286307053944124e-03
-8.822115384615328900e-04 2.592764378478665081e-03
-7.373015873015871524e-03 -7.474226804123532239e-05
-4.291828793774315511e-03 1.017819706498952542e-03
-3.263257575757577342e-03 -7.403846153846112071e-05
-9.895104895104899975e-03 2.779962546816479221e-03
6.811965811965817186e-03 1.200723327305604823e-03
4.729241877256376071e-04 1.717573221757323892e-03
-8.333333333333338422e-03 2.305940594059404779e-03
-5.626050420168068368e-03 5.478424015009390399e-04
-4.511363636363632801e-03 8.471698113207543328e-04
-7.259689922480621130e-03 5.278776978417271679e-04
-5.223849372384930211e-03 9.041095890410959018e-04
-1.729249011857707501e-03 7.054263565891483916e-04
-2.024336283185837037e-03 1.984615384615384583e-03
-1.077096774193548635e-02 9.635036496350367309e-04
-6.108455882352938592e-03 2.456521739130434513e-03
5.610619469026557893e-03 1.303643724696355389e-03
1.488549618320609592e-03 1.717181467181467473e-03
-5.547854785478548156e-03 3.261583011583012951e-03
-3.140510948905102500e-03 -1.410984848484849114e-04
-1.021484374999999736e-02 -1.292181069958846761e-03
2.305309734513275033e-03 3.138358778625956191e-03
6.835664335664359348e-04 2.249100719424462682e-03
-1.596376811594202652e-02 1.819932998324957875e-03
-3.809523809523809521e-03 3.206026058631922943e-03
3.280542986425335084e-03 3.910280373831776651e-03
-6.699233716475096884e-03 2.196428571428571397e-03
-1.288973384030413488e-03 2.136445242369852595e-04
-5.895299145299143923e-03 2.898272552783109999e-03
6.922619047619046374e-03 5.630996309963096080e-03
-2.260330578512396906e-03 2.609640831758032551e-03
-4.001976284584971878e-03 -3.205128205128059690e-06
1.137254901960772243e-04 -3.089999999999997588e-04
-3.680084745762707363e-03 1.724568138195776545e-03
-8.131249999999996120e-03 3.426062846580409191e-03
-1.304832713754642106e-03 2.538175046554934106e-03
-1.327056277056277295e-02 8.011844331641299229e-04
-1.023024054982817586e-02 8.867924528301893237e-04
-3.896078431372549961e-03 3.982007575757577113e-03
9.642857142857138566e-04 2.485714285714285109e-03
-9.122641509433962806e-03 3.210877862595420875e-03
-7.694063926940658896e-04 -1.169216061185468199e-03
-5.741379310344823204e-03 -5.653021442495129991e-04
-4.935222672064776619e-03 3.096581196581197227e-03
-4.678714859437751485e-03 7.330827067669163939e-04
1.129411764705881170e-03 1.585205992509364529e-03
-6.474903474903472185e-03 3.890109890109889543e-03
-4.130952380952384456e-03 2.957773512476009024e-03
-3.843749999999993873e-03 8.327205882352942514e-04
-5.801556420233465461e-03 5.232838589981447450e-03
-7.905511811023622007e-03 2.441117764471058531e-03
-4.848017621145365649e-03 3.794726930320149912e-03
-3.530465949820781914e-03 2.134951456310680597e-03
-2.433460076045624362e-03 1.674438687392056785e-03
9.453781512604677206e-05 4.016221374045801651e-03
-3.241596638655450807e-03 -4.353612167300371233e-04
-5.604838709677413631e-04 1.973309608540926765e-03
4.680076628352484655e-03 4.049825174825175990e-03
-3.674904942965774145e-03 -3.167293233082718335e-04
-8.118303571428564513e-03 1.069066147859921382e-03
-9.776315789473683307e-03 1.503649635036496393e-03
-1.586274509803920364e-03 1.483304042179261562e-03
-5.979553903345724043e-03 -1.628352490421419997e-05
-1.708904109589036652e-03 2.269762845849801047e-03
-4.378923766816147749e-03 1.324125230202578135e-03
-5.907801418439714153e-03 1.708849557522125169e-03
-7.257092198581557158e-03 9.221238938053105336e-04
-2.227626459143965815e-03 1.581439393939410194e-04
-1.192857142857143074e-02 1.212825278810409930e-03
-8.097902097902094989e-03 1.061482820976492828e-03
-1.218677042801556004e-02 1.540677966101696101e-03
-2.916317991631792606e-03 2.842350746268656678e-03
-6.746296296296300579e-03 1.930970149253731288e-03
-6.755319148936166432e-03 2.874087591240886324e-04
-3.225941422594145406e-03 3.966424682395646578e-03
-1.278000000000002875e-03 1.130088495575221497e-03
-1.287500000000000883e-03 4.578544061302696573e-04
3.412790697674423189e-03 3.423684210526314452e-03
-1.060792951541850854e-02 2.893069306930693384e-03
1.005769230769229137e-03 3.365458015267175969e-03
-8.150537634408599671e-03 2.260238907849830819e-03
-9.469758064516116403e-03 4.038389513108617095e-03
-6.782511210762330947e-03 1.759090909090911103e-03
-1.648837209302325474e-03 4.403921568627453161e-03
-4.240331491712704369e-03 4.681985294117646523e-03
-8.308712121212119550e-03 1.481308411214953338e-03
-5.671259842519680433e-03 -3.112840466925932155e-05
-5.172268907563021961e-03 4.456896551724138719e-03
-1.882978723404254246e-03 1.271205357142857467e-03
-6.551136363636364014e-03 3.540489642184557121e-04
-9.121428571428573731e-03 3.065176908752328781e-03
-4.633620689655183950e-04 4.026209677419354330e-03
-1.988847583643079038e-04 1.231939163498099428e-03
-3.559071729957807764e-03 2.696597353497164930e-03
-4.792237442922374531e-03 1.933572710951526321e-03
-1.011618257261410157e-02 1.602540834845735248e-03
-1.137242798353909831e-02 3.224852071005916698e-03
3.395910780669141558e-03 -1.055888223552892830e-03
-3.923588039867111771e-03 3.260536398467432304e-03
-3.037254901960780018e-03 2.933867735470942553e-03
-1.052966101694917909e-03 2.235779816513763524e-03
-6.528708133971289178e-03 1.902857142857143418e-03
-4.856870229007629811e-03 3.348197343453511530e-03
-9.381048387096775978e-03 2.121468926553674982e-03
-1.954225352112675795e-03 1.202185792349726992e-03
-7.289090909090906525e-03 2.137168141592920602e-03
-4.475308641975311343e-03 1.910852713178295926e-03
-3.052083333333328093e-03 -3.184647302904540511e-04
-6.480434782608694190e-03 3.110038610038610204e-03
-1.126122448979591240e-02 2.200833333333334588e-03
-1.402218430034129527e-02 2.199999999999999699e-03
-2.811158798283260908e-03 -6.634615384615272747e-05
-3.897959183673466513e-03 1.697247706422020741e-03
-1.518050541516242826e-03 2.449523809523809856e-03
-9.102870813397129918e-03 1.612840466926070875e-03
-2.753676470588229883e-03 3.139648437499998560e-03
-6.283842794759822610e-03 1.125683060109290527e-03
-5.666666666666662737e-03 2.783914728682169906e-03
-8.648648648648652251e-03 3.330927835051546160e-03
-3.248962655601656500e-03 2.788053949903661777e-03
-1.186059479553903603e-02 2.926335174953957532e-03
-4.036842105263158120e-03 2.059590316573556897e-03
-3.189130434782608877e-03 2.422053231939164455e-03
-3.041825095057031862e-03 3.147435897435896940e-03
-7.100346020761242986e-03 1.521114864864865981e-03
-5.961999999999993347e-03 1.099214145383104694e-03
-1.260593220338981609e-03 1.497287522603978896e-03
-5.335390946502060507e-03 2.932795698924731218e-03
-1.461210762331838393e-02 1.451171875000000638e-03
-1.051707317073170833e-02 -4.582504970178933657e-04
-5.651709401709397070e-03 1.606007067137809425e-03
-1.325726141078830637e-03 2.894589552238806696e-03
-4.110887096774195129e-03 3.116026711185310334e-03
3.772563176895348024e-04 3.161508704061896831e-03
-8.044736842105260771e-03 -5.477582846003891228e-04
-5.146090534979422607e-03 1.967625899280575543e-03
-1.285355648535564145e-02 1.335040983606558627e-03
-6.506276150627681625e-04 3.039249146757679737e-03
-9.922932330827067757e-03 4.985232067510545796e-03
-4.302000000000001136e-03 3.389413988657844802e-03
-8.354066985645936666e-03 3.119180633147113774e-03
-3.832075471698114487e-03 -2.454044117647058930e-04
-1.347087378640777437e-03 2.092369477911646628e-03
-5.200803212851408744e-03 2.970909090909091329e-03
1.608606557377049084e-03 2.000967117988393558e-03
3.589552238805966081e-03 2.063464837049745152e-03
-1.242616033755274650e-02 2.702952029520296149e-03
-1.010869565217391471e-02 1.197916666666684897e-04
-4.101382488479259417e-03 4.506986027944112454e-03
-1.122026431718061747e-02 2.430037313432836018e-03
-7.087155963302771032e-04 5.580524344569297041e-04
-3.806291390728474590e-03 -4.331337325349296215e-04
-4.056390977443606952e-03 4.381443298969072211e-03
-3.838582677165353518e-04 2.895085066162570147e-03
-8.386363636363631038e-03 5.521956087824348228e-03
-8.489795918367354019e-03 4.015122873345934942e-03
4.238007380073799922e-03 -5.335628227194394620e-05
-1.183333333333332765e-02 2.453153153153153805e-03
-5.970464135021099315e-03 3.751937984496123840e-03
-7.559055118110212653e-04 2.905982905982913461e-04
-5.519011406844099958e-03 2.493295019157089083e-03
-3.116740088105729098e-03 4.160576923076923089e-03
-4.259057971014491156e-03 9.054290718038536826e-04
-1.002834008097165837e-02 1.986238532110091645e-03
-4.852083333333334116e-03 2.970093457943927609e-03
-2.146288209606985950e-03 6.513319672131145932e-03
-6.130136986301370008e-03 2.646341463414633461e-03
-8.824372759856631207e-03 1.591760299625461113e-04
-7.679039301310040637e-03 4.696460176991150426e-03
5.072727272727315306e-04 3.836572438162544341e-03
-5.651624548736460842e-03 2.905380333951761151e-03
-9.599206349206343414e-03 3.751915708812258218e-03
-5.135658914728683834e-03 3.279026217228465240e-03
-2.340425531914895520e-03 -1.479245283018866932e-03
-4.419607843137251732e-03 1.697916666666667235e-03
8.863636363636295812e-04 1.220067453625633394e-03
-6.340080971659911059e-03 1.304166666666666799e-03
-7.260416666666664152e-03 3.806818181818183780e-03
-2.654761904761904559e-03 2.729206963249517122e-03
-1.510548523206750940e-03 4.999999999999996851e-04
-9.125603864734295814e-03 6.500000000000006207e-04
-5.125581395348834113e-03 1.268431001890360033e-03
-9.341796874999993769e-03 1.521829521829522669e-03
-5.061538461538454131e-03 1.434393638170974351e-03
-1.262410071942445325e-02 1.588550983899821196e-03
-7.144680851063828393e-03 2.688953488372091902e-03
-2.857664233576638711e-03 1.811131386861315664e-03
1.208333333333333178e-03 8.612662942271897756e-04
-6.195578231292518320e-03 3.936188811188811622e-03
-4.239406779661019156e-03 2.843575418994413479e-03
-2.882470119521912157e-03 2.504464285714286080e-03
-4.376425855513309260e-03 1.867724867724868381e-03
-1.528957528957527361e-03 2.069707401032703196e-03
-4.932835820895518225e-03 3.110256410256410486e-03
-5.653094462540719269e-03 3.135029354207436066e-03
8.669064748201480135e-04 2.271052631578948395e-03
-2.946096654275093783e-03 2.103734439834025003e-03
-5.164310954063601640e-03 8.759541984732831330e-04
-1.066867469879518270e-02 2.210387323943662115e-03
-2.238970588235291923e-03 2.572841726618707667e-03
-1.065384615384614569e-02 3.701612903225804437e-03
2.395256916996050828e-03 2.808550185873604204e-03
-5.028112449799200870e-03 -1.118838028169012950e-03
-7.252252252252247566e-03 4.014519056261343054e-03
-5.113793103448273543e-03 2.967857142857144477e-03
-4.649572649572646793e-03 1.605214152700186686e-03
-1.960629921259839873e-03 1.513108614232209570e-03
-4.088932806324110762e-03 1.575317604355718371e-03
-7.366548042704627701e-03 3.780821917808221098e-03
-6.609053497942381054e-03 1.569128787878787748e-03
-1.754480286738349312e-03 2.758126195028679471e-03
-6.587719298245618867e-03 2.397540983606580333e-04
-3.058620689655169953e-03 9.101497504159747646e-04
-1.279952830188679606e-02 1.237873134328360296e-03
-6.845454545454548664e-03 1.532416502946955120e-03
-9.142561983471072379e-03 3.360236220472439736e-03
-9.996551724137927794e-03 5.404494382022468485e-03
-4.978846153846151409e-03 3.576642335766424315e-03
-4.810975609756098365e-03 5.697445972495093552e-04
-5.225000000000002212e-03 4.359667359667359493e-03
-6.616600790513831737e-03 3.701107011070110461e-03
-7.925925925925924806e-03 6.772727272727273144e-04
-6.836206896551724407e-03 9.894179894179900604e-04
-2.395833333333326155e-04 2.341346153846154358e-03
-1.871541501976287797e-03 4.209844559585491572e-03
-8.034042553191489064e-03 1.300693240901213592e-03
-3.388475836431223496e-03 3.215870307167236538e-03
8.803418803418830299e-04 6.090573012939007238e-04
-4.241304347826085203e-03 4.112874779541446021e-03
-3.352657004830916689e-03 5.271535580524357905e-04
-5.761682242990655983e-03 3.104854368932040073e-03
-7.893203883495146511e-03 1.017272727272729290e-03
8.755020080321321502e-04 1.542194092827004967e-03
2.004201680672266974e-03 3.346296296296295998e-03
-1.151709401709402397e-03 6.681494661921717152e-04
-7.098333333333332364e-03 1.654121863799283988e-03
-3.158759124087591463e-03 4.054730983302410295e-03
-7.811764705882350522e-03 3.385106382978721358e-03
-1.104863813229571556e-02 1.461182994454713778e-03
1.729674796747968871e-03 4.181459566074952755e-03
-9.081034482758614315e-03 7.545289855072475011e-04
-4.135849056603769017e-03 2.219090909090907539e-03
-4.624113475177302895e-03 1.725438596491228301e-03
-1.334061135371179211e-03 3.403107861060331810e-03
-1.024904214559379688e-03 2.437743190661479254e-03
-7.191235059760962053e-04 -1.059454191033138565e-03
-2.377289377289377569e-03 9.090019569471633224e-04
-5.280590717299576443e-03 1.577249575551782851e-03
-1.015199999999999263e-02 8.264887063655056978e-04
-5.424796747967479578e-03 1.127522935779817510e-03
-1.004563492063492193e-02 2.696226415094340328e-03
-3.228260869565214262e-03 -8.820116054158598420e-04
-5.900000000000000730e-03 2.094357976653696100e-03
-1.174632352941176912e-02 3.837999999999998531e-03
-1.008935361216729831e-02 -6.650485436893199169e-04
-2.520661157024758751e-04 2.612141652613830713e-03
-7.510373443983396798e-03 1.909090909090910846e-03
-1.958188153310101622e-03 -1.645569620253157475e-04
-4.768348623853205584e-03 3.434375000000001229e-03
4.110887096774192527e-03 3.452741020793949518e-03
-5.606060606060565832e-04 2.584427767354595482e-03
-3.592150170648463359e-03 3.051304347826085551e-03
-1.219262295081969530e-03 2.233628318584070672e-03
-3.476095617529882491e-03 2.711409395973155001e-03
2.265957446808510630e-03 3.824752475247524767e-03
-6.816666666666669656e-03 6.201598579040850864e-03
-3.603448275862064943e-03 -1.045454545454536541e-04
-5.535335689045935495e-03 2.443060498220640895e-03
-6.301851851851851885e-03 3.919917864476384767e-03
-2.443609022556382558e-04 3.707753479125258829e-04
4.919028340080998938e-04 2.750474383301707796e-03
-1.645098039215687775e-03 7.237521514629958238e-04
-2.549568965517240698e-03 2.745265151515151325e-03
-1.211521739130434240e-02 4.213513513513514157e-03
-5.544811320754723313e-03 4.797574626865669378e-03
-2.648373983739837293e-03 2.513232514177695005e-03
-9.752252252252254991e-03 4.540262172284643787e-03
-8.621999999999997721e-03 2.968441814595656819e-04
-7.114406779661017373e-03 7.487179487179505344e-04
-5.253816793893128015e-03 2.584710743801654862e-03
-5.112068965517240805e-03 2.128326996197717463e-03
-9.940476190476183610e-03 2.368913857677899890e-03
-1.106504065040650638e-02 4.273622047244094412e-03
-3.143153526970956114e-03 1.648111332007953095e-03
-5.926229508196724158e-03 3.594117647058822727e-03
-1.196887966804979081e-02 -3.072519083969460735e-04
3.122377622377622494e-03 3.622047244094492866e-04
-5.180392156862739621e-03 1.459259259259259971e-03
-4.226244343891399392e-03 2.594420600858369196e-03
-6.095238095238093672e-03 -3.126195028680674279e-04
-4.372093023255814448e-03 1.390652557319224658e-03
-8.087649402390437517e-03 3.027052238805968618e-03
-1.327586206896551498e-02 6.775210084033627973e-04
-1.067474048442906050e-03 3.877495462794919474e-03
-9.939759036144554197e-04 2.617187499999998421e-03
-7.258555133079845623e-03 1.892241379310344654e-03
-8.519900497512441356e-03 2.433691756272401020e-03
-8.908450704225353428e-03 2.250972762645914258e-03
-1.314007092198581431e-02 3.878260869565216401e-03
-6.507905138339918107e-03 2.424643584521386352e-03
-5.771582733812948701e-03 1.329642248722317285e-03
-6.472125435540071470e-03 4.106060606060607000e-03
-1.018326693227091830e-02 3.207661290322579451e-03
-8.229838709677420733e-03 2.022373540856031455e-03
1.949626865671644921e-03 1.380819366852887838e-03
-5.703921568627447029e-03 3.242943548387097318e-03
-2.233173076923073135e-03 1.472846441947567179e-03
-9.190740740740738907e-03 4.662932790224034486e-03
-5.907142857142853865e-03 -5.356521739130426724e-04
-1.019230769230768802e-02 -9.591141396933553593e-04
-2.492727272727266689e-03 1.056896551724139125e-03
-3.755905511811019268e-03 -3.329875518672188359e-04
-3.554307116104865778e-03 2.215779467680609703e-03
-7.397727272727273699e-03 -7.412008281573497902e-04
-6.679591836734693165e-03 -5.077071290944097865e-04
2.955555555555553068e-04 1.516521739130434650e-03
-1.221357615894038892e-02 3.123314065510596812e-03
-9.032388663967596751e-03 4.015789473684212157e-03
-6.292372881355937086e-03 2.132633587786260734e-03
-1.249999999999999549e-02 -1.296641791044770555e-04
-3.748927038626608411e-03 1.301670146137788499e-03
3.392857142857144074e-03 4.433601609657949680e-03
-4.742125984251965333e-03 -1.123493975903612843e-03
-8.481958762886604095e-03 2.992723492723494468e-03
-6.304054054054051941e-03 3.147569444444446324e-03
-1.617021276595743658e-03 6.853281853281853291e-04
-7.935294117647056014e-03 2.462608695652173264e-03
-9.307539682539684583e-03 1.590350877192983755e-03
-5.164251207729472423e-03 3.499999999999998772e-03
2.182464454976299970e-03 8.826247689463968295e-04
-9.787999999999996356e-03 3.661016949152543030e-03
-1.111742424242422424e-03 2.043367346938777113e-03
-4.028673835125446204e-03 2.871584699453551444e-03
-3.241935483870966774e-03 2.331826401446655383e-03
-5.215163934426230927e-03 4.262172284644196937e-03
-5.546296296296292228e-03 1.445419103313842811e-03
-9.669421487603335188e-04 5.384473197781883616e-03
-6.097719869706843578e-03 3.626719056974459041e-03
5.371900826446492333e-05 -3.319755600814653426e-04
-3.801181102362194940e-03 9.476635514018683483e-04
-7.205479452054796251e-03 3.677319587628867081e-03
-6.193181818181857194e-04 2.315837937384898713e-03
1.121673003802281304e-03 1.421182266009854336e-03
-9.450819672131153745e-03 3.071167883211678787e-03
-8.221428571428572238e-03 5.218750000000000298e-03
2.851626016260163255e-03 2.125932835820894783e-03
3.119658119658162915e-04 2.275186567164179559e-03
-3.483208955223876784e-03 3.957446808510636793e-03
-1.023267326732673656e-02 1.883161512027491536e-03
-2.930451127819545462e-03 -8.216911764705881870e-04
-4.453874538745388606e-03 5.737864077669898363e-04
-6.834677419354847228e-04 2.267195767195765311e-03
8.867521367521354232e-04 2.250816993464054179e-03
-1.333999999999999899e-03 -7.315436241610738174e-04
-8.617870722433463443e-03 -7.026548672566365530e-04
-8.776595744680882596e-04 3.397644927536232293e-03
-4.972014925373125643e-03 3.147706422018347466e-03
-4.270428015564203296e-03 2.215399610136452486e-03
-7.976744186046505480e-03 1.404545454545455194e-03
-1.211764705882351426e-03 4.572790294627380840e-03
-1.571428571428572793e-03 3.595959595959597778e-03
-1.004506437768240210e-02 1.649494949494949075e-03
-1.357933579335794802e-03 2.382812499999999514e-03
-7.591078066914501085e-03 3.766924564796903744e-03
-6.602880658436209409e-03 -5.139186295503168878e-05
-6.204347826086952997e-03 3.764026402640265057e-03
-1.133531746031745530e-02 2.628309572301427283e-03
-5.470037453183519000e-03 4.797830374753451685e-03
-1.384120171673819876e-03 -2.007504690431524089e-04
3.025751072961372756e-03 4.834862385321102274e-04
-2.925490196078428008e-03 6.684210526315792055e-04
-7.477366255144035287e-03 -1.488614800759011916e-03
-5.204819277108430238e-03 1.717261904761905461e-03
-5.200729927007295000e-03 -6.953124999999987744e-04
-1.050389105058365836e-02 1.352611940298508201e-03
-7.817777777777779394e-03 7.928571428571426754e-04
-6.408163265306117927e-03 3.876739562624253749e-03
-6.277272727272725956e-03 2.322992700729929229e-03
5.690476190476213662e-04 1.988734835355286928e-03
-1.014932126696832526e-02 1.598130841121495928e-03
-4.806249999999998891e-03 1.008604206500957143e-03
-1.576470588235290076e-03 2.461340206185567113e-03
2.253086419753088255e-03 3.102836879432625122e-03
-6.680894308943090450e-03 3.049360146252284680e-03
-7.839622641509429862e-03 1.279783393501805408e-03
-7.530612244897877264e-04 2.071428571428571720e-03
-7.144680851063829261e-03 2.480627306273061172e-03
-1.047629310344827709e-02 4.383177570093468888e-04
-6.406367041198499090e-03 2.741701244813278624e-03
-4.160899653979232768e-03 2.250000000000006715e-04
-7.157999999999994228e-03 2.821428571428573253e-03
-3.907999999999997413e-03 3.829768270944741357e-03
-5.193478260869567771e-03 9.921104536489159988e-04
-1.617886178861788898e-03 1.927767354596623918e-03
-7.681467181467182409e-03 3.830258302583027658e-03
-6.681623931623931027e-03 3.809619238476955830e-03
-7.737762237762232237e-03 5.518234165067188767e-04
-5.634042553191484504e-03 5.097490347490344319e-03
1.699261992619930349e-03 4.761648745519713941e-03
-6.809954751131226669e-03 3.749544626593807710e-03
-5.566523605150205424e-03 1.070224719101125046e-03
-2.859504132231406072e-03 1.781563126252506176e-03
-8.548728813559324305e-03 2.692687747035574491e-03
-1.556109324758842526e-02 3.401943462897527755e-03
-1.031567796610169396e-02 3.634072580645160769e-03
-8.537698412698418657e-03 2.783242258652094108e-03
-3.192307692307690906e-03 3.443609022556391903e-03
-5.367768595041321096e-03 8.104448742746605963e-04
-8.410416666666661531e-03 1.288385826771654575e-03
-3.085152838427947589e-03 1.919260700389105977e-03
-3.976635514018692259e-03 4.567961165048546601e-03
-5.385214007782102366e-03 3.282051282051281875e-03
-6.401098901098893450e-03 8.659491193737770031e-04
4.533582089552239298e-03 3.718421052631579616e-03
-6.213991769547319403e-03 -1.012658227848105936e-04
-2.296370967741929829e-03 1.165145985401459458e-03
-1.461977186311786900e-03 2.287958115183246280e-03
-7.958609271523177375e-03 6.685934489402701455e-04
-1.706008583690984178e-03 1.730055658627085470e-03
-8.648648648648647047e-03 1.382249560632689686e-03
-1.309352517985610956e-03 5.649466192170839477e-04
-1.307446808510637215e-02 3.763736263736266823e-04
-7.832618025751067470e-03 9.288747346072180437e-04
-1.895061728395058646e-03 2.274674115456237853e-03
-3.692156862745100011e-03 1.153914590747332587e-03
-3.651394422310758059e-03 4.990671641791046215e-04
-4.724066390041488546e-03 -9.236641221374029863e-04
-5.276785714285714760e-03 3.611423220973783866e-03
-1.109401709401709735e-02 2.462786259541984487e-03
-5.097426470588239771e-03 1.500892857142857324e-03
-4.700396825396821118e-03 1.695652173913043438e-03
-6.118367346938771538e-03 4.329401088929218239e-03
-4.378228782287820094e-03 2.819130434782608340e-03
-1.174545454545451338e-03 1.729128014842301565e-03
-6.318014705882351104e-03 2.274080560420315561e-03
-5.071705426356590794e-03 8.216168717047455522e-04
-1.044130434782608412e-02 1.065178571428572170e-03
1.802325581395348335e-03 1.631067961165045546e-04
-1.065652173913043260e-02 2.655268022181145066e-03
-6.417670682730922463e-03 4.428298279158700279e-03
5.091911764705895358e-04 3.024606299212598704e-03
-6.297413793103446601e-03 -6.475563909774432157e-04
-5.761316872427981253e-03 2.379882812500000271e-03
-1.085114503816794404e-02 1.380414312617702288e-03
-7.727848101265823687e-03 -1.147540983606543580e-04
-1.255533596837943994e-02 4.899065420560750478e-03
-5.821292775665397844e-03 1.728782287822879567e-03
-7.612781954887160333e-04 2.114490161001790144e-03
-1.070121951219511931e-02 4.551401869158885655e-04
-2.107142857142857775e-03 1.560885608856088730e-03
-4.177489177489145285e-04 1.523622047244095655e-03
-8.361867704280158756e-03 9.093357271095159821e-04
-1.134937238493723653e-02 1.490512333965843738e-03
-2.797665369649808553e-03 2.041373239436620243e-03
-7.570610687022894490e-03 3.259219088937094066e-03
-1.340963855421686661e-02 3.214007782101166878e-03
-4.903153153153154593e-03 2.358121330724072175e-03
6.334661354581659068e-04 1.376459143968873080e-03
-4.652654867256633686e-03 1.673745173745175068e-03
-2.936567164179104076e-03 4.300000000000000003e-03
-9.512589928057545857e-03 -1.587628865979381681e-04
-6.724820143884887788e-03 1.622359154929578365e-03
1.825726141078846748e-04 1.184306569343067253e-03
-6.194570135746606601e-03 1.050656660412758190e-03
2.388888888888889613e-03 1.996491228070176437e-03
1.124413145539908138e-03 2.422480620155040461e-03
7.123287671232877722e-04 1.012195121951220628e-03
-7.323321554770317182e-03 1.179816513761468462e-03
-3.904382470119520648e-03 2.808277027027026966e-03
-6.111111111111081724e-04 1.925414364640883752e-03
-7.780936454849490119e-03 8.439201451905616784e-04
-6.725999999999998473e-03 4.193840579710146101e-03
4.625498007968129217e-03 5.712806026365347366e-03
-4.404761904761900042e-03 2.360623781676412028e-03
2.151639344262322050e-04 5.741106719367605358e-04
-3.651315789473683505e-03 1.033914728682171821e-03
-1.332031249999999015e-03 4.514732965009207559e-03
-4.658102766798411995e-03 2.722125435540069006e-03
-2.003690036900371025e-03 3.052434456928839086e-03
-6.115879828326178762e-03 2.752079866888519025e-03
-4.391999999999998336e-03 2.333634719710669329e-03
-1.750896057347665945e-03 -5.076400679117133198e-04
-1.551440329218102500e-03 7.278350515463921817e-04
-1.644444444444445553e-03 1.715686274509804331e-03
-4.866108786610880664e-03 1.718978102189781506e-03
9.911971830985971330e-04 2.245644599303136830e-03
3.027659574468082732e-03 3.610294117647058331e-03
-8.419064748201435244e-03 1.308435852372585428e-03
-7.325221238938049717e-03 1.539256198347106882e-03
-7.426190476190473386e-03 3.378458498023716432e-03
-2.922746781115881983e-03 3.580733944954128840e-03
-7.166666666666663202e-03 8.602251407129462299e-04
-9.342436974789916290e-03 8.173431734317343576e-04
-2.993506493506498198e-03 2.710159362549801557e-03
-3.153225806451615508e-03 1.580968280467446446e-03
-8.968325791855198681e-03 2.153921568627452463e-03
