1.400211094927627771e-03 5.969806420733085768e-04
1.390982992271613426e-03 7.157686528900648014e-04
2.336361375191919540e-03 6.045651824957262634e-04
2.192389756606790124e-03 6.008579290488219203e-04
1.738287095867888750e-03 7.140811648659980060e-04
1.800870767941287805e-03 7.471477689329305465e-04
2.100717636054421581e-03 4.954739798982653581e-04
1.750522497789697932e-03 5.908656349550917486e-04
1.862367994210287854e-03 6.040661542447437133e-04
2.127592468099918834e-03 7.231324553536047856e-04
1.733016081848861439e-03 7.158551821948820615e-04
1.862990978391473656e-03 4.940134373278864304e-04
2.020157256292199558e-03 5.400385626981005259e-04
1.817785506157044160e-03 6.591566848988113193e-04
1.647531004901840474e-03 5.784563386605522713e-04
2.299671014387387642e-03 6.806461325871600299e-04
1.312707775832135711e-03 5.899760331176346967e-04
1.329934228986887892e-03 6.272483586608074970e-04
1.866718960900530001e-03 5.258762274785721029e-04
1.988449762582719833e-03 7.442256681421980866e-04
1.563499500045025447e-03 6.526270143333739223e-04
2.040725300612786577e-03 6.876724332292750031e-04
1.950031007383638479e-03 5.409515706688328455e-04
1.551371670654207689e-03 5.349152224265964119e-04
1.642670039386977775e-03 7.792370770805032284e-04
1.402792250197742010e-03 5.647991960832416010e-04
2.340597670439593415e-03 6.885990340370968426e-04
2.210948203029606055e-03 6.364807366859380868e-04
1.632001703207793322e-03 5.500730301927057473e-04
1.874991754492444330e-03 7.582145854955306408e-04
1.928986088434398848e-03 5.801345241985199309e-04
1.757528590179883651e-03 7.455757556073924677e-04
2.238199819713377215e-03 6.188464293098021622e-04
1.637956408165097081e-03 6.003143035778480937e-04
1.639991839066099952e-03 6.178769098534385266e-04
1.853545730971730907e-03 7.820450540480092163e-04
1.761310641249498035e-03 7.611016720225779152e-04
2.115877269213783593e-03 6.490387925473142371e-04
2.098736608287554792e-03 7.143115937378684667e-04
2.238817671624799329e-03 6.287833422963674118e-04
1.970696897682050735e-03 6.256498318813190785e-04
1.809220885596217075e-03 5.299766801387528628e-04
1.541059981388997633e-03 7.199162803510042626e-04
1.969776041148608298e-03 6.029666207619019782e-04
1.463375092292080060e-03 8.287352053574058167e-04
1.510930053921635124e-03 5.127773814228033487e-04
1.929580958533125452e-03 7.249659890419918014e-04
1.975517906271242932e-03 7.352789033386920598e-04
1.824753055718176956e-03 5.636765273282368918e-04
2.060073674023279403e-03 7.248279164196587366e-04
2.267640371073518721e-03 6.547679971239399495e-04
1.682970102784225571e-03 6.125819324079149380e-04
1.955290061368677654e-03 5.062916577542197647e-04
2.242557455988836157e-03 6.324630949027955753e-04
1.745734340092864765e-03 5.725057946916255018e-04
1.486663217637613273e-03 6.146830039474147521e-04
1.733885036825208578e-03 6.760779803225498881e-04
1.657910645219371490e-03 6.588535968728555453e-04
1.952526246235555167e-03 6.850658563814157609e-04
2.208275527655226365e-03 5.753525673302915810e-04
2.178477178799344098e-03 7.058985522135732046e-04
1.958045641687020631e-03 6.654035160962413304e-04
1.883161099821215479e-03 5.936324886915031419e-04
2.066572854510863571e-03 7.518633587597002999e-04
1.693961942189940771e-03 4.949265681539813519e-04
1.936700325033019997e-03 7.002980321336107908e-04
1.576394077811461760e-03 5.219926219288324211e-04
1.781366715253804691e-03 5.875548764243298172e-04
1.968710733982210331e-03 6.403956327187399064e-04
1.592529713638380891e-03 5.789877291840354098e-04
2.264258143120187906e-03 6.624734866002376541e-04
1.986538398819129130e-03 6.469922886496383592e-04
1.671073448080649540e-03 7.310108158055171439e-04
1.730963261766610417e-03 6.276967796281504109e-04
1.792097307910375456e-03 7.198892482677055797e-04
1.548228661172087583e-03 6.500554975122937009e-04
2.274836817933844051e-03 5.966647516073153449e-04
1.805629198464451688e-03 6.548627254318883668e-04
1.986089878630096974e-03 6.184765738983003750e-04
2.650907557365795534e-03 7.790852950182692530e-04
2.101793899441070472e-03 6.821063826364813423e-04
1.477311993213518623e-03 5.228616641167352450e-04
1.927611115531428906e-03 7.247414129913221223e-04
2.352047995614466210e-03 6.414930342099158574e-04
2.263225219221803256e-03 6.973949130321633813e-04
1.610892146886647213e-03 6.399822393160400609e-04
1.813726584244776787e-03 6.512573491234839498e-04
2.228619720537240376e-03 7.036886429660874380e-04
1.740141401762721352e-03 6.854530049321559595e-04
2.229570095011146683e-03 6.270144448996920221e-04
1.690753754416805203e-03 5.779434010409995959e-04
1.934708791361110149e-03 6.533279680903899579e-04
1.560233261486154623e-03 6.232438930167420385e-04
1.663812295919026452e-03 7.276012297164686409e-04
2.163938406331368091e-03 6.460422981174122588e-04
1.933533894999287005e-03 6.312128806213062639e-04
1.770006389918058528e-03 6.043551887799678913e-04
1.452320855486646583e-03 5.918961105886867127e-04
2.298212986948467394e-03 6.176968946678285804e-04
1.485961243668355511e-03 5.928371412600473090e-04
1.761207237476305641e-03 5.625917381683756893e-04
1.570921079580583956e-03 8.144758179697673831e-04
1.617733102973530415e-03 7.264394137082504392e-04
1.991710607953926186e-03 6.193352893264742831e-04
1.770741620206987919e-03 5.521099676569379312e-04
1.875450782375007305e-03 8.324819220821257559e-04
1.793276179980418054e-03 5.878576421420282508e-04
2.010586601481718569e-03 5.837244875726091149e-04
1.893653471924483566e-03 6.942953829032587343e-04
1.802522165638891687e-03 7.238714753293975417e-04
1.334778551137263437e-03 6.196086898349628148e-04
1.794864172386987028e-03 6.025451697721925185e-04
1.876596182647855080e-03 7.186000681511458708e-04
2.202360977952345401e-03 6.451025378904664794e-04
2.193119662342938626e-03 7.301976385334148657e-04
2.290663680315131127e-03 6.630425348980576762e-04
2.113033328543790102e-03 6.035457806510698651e-04
2.100241314570593185e-03 7.097549215738226201e-04
1.634052565761428795e-03 8.073417034014784962e-04
1.762433668871548091e-03 6.903401691412682731e-04
1.379975806234066352e-03 6.258961513206698878e-04
2.533294810985706278e-03 7.120875803784747996e-04
1.897103553744478683e-03 7.133336684433939749e-04
1.907379929996398747e-03 6.967418028689378526e-04
1.477890613278199207e-03 5.808754945255693771e-04
1.840176098821905528e-03 6.499078782032380189e-04
1.844275892432863974e-03 6.823895865829360209e-04
2.139347327949151119e-03 6.274767726914005223e-04
1.996328022820926043e-03 6.433214255987038241e-04
1.407968785526229026e-03 5.542998398078648106e-04
1.695176923612862468e-03 6.433596357688257461e-04
1.858995859328043407e-03 5.285676649733783055e-04
1.856097199124377923e-03 6.226577977704914708e-04
1.727581579341310987e-03 6.079525474512735865e-04
1.590570215128291835e-03 6.528569049610319450e-04
1.885012627248782140e-03 6.273066825113367273e-04
2.256291952351816444e-03 6.024464720124839742e-04
1.719121499341072935e-03 5.671449305300284684e-04
2.317268720494567585e-03 5.566454400056145523e-04
1.823296982946079423e-03 5.497417466410316287e-04
2.142796217480970496e-03 7.039116178077674995e-04
2.139893502442609570e-03 7.164430840198826155e-04
2.223034479472181177e-03 7.053213592891375769e-04
1.931100186841021435e-03 6.464604933569909626e-04
2.209175896227795390e-03 6.688972299060271616e-04
2.240527121218343493e-03 5.041600113724496648e-04
2.137899435802624419e-03 6.896587704215366823e-04
1.450245944950578902e-03 6.698141904156798814e-04
1.904804313530311264e-03 7.219916771269941844e-04
2.090593011222200651e-03 6.119094404051757599e-04
1.617802524031659861e-03 5.903461895722006587e-04
1.601784365236448918e-03 5.883661707466007751e-04
2.472662563929492116e-03 6.831723226365027032e-04
1.778053515456692879e-03 7.012190427504971487e-04
1.426208665890168299e-03 7.100287712579399181e-04
1.718086232754707397e-03 7.040938897051244975e-04
1.836990140944219337e-03 6.002823492153264119e-04
2.157558673677943250e-03 6.478980945362721984e-04
1.204547511275539957e-03 6.301476880893829534e-04
2.043200518177903588e-03 5.601421571743992736e-04
2.184425281332991881e-03 7.371709420866842622e-04
2.015551555699277800e-03 6.411091668936805743e-04
1.600440825067384705e-03 7.059703474875325549e-04
1.469906165846578865e-03 7.920400077143070977e-04
1.976756854221613669e-03 6.708969233915737431e-04
1.622025242783863789e-03 6.392225986989297877e-04
1.874309613719413398e-03 5.589425037903356097e-04
1.898492207887046007e-03 5.306464119263417387e-04
2.332514252572564367e-03 6.858996915936143137e-04
1.873551027485919566e-03 6.754456923286011275e-04
1.416804537001533108e-03 5.494315044322262056e-04
1.764986357239146323e-03 6.695656788249108914e-04
2.164873596613933488e-03 8.039086927677797619e-04
2.078560862061045074e-03 5.606362896767428695e-04
1.438846808147046163e-03 6.924631686019893989e-04
2.093758434650356756e-03 6.998356692418429299e-04
1.598266514247277019e-03 6.553642445703526534e-04
1.581077708887839448e-03 6.532280576356426244e-04
1.638786367135039749e-03 6.230352443587200808e-04
2.243360434047837401e-03 6.192788564920206603e-04
1.884113955978908208e-03 6.535294785670240324e-04
1.509264315232371851e-03 6.471943272997303116e-04
2.299084330099862225e-03 5.559627197828478137e-04
1.780044306787747273e-03 6.356453935038744538e-04
1.834917954274908371e-03 7.488438661624059181e-04
1.987492475942403101e-03 6.457477123461268648e-04
1.552099845097579516e-03 6.718226513948807226e-04
1.870903135268388870e-03 7.761548083597261984e-04
2.287454848807098789e-03 6.564440200388608213e-04
2.155525532349248166e-03 5.910373264092358891e-04
1.724770676941143367e-03 5.275222186868742686e-04
2.168205379820404601e-03 6.215303514005493047e-04
2.084961608341282489e-03 7.365972136322249423e-04
2.339771045364759730e-03 6.535104606873406476e-04
2.155088023149106212e-03 5.671723954481553516e-04
1.603782891637186821e-03 5.778623768528428272e-04
2.063631249245260080e-03 7.569391171292558229e-04
1.564138346480421684e-03 7.701186392063265156e-04
2.166889538356663904e-03 6.304985264519031825e-04
1.944814923933424564e-03 6.860781525275609074e-04
1.755643127724137564e-03 8.057196662777774045e-04
1.793077495531103689e-03 6.796120325556062255e-04
1.788816648425121253e-03 5.819582733834129541e-04
2.451723974178640370e-03 5.633144127901804901e-04
1.317359123227711606e-03 6.485235098559081687e-04
1.637011398554876233e-03 7.478448803203634849e-04
1.515481986299261176e-03 6.382382219665714901e-04
1.717331035641616287e-03 6.108452963390428739e-04
1.731108190673575319e-03 5.071693342908438354e-04
1.618161174561713730e-03 6.095140264787987736e-04
1.363048147408138597e-03 6.997134264077617752e-04
2.281226447623298150e-03 6.820031265427218669e-04
1.842010942214065061e-03 5.638090748522119619e-04
1.987316133878853572e-03 6.652074372096921859e-04
1.812543353424497143e-03 7.027927236547458706e-04
1.888109827940232660e-03 7.416693723732324314e-04
1.444196233104798506e-03 7.323474602889203143e-04
1.608102919601177251e-03 7.561782614159029588e-04
1.878442845596898841e-03 5.987262304607659765e-04
2.553019582002301942e-03 6.478215506976148187e-04
2.318819146193016201e-03 6.727230425140860726e-04
2.033082706791427326e-03 6.474654177497333064e-04
2.129019907886872676e-03 5.990529942961889858e-04
1.579635203993054243e-03 8.602942390807746548e-04
2.114804970249350557e-03 5.897351402276910896e-04
1.590909059916297778e-03 6.021738170024192862e-04
1.676833044924112360e-03 6.680014484982716057e-04
1.619794318466807100e-03 6.608864678304082708e-04
1.641293236401198145e-03 6.184848744506487011e-04
2.215079807843038130e-03 6.174611815249682637e-04
1.928674220116112633e-03 6.840720216609736662e-04
2.086541486059736213e-03 7.334432349449087609e-04
1.874013592095528534e-03 5.917338904364517803e-04
2.084574399028905033e-03 6.806240495665392487e-04
1.814728289391074516e-03 6.670787987774151823e-04
2.049782703445769509e-03 7.430948154238980249e-04
1.494271581000855640e-03 5.950109212114719969e-04
1.651489191135426622e-03 5.322951599084778558e-04
2.072016401994592871e-03 6.825003097186649412e-04
1.699380754030248731e-03 6.324817831033638978e-04
1.724269573837095091e-03 5.753894895826011744e-04
1.774239527566813740e-03 6.861036759184631004e-04
2.550637448728096043e-03 5.805060977525511182e-04
2.051473260369632377e-03 7.407578525315384023e-04
2.252879622024927826e-03 6.938013037936134955e-04
1.780334313321171912e-03 5.986288727534612181e-04
2.189581703376468954e-03 6.465323516523315038e-04
2.631454269647610315e-03 6.573997014567387488e-04
2.739452334573608695e-03 7.599541810732876254e-04
1.610425478045614126e-03 6.062953193154543624e-04
1.830688312102338351e-03 6.073889923744470957e-04
1.488089164968004700e-03 7.175103522669454108e-04
2.420079069076647941e-03 6.152225166572935664e-04
2.326924460874524488e-03 6.930492782500835081e-04
1.990107175661476758e-03 5.868219963157914358e-04
1.860063260811018306e-03 6.328677250967328300e-04
2.443454860808669856e-03 7.400408008974772127e-04
1.860785289297270167e-03 5.538683418333132866e-04
1.725040519536224538e-03 6.546031508918143636e-04
2.196322781302054855e-03 6.339461852134830374e-04
2.014965055249216298e-03 5.420204599397463819e-04
1.809557255358392467e-03 6.043296718392421373e-04
1.428862194752088081e-03 6.784293535697530440e-04
1.945583931263696444e-03 6.050951746499397396e-04
2.341401307490980493e-03 6.164875889609717705e-04
1.595463730998027390e-03 5.840454451814544676e-04
1.613929894656747615e-03 5.964663678710333634e-04
1.873826830475868507e-03 6.437471864205755517e-04
1.767689204876066221e-03 6.374509767027373682e-04
1.971458048193347034e-03 6.834090730705390422e-04
1.621745220820256135e-03 7.080849017260726005e-04
2.050663292397794223e-03 6.289159123428829552e-04
1.830450281851648750e-03 6.320036374206814637e-04
1.720996531236678156e-03 6.296787887238511480e-04
1.876201152395694889e-03 7.084726490941539983e-04
2.141167929175683687e-03 5.632893313567220294e-04
1.676868203407406782e-03 5.970539082448977517e-04
1.800190724075238042e-03 7.371165058127742689e-04
2.186893629362707432e-03 6.689602962121899950e-04
1.990932416045968888e-03 5.834897645739357082e-04
1.912881524281981284e-03 5.799998308154297871e-04
2.375475190950481711e-03 5.923394171169468802e-04
1.582871313855047004e-03 7.275565833843878607e-04
2.532256969422336766e-03 6.122725396892258944e-04
2.111844134202137992e-03 6.154818961924482393e-04
1.566540378266216473e-03 6.491368820018793284e-04
1.404741416293463175e-03 6.377317391872867891e-04
2.079930787708755661e-03 5.878906949369233116e-04
1.799413509634651678e-03 6.542916709621872731e-04
1.875584741709183890e-03 6.808108323132106574e-04
1.786061100642938456e-03 5.156839243878210246e-04
1.666189504674771369e-03 5.061342224765119201e-04
1.767932639567789191e-03 6.680713071449960764e-04
1.883882333893112078e-03 6.370157366423250455e-04
1.467856841142760717e-03 7.222284687904755116e-04
1.522383553399100399e-03 6.593333566650998092e-04
2.021800903835970723e-03 6.091563381001871905e-04
2.014564003445968709e-03 5.863025400442338584e-04
1.652923346663446799e-03 7.375601450914054218e-04
2.190961045728224543e-03 5.877539303139065266e-04
1.881480579592528964e-03 6.848779269138661596e-04
1.928444768591853434e-03 5.816382350718996529e-04
2.147774730850738299e-03 5.840633663937391416e-04
1.431688359028391406e-03 5.695266257712822263e-04
1.804016196989969775e-03 6.374651851640961153e-04
1.777065974822026467e-03 5.771708945628863368e-04
1.663906701265235270e-03 6.628696365266005920e-04
2.278120189503252731e-03 6.418323253266816674e-04
1.791756837343129764e-03 5.862005294420259650e-04
2.180271883111473390e-03 6.076520240675644313e-04
1.618164083619607393e-03 5.554575780636485756e-04
1.563756976942774638e-03 5.421964525905837145e-04
1.476340723086672167e-03 6.080590659235560972e-04
1.854691510416666723e-03 6.244006153549382272e-04
1.811661241822229342e-03 5.950158308701324148e-04
2.338439787505227144e-03 6.961221505723806007e-04
1.855861633599767153e-03 7.533777072914614632e-04
1.977395396176421811e-03 6.992380660281594237e-04
2.027772978329440198e-03 6.407293007232619771e-04
2.096750141918032537e-03 5.803896538403242791e-04
1.725292917822222752e-03 6.538588024046620290e-04
1.432430259221336398e-03 6.074801552339577186e-04
1.666928690898485154e-03 5.988004341108672888e-04
2.082547805067682788e-03 6.405087807519466289e-04
2.056763679693617442e-03 6.057156865428114760e-04
2.407306675243625453e-03 7.821265646840602119e-04
2.072292067502120964e-03 5.390732527153543332e-04
1.543081902147603332e-03 5.716454592300556411e-04
1.441841644705343711e-03 6.204794355365078531e-04
1.611631411614316721e-03 6.927876828007576045e-04
1.946270755478662212e-03 6.841631351578069320e-04
1.512953199016935351e-03 7.266460275328441229e-04
2.251192508962984121e-03 6.308432480999114555e-04
2.121036943569109320e-03 5.786078300293406949e-04
1.973842357129699035e-03 5.901354774488431435e-04
2.310345874823975087e-03 6.929686531239199337e-04
2.233535856632653735e-03 7.765182375850340248e-04
1.770730534076268110e-03 5.846614463182729128e-04
1.963139035215316804e-03 5.737334675824669848e-04
2.044439992411214296e-03 7.489642158110404457e-04
1.742146290365641226e-03 6.502742827146452617e-04
1.682811441833103943e-03 4.911892022497700485e-04
1.579274009655091916e-03 5.869848051096384928e-04
2.168526931096608282e-03 6.517187311417484055e-04
1.851295571676191392e-03 6.879164116963673234e-04
2.121281009878640909e-03 5.319674428054700773e-04
2.085069943929518041e-03 6.569355559659248662e-04
1.878755261739773700e-03 6.500022346742456410e-04
1.701303341622305244e-03 7.133511386609476135e-04
2.213041772791406615e-03 5.802213026503388318e-04
2.457779284634232630e-03 5.705140456439000566e-04
2.420191694377905791e-03 6.701136657213811916e-04
2.244683301706554193e-03 6.945787185556219620e-04
1.741442341922537105e-03 6.925936086804628314e-04
1.989516800011478272e-03 6.284440191070551603e-04
1.488554577064364181e-03 5.952350903018983940e-04
2.021401112322733073e-03 6.395802869683655731e-04
1.810725777317044724e-03 6.502840528672411803e-04
2.375181003307927363e-03 6.450974211724351103e-04
1.784078548343757909e-03 6.395632871513258315e-04
1.657770543411218834e-03 6.813477933732772383e-04
2.140681360665530608e-03 6.312180182247294647e-04
1.649589649220380714e-03 7.021540961439197296e-04
2.183389658161837086e-03 5.828495462215390038e-04
1.942021870052967327e-03 6.779553741719143148e-04
1.627692158411213645e-03 6.885236740649072111e-04
1.996271904083783515e-03 6.768155422664573137e-04
1.797294412952279204e-03 6.802853669872697658e-04
2.515310168650793186e-03 5.607178010886541440e-04
2.396519311872189698e-03 6.956192293850839209e-04
1.795064789269901467e-03 6.178082342968155283e-04
2.222450826725429814e-03 7.088576764442770231e-04
2.068685266914234867e-03 8.038269838418784065e-04
2.216013458034418303e-03 6.788884160411356745e-04
1.948446868490211767e-03 6.535086970084917407e-04
2.111379126035367506e-03 6.208647683388012709e-04
1.958162974389404936e-03 5.990960630687172661e-04
1.511595468840038967e-03 5.468365872610912986e-04
1.696486335605886702e-03 5.214364645220175443e-04
1.838771164263271066e-03 5.295000403715870640e-04
1.803697237903611247e-03 8.018973097426916564e-04
1.612172404262615395e-03 6.164544116167857985e-04
2.155279844628672954e-03 6.145768866008173180e-04
1.887293390582123025e-03 5.907484516556065672e-04
2.078900716189123477e-03 6.780546856657117998e-04
1.713012243657750962e-03 5.881841319782966232e-04
1.827069312736534544e-03 7.829417474006354107e-04
1.935261413289477697e-03 6.412907059933942600e-04
1.828017158541679708e-03 6.933425570316124626e-04
2.107506367679984425e-03 6.410304752269400550e-04
2.111653325208000948e-03 6.376548288639491326e-04
2.194348081436196373e-03 6.978698059932473457e-04
1.699183954013711289e-03 5.281502984296280317e-04
1.953016211310876693e-03 7.773889928869101183e-04
1.468019886110566745e-03 6.126881724418674390e-04
1.915288470544701960e-03 5.574095250107308826e-04
1.997353544257075061e-03 6.332638660694149806e-04
2.063279884372481391e-03 6.329768947302970598e-04
1.907880358495389009e-03 5.700932982146302138e-04
2.152541126275522593e-03 5.645274334837617957e-04
2.098216295822644128e-03 5.530887240346025373e-04
1.626421476141654823e-03 5.609105354746197992e-04
1.915647243852458765e-03 7.086079365251300027e-04
1.819988963773495286e-03 6.341339414601185722e-04
1.819498778375272345e-03 5.384510491715951931e-04
1.516425618320352449e-03 6.404621016475329012e-04
1.675171329806081355e-03 6.331932321324293747e-04
1.711853617739151441e-03 6.014832050718392715e-04
2.406778554030517686e-03 6.373008345507651237e-04
1.391058734173606162e-03 6.783345702056685442e-04
2.357905561784594956e-03 6.430477468195285257e-04
1.905888472057205504e-03 6.143729385239254243e-04
2.518626207595984611e-03 7.115493045646579043e-04
2.184101479275816875e-03 7.337613903078457058e-04
2.272292689660218665e-03 6.237923649848935116e-04
1.893975815161680560e-03 5.718534742953440900e-04
2.236757964159217116e-03 5.619401092947823480e-04
2.454728109634624501e-03 5.570005188226602759e-04
1.772482102811368063e-03 6.642971561790527628e-04
2.596844996469943514e-03 6.689974652882531899e-04
2.059114476057180565e-03 5.693429477758178139e-04
1.345069142924975626e-03 5.809985934744263912e-04
1.556018152420771909e-03 6.142376308380382817e-04
2.025053833471589237e-03 7.079349921550836915e-04
1.373371537837199657e-03 6.163775215936542111e-04
2.240431153307214773e-03 6.508919376209401034e-04
2.259950178774006169e-03 5.719977554989566677e-04
1.752817074760271154e-03 6.179362226005669133e-04
1.815952615963911838e-03 6.728009008591278369e-04
2.478554303591474443e-03 6.954957473243928746e-04
1.954903563428386868e-03 6.522776816443392155e-04
1.797329011800074660e-03 6.387398302601913656e-04
1.916731728418549080e-03 5.716210582245455406e-04
2.014833543741587508e-03 6.446328162771099417e-04
1.789982095800521020e-03 6.781725410367825391e-04
2.170315223106800747e-03 6.759363002726060700e-04
1.930155104895925084e-03 7.271317117298587525e-04
1.700062086147174261e-03 6.224261128989493378e-04
2.278690755828426204e-03 7.303055328685403033e-04
2.014814000382773428e-03 9.124742404957676472e-04
1.717737667315635472e-03 6.277562280981223517e-04
2.059156312003968155e-03 6.428974502554691065e-04
2.034112471939562763e-03 6.348728805489454747e-04
2.492629955354471426e-03 5.475548919054242002e-04
1.748256336101706261e-03 7.143606692685393897e-04
1.767093135639281236e-03 6.728910736635119278e-04
1.254333250661979942e-03 5.848681217842424110e-04
1.798533698992274815e-03 6.295372578054153623e-04
1.920865797946360795e-03 6.466766877897378151e-04
1.724133013691111702e-03 5.966956228472718648e-04
1.801207836315736697e-03 5.696874036234290950e-04
1.781500130979235368e-03 7.763610935460806472e-04
1.800454023358390686e-03 6.643162462647949880e-04
1.270826982584862073e-03 6.379327710723304602e-04
2.052984686878866170e-03 7.215728703003833778e-04
1.886254704291910785e-03 5.993814336300430732e-04
1.636501115772401272e-03 6.832707209546113681e-04
1.508752813551693817e-03 6.274675208843307189e-04
1.848249089720312068e-03 7.198868995612299612e-04
1.770381758802043676e-03 5.682162764710516414e-04
1.675082016141530216e-03 7.226350878297454388e-04
1.663068951402421657e-03 6.691941499996469436e-04
1.651142393219025241e-03 5.701210182036437098e-04
1.709143555273957230e-03 5.718005621943722397e-04
1.890972942310633481e-03 5.137246619306782549e-04
1.731620434666091436e-03 8.174575124490241363e-04
1.374252825572254942e-03 5.810830754229788769e-04
1.992293759204188247e-03 6.727203769251688349e-04
2.159978657220189627e-03 6.282021888235906747e-04
1.820358312903707938e-03 6.689853504657210931e-04
2.128773366910541049e-03 5.922881210668553848e-04
1.661444922853981586e-03 7.302276928276424384e-04
1.834049610910026915e-03 5.648450258036438526e-04
1.985369766655325011e-03 5.909717607583664899e-04
1.733241032378061118e-03 5.982768401383174381e-04
2.085341716417909910e-03 6.830776419965577280e-04
1.601500411165776615e-03 7.565965493771590038e-04
1.954361185370908239e-03 5.686145967241747938e-04
1.911231519417822336e-03 6.480532442624819828e-04
1.885902884007327040e-03 6.449586394629322050e-04
1.811992241155577395e-03 4.935974291433759160e-04
2.268003832237434556e-03 7.799161915498002912e-04
1.570407759996287700e-03 5.846312067968826307e-04
2.179726089331270131e-03 5.570043238140289172e-04
1.959771714479874045e-03 6.535476265298667065e-04
2.171569130107240449e-03 6.025269462275487185e-04
1.912813484332400544e-03 6.044811569181946127e-04
1.944193966152310809e-03 7.044291829753517899e-04
2.323150803485247908e-03 7.164880238313853667e-04
1.304936325714926414e-03 6.678008679341197263e-04
2.042098670040552993e-03 6.120979287153142110e-04
1.709339772970901736e-03 7.417706693642030572e-04
1.442977322290195851e-03 7.546447471924442631e-04
2.431710253197221557e-03 8.090084203008932138e-04
1.956880729996414263e-03 5.817090034435660941e-04
1.649091161024787569e-03 6.047448110711410715e-04
2.394492028361336518e-03 5.569099638740993138e-04
1.669717395125453873e-03 6.634819916637281836e-04
1.618102844219777587e-03 6.132052493132286123e-04
1.399661462506008496e-03 6.149547032467491585e-04
1.615521220031810668e-03 6.393767067767043132e-04
1.932332921665640873e-03 5.098726619943536216e-04
1.842190725598345140e-03 7.129432834426858339e-04
1.674447262716046098e-03 5.220523588690895644e-04
2.265921833271430322e-03 7.034130463344058851e-04
1.929988026534828474e-03 5.829260311061588767e-04
2.120380913020795954e-03 5.393718191891067092e-04
1.962093358272093673e-03 5.861753673349996349e-04
1.804641805042909346e-03 6.046257178198598866e-04
1.761416333963534368e-03 6.283118837241353149e-04
2.306362850543435764e-03 6.467746546463393328e-04
1.827340976030310390e-03 7.590351505619012977e-04
2.141566433227251945e-03 6.270571970900937946e-04
2.057428202382198274e-03 6.659107679222262682e-04
2.278060065239198746e-03 6.665057372822095301e-04
2.225418252297906366e-03 7.714234796397548104e-04
1.237190248260672427e-03 5.602256920984563689e-04
2.115048804066712099e-03 6.111740714829888262e-04
2.154908054647806763e-03 6.685079942074840685e-04
1.618055879290264702e-03 6.718017261591739979e-04
1.607537679817835300e-03 6.206122820992815295e-04
2.345091694709270681e-03 7.885420456207726083e-04
2.314310979305594061e-03 6.920092442855852984e-04
2.214254219859327927e-03 6.163628285470251159e-04
2.252251981911516758e-03 6.827415060171796021e-04
2.169382534592349636e-03 7.014209723153674511e-04
1.991618923099105088e-03 7.150544349086211757e-04
1.749797131592128454e-03 6.284875068947923639e-04
1.620279696093920429e-03 6.609514179076466473e-04
1.972085161357875569e-03 7.753034166063498683e-04
1.620945273074698425e-03 4.990943182135879150e-04
1.811879374814301738e-03 5.570183685797918489e-04
1.747827813567967093e-03 6.295341327958411167e-04
1.734862829341152386e-03 5.943805107178564990e-04
1.979337161733376541e-03 5.674459538930815743e-04
2.069352557579866390e-03 8.028008005282846098e-04
1.991131125320737879e-03 7.285042368624062518e-04
1.672082914104992954e-03 7.109124427052685618e-04
1.969088593474283954e-03 6.890944177100920059e-04
1.774439159909885731e-03 5.978221965857841332e-04
1.843745942933746641e-03 6.619370034882894388e-04
1.760483954123217036e-03 7.108646639160270432e-04
1.943780835044757720e-03 6.373348012944234260e-04
1.669803892749470138e-03 6.321792914551744138e-04
1.611419520019852702e-03 7.624845974428312231e-04
2.186523707042754752e-03 5.738342305407268711e-04
1.874228836891510437e-03 6.446772064567290669e-04
2.046753541007254300e-03 6.023910619836079974e-04
1.882696864137867057e-03 6.546682169204027157e-04
2.092529847506342106e-03 6.315615091869174495e-04
2.279565076966636947e-03 6.416089310748168554e-04
2.023972959823196367e-03 6.596492894564010131e-04
1.887238463187273542e-03 6.488069733185906907e-04
1.826115177359764362e-03 6.722697648774869465e-04
1.622944396815197751e-03 7.205812786253573557e-04
2.115853193138121386e-03 6.456028404992064781e-04
2.013785861481107945e-03 6.526218815522460623e-04
2.194513493148827696e-03 6.785999446512258398e-04
1.579021598354881815e-03 5.716284139778191704e-04
1.889600996760800160e-03 6.285079225382360617e-04
1.807841596307004344e-03 6.453195942032178721e-04
1.832932533587315832e-03 5.289905495262976374e-04
1.949882304056970578e-03 6.670852620381633987e-04
1.982208031661375405e-03 7.220790386500296112e-04
1.605629870830171772e-03 7.076999983347253284e-04
2.072866860320194023e-03 6.734249567887566710e-04
2.603735774391543328e-03 6.505251177904207514e-04
1.623613980964614973e-03 5.460752436982327417e-04
1.835414540091848687e-03 6.640532015223298088e-04
1.654143401906751215e-03 6.680907417880694275e-04
2.096220460643027830e-03 7.880922321102343557e-04
1.979030535229281147e-03 6.591139903949734058e-04
1.450226183149827324e-03 5.648952256457926780e-04
1.633427325600268981e-03 6.281365462450489269e-04
2.583390034398133726e-03 5.906158438129607575e-04
1.896835833096803276e-03 5.818462905611659604e-04
1.473974499784917302e-03 7.153839662348132882e-04
1.830151770404451301e-03 6.056656079753317771e-04
1.955022425639091083e-03 5.758258586861346451e-04
1.622832747909950385e-03 6.279127757233872193e-04
1.741672135393272647e-03 5.519990904819040449e-04
2.348142054178381510e-03 6.120756147844425487e-04
2.067499353707861597e-03 6.057149832765758649e-04
1.812291246980991593e-03 7.125295495899590945e-04
2.025482893192608307e-03 7.807603864116344867e-04
2.264711931085155137e-03 7.582943185856102185e-04
1.609218486120849454e-03 7.607956038966613927e-04
2.323064968224840265e-03 6.940348330020561706e-04
1.956425806243344140e-03 6.410273268157957397e-04
1.795687255081407406e-03 6.867219366648844893e-04
2.063323621868684305e-03 5.898118457349825700e-04
1.770798375193058122e-03 7.294407444534542137e-04
2.045497321064743221e-03 6.990184698218472603e-04
2.237249911437413138e-03 7.015231617675400221e-04
1.996385348536193656e-03 6.637484307902271957e-04
1.736492762875196678e-03 6.432020093668624821e-04
1.634134846303046716e-03 6.015191543624308357e-04
1.888925820552070801e-03 6.770763405301766279e-04
1.620308999530533853e-03 5.981575004611638154e-04
1.784670612982602747e-03 6.422239715958211930e-04
2.273516626589980154e-03 4.948626605855424229e-04
2.406427861587994571e-03 5.771634094872571483e-04
1.386386970164475534e-03 6.232649205470393132e-04
1.426515741439416752e-03 5.146572872096993444e-04
2.257590981951203366e-03 5.881660265940608220e-04
1.453417080853775965e-03 6.338760157955310214e-04
1.519413169053569377e-03 7.397701689105687459e-04
2.160561049623271716e-03 6.803011232181428464e-04
1.952599093562642617e-03 7.132428533770084891e-04
2.009117978038906741e-03 6.162111078602294009e-04
1.600710858408980813e-03 6.052764612110687632e-04
2.395734555384679710e-03 6.527462686351971502e-04
1.631396095349665247e-03 6.541185131297274843e-04
1.452797279046591419e-03 5.902086949147081858e-04
1.905557925256071844e-03 7.306770893918330175e-04
1.989757288454350233e-03 5.797969643817176477e-04
1.646829920918219765e-03 6.049112885406457722e-04
2.336359315027138148e-03 5.949655414256634512e-04
1.926332096160498185e-03 6.119751236193400872e-04
1.762403314334578391e-03 6.709187385915289228e-04
2.415165270034544572e-03 6.691933835395371538e-04
1.767806425351812604e-03 6.360976054760362434e-04
1.681005279864612127e-03 6.808453679290681982e-04
2.152610317359911901e-03 6.089331951464416279e-04
1.959507845621790128e-03 6.184581370754725074e-04
1.929427959368014336e-03 7.055770774499743690e-04
1.979858097160431749e-03 7.171286497210795996e-04
1.725498006555035166e-03 4.752002766143816320e-04
1.890813485937664759e-03 7.400525608809398323e-04
2.191053526067975737e-03 6.374142896180325655e-04
2.023080509446672365e-03 7.632562957778383367e-04
2.627389565038681148e-03 7.045450372663853962e-04
1.697438723811389629e-03 6.287636322362984273e-04
1.515051226818958261e-03 7.018801750439386490e-04
2.164526917313329846e-03 5.959098295357451516e-04
2.011051162367158158e-03 7.047127353442762723e-04
1.825505486873190038e-03 6.580953432647756876e-04
1.774214233841683950e-03 5.854488779755812576e-04
1.675771086042280016e-03 6.763305354470419001e-04
1.953987864493619830e-03 5.523446354373714182e-04
1.272844600382438398e-03 5.931405137770364615e-04
1.437555022201601317e-03 6.393006624532802549e-04
2.696532923437629497e-03 6.261486159116828572e-04
2.268695025271384638e-03 7.318620694036988327e-04
1.590265111933767154e-03 5.099335754594476293e-04
1.826232872321005693e-03 5.655741156886718614e-04
2.589543322338573508e-03 6.034492061378309144e-04
1.843338859252567673e-03 5.722741862955869245e-04
1.972911383473097396e-03 6.385092972178395276e-04
2.230478837289434982e-03 6.535657789337063215e-04
2.164970759971951691e-03 6.688125088231588111e-04
1.663561774999999972e-03 6.911882407079642182e-04
1.938336378498669611e-03 5.882944821662551126e-04
1.896086687865482625e-03 7.434736363253330576e-04
1.792532508075814603e-03 6.822135875431558196e-04
2.604719949016090236e-03 6.869640917082866670e-04
1.486014345829212617e-03 6.616618798428167874e-04
1.409603595807454746e-03 5.972795951540922806e-04
1.843273061939799951e-03 5.968528414155918616e-04
1.698942817818181175e-03 4.805465864830915732e-04
2.093246618585970636e-03 7.495186974208798520e-04
2.444741474339486367e-03 5.202404372574805959e-04
1.750532312452316797e-03 5.969663428019199780e-04
1.580931312806193320e-03 5.569570328319417693e-04
1.875495522584609076e-03 5.723320855798016494e-04
2.249674514692687460e-03 6.009824913611936086e-04
2.169402330340077303e-03 7.092999250511491114e-04
1.849835000073993523e-03 7.220537661905478089e-04
1.572291017750115580e-03 5.977372191509166925e-04
1.992520479156136438e-03 6.245512661206384288e-04
1.366024806549265931e-03 6.121082396900301816e-04
1.718542178744279997e-03 7.276269905722376145e-04
2.295276864617787262e-03 6.397152989612225416e-04
1.909286162762876366e-03 6.646180210295936060e-04
1.750818499948278211e-03 5.460634771405123824e-04
1.751534558664419967e-03 7.947646923290866338e-04
1.954773333966314600e-03 5.501150344427544218e-04
1.745815537634408301e-03 7.096803281519859126e-04
2.285533343147981566e-03 6.589795610043579525e-04
1.438294423842497892e-03 6.931166924541678131e-04
2.202530963765185132e-03 5.661494725510843665e-04
1.806752027828154722e-03 6.874509563995835930e-04
2.034660780047783946e-03 5.955344808812687183e-04
2.115692178033707748e-03 6.229163204209254125e-04
1.681425316423221889e-03 5.620724865229657355e-04
2.053431846431831402e-03 6.870114059939334177e-04
2.206112331951205763e-03 6.418816412423204894e-04
1.624177916873655644e-03 6.201911115729610196e-04
2.064156415906292629e-03 6.724941609239245112e-04
1.603909219110332893e-03 7.248191034093479524e-04
2.374180897981066282e-03 6.905624278318124370e-04
1.671367052967830634e-03 7.024847957105736758e-04
1.853491215445775449e-03 6.062070061654722041e-04
1.965793979903753159e-03 6.001035273054674624e-04
1.840573629656921950e-03 6.876393791825394057e-04
2.548750319405053855e-03 6.973500027596426761e-04
1.587029226281640561e-03 6.822877008579112659e-04
1.692017496423644683e-03 7.391654594235450666e-04
2.038212020299062528e-03 5.611613807617676182e-04
2.003706141679914392e-03 6.667924743293544756e-04
1.952001641498412200e-03 8.342885053769115216e-04
2.495519023307538053e-03 7.226440821587626915e-04
2.087616857398429202e-03 5.160105267059418967e-04
2.205971430378410141e-03 6.639111864244546428e-04
1.929932314306468310e-03 6.111907220904074954e-04
2.271584657287926013e-03 5.799045574936578015e-04
2.055791235938740288e-03 6.411242496231698684e-04
1.799890803349957040e-03 6.538332021956940387e-04
1.837686503632343779e-03 6.459593496831641385e-04
2.173740094100258362e-03 6.240818932066731928e-04
1.943188218717689349e-03 6.562988383426719046e-04
1.770955943468654819e-03 5.865709086850874783e-04
1.530548537231181914e-03 5.694358792684948989e-04
1.972897216815386757e-03 6.491280049571731365e-04
1.809834100298944246e-03 6.679295668353394571e-04
1.870580213795918195e-03 6.814349207509021395e-04
1.854528045929272791e-03 6.942829431794210167e-04
1.815465640963248454e-03 6.429812745644807861e-04
2.406458216141393620e-03 6.927342502469921535e-04
2.356658584321439515e-03 5.393200529329081989e-04
1.728038623346404325e-03 6.588261311468449543e-04
1.934110461214485826e-03 5.481637595376849742e-04
1.395115352084538981e-03 6.005742428951384507e-04
1.890798918907998479e-03 7.030369161572588713e-04
1.683583474867703317e-03 6.639606194755464947e-04
2.025005254111496896e-03 6.660356056424296964e-04
1.897404062139837651e-03 7.001788447742503122e-04
2.212345193383526750e-03 6.000517619547315060e-04
2.058790205446167036e-03 6.870835182700010335e-04
2.374324351366827700e-03 5.335857458182262369e-04
2.279810884898640210e-03 6.823782790238107614e-04
1.701934240942176149e-03 7.565057182925068353e-04
2.262880543383521872e-03 6.098482527040426614e-04
1.991749861369477605e-03 5.417198959300936452e-04
2.111938899359897155e-03 6.173559034084804978e-04
2.066461022832589457e-03 6.258735289852658448e-04
1.604267023889759678e-03 8.064310702411524442e-04
1.955384205372221514e-03 7.246763971705706816e-04
1.918513212498628448e-03 6.169085001985870819e-04
1.578664253309940970e-03 7.104129551230026077e-04
2.734778907319214761e-03 6.884771882049953726e-04
1.467953408276426912e-03 7.496330874208124344e-04
2.244086398070280902e-03 6.133931470856772428e-04
2.514647484541140780e-03 6.530496843341015946e-04
2.078007834195556586e-03 7.583329975942491950e-04
1.747533160087833947e-03 7.053084385602143794e-04
2.268221365492629604e-03 5.259301052699470302e-04
1.653770846327690157e-03 6.685418809471690895e-04
1.982355925685045425e-03 6.749701236596978215e-04
1.730505086502114737e-03 7.066780932602729571e-04
1.737328109533307343e-03 5.233943667297188008e-04
2.065335594839407506e-03 6.693070491663306821e-04
2.016180199203722323e-03 6.431092642995461144e-04
1.234820958773228750e-03 7.309191740111612877e-04
2.019875978863003210e-03 6.457534736980520247e-04
1.475697876083655697e-03 5.474442100426600349e-04
1.464249266277023584e-03 6.008947888325375224e-04
2.555668034629123442e-03 7.060234960862618722e-04
1.883620035057659379e-03 6.408883284095210882e-04
2.162341917020112105e-03 5.814083842549981011e-04
1.959046973711551804e-03 5.768834527482557010e-04
2.250478857443937233e-03 6.161477271989703602e-04
1.888305799262576974e-03 8.155620510279476369e-04
1.571642031151283207e-03 5.902111169412112626e-04
1.434425764716705997e-03 7.725291110546378057e-04
1.996496390923843157e-03 7.371013943230116236e-04
1.906273463520216128e-03 6.476951537018934418e-04
1.952447968673714758e-03 7.982116335482668593e-04
2.361737649037520381e-03 5.062920615145122174e-04
1.850792190713187405e-03 6.280619290236444342e-04
2.156852245989303481e-03 5.940280457746479866e-04
1.742791030598777463e-03 6.737039682425298784e-04
1.401152935283658590e-03 6.404737170760604415e-04
2.284779183625802734e-03 6.376584901641243900e-04
2.099481707559325196e-03 6.717976794716711128e-04
1.768898545827418938e-03 6.042711488516794380e-04
1.967769276858521640e-03 6.124260982892220382e-04
1.658669777121373748e-03 6.337142721929760148e-04
2.107078682270232574e-03 7.434007161685382819e-04
1.548923714508310383e-03 7.652842998956342320e-04
2.195915782602947397e-03 6.661148244147942297e-04
2.217053697763560986e-03 5.805073161846145864e-04
2.124430578616233554e-03 5.192822940203320947e-04
2.353401956304403044e-03 7.148742322678763731e-04
2.076999454409865151e-03 7.570048397201290750e-04
1.645124195044025397e-03 6.281717239040536310e-04
1.701191537700697453e-03 6.440762117615507227e-04
2.218226891680323987e-03 7.770224650276218127e-04
1.931193894582010351e-03 5.616928406250740278e-04
1.828281270777926083e-03 5.705257538094006455e-04
1.641217717903259562e-03 6.947072409872719415e-04
1.798720195707726030e-03 6.044058961506927402e-04
2.095947614807453993e-03 5.436849793288322293e-04
2.024601981989134544e-03 6.995441304863335126e-04
1.741422722851615435e-03 5.990731438555940919e-04
2.116552556426515384e-03 6.744387426172506481e-04
1.660171223275403590e-03 7.327619100787121113e-04
1.508538349052744414e-03 6.053767719973862909e-04
1.767458371479521369e-03 6.072656067343856681e-04
1.488959062618127683e-03 6.966763507647632863e-04
1.927772676301777290e-03 6.500934886725300921e-04
1.913603148680068523e-03 6.527175258889093834e-04
2.164268658188538402e-03 5.424748466886021884e-04
1.849477250269189466e-03 5.835827266110301574e-04
1.449886694741573789e-03 7.197520307510892187e-04
2.172513209863267004e-03 6.974510112025531818e-04
1.624715150293334952e-03 6.228155169191152384e-04
2.011522019704380885e-03 6.601342771837974454e-04
1.684754514163758123e-03 7.124878037208633380e-04
1.536020893517095953e-03 7.157443424573654541e-04
2.133116033205823513e-03 6.824236886452651968e-04
2.183839680747856875e-03 5.969651839946102118e-04
1.504354318833824207e-03 6.173838970412060673e-04
1.758399338139829621e-03 5.245192085756360213e-04
1.712691068998287896e-03 6.152546151814438464e-04
1.479890067559413774e-03 5.104962208613255791e-04
2.516070055035162217e-03 6.997663505891589357e-04
1.439528229240667496e-03 6.513251681514378852e-04
1.971304418696113048e-03 5.945405304220232083e-04
1.877842953151990721e-03 7.291441036771826537e-04
2.227966221941424501e-03 6.741483669676713759e-04
1.452339982915432830e-03 6.904408081468468156e-04
2.130219130287926317e-03 6.197413780156202584e-04
1.887055245049670338e-03 7.542957091340697032e-04
1.676846198776005270e-03 6.217761505929877237e-04
1.724597242609545973e-03 6.342160278503259415e-04
1.775720605778770191e-03 6.059373424734476815e-04
2.344627867260900417e-03 5.939656133748898430e-04
1.307147961124211942e-03 7.151331035246768532e-04
1.663239179873526614e-03 6.758783496323402060e-04
2.315798095121828371e-03 6.991721551550642184e-04
2.042807532932613187e-03 5.943623931700173484e-04
1.908554123125925494e-03 6.527498432250679978e-04
2.077426427697237274e-03 7.116415186653980100e-04
1.660460262370020779e-03 7.158891223667493723e-04
1.932023506230233240e-03 6.527672260369969063e-04
2.077480865061574495e-03 5.483483708089323221e-04
2.051603610404419652e-03 6.257999008268239592e-04
2.050248401362366260e-03 5.421289729646769362e-04
2.017901778558847063e-03 7.728501850623942845e-04
2.174346067879630046e-03 6.851001909562755418e-04
1.845209972369853688e-03 6.589118608717928855e-04
1.999437316645209361e-03 6.965361892562913979e-04
2.335021508843764491e-03 6.797228310664840852e-04
2.380646876696148554e-03 5.767213872886606512e-04
1.184362159759609406e-03 7.007072866419291170e-04
1.771761413585616445e-03 6.600402859566130735e-04
2.276642079919955364e-03 5.492221907099358339e-04
1.616883239475922765e-03 5.719530898834705029e-04
2.155212605461282339e-03 7.001850432866150477e-04
1.754061102459829368e-03 6.226853080673058153e-04
1.764412762477492094e-03 6.352418775083551895e-04
1.404998375945783586e-03 6.279823985021745292e-04
1.735811527541202427e-03 6.094318538958821843e-04
1.732050325352420522e-03 5.417373998674113525e-04
1.861061399574118376e-03 5.761728706279396544e-04
1.811088295653165122e-03 5.786792325240314085e-04
2.082762652165317998e-03 6.103774465907513052e-04
1.548489231694475570e-03 6.357146669190000656e-04
2.243517016364176067e-03 5.930097198899829392e-04
1.729209544337436668e-03 6.945775064983670524e-04
2.324241530732996507e-03 6.628710593484797879e-04
2.008758130245576722e-03 8.791124867460821694e-04
1.948492254866042352e-03 6.338254425117299199e-04
1.944628554884048760e-03 6.423002143948471987e-04
1.904094100608694608e-03 5.592810982181371966e-04
2.047916291302475517e-03 6.770478717265231714e-04
2.233632467033674907e-03 6.366642490966365484e-04
2.183841176514706665e-03 7.376309414452009551e-04
1.615071830289174695e-03 5.696500114538044805e-04
1.732282069778411700e-03 6.312585515233147494e-04
2.175523133013536770e-03 6.356954161494048983e-04
2.080904419025674575e-03 7.703254386982063238e-04
1.578952891920080981e-03 7.088753620879493372e-04
1.164822822425120663e-03 6.261306609736064926e-04
1.880485116961293831e-03 7.144214835156185170e-04
1.597053466529947240e-03 6.508232158899415840e-04
1.257389095762342967e-03 6.253001711234191119e-04
2.015810265394619733e-03 7.378337345241741448e-04
1.705526723557843809e-03 6.152593168920307901e-04
1.771724007164051382e-03 6.458361713887163713e-04
1.768377477859094755e-03 6.396994232949721826e-04
2.018936450079598845e-03 6.006595247140773331e-04
1.639067558068945784e-03 6.109269965716186560e-04
2.149214594885224400e-03 5.911184099545885740e-04
1.894892936597842486e-03 7.075034454944234205e-04
1.535343199414577076e-03 6.190634958664901133e-04
1.777810183466319071e-03 7.254778865610958917e-04
1.730022449441153461e-03 6.500527319732457175e-04
2.722743126170188138e-03 6.883363378058479686e-04
1.457712918486137954e-03 7.064177716119220173e-04
2.055755368615163822e-03 6.513949693834457117e-04
2.050357277631825997e-03 6.169297304620143365e-04
1.353299999999999555e-03 6.009429347826085585e-04
2.050344181946124351e-03 5.577008313774504478e-04
1.970463780407625230e-03 6.053159171597627831e-04
2.138246334346670038e-03 6.365812177594956526e-04
2.033472222468528118e-03 6.654914251812672982e-04
1.581859573206579120e-03 5.951396019452248479e-04
1.302033191942140750e-03 7.651306528796414505e-04
1.849499111042808954e-03 6.903638787878023375e-04
1.877445192102701089e-03 6.778647059756660832e-04
2.013220583313146076e-03 7.116804983980618785e-04
1.878778395616236387e-03 7.140531306772392953e-04
1.777395365852119840e-03 7.182131921319695033e-04
2.024654077790473145e-03 5.590537488746952222e-04
2.068403186546627880e-03 6.799848778438363729e-04
2.222129582179057337e-03 7.177977481152461288e-04
2.430099476399492572e-03 5.753456701659434656e-04
2.639906016064912445e-03 7.965799481377412294e-04
1.686488090072753602e-03 6.599680027662948234e-04
1.754805156514426326e-03 8.229751419510463904e-04
2.192154479501160977e-03 6.858171409938649361e-04
1.799995934461143861e-03 6.633072423802152066e-04
1.654665289598107906e-03 6.608041295957748371e-04
1.341378481694601365e-03 6.314075879154028379e-04
1.675774161585243983e-03 6.016865225634641110e-04
2.163304163572251672e-03 6.358773164081169080e-04
1.503819096005011438e-03 7.399833282147502385e-04
1.311651258555123758e-03 6.585799719543874824e-04
1.710987980467130196e-03 6.201177169618826571e-04
1.751264576820202703e-03 5.796828414914982110e-04
2.231355427399169845e-03 6.226207308080665675e-04
1.901237636589343805e-03 6.037873277740719337e-04
1.933738270150469436e-03 5.911649767252458556e-04
2.059675142068613778e-03 5.871209045934423646e-04
1.793870259892931104e-03 6.117356501713556343e-04
1.507903544408040024e-03 6.644774782380096466e-04
2.074645553780012693e-03 6.602304966451177579e-04
2.503712926246933704e-03 8.135911074158421819e-04
1.551317523134722581e-03 5.423949190565573912e-04
1.569857977679201943e-03 6.689649092635636127e-04
1.636409687835510465e-03 6.241199545875381581e-04
1.944054025109029403e-03 6.569985174461936408e-04
2.026548708636938170e-03 6.675744852701096747e-04
1.870460906335127179e-03 6.447846185909004253e-04
1.864945089610433671e-03 5.917092865764563003e-04
2.075877973408734537e-03 6.163112276810693395e-04
1.472096728896667628e-03 6.448056287455960914e-04
2.016289448270917016e-03 7.064714739975473407e-04
2.214418984203598510e-03 7.348596616668062308e-04
2.028589309899952835e-03 5.472272415384282123e-04
2.571576350611644649e-03 5.991578091414406001e-04
1.832044845831817467e-03 7.521731646658472246e-04
2.103128145090717334e-03 5.041129809378371712e-04
1.793922614482073609e-03 7.145511116978828323e-04
1.899278889280033630e-03 7.499169288272607582e-04
1.408404124157792807e-03 6.767240413096066356e-04
1.565590779174698020e-03 6.266458606180781059e-04
2.004177310896836702e-03 6.176372289215764470e-04
2.615395202361437896e-03 5.952832256473119784e-04
1.523596217864886396e-03 6.371805273500789641e-04
1.406629745105573330e-03 6.846002535575642116e-04
1.675414427672060596e-03 4.990709587614377586e-04
2.258363376429063912e-03 6.416482118547096446e-04
1.937444375726052239e-03 6.815706846265766165e-04
2.043869480496999635e-03 5.907547217912135790e-04
1.881822521010327121e-03 7.567396094043897774e-04
1.951637123208066352e-03 6.973205273039705327e-04
1.951162295090545958e-03 6.819657605009751085e-04
1.650763560343913600e-03 5.922029192335364093e-04
1.826472897024163924e-03 6.327231338821360292e-04
1.815827003828132365e-03 6.088805455835209724e-04
1.390258152772045567e-03 6.849462505521964738e-04
1.389043326969940885e-03 4.529116403267564764e-04
1.949896604456547973e-03 6.771028257959628167e-04
1.917422498914929992e-03 7.649835784603850651e-04
1.772118828510381439e-03 7.160530929846050654e-04
1.779711442148350711e-03 6.716087473431568396e-04
1.624346623808962855e-03 6.194665810177378768e-04
1.748099641804713245e-03 6.012765640579930022e-04
1.363246336761765641e-03 6.793399546697253752e-04
1.232370015898985030e-03 6.573550915217618324e-04
1.678456289526016054e-03 5.648898959808573835e-04
2.053585321221622784e-03 6.778484121149151026e-04
1.997580136395222476e-03 6.158041007050664255e-04
1.749425391217625334e-03 7.405519993902237802e-04
1.868163053967822557e-03 6.136683424293612812e-04
1.877944404137214460e-03 6.554228914747951482e-04
1.813384739400622460e-03 6.277084531746373978e-04
2.065930228458354775e-03 7.623733056950738555e-04
1.234599384174391154e-03 6.942968711363035634e-04
2.317298042388464020e-03 5.928507090044107548e-04
1.763681455693230996e-03 6.815180735383117141e-04
1.509443963701748680e-03 6.754006827449006998e-04
2.356543846980939817e-03 6.403608803465114839e-04
1.906877615061536389e-03 7.899858988767769321e-04
1.385818783420687730e-03 6.354834327949247363e-04
1.609185993750209031e-03 5.883016563942380667e-04
1.791539134196495475e-03 6.968325595735572892e-04
1.874415093444022204e-03 6.658187433450947750e-04
1.611831022436167058e-03 7.186596960996883806e-04
1.710622439190880245e-03 6.268766328054984922e-04
1.752356639621264209e-03 7.069579279984581624e-04
2.090572871964427922e-03 5.737114315078545908e-04
2.074728450429285526e-03 6.095037789774769869e-04
2.172599987598671997e-03 6.621068370548359059e-04
1.624044189533122105e-03 6.122613252687168122e-04
2.171235406086489180e-03 6.772412982620606417e-04
1.992490340689422827e-03 7.121651370886920244e-04
