1.493849772814897581e-03 6.194621380788711308e-04
2.228423797832084028e-03 5.174203618868108718e-04
2.058656792391804369e-03 6.470095729368849314e-04
1.257516557096965753e-03 5.363679175611706486e-04
1.289837212765071895e-03 4.956116862489594278e-04
2.319340471804873845e-03 6.684781313455703984e-04
2.245001389349850912e-03 5.178779649538852716e-04
2.492832836818416158e-03 6.074106048212721265e-04
2.569861987953204596e-03 7.173700038262198833e-04
1.863377718258391611e-03 6.491906815988913787e-04
1.609953094277767355e-03 5.414663857482018231e-04
1.892599094617634925e-03 5.862182606920260212e-04
2.605417168115355467e-03 6.480759023454804721e-04
1.800936218156538133e-03 5.899581716890178393e-04
1.511049588798351858e-03 5.726924392843064926e-04
2.536372895204539249e-03 5.463292872758241346e-04
2.056751822069015183e-03 6.094428105780951748e-04
2.467933482876944438e-03 5.874966316658714787e-04
2.923876014117381475e-03 6.316811252831867505e-04
2.469596340958893181e-03 6.060563380228998175e-04
1.558016807980344264e-03 4.741819929320058281e-04
1.727959688725991651e-03 6.737470701489178555e-04
1.402609260149484827e-03 5.022226532669104865e-04
2.208662988260178244e-03 5.956375179695711950e-04
1.426891296066514847e-03 4.899681373738521166e-04
1.873855440335660087e-03 5.485941589650042589e-04
2.594919717104003567e-03 5.889126889915532927e-04
3.139270087066754408e-03 5.998531673287508083e-04
2.407762338170452935e-03 6.538293187384647438e-04
2.199333421817742124e-03 5.812204309967344178e-04
1.457788262660161859e-03 4.773928750078495283e-04
1.509748921817896314e-03 5.613916426032335974e-04
1.923992780714629900e-03 5.254649126939913567e-04
1.905078610708194672e-03 5.980441904183402164e-04
2.794616568446353123e-03 6.188311742701005456e-04
2.049816241454746699e-03 4.536527893341141563e-04
1.990821833123338803e-03 5.142936046971371749e-04
2.563864112146051460e-03 6.331772554288248598e-04
2.316138903336967432e-03 5.593384241851689139e-04
2.835538913769333064e-03 5.838229930849986836e-04
1.631071546706120909e-03 5.449224174187166552e-04
3.386299230696830729e-03 6.396585729075781289e-04
2.554577516820449434e-03 5.514227826011795872e-04
1.769560614360439574e-03 5.722278780799521956e-04
1.515744044548080361e-03 5.056373342371143012e-04
2.372001242582731564e-03 5.629091569849054358e-04
1.830229180717015194e-03 6.023722841791024490e-04
1.558716562168875608e-03 6.104487616055947596e-04
1.358840825867823395e-03 5.938064811301786662e-04
1.976386820582758108e-03 5.380369717081602077e-04
1.992170213971090984e-03 5.466543186759754069e-04
1.589030546651049904e-03 5.932128764295572631e-04
1.981330255275737078e-03 5.663007592117112353e-04
1.304781146440751318e-03 5.070356638842308736e-04
1.716127787662660806e-03 5.673172379295491263e-04
1.581600519472534496e-03 5.856951222895814650e-04
1.411572403658723895e-03 5.242139058844900784e-04
1.568315978693772322e-03 5.502598143102113747e-04
2.643420996825955605e-03 5.447250755794643719e-04
1.545430585587033272e-03 5.604206237480599886e-04
2.218853654321135266e-03 5.524998403573813622e-04
1.781246161113192233e-03 6.030831398637919068e-04
1.333167917367148944e-03 5.377365884524237544e-04
1.500861540223216457e-03 4.586063105381741343e-04
1.781695621869566065e-03 6.522535968303501061e-04
1.821761675201671133e-03 6.174623404940254899e-04
2.158005150582816781e-03 5.467664668114359311e-04
1.924475149510130548e-03 6.218549701250192978e-04
2.543480175553301803e-03 6.011984762422472976e-04
1.766705950494654696e-03 5.636922931426403393e-04
1.706238432462946859e-03 5.530476583509229098e-04
1.265623788321437217e-03 5.471789691920685584e-04
2.043754155812001812e-03 7.094173674092743923e-04
2.185831673732949697e-03 5.817910132215859493e-04
1.831962535630821294e-03 4.788422917796551184e-04
1.672516192882655787e-03 5.821724308885418021e-04
2.164210435478842402e-03 5.886184107340398323e-04
2.108734856731597686e-03 5.168231381948797153e-04
1.924854203864857219e-03 5.157725238168599582e-04
2.097580852110445503e-03 6.679498043596148685e-04
1.955440578351301875e-03 4.717346442062372576e-04
1.533268701424871268e-03 5.780376996977548091e-04
2.044742628261749916e-03 5.973328365127802747e-04
2.286059084990588360e-03 5.107130339786882314e-04
2.272489237967909633e-03 5.779963354400915023e-04
2.623001654400716146e-03 4.784736784943955800e-04
2.834370523931698058e-03 5.697203056155307260e-04
1.740343078493565912e-03 5.776321350948842963e-04
1.644136909222061824e-03 5.269787053811190699e-04
2.231405424212251371e-03 5.343522528222390379e-04
1.861133835807566878e-03 5.213873533092839565e-04
1.659005323268368959e-03 5.213424980396194706e-04
2.998856713831325044e-03 5.848976074376998789e-04
2.251405393064431857e-03 5.133751715619773491e-04
1.901383887131353817e-03 5.116008736633400993e-04
1.667907704008807571e-03 5.789120478970699937e-04
2.169966057977399526e-03 5.522427780179176579e-04
3.220684867094418969e-03 6.437127280249695799e-04
2.653177986430367129e-03 5.338813502069295839e-04
1.618024547580860888e-03 6.025855601776275829e-04
2.414348735623952132e-03 5.865242054888851822e-04
2.469632081902073915e-03 5.949220365057285688e-04
1.767262448655753304e-03 4.636770876055873480e-04
2.155140308314640145e-03 4.999350908909746139e-04
1.877931445000549865e-03 6.414259478924518596e-04
1.770007469151343082e-03 4.713678466118667544e-04
2.213446622559874302e-03 5.642959874159226034e-04
2.853184627121941111e-03 5.503540327261630030e-04
2.319068435965117823e-03 5.203934766155240282e-04
1.601102886263891566e-03 4.690700777686942959e-04
2.120494684991497229e-03 5.300166109111430863e-04
1.983774777666666954e-03 5.246184210393700599e-04
1.688258540445767555e-03 5.418571431505151770e-04
1.608306728528738306e-03 5.533687165061829897e-04
1.479105605877959004e-03 5.360356470302226131e-04
2.056361531587373986e-03 5.906401597322429725e-04
1.977486587748773349e-03 5.796735138978973854e-04
2.264787880686423404e-03 5.940968110671817444e-04
2.029379449571577874e-03 4.719980408196878022e-04
1.361409858209114074e-03 5.327691210296269615e-04
2.878208948584618562e-03 5.905759224529463607e-04
2.532565416445879593e-03 6.155997707731428875e-04
1.791837006576607431e-03 5.313980344468745894e-04
1.977864974457791553e-03 5.346019796570091603e-04
1.967078155475730089e-03 6.200244647903180480e-04
2.095082327457321088e-03 5.225631900561682631e-04
2.918289585702887792e-03 5.606415437177305217e-04
1.799820548219942468e-03 6.114848868036103918e-04
2.418244058403476449e-03 5.405666446236163415e-04
1.701941996997864692e-03 6.156221713337741222e-04
2.361802805419151163e-03 6.044241957087964981e-04
1.522246117891670487e-03 5.038533358419295316e-04
1.713749078815510630e-03 5.173619746915661009e-04
2.522904477502279762e-03 6.045184703733447271e-04
2.482111997537247636e-03 5.952126589541618723e-04
1.624634463250786056e-03 5.718215423753661084e-04
1.803204509138034775e-03 5.765238074307439111e-04
2.124035362492309419e-03 5.958581237676400166e-04
2.757801477007273353e-03 6.324315073665245836e-04
2.190425029902369827e-03 5.255968917941485378e-04
1.625047051661236827e-03 4.731104360717620352e-04
1.568198618969698010e-03 4.685201168468054993e-04
2.103982280607497642e-03 6.068591773579564037e-04
2.576963455357059174e-03 5.326865354293133965e-04
1.677228495339750779e-03 5.909557832861797285e-04
1.465901509538525011e-03 5.702160019346251118e-04
1.599780938303592241e-03 5.381589615805514645e-04
2.380838070818909035e-03 4.613839118071275743e-04
1.902587391063939332e-03 6.385061498014126501e-04
2.265483110998723661e-03 6.225278462680245133e-04
1.615444890062894649e-03 5.382784121910765170e-04
2.163838038132021805e-03 5.402012096639729512e-04
2.182803587578932211e-03 5.809012379415089307e-04
2.158150521899834719e-03 6.381041575338647657e-04
2.133953790715483172e-03 5.901718402820701733e-04
2.628120540248813850e-03 5.819279630764916979e-04
2.076730587238009244e-03 5.929196189427040752e-04
1.867464246523507440e-03 4.824041045750124116e-04
1.937373812844935721e-03 6.235245686000587218e-04
1.841517869364863716e-03 5.435413666511603121e-04
1.895255872607829947e-03 4.936419821378358608e-04
2.121293305862794951e-03 5.638236662194705132e-04
2.076014383351262350e-03 6.576149398191940892e-04
1.864174840573497869e-03 5.782220316482440106e-04
1.459383112077295222e-03 6.080711555555558083e-04
2.002420948262334521e-03 6.223455563119418849e-04
2.842667431618480650e-03 6.133736816184807983e-04
1.657991379443672598e-03 5.100801390182993630e-04
2.046583412395243211e-03 5.208974754945908418e-04
1.632426216731234494e-03 5.664848749735503387e-04
2.182161254040506249e-03 5.173071900010972656e-04
2.166816874135953086e-03 5.367231173498518589e-04
2.085325250110866765e-03 6.384270282615917480e-04
2.338316090762341225e-03 5.782435937977928233e-04
1.679007036781561676e-03 5.626190053009265694e-04
1.441650854058524039e-03 5.200011488698452408e-04
2.330630442415729687e-03 5.246013700738916437e-04
2.025060294953797899e-03 5.395647084582124234e-04
1.673291438819674102e-03 5.017540644106905203e-04
1.666416777201475477e-03 5.405577981493365483e-04
2.899706242242557769e-03 5.226090859759825692e-04
1.697219469900863907e-03 5.667461941754799734e-04
1.729685163925223342e-03 5.309674703576241876e-04
1.963146544021787936e-03 5.341639737338408885e-04
1.536165356590315579e-03 5.893703715492894669e-04
2.508095669840414155e-03 5.565520812168445360e-04
2.844389100425516112e-03 6.081325403743939378e-04
1.941827643582913227e-03 6.053848582975007156e-04
1.846750443786803614e-03 5.278896238184280394e-04
2.065452786596120010e-03 6.158707544357841599e-04
1.856057525350856500e-03 6.099523111447469883e-04
2.578880695730127997e-03 5.370494839920384508e-04
2.702632337555127030e-03 5.737608849785765137e-04
2.105438876260414763e-03 5.703339538595177550e-04
2.201558735388293823e-03 5.823361491813987094e-04
2.153873833658871695e-03 5.009267737743118305e-04
2.039590531220268274e-03 5.462130938605007889e-04
2.274935137790394177e-03 5.633278921056178619e-04
2.153858304689081505e-03 6.454435405153613036e-04
1.489320428401725476e-03 5.474733954505391033e-04
1.544090618188855056e-03 5.161880573369290398e-04
1.728459465044764531e-03 5.608807075166157528e-04
1.601071488561668903e-03 6.398938325379903641e-04
2.140261189872115933e-03 5.459903982216911863e-04
1.796907076591080848e-03 5.548004601860082648e-04
1.900726825453869038e-03 6.129112554195499316e-04
1.910032825902535040e-03 5.790626504639394181e-04
1.753100250793020523e-03 5.631738296498511355e-04
1.652878864699086408e-03 5.929249436874754840e-04
1.778567878696051680e-03 5.699055923712651036e-04
1.620308191805036255e-03 5.290613895857947720e-04
1.539537633638681999e-03 5.337200749876563899e-04
2.229961120089074891e-03 5.000569597965586616e-04
1.468341982786971773e-03 5.789973309237054708e-04
1.942203015070630276e-03 5.760541737159067827e-04
1.471088975363963594e-03 4.839687018511397995e-04
1.718102173232108777e-03 5.258869877360545543e-04
3.083519548203044868e-03 5.508781773646958266e-04
1.405029310772726260e-03 4.965869309325740078e-04
1.859291621097156457e-03 5.573430755762221129e-04
2.136062911545939628e-03 5.179099663870623781e-04
1.790353575494579028e-03 5.273365464719148056e-04
2.015741972130387621e-03 5.119887775206123518e-04
1.643021914893616963e-03 5.013922727272726500e-04
2.227593994284928196e-03 5.609990349054680154e-04
1.878731265120444282e-03 6.158171542757672401e-04
1.831865876955289865e-03 6.218102998331366017e-04
2.626714889193278949e-03 5.244070480240136485e-04
1.694373562785363553e-03 5.724296239032784913e-04
2.279024651826013024e-03 6.447577863385577784e-04
1.459454760227793264e-03 6.181205029748737707e-04
1.938675204352991724e-03 5.489902547882119727e-04
2.832126854756083969e-03 6.279905331589419456e-04
1.777697832274468485e-03 5.726489698049530693e-04
2.352161149220831620e-03 5.493670545756738823e-04
1.842779600256280563e-03 6.126429811850995794e-04
2.027994377731921673e-03 5.422061959137395963e-04
1.667843319201943973e-03 6.208514524552461843e-04
2.751891103471982084e-03 6.458000727884409412e-04
1.991223796989668570e-03 5.391921444342712621e-04
2.187639025690916311e-03 5.285869704853956566e-04
2.258052726286615460e-03 5.948262724663849711e-04
2.828870374419704698e-03 5.317261451973499635e-04
2.236913387217775301e-03 6.049888081038509681e-04
1.480604093802969463e-03 4.911447531436292750e-04
1.538257176632613172e-03 5.492275001687268619e-04
2.370856943759653505e-03 5.644410385960776672e-04
1.815534101887575141e-03 4.656450621088532621e-04
2.454377665997595388e-03 5.719465575609926442e-04
1.527919436400272018e-03 5.929369416739874469e-04
2.038501289362838666e-03 5.737624304538903189e-04
1.467317754251619812e-03 5.931255372394239654e-04
1.431282115215183181e-03 5.068353739380277541e-04
1.345906353070370478e-03 5.232147861514012833e-04
1.364968545751634246e-03 5.249460194730816605e-04
2.049561504448660452e-03 5.568416698865323979e-04
1.963296558230434759e-03 5.762765639381984628e-04
3.091016446024102450e-03 6.128959683489453199e-04
1.797300961788727376e-03 5.408077827828521294e-04
1.723739547683792806e-03 4.300977558430123639e-04
2.560487962707851985e-03 6.029320989102683560e-04
2.540584029569067058e-03 6.338866601496609106e-04
1.832667674501692193e-03 5.697878649664303878e-04
1.961851980097823779e-03 7.010874346432790279e-04
2.625580091225345174e-03 6.386727466246187521e-04
1.464545326872001944e-03 5.095281572948753444e-04
1.943162840990807824e-03 5.091224538427432077e-04
1.968539028750895380e-03 6.125859016341645910e-04
2.173218304058921468e-03 5.149487176976203992e-04
1.777327883212136226e-03 6.097412290767981278e-04
1.386824003559373759e-03 5.761072886336748682e-04
1.836698744791889076e-03 5.808984809505231620e-04
2.308709903791856394e-03 5.611976113269774710e-04
2.664424277690635983e-03 6.191912878607375810e-04
1.830808137535053616e-03 5.390348209030576369e-04
1.609308799328332089e-03 4.648487971123888636e-04
1.847235961188882199e-03 5.781035345209705129e-04
1.728963693050484867e-03 5.805823803042651360e-04
1.725631646357346375e-03 4.959723347019402229e-04
1.425529527582886048e-03 5.053359783790593949e-04
1.688188396991753461e-03 5.565516105957791972e-04
2.647801445946112910e-03 5.649853040728804263e-04
1.506279251630416715e-03 5.017446901651770015e-04
1.785438786458620102e-03 5.514759467972785460e-04
2.003714929301976273e-03 6.150844234030676061e-04
2.070195695400957672e-03 5.728075301086046293e-04
2.410708886501502536e-03 5.829761050822779723e-04
2.974030202277587378e-03 7.008104825695589185e-04
2.455376840416598726e-03 6.512836641620080563e-04
1.758486556251427592e-03 5.973235681735358620e-04
1.946713997909789180e-03 4.719027840271476301e-04
1.894415582075075627e-03 5.812626620784061299e-04
2.355449787319092644e-03 5.330608618736243582e-04
2.110256780827283931e-03 4.897237555266113936e-04
1.533020974734087671e-03 4.933892818291002067e-04
2.629686943783742566e-03 5.783687276861155776e-04
2.061842508396831072e-03 5.557826772354518535e-04
1.439707207770266409e-03 4.890568116703279287e-04
1.854031718789114725e-03 5.902382027813126656e-04
2.860457014104386339e-03 6.120877135561459022e-04
2.122365438793812672e-03 6.475429263940580106e-04
2.256398084558776385e-03 5.722643581694322181e-04
1.875087566344649237e-03 5.741399680454151904e-04
2.419006463711135917e-03 5.436703697763142816e-04
2.314023029618473594e-03 5.029501040015849599e-04
1.966402369200562390e-03 5.850509265048407749e-04
2.290252418399901964e-03 6.118867781522909378e-04
2.285077248137628875e-03 6.148708219701191392e-04
2.122201994616431091e-03 6.053084469273189777e-04
2.735628621273862582e-03 6.021000000853882379e-04
1.598601216264092196e-03 5.907265403858559310e-04
1.767316824692693371e-03 6.709861594473605232e-04
2.699110121270581041e-03 5.874967856116461180e-04
1.802725749193604971e-03 5.938802111579547004e-04
1.381805236678004508e-03 5.011056831065760324e-04
2.174943335296822353e-03 6.385193118851204214e-04
2.087550346789046347e-03 6.033120499051132990e-04
1.715181755440382642e-03 5.305341277998967906e-04
2.025647131167524536e-03 6.159191450816937658e-04
2.154511924775441133e-03 6.378356641545823583e-04
2.134604304213527214e-03 5.965382575079407248e-04
2.524392486636395545e-03 5.815828180258227282e-04
2.386040826441288530e-03 6.300338075616729186e-04
1.892090334182078195e-03 5.552901083662275085e-04
1.958286386883311900e-03 5.580266586224416191e-04
1.796534186661196721e-03 5.432136281633638455e-04
2.117804140882049990e-03 5.492196295196257599e-04
2.162975160520677186e-03 6.376430229447765247e-04
2.207322344385535557e-03 5.184768126901104397e-04
1.669487528057825645e-03 6.033213165384619788e-04
1.855083445790096236e-03 5.917432859650000954e-04
2.006891495540079687e-03 5.277261646954010434e-04
1.942436132142999310e-03 5.735294657095747761e-04
1.745445282528352909e-03 5.277526020874865687e-04
1.498885261802716806e-03 5.888963468314077718e-04
2.123733694404569047e-03 5.270974179981015436e-04
3.442573099283439096e-03 6.611021577180430531e-04
2.284910270084092917e-03 5.697939887361311339e-04
2.086329870578898082e-03 5.602303377324874788e-04
1.951251208421105445e-03 5.548223154636687049e-04
2.226582255442869501e-03 5.527231722510194106e-04
2.955135410757855473e-03 5.841827043397792478e-04
1.843629727789605766e-03 5.235935532388401965e-04
1.974129935494895773e-03 5.343865013305412921e-04
1.729617402667405846e-03 6.612484831847186039e-04
1.609306836573103994e-03 5.487818076983153786e-04
1.968085237296150238e-03 5.760002059255287053e-04
1.602205290891499248e-03 5.946694697771305344e-04
2.165105563389227265e-03 6.014332761146063983e-04
1.697315489118798870e-03 5.543809569841430139e-04
1.786915987293407216e-03 5.016873069124866457e-04
2.300394506820638719e-03 6.046413959609114657e-04
1.297224157090733250e-03 5.873443032972665940e-04
1.908740229896462460e-03 4.852754918367023517e-04
2.533672351185034879e-03 6.387359286387389069e-04
2.191041584565798887e-03 5.509354255592321774e-04
2.145687848478443176e-03 4.939569717595948149e-04
2.199367656380850529e-03 5.720441127461231611e-04
1.983197858573831299e-03 5.060128948127996145e-04
2.318959069193380837e-03 5.338368716468491976e-04
1.626771434574616256e-03 5.422206966877160311e-04
2.070782179006836875e-03 5.847786578511591712e-04
2.110001780007517581e-03 6.092074355026622090e-04
2.169169841639503188e-03 5.804262508059460958e-04
2.839592239154735236e-03 5.864693621910648446e-04
1.553130617403847670e-03 6.210013111957456448e-04
2.466483666502694398e-03 6.768444825587706251e-04
2.033287082243822371e-03 6.641677724252585333e-04
2.045018954372196732e-03 5.274285843587520669e-04
1.596623209566646077e-03 5.009503507244571869e-04
2.396977586562422553e-03 6.127302970435242416e-04
1.503304849512520453e-03 5.725538243263885666e-04
1.968901740329962163e-03 5.883368501847158812e-04
2.570910202664399187e-03 5.531644643690809262e-04
2.432039588299372314e-03 5.810862996659113067e-04
1.449605519905463160e-03 5.184379541957444010e-04
2.329578835321437572e-03 5.389887399129696631e-04
1.763570966681702462e-03 6.052010530098468188e-04
2.236637820041210804e-03 6.066818137497293579e-04
2.327509461860235562e-03 5.704310894696241335e-04
1.812962162221792200e-03 4.768400142717033616e-04
2.440298123172082809e-03 5.349010106214753318e-04
1.555381540235191862e-03 5.211547820163001500e-04
1.465506044208538406e-03 4.586630820087376874e-04
1.621619365984509767e-03 5.548709349933101569e-04
1.894168040001955634e-03 5.167187554901718277e-04
2.288969482056348471e-03 5.028094328431516238e-04
1.765631398886731516e-03 5.011284413414036258e-04
2.148785569734116500e-03 5.803242429249112072e-04
2.091791825135967762e-03 5.685944193345322242e-04
1.948246280162729870e-03 5.125255627064375470e-04
2.774315836972665941e-03 5.831501862195140372e-04
2.036207720201324740e-03 5.026399613879552848e-04
2.091437586236330991e-03 5.761869967985112613e-04
1.798201714799414460e-03 5.051079294348013397e-04
2.410385349983294647e-03 5.370796701979648185e-04
1.910631838455625333e-03 5.713945227196584901e-04
2.616720934843856303e-03 6.010245014014135769e-04
2.238608195821203441e-03 6.116191780295685042e-04
1.644745780037491605e-03 6.152476321059598867e-04
2.057740407571596007e-03 5.966587600815611864e-04
3.143092023372099069e-03 5.470229075062738857e-04
1.646681047251394086e-03 4.914217895819808762e-04
2.127810402080227564e-03 5.241252349386294916e-04
2.115241751607638450e-03 5.726119741590239521e-04
2.161596131628788602e-03 5.771548437500001764e-04
1.975664597175402250e-03 6.145268409987269349e-04
1.672215816710398862e-03 5.410776979086622277e-04
2.362785909387590030e-03 5.487745687944055924e-04
2.161777317277485243e-03 5.542716131362888715e-04
2.369344427369548828e-03 6.360366562675020185e-04
2.462920089728957724e-03 6.552715557327837064e-04
1.878412122643717107e-03 6.064120749538788992e-04
1.745192467106266221e-03 5.760071045802795655e-04
1.862555641352211687e-03 6.058556890448353821e-04
3.275834339419441375e-03 6.552949647706358353e-04
1.843855038780913089e-03 6.288267410250301557e-04
2.581778435428854716e-03 6.484202820370553065e-04
2.183442038529696642e-03 5.937898922849128977e-04
2.008470998053381307e-03 5.580719546559510151e-04
1.685791050452680080e-03 6.117582953236841339e-04
2.271143380907158452e-03 6.185839139373469414e-04
2.281043278802300650e-03 4.575229535990482784e-04
1.697897676100456948e-03 6.103860371316183978e-04
2.230950648669821623e-03 6.878235807637249300e-04
1.897812067165988940e-03 5.090003206399317187e-04
1.831285453227307885e-03 5.979446295543367146e-04
2.228713652720191920e-03 5.003917389194652071e-04
1.361391852971025615e-03 5.084559077645598064e-04
1.725748484097883997e-03 5.806299796191455006e-04
1.563707153115853664e-03 5.830659469716492236e-04
2.207331593574839764e-03 6.217572491727399670e-04
1.439217116090549514e-03 5.534799735350484249e-04
2.165633701611451804e-03 7.063093615493402878e-04
1.767230818369928524e-03 6.069664854278317362e-04
1.498393860929412603e-03 5.036405092810611935e-04
1.459364250936018813e-03 5.635726501996283274e-04
2.034791643165647246e-03 5.340276104206050827e-04
1.773976698301931061e-03 5.577212239634357508e-04
1.899359340504821157e-03 5.910743834013347953e-04
1.903208287913666199e-03 5.403844652308791930e-04
1.994639694445246407e-03 5.631457605580880016e-04
1.482870669768132079e-03 4.960511830953850563e-04
2.145596361876978952e-03 5.619913849463385519e-04
2.699580216941772307e-03 5.419047275469482047e-04
1.978970935291604182e-03 5.783455341742064614e-04
1.389821041910752281e-03 5.145587325606202668e-04
2.035021397509125581e-03 5.989081216917628873e-04
1.687907073939315600e-03 5.774513085281974406e-04
2.376033365466942351e-03 5.809608251356108196e-04
2.507577250412009687e-03 7.303118961577924860e-04
2.190144947625235865e-03 5.789335167151614435e-04
2.322195287668227769e-03 5.891113717210862220e-04
1.940075485017038774e-03 5.924158476292567133e-04
1.534985872316142275e-03 5.213151152857270964e-04
2.507636236547976672e-03 5.950984131759880658e-04
2.459191110510315637e-03 5.254515642076541425e-04
1.544443267160756569e-03 4.760258125465359523e-04
2.405728114432843616e-03 5.896181442205973566e-04
1.501321623085980503e-03 4.937399320969764090e-04
1.772124275824358284e-03 5.057843932869315667e-04
1.614128308007422999e-03 4.552065853183471134e-04
2.614150910742493120e-03 6.152271544668202856e-04
1.529776091701449004e-03 5.425683409303111090e-04
2.230665716195045275e-03 5.656651363024089475e-04
2.258555641021584535e-03 5.040646946081518438e-04
2.185893977042055718e-03 5.958461822252890307e-04
1.713845227549533334e-03 5.903033155389501418e-04
1.678693557547901276e-03 5.307150399154370209e-04
2.792161839742066283e-03 6.000938620432207712e-04
2.376153365585567234e-03 5.403078244589597234e-04
1.646259838993575095e-03 5.200828957459808057e-04
1.795641228866876353e-03 5.451570514373943813e-04
1.666937880859374653e-03 5.564083669704862145e-04
2.203378010582964387e-03 5.610778129025048534e-04
2.163106773846050317e-03 5.683065619426051632e-04
2.377793260200706475e-03 6.057195469959253398e-04
1.934677216570232765e-03 5.682391629704154883e-04
2.298175955507306915e-03 5.880679565302664039e-04
2.093099525420393566e-03 6.235158279060202657e-04
2.177918944188685178e-03 5.749473673131071452e-04
1.826145320250730170e-03 5.156190282781774725e-04
1.331204249371171827e-03 5.114397469593925938e-04
2.148248718368431318e-03 5.668804364257837161e-04
2.222951326133062316e-03 6.149743124711737298e-04
2.753308926056585032e-03 5.657907192022397979e-04
1.865624743852458767e-03 5.785710416666671333e-04
2.001107260298057213e-03 5.828519189524632854e-04
1.559807645561249716e-03 5.063101457666907600e-04
1.796377299853430106e-03 6.250832914355050878e-04
2.496033146543828653e-03 6.160914591989151467e-04
2.155222046376242297e-03 6.346652003070211556e-04
2.826424848968531883e-03 5.357557015457829015e-04
2.794883030186301551e-03 5.137786118174753709e-04
1.739723867247486159e-03 4.754430553107813267e-04
2.217804088533741405e-03 5.711793953106755794e-04
2.228078904173019965e-03 5.126355267684577386e-04
2.353423914551882028e-03 5.661935448335723466e-04
2.029885090692677696e-03 5.412763609189355117e-04
2.408586590555064372e-03 6.828550435870240796e-04
2.415143991800879943e-03 6.082363898712185970e-04
2.914591610937993568e-03 5.791301987869250378e-04
1.689478906133248196e-03 5.879542868251966389e-04
2.567482570374669208e-03 5.852665678446251386e-04
2.514854334620640619e-03 5.133617244834255558e-04
1.734068597371151528e-03 5.814349323549645315e-04
2.134088715856353059e-03 6.295637077680284058e-04
2.217903963094298991e-03 5.838477211857262322e-04
1.521964934970139720e-03 5.655259218768513224e-04
2.030971895330217856e-03 6.050570207782470606e-04
2.572618506094339220e-03 5.754535062763078447e-04
1.756203377183826290e-03 6.021469397717811372e-04
1.560945431739791051e-03 5.334452276036508915e-04
1.674352464582149706e-03 5.005522165961794967e-04
1.473681107365257649e-03 5.272897317345631458e-04
2.736469849554103769e-03 5.693928127015151879e-04
1.451355324987057323e-03 6.173850773750380432e-04
1.786873493621448424e-03 6.049584967135940338e-04
1.781964630090442959e-03 5.982138442205398293e-04
1.967214961496906514e-03 5.181374816562383341e-04
2.332599373180239619e-03 5.004616644213782722e-04
1.585393458487076909e-03 4.788904436097968904e-04
1.970271787187661845e-03 5.855864691497254977e-04
1.817836328195397699e-03 6.418821518257453130e-04
2.666790438705084025e-03 5.321069357762131004e-04
1.674983994770209896e-03 5.878312027825893619e-04
3.039054992075341383e-03 5.397510658447782954e-04
2.261172909463907924e-03 5.336718347826690904e-04
1.642529674454351954e-03 5.410687684434868118e-04
1.803175438649141493e-03 5.600556943767225201e-04
1.672627551896361826e-03 5.976379101809132068e-04
1.683558314530121496e-03 6.273351432362886306e-04
2.723911348894815249e-03 6.253272801370612921e-04
1.697705546167462692e-03 5.680763792849519026e-04
2.130269938581826148e-03 5.930585905719859942e-04
1.799482113684286412e-03 5.541149759798550669e-04
1.510691798308262798e-03 4.799949699220574639e-04
2.718405286385085478e-03 5.626592680227104383e-04
1.976708708703740422e-03 5.607014635409786427e-04
2.494339012443973734e-03 5.391363403425245178e-04
2.398593680651564704e-03 5.462444224347855941e-04
1.787919115971731360e-03 5.854636932100887661e-04
1.426681069351217000e-03 5.564227801973639555e-04
1.357043701411848142e-03 5.779615386552506033e-04
2.563189785154033375e-03 6.405356326090950103e-04
1.891831234416519250e-03 6.596193145010992775e-04
2.734822048628327527e-03 5.951298504055724725e-04
1.553095199602716513e-03 4.336084339577617468e-04
2.743653631902487344e-03 6.007231693062300070e-04
1.601530625328804460e-03 5.089355234186997319e-04
2.037201696555020897e-03 5.634443595640500511e-04
2.048512409809484687e-03 5.084709225014168513e-04
1.731105749221538903e-03 5.060791645751617574e-04
2.116818735493141562e-03 5.326477170140814883e-04
1.964803327885334110e-03 5.821864374549633658e-04
2.110884198686831682e-03 5.817450072020597437e-04
1.493532160281065436e-03 4.825248356697638195e-04
2.218055400685294432e-03 5.465118951544479207e-04
2.280022569987134786e-03 6.366923419011677595e-04
2.200811800629849744e-03 5.794732124192356840e-04
2.327591008045660440e-03 6.033513291884751075e-04
2.058437610466671772e-03 5.546107571971693089e-04
2.628933451908708335e-03 6.147095824847239329e-04
1.875984591520941632e-03 4.932174179967921315e-04
2.466915759329558078e-03 4.911772622075929627e-04
2.006980531155547285e-03 5.454048011519493444e-04
1.831682193898223491e-03 5.630990022714532726e-04
1.824408576406614949e-03 5.397061473212621087e-04
2.246028464580036074e-03 5.775746733120222087e-04
1.676386626928183608e-03 5.929366223435512213e-04
1.635642864745750786e-03 5.345353206044988316e-04
1.865181417751395586e-03 5.666222334012627508e-04
1.777005604528848108e-03 6.179274689356283870e-04
1.490515975545319205e-03 4.737509648041806623e-04
1.834778426917670286e-03 6.336206037884184548e-04
2.250333984938467351e-03 6.069829704652013064e-04
2.280735477211312881e-03 5.489373337585723130e-04
1.648006105677655249e-03 5.581708421886408516e-04
2.398914088595115873e-03 5.666947755511777141e-04
2.314142529700414109e-03 4.856692088293651380e-04
2.699013551397085216e-03 5.519468369983200357e-04
1.402123066274635430e-03 5.142879141582333688e-04
2.078441126370698944e-03 5.506684927283262733e-04
1.446762080134683052e-03 5.369214502766027786e-04
2.715464351544262349e-03 5.644594867161751867e-04
2.309103279769068439e-03 5.559063038442302665e-04
2.736892137839117174e-03 5.400154804231451942e-04
2.226259242949526779e-03 6.130216879947197319e-04
2.543882438573006385e-03 5.860263817739136058e-04
1.751245997659162763e-03 6.066642242921007656e-04
2.658557614042892682e-03 5.253604930708910808e-04
2.105672534525579453e-03 5.093514710551525762e-04
1.619729893542843323e-03 5.861430941876844686e-04
1.646568392231726212e-03 5.442286143978637561e-04
1.613644148709567029e-03 5.496908102002507788e-04
2.386568083845407983e-03 5.889844813033713686e-04
1.792715403361343956e-03 5.970471951968317524e-04
1.910564732847020927e-03 5.716600201463335881e-04
1.930180763478060810e-03 5.004878770569137292e-04
2.653681933431456010e-03 5.417943043106957391e-04
1.461153467050895979e-03 4.931943012605004544e-04
1.557220474094613829e-03 4.834928707404802326e-04
2.440775262611994279e-03 5.856350220016653951e-04
2.409732429811788958e-03 5.882975072308935672e-04
1.903146395048869359e-03 5.772537839377594451e-04
2.289991991802038402e-03 6.531041079749074982e-04
1.246617967988135822e-03 5.165081736731642241e-04
2.178528704204057802e-03 5.372178959158377095e-04
1.225987614726569992e-03 5.526469172691560921e-04
2.299868708101656788e-03 5.819446589365363407e-04
1.200273273441290192e-03 5.606905811335982474e-04
1.982432454652818983e-03 6.052888812375069533e-04
2.944037345133890260e-03 5.707678805940422572e-04
1.612263711734693381e-03 6.345556162587413828e-04
2.555184269585872997e-03 5.512886064924131871e-04
1.477620264036353130e-03 5.038998536910945219e-04
1.746277658289220299e-03 5.693712906880654635e-04
2.089321796523001522e-03 5.507825766981113433e-04
2.347137351859302553e-03 5.607538266142144583e-04
1.743286669328762478e-03 5.474603128758089672e-04
1.825696334383475252e-03 5.188891407751300769e-04
2.935062795001683409e-03 6.082989485540125267e-04
2.298257879921245840e-03 4.996814583986892077e-04
1.722109811391593333e-03 6.640546991644924370e-04
1.868806049265771783e-03 5.851009393148155638e-04
2.006284205822345817e-03 4.453904121160522653e-04
2.152678478258538992e-03 6.296802012386763054e-04
1.848015702973528074e-03 5.552785544250523958e-04
1.843813093344062000e-03 6.418141608404385069e-04
2.213816295986778451e-03 5.222863551984177231e-04
2.102911696132886855e-03 4.952078825097166754e-04
2.081353581907318534e-03 5.645290179538305086e-04
2.128419780406952486e-03 5.536541099489055524e-04
2.261572344823628740e-03 6.039554815008459088e-04
2.400057485942547631e-03 6.511963849370794354e-04
2.265678952575868581e-03 6.130480596999344925e-04
2.041845421872649693e-03 5.054595614177291325e-04
2.048704760234788466e-03 5.558563648835510799e-04
2.014625034279439019e-03 5.069673948947448199e-04
1.827299176870241003e-03 5.284680371542221184e-04
3.124430409420239987e-03 6.355203903559952360e-04
1.648529063444307457e-03 5.624519638703402583e-04
2.661866318544007723e-03 6.169118710518438700e-04
1.913139716585942609e-03 6.007354047092943166e-04
2.117197598976059639e-03 6.756324333610718661e-04
2.398267225314369092e-03 6.539789519557824777e-04
2.440788332935314459e-03 6.494237317668301746e-04
1.880776235349158800e-03 7.226345708877586092e-04
2.246048247494139821e-03 6.143099271833468667e-04
1.653109025083706858e-03 6.352131237628065672e-04
1.693520743492703175e-03 5.484849365042460210e-04
2.018400159308518689e-03 5.329612963582649500e-04
2.196776500534263019e-03 5.299632170088734847e-04
2.394540128166027394e-03 5.497574506568848581e-04
2.230020997313391252e-03 5.377501896007496306e-04
1.498158087512700513e-03 4.898728281134666091e-04
1.924757964582811658e-03 5.474083099832446810e-04
2.624050347393360773e-03 6.834998712623765451e-04
1.674402915928711313e-03 5.525662113713700543e-04
1.845148461219738413e-03 5.908410067098588412e-04
2.152106118850794208e-03 5.076736208596344720e-04
2.107168638602557528e-03 5.794840430776015006e-04
1.871383892502269039e-03 5.291093232828599467e-04
1.962996082463796480e-03 5.740106504534300651e-04
1.286276922208009002e-03 4.964717536801941658e-04
1.725752335925573267e-03 5.193191744846321119e-04
2.475822984706865446e-03 6.402968672198071929e-04
1.342984394714708809e-03 5.429400277806317471e-04
1.569093000108043052e-03 6.300902581590632793e-04
2.158579470989425726e-03 6.296647121129030902e-04
2.190243093335785853e-03 6.412530515954065983e-04
1.696845229068276494e-03 5.080971920024211210e-04
1.882370849470061096e-03 5.597249583908680192e-04
1.946468773111855594e-03 6.145352557205523017e-04
2.410833435645767971e-03 5.316651295549788998e-04
2.428841380635246138e-03 5.439405867569929547e-04
2.431956733433498271e-03 4.763792804493098532e-04
1.807100827431607892e-03 5.228094672894363680e-04
2.191624812369858538e-03 5.203312702139102370e-04
2.259170559655061458e-03 5.840441012677140839e-04
1.846977603389023288e-03 5.953889494492879339e-04
2.997058504566209054e-03 6.636560929648241966e-04
2.043406990250301244e-03 5.182800000455702960e-04
1.831220499598392761e-03 5.402538465277780845e-04
2.877526394139569548e-03 5.660981668900811952e-04
2.113310838622690143e-03 5.081340923004748098e-04
2.033644220120014914e-03 5.726745841522553346e-04
1.630109651656569663e-03 4.827974776743819614e-04
2.518860726834507013e-03 5.929573399357229843e-04
1.780045994496553966e-03 5.762807805475191752e-04
1.702725912123329759e-03 5.171135072904930671e-04
2.044805489807785710e-03 5.441420410809795017e-04
1.492394169668124788e-03 5.030346965401050760e-04
1.742782318330311341e-03 5.890780850379797370e-04
2.427558178104099410e-03 5.570046427505638683e-04
1.690870593165656049e-03 5.791907928295741709e-04
1.588676490464059361e-03 5.249214859332081932e-04
1.454338685531404111e-03 5.363493439969173066e-04
2.386400545145261291e-03 5.222565533133396130e-04
2.844622117310226846e-03 6.063140975436158127e-04
2.357384576810119762e-03 5.885282597142461490e-04
2.903172813475352054e-03 6.038333293483681479e-04
1.723190329443986292e-03 6.369324413455651219e-04
2.061878538769088432e-03 5.389300499802975345e-04
1.985649155491600853e-03 5.297846465040244096e-04
2.934494009262301160e-03 6.252097523727905308e-04
2.563796124663069061e-03 5.359237082265913034e-04
1.920495446384431733e-03 4.511129202431667031e-04
3.074444079648014274e-03 5.787389072342203396e-04
1.671849660211251979e-03 5.363813901324887600e-04
2.765665967635555934e-03 5.911201487197521084e-04
2.660327775734572589e-03 5.812780306909243709e-04
1.833980429925134367e-03 6.390024094759511443e-04
1.985883281991203311e-03 5.506327134165827633e-04
2.267108564903761673e-03 5.082155858077343647e-04
2.156779804936296164e-03 5.110469085745589311e-04
1.601408082853540563e-03 5.059954234178765759e-04
3.096298591934622344e-03 6.661675188126365763e-04
1.659717862163721282e-03 5.378967013446786776e-04
2.393294016631400487e-03 6.039747660181888364e-04
2.760359999372912106e-03 5.816780230364985678e-04
2.006905802549193568e-03 6.526710834639320134e-04
1.760353500011355111e-03 5.270531292958541714e-04
1.771517434131325954e-03 5.962977943635640495e-04
2.253176266237472136e-03 6.284738164614929760e-04
2.501655851200602389e-03 6.050368388291814479e-04
2.364927598038622705e-03 5.905130662365038873e-04
2.088892621876396044e-03 4.956090515762373583e-04
2.523737374555877488e-03 6.112523574325886893e-04
2.382845332546807554e-03 5.970118213820896705e-04
2.064195197898802819e-03 5.831033357851406499e-04
2.046817957272326332e-03 4.696324411608680826e-04
2.913334966283966099e-03 5.459710807401097149e-04
1.773308021544201451e-03 5.340570713526317020e-04
2.172734250828742709e-03 5.307979323674248641e-04
2.115093308570342636e-03 5.001600619244149590e-04
2.191078258034564585e-03 5.985525681336180837e-04
1.929686421225594020e-03 5.682702241208440136e-04
1.303359261153485583e-03 6.075985499070870894e-04
1.770612457337299725e-03 5.976491721080986162e-04
2.571948344112073587e-03 6.168454664643584391e-04
2.102787496522047061e-03 4.928828333562308532e-04
1.791693704600746690e-03 6.132464368725664599e-04
2.306136148329759796e-03 5.798501635221462629e-04
2.043376657706277855e-03 5.586000454246731629e-04
2.071916509181097495e-03 6.122900827596375025e-04
1.621913056650357583e-03 5.066928127969225334e-04
1.872295237366799559e-03 6.357433657147300125e-04
2.032081302646677502e-03 6.380543762130836761e-04
1.798287395259885561e-03 5.214580518763020081e-04
2.399177336762235452e-03 6.442076145818411955e-04
2.130211163026855814e-03 6.035604026030694279e-04
2.309022200696036163e-03 5.026929343463955053e-04
1.918379721632138598e-03 5.962100586235968749e-04
1.553164178757909840e-03 4.853164369430378630e-04
2.298002059630912565e-03 5.820657851211075498e-04
1.881011400216560337e-03 4.898439291623254283e-04
1.732970129499813777e-03 5.156418256258328428e-04
2.628170912870994493e-03 5.741932607536356665e-04
1.952213683179831018e-03 5.670429033297032717e-04
2.475023343205153339e-03 6.500389119449233571e-04
1.677887119885091739e-03 5.980873754639854994e-04
2.537679394201027006e-03 5.507706314702881826e-04
1.487345390027234194e-03 5.271285569722686248e-04
2.545583521699485829e-03 6.171516886069137054e-04
1.732802077418679624e-03 5.298956659120977698e-04
2.319661020984254470e-03 5.093885327778898894e-04
1.656323361695014778e-03 6.022850753254208522e-04
2.102065799051735118e-03 5.696639134735602319e-04
1.509595799213575605e-03 5.540547565285077044e-04
2.098750484104779622e-03 5.705516986796785447e-04
2.002392983639736043e-03 5.280056202699690785e-04
2.236406373715522315e-03 5.782188737155219416e-04
1.219635816837953994e-03 5.321909656327548400e-04
2.226165983606557749e-03 5.406621848739495044e-04
1.700156327948993025e-03 5.008564677340059763e-04
2.280757788921740446e-03 5.717007552825972795e-04
1.904769627489566334e-03 5.293943388139961534e-04
2.528016509297427265e-03 6.403608115414669228e-04
2.709675289450744554e-03 6.112569551546548222e-04
1.801324528538001974e-03 5.541988023969229892e-04
1.705311264978822457e-03 5.439242173727607335e-04
2.762687561512878510e-03 6.161605029323378481e-04
2.708844297170384836e-03 5.465630062299528785e-04
1.893071325235148135e-03 5.095262566789343466e-04
2.284432518294180446e-03 5.410438408169973568e-04
1.805026486148374751e-03 5.486093699454297912e-04
2.373613175587548085e-03 5.348539146104291236e-04
2.129066386473680086e-03 5.544844022846330675e-04
2.651053694682211932e-03 5.961963691322535270e-04
2.662266780150326657e-03 6.022751783408612737e-04
2.571906005748965645e-03 5.365250336189051217e-04
2.313845707978508422e-03 4.610384300450856825e-04
2.684509346982522429e-03 5.764266772431411246e-04
1.819608079559948159e-03 5.175192402742345666e-04
2.504829985376655355e-03 5.973478172656846233e-04
2.155432267943814366e-03 4.596149652199642385e-04
1.406726280022567487e-03 5.442838921848742713e-04
1.448412834506866437e-03 5.335571321512983011e-04
2.197803900570978377e-03 5.850536761578479031e-04
2.033655978846666147e-03 5.205732538406572388e-04
2.363967523278203992e-03 5.532467529421703856e-04
2.462337769932039337e-03 5.747053243288978387e-04
2.280122108966430375e-03 6.048365369622662980e-04
1.571167107658176260e-03 6.347417442695779070e-04
1.185345629251700417e-03 5.048810459183674087e-04
1.984681152719420302e-03 5.378975266863620210e-04
2.067756152374914790e-03 4.790664718166922124e-04
2.179446532846683257e-03 6.444398610789908938e-04
1.844681918494605602e-03 5.643565339648855608e-04
2.030581366263597195e-03 5.947564421566965600e-04
1.686965419982277810e-03 5.447919180992478669e-04
2.111287156390315081e-03 5.149953438198365046e-04
2.358968629161779015e-03 6.222018146098711637e-04
1.864191768813405802e-03 5.106800945234379148e-04
1.574180333894776088e-03 5.181135339455499424e-04
1.702837631782665910e-03 5.363540870267193353e-04
2.214227269836953164e-03 5.622501578832228043e-04
2.229900237980714500e-03 5.891777248760263642e-04
1.872975631787640680e-03 5.216870142433273913e-04
1.934737272110569712e-03 5.069112089150222978e-04
2.271612855727427830e-03 6.226994940194642211e-04
1.735162858165555056e-03 5.576468492554660476e-04
2.551730722933628643e-03 6.080712387322633004e-04
2.260639986805259086e-03 5.617892354391383842e-04
2.122875802610113983e-03 5.371268619321484510e-04
1.713006999686126621e-03 4.220127374480010319e-04
2.305415533746557263e-03 5.917413350286079496e-04
2.403035973858345508e-03 5.891441150183731853e-04
1.776316182585980629e-03 5.478634207645479825e-04
1.755781375756367306e-03 5.321319002318922100e-04
2.415103007938691412e-03 5.144624295248578826e-04
2.074679220748234208e-03 6.139639892641374349e-04
1.503208165336617245e-03 5.687113775007468725e-04
1.833811257789368923e-03 4.872501471358818732e-04
1.925586263641765068e-03 5.387352105623056941e-04
1.976239780531503874e-03 5.273610939159766205e-04
1.640258609159750977e-03 5.359765684752994599e-04
2.342436040605952452e-03 5.751768982239446014e-04
1.882048692211934354e-03 4.848602114257201823e-04
1.840196325496514830e-03 5.206945459689559571e-04
1.319783631981208405e-03 6.564550527508274851e-04
1.861600701508287154e-03 5.343929494483190806e-04
1.695305656039608087e-03 5.002220915139028289e-04
2.184760143251796276e-03 6.704450600296376012e-04
2.146991621111271360e-03 5.570508803705305056e-04
1.666075006328112448e-03 5.014607851181711188e-04
3.239412857575093944e-03 6.410393009218045505e-04
1.654849598955218009e-03 4.701281220311152973e-04
2.319158630095853948e-03 6.357602445864347354e-04
1.782283428865619841e-03 6.334591906478016440e-04
2.328956303038594734e-03 6.379576797480642370e-04
1.941574097035909854e-03 5.627273505859021682e-04
1.565255159630634220e-03 4.652826138259462570e-04
2.271060748899446455e-03 5.269651464898078130e-04
1.792112330640047244e-03 4.881291465517414063e-04
1.999191051164886119e-03 5.197213087641417567e-04
2.429259791050487720e-03 5.583639567272130578e-04
1.606293108271543814e-03 6.120430286410294841e-04
2.360166039676832046e-03 6.261467989743529916e-04
2.322643190485155964e-03 5.252240391854453867e-04
2.691945938444478218e-03 6.263189084579564875e-04
2.656444276375592977e-03 5.638355704072080645e-04
2.443706420280188172e-03 5.553930570926335179e-04
1.612210524804324335e-03 5.297899779404804596e-04
1.787610715976031090e-03 5.472669912142807134e-04
2.703418504183589810e-03 5.932506611500796981e-04
1.798771026979822246e-03 6.338088372088104437e-04
1.646570315059688169e-03 5.799852359162984165e-04
1.684219684913210386e-03 6.200244888628570405e-04
3.307864467285398079e-03 5.553723223392452966e-04
2.282012872410577303e-03 4.963572549580182441e-04
1.557911974481536628e-03 4.391077702289595468e-04
2.159731301750198850e-03 5.727026438859003470e-04
1.901081754248824416e-03 5.979320202254605416e-04
2.841734000611933087e-03 5.048155414985682453e-04
2.404700031957634088e-03 5.387941197954711691e-04
1.797080238664804444e-03 5.683331865658542044e-04
1.516438504357355520e-03 6.058386768368122189e-04
2.020807567573446907e-03 5.199478099100140419e-04
2.362288074631231898e-03 5.747136413609597004e-04
2.247401021344183365e-03 5.804855972083705889e-04
2.053772662293484961e-03 5.517527664852461215e-04
2.532960700378217560e-03 5.744634512584985506e-04
1.823413345794137322e-03 5.612086672759345916e-04
1.946470327746690088e-03 5.363125247824353323e-04
3.271861070043952015e-03 5.046636205286029239e-04
1.378504490108889251e-03 5.220399691004863488e-04
1.557252110111049474e-03 4.987864173024922354e-04
1.692157474420811786e-03 5.059954701068915348e-04
2.140664913910366243e-03 6.006995363729509402e-04
1.691198843283151518e-03 5.816246612063384743e-04
2.208360028263792706e-03 5.345140880825517086e-04
2.225728593346540472e-03 5.687092913121914164e-04
2.105908045580839102e-03 5.429075753625152521e-04
1.610134534306081628e-03 5.560097473024714189e-04
1.941613107680091859e-03 5.557429821826943535e-04
1.277733252954110429e-03 5.549493211622545620e-04
2.080936439473186385e-03 5.290186658725180629e-04
2.402098971076181786e-03 5.172140482228720915e-04
1.838662285545545564e-03 5.478801042683655812e-04
2.411849331876433217e-03 6.024277456143137775e-04
2.392032871402243431e-03 6.379631734924200463e-04
1.732287290809327029e-03 6.257016426611795813e-04
1.713370088265951056e-03 6.171929878467779249e-04
2.295081852284502118e-03 5.672869072089622121e-04
2.783040088460063139e-03 6.660687221809929786e-04
2.499756680863889687e-03 5.236429446001525986e-04
1.951795514204180413e-03 5.348915493817487645e-04
2.009341801095619086e-03 5.931027680183907202e-04
2.393080469566597531e-03 5.707969752120406123e-04
2.883333020591006407e-03 6.236681971144445238e-04
1.470975989322360596e-03 5.571974534459993343e-04
1.545030639789983333e-03 5.359321097546490857e-04
2.471883901261875266e-03 6.490235723051174504e-04
3.386280707236744188e-03 5.996136481587566267e-04
2.268927324641452619e-03 7.270392874418223680e-04
1.938225024636667723e-03 5.683180601932270870e-04
1.601129046500414377e-03 5.392262807655237491e-04
2.266764088840795503e-03 4.993077295763613966e-04
2.156873009049945378e-03 5.725556853227210807e-04
2.524027763519518311e-03 6.507370950101013223e-04
1.892554477073688131e-03 5.910391618728763402e-04
1.846944260850806986e-03 6.001639564260495985e-04
1.838018417997883775e-03 5.382316045792196043e-04
1.978092873244614077e-03 5.367121583526370540e-04
1.727116268295072034e-03 5.503331302992571332e-04
1.571010859861238056e-03 6.598418515967758311e-04
1.841874290352186160e-03 6.277702167339926660e-04
2.084605331319767420e-03 6.251525550834867917e-04
1.673964069589909580e-03 6.050228823974925126e-04
2.355973257373881677e-03 6.244355428614330053e-04
1.752533825275643308e-03 6.026479655092593403e-04
2.186857215707748488e-03 6.167697469375079148e-04
1.697678960386387811e-03 5.225785867904483677e-04
1.809978162515490496e-03 5.888900601899093798e-04
1.796609151480299668e-03 5.764660689272585199e-04
2.458479155848553640e-03 5.688340120138931852e-04
2.187658889283247612e-03 4.721139544306725950e-04
1.649182140864469733e-03 4.600263370258785489e-04
1.987351146978342739e-03 5.777330914227870717e-04
1.728302784250130685e-03 5.333453652680959995e-04
2.741383075474682074e-03 5.830541244204235675e-04
2.195298943271940199e-03 6.134383938052405914e-04
2.012129757411309540e-03 5.993069404256639622e-04
1.736304037968485706e-03 5.545005019303454654e-04
1.474725484521542110e-03 5.801770709403139244e-04
1.553620706742200918e-03 5.615679652558008654e-04
1.988626302490770128e-03 6.478705513579704990e-04
1.297976702277472451e-03 5.643761093212898731e-04
1.769638308660014458e-03 5.381580093220953483e-04
2.261810723598709112e-03 5.489653678674844125e-04
2.131309421484376115e-03 5.008509669389205922e-04
1.511091362254222492e-03 4.881927018721841016e-04
2.011265413880469321e-03 5.142475420683640568e-04
2.401091630334005640e-03 5.353331486578082098e-04
2.042078156395860360e-03 5.607623112509473474e-04
1.990869523439895740e-03 4.674487721410172224e-04
1.401365414916798955e-03 5.304783340305038036e-04
2.748635346636851742e-03 5.709619807925217809e-04
1.395941434020891644e-03 5.945912212304621178e-04
1.438147070949184108e-03 6.135100298514735602e-04
1.598121789125187811e-03 5.662263158363799133e-04
2.232392688690001004e-03 5.383840003914657640e-04
2.037712839445439926e-03 5.529291925270822397e-04
2.083419517885356544e-03 5.990269922580844075e-04
2.080302210033713965e-03 6.061299086204587766e-04
1.693507209943008853e-03 6.305760520415869567e-04
2.519649439954050295e-03 5.362890470309688695e-04
2.347639660981740584e-03 5.238668540270591430e-04
2.145244345404882357e-03 5.461168937761320171e-04
1.771521729448013787e-03 4.961543199640269059e-04
2.224093430846175914e-03 5.055747889439449584e-04
2.392005927237324248e-03 6.023549640094124843e-04
1.513935339012425661e-03 6.139282830929055843e-04
3.196194451808325853e-03 6.358969897187411510e-04
2.615776926060340169e-03 6.102933720119334444e-04
2.289637427474782751e-03 5.194510873416195978e-04
2.041025801199552146e-03 5.770937171181643151e-04
1.933725825041810549e-03 5.308681251251705195e-04
2.156508517685648378e-03 4.851585017914410462e-04
2.632789736205056082e-03 6.744895618931287182e-04
2.397238123782628998e-03 4.865589217483173748e-04
1.702497098993910590e-03 5.056271763709403429e-04
1.864232343822169692e-03 5.420750905838793085e-04
2.775489569618435227e-03 5.488605707437475920e-04
1.952168269923773656e-03 6.381460339742287295e-04
3.073540891382053712e-03 6.304501799196012002e-04
1.942428401617851555e-03 5.851288390805680197e-04
1.446613782942415133e-03 5.562308714889096888e-04
1.774724481611488196e-03 5.568505626906823614e-04
1.801440088098100068e-03 5.400579172664806901e-04
2.753356535903105952e-03 6.152815970776570305e-04
2.124062099828739805e-03 5.762521674263442438e-04
2.088231660796822063e-03 5.714735684092011854e-04
2.043445190444071174e-03 4.749941615981995158e-04
1.459214997605467546e-03 5.642456149848514577e-04
2.896374203763791601e-03 5.771828211880334573e-04
2.609295233269763505e-03 6.170030049400744739e-04
1.747623717285979325e-03 6.015640767631028887e-04
