1.826401351003321960e-03 5.864288680213277250e-04
2.100622408001187429e-03 5.861184441108544842e-04
1.803726254024142503e-03 5.273700202890368224e-04
1.802736928775322588e-03 5.855015025458149567e-04
1.966523766239010578e-03 6.006705530779027922e-04
2.043268767106750945e-03 6.839911975884820387e-04
1.791288726047772940e-03 5.345967167819803707e-04
2.319129951438780694e-03 5.485078515992137258e-04
2.274927341339222885e-03 5.641491678240869931e-04
1.574351318431154801e-03 6.610177021636105300e-04
1.932136560970695773e-03 6.010835508904629988e-04
1.961971815624467992e-03 5.117029848019099972e-04
2.515486388620173739e-03 5.497302320431923968e-04
1.847450564423441842e-03 5.930019657980644711e-04
1.270542892596528747e-03 5.180690314359028339e-04
1.592733296197568899e-03 5.972661537363722082e-04
1.851907809503835134e-03 5.763437946170574776e-04
2.243286006132962345e-03 6.341254420913608383e-04
2.090925078429619124e-03 5.970774280565065845e-04
1.262356030342990775e-03 5.620040548721511563e-04
9.981669510687189890e-04 5.711543652563620893e-04
2.065273632684262901e-03 6.155500345901213219e-04
2.002898569947853154e-03 5.333608906299894389e-04
1.527471204836087625e-03 6.436087127765417228e-04
1.728665734781897325e-03 5.625076001249154330e-04
1.401290921827311664e-03 4.995046215201649851e-04
1.759604418876017104e-03 5.855021436237564485e-04
2.227443135532214749e-03 6.113511220889939661e-04
2.431678883383012624e-03 5.538953411698576594e-04
1.818157967386055960e-03 6.142307267794819801e-04
2.505641476392712029e-03 6.859532817002141503e-04
2.308512014426616129e-03 4.449668098790650513e-04
2.306016459252488177e-03 6.492046377955670248e-04
2.426572736303014757e-03 6.070482086041788586e-04
2.114167872191910838e-03 5.333330012340890955e-04
1.729466340487450767e-03 4.973342416032639716e-04
1.857651792705211028e-03 5.028350419027885097e-04
1.711852032741784579e-03 5.813795932340668285e-04
1.867362125179554888e-03 5.675617066701065016e-04
2.328586713806893044e-03 6.337364349542555335e-04
1.295296907163481955e-03 6.192821765237513159e-04
2.087019201802390190e-03 6.367344413601290195e-04
1.883677392437652304e-03 5.469200855174822032e-04
2.121086814986704750e-03 5.363307630735528143e-04
1.360783119618217633e-03 4.947442879565208023e-04
1.939582095996680248e-03 4.830092850914952346e-04
1.304271683765506964e-03 5.633793562312502555e-04
1.613300550566024432e-03 5.683716528007778674e-04
2.238151037756527361e-03 5.929843275771245646e-04
1.311112613211022453e-03 5.510361474753115588e-04
1.306296293642181510e-03 5.900736190131549569e-04
1.469037551030225215e-03 5.581859557682316989e-04
1.873207720454134933e-03 5.300386161504634782e-04
2.347689744695949030e-03 5.899287632593752792e-04
1.962500517716971992e-03 5.722986071833909699e-04
1.613582145413900663e-03 6.190498314115281536e-04
1.991373358809659776e-03 5.469976494230969176e-04
1.477590915637009335e-03 5.051850001853369979e-04
1.668646715999295201e-03 5.960657564790550764e-04
2.265254058885013584e-03 6.250087453550198140e-04
2.171140432567166337e-03 5.185742836946109335e-04
2.243628915898528142e-03 4.898282733801182258e-04
1.433070594689124597e-03 5.926460397479601898e-04
1.665511244038202568e-03 5.857249855490982010e-04
1.730133998356126737e-03 5.463517669477785475e-04
2.096613784720679271e-03 5.228132061487088993e-04
2.206880107511946434e-03 4.950595408237323195e-04
2.214104844083835105e-03 5.680763726657110484e-04
1.572740393114270292e-03 5.718865241864932222e-04
1.954504007672613116e-03 6.046474203796549547e-04
2.145746270094713547e-03 5.563417829152257242e-04
1.978112125861317648e-03 5.669100817861674703e-04
2.111491603328159196e-03 5.477324285587738565e-04
1.888960284090910159e-03 6.959420921903880942e-04
2.388453041718153255e-03 6.955949008695462869e-04
2.535903302988284144e-03 5.633792437696915267e-04
2.099859334196629932e-03 5.596434915097514865e-04
2.009932440408560179e-03 6.282354694504159237e-04
1.619551522396267193e-03 4.998772181291059489e-04
2.229714690824046667e-03 5.498491553360863740e-04
1.812247800640905907e-03 5.386197755569974762e-04
1.793161617011856902e-03 5.702558988362263492e-04
1.851859210172007589e-03 5.816367113574030627e-04
1.778351708990795390e-03 6.079342791983657858e-04
1.882198938967290279e-03 5.569668135838138105e-04
2.545654375403828308e-03 5.360663681514010476e-04
1.897967131266738335e-03 5.545965903365169484e-04
1.949617164994342251e-03 7.083093128079061621e-04
2.345028042553580754e-03 6.070790483521333386e-04
2.154244090201448344e-03 5.637858836001181191e-04
1.359005827025621099e-03 5.613607809057451301e-04
2.052318546400173395e-03 5.442653079479295745e-04
1.597641218247185637e-03 6.327394658487005448e-04
2.055146327011412189e-03 4.945842274443114925e-04
1.747210517760927574e-03 5.189392816732808908e-04
1.965220156015068213e-03 6.006801907340893589e-04
1.886538361540992127e-03 5.592100940732987191e-04
2.008633169175697009e-03 5.533828951727195284e-04
1.570729349903659524e-03 5.721511534041099625e-04
1.675412721032405478e-03 5.949728687900049254e-04
1.642378912492665089e-03 5.172404379442245874e-04
1.851852857569797695e-03 5.909904180370175505e-04
2.467979148666837007e-03 5.245963946165645804e-04
1.766482714428999458e-03 5.380328832580289194e-04
1.960739391614936631e-03 5.891944434420738836e-04
1.869890887462559957e-03 5.296490543417216442e-04
2.040694539897051126e-03 6.171811234610388762e-04
1.633602943344502180e-03 6.201807658367308523e-04
2.274599220884340311e-03 5.961099548685003984e-04
1.624533130115879062e-03 5.856557621034562183e-04
2.008024658150119220e-03 5.058101492215477538e-04
1.700729060927166523e-03 5.654333655811434340e-04
2.640225448064108769e-03 6.178068492412480033e-04
2.060432206249061295e-03 5.157557586404442045e-04
2.318770217128126188e-03 5.631978089150515687e-04
2.002215728091083415e-03 6.513719164262888944e-04
2.625356619977748957e-03 5.873399108266679760e-04
2.112439412773676594e-03 5.075551160598529461e-04
2.015195565614680533e-03 6.129425783309919292e-04
1.367838819910903187e-03 5.259384751866820950e-04
1.643509086750985330e-03 4.942623397181145116e-04
2.064615701696654020e-03 5.225227930788971329e-04
1.935951672275179527e-03 5.200013659980061778e-04
1.810748538373540021e-03 6.056055666632791795e-04
1.660963489946353563e-03 5.296569909646972217e-04
2.351096142883929950e-03 5.109524834801201527e-04
1.745006397224659099e-03 5.783444977892698239e-04
1.972218453454451046e-03 5.579755363211911763e-04
2.121183669106400070e-03 6.254661025915382155e-04
1.565183470922678829e-03 4.828636548691671282e-04
2.175486156249941717e-03 5.222929059275689028e-04
2.371957643809353110e-03 6.040120042107877682e-04
1.647541403524147453e-03 5.864324730710389517e-04
2.042026140832108299e-03 6.017652561953914896e-04
2.048371822970313210e-03 4.573966154885843031e-04
1.907597594032429825e-03 5.736168692771614203e-04
1.808928323066528185e-03 5.143803154713555729e-04
1.592693780973292606e-03 5.930820452296122489e-04
2.123926210519649829e-03 5.901424438344433617e-04
2.122387238831755472e-03 4.901556542913235257e-04
1.708046486497130948e-03 4.863625934456632192e-04
1.934041226154731719e-03 5.647319010981428911e-04
2.300038564361103766e-03 5.888357542086818455e-04
1.591925844553277684e-03 5.554022608618955402e-04
1.845909300357786564e-03 6.792023256931067681e-04
2.303446091793541744e-03 5.550078895463511240e-04
3.201044264348868428e-03 6.381680738726767943e-04
2.196380195073933082e-03 4.903236122336954638e-04
1.815659408440083037e-03 5.467647075109316078e-04
1.989581408903191070e-03 5.802593019980012206e-04
1.987579494645284970e-03 5.796349771864116361e-04
1.965349327445981269e-03 6.033042792049156259e-04
2.335008751835865228e-03 5.230666117746834119e-04
1.455352741026676036e-03 4.923874929832341507e-04
2.247148697055138030e-03 6.011456628936864268e-04
1.712685464458935320e-03 4.800481937060389025e-04
1.851869900534273798e-03 5.832068668293275684e-04
1.399842083177255982e-03 4.873519997308601247e-04
1.803646095054949701e-03 5.894350200130183933e-04
1.921116557573124013e-03 5.617932266975474457e-04
1.902610544093339935e-03 6.041493211831232887e-04
1.802680422963939127e-03 6.487982246024833312e-04
1.564017668988399844e-03 5.619524913197590770e-04
1.643495410737232879e-03 5.720908763707521511e-04
1.591820145873587599e-03 5.260224145058054520e-04
1.966335076936742612e-03 5.458503286603278619e-04
1.574838080282446769e-03 5.515374496799872045e-04
2.613877521109649483e-03 6.263643988535943802e-04
2.406237321362703248e-03 6.132169893102828702e-04
1.660861344723896151e-03 6.152823850965661624e-04
1.504046900702841723e-03 5.647277333047728094e-04
1.767700185894496064e-03 5.920404786525849646e-04
2.111704587774219325e-03 5.990185712539278316e-04
1.731998520197950472e-03 5.036429525238024551e-04
1.698164049659062723e-03 5.314641758761553744e-04
1.607275650361868983e-03 5.392336360312542133e-04
2.023277508606049178e-03 6.085096978256091709e-04
1.583247750974380638e-03 5.596103886101933857e-04
1.794597396742182282e-03 6.160586786551622892e-04
1.827588964755018711e-03 6.277474417534419917e-04
2.338051287422487998e-03 6.614708421409276791e-04
1.998243238987351417e-03 5.056963277245533645e-04
2.034363910359470069e-03 5.628689455638237514e-04
1.675485932636812609e-03 5.612080760964252742e-04
1.985953597513375954e-03 6.246246881537841208e-04
1.930611977544277342e-03 5.930472076963041409e-04
2.282202128446326594e-03 6.078992536296939225e-04
2.067074027408725371e-03 5.407598007501236833e-04
1.370949311451564838e-03 5.483325489082173897e-04
2.498875829874637987e-03 7.058575519247244036e-04
2.687862227906187475e-03 5.310752450757531959e-04
2.015521736070185425e-03 5.384260940799801866e-04
1.989565559866041545e-03 5.658413290968087022e-04
2.323903078190346118e-03 5.316186548264885837e-04
1.742818785622357461e-03 5.325275767577061347e-04
1.324553877037197222e-03 5.286498691548733577e-04
2.396888146711068871e-03 5.776838934305280780e-04
1.897378578547406726e-03 5.407232088290969251e-04
2.444872844781517153e-03 4.699057812894537681e-04
1.508892519164617071e-03 5.938100962964796420e-04
2.488281349925009281e-03 5.146405525290586582e-04
1.656954362492666288e-03 5.803992392573040704e-04
2.321219028296560207e-03 5.277175384297787654e-04
1.603026187234245052e-03 6.072200365684374095e-04
2.038708764372589716e-03 5.629927492319509010e-04
1.736618041839235087e-03 5.511180159552995454e-04
2.111865164759133082e-03 5.522622178561845683e-04
2.331390744348774482e-03 5.442119464560561714e-04
1.858462363630536884e-03 4.940490420023145894e-04
1.597887744847685358e-03 5.551036196591485790e-04
1.855465017746852317e-03 6.353684234129152765e-04
1.577523913521282004e-03 4.874846766298960438e-04
1.444332551364762435e-03 6.609690482783422277e-04
2.400234908919560064e-03 5.255172738653950733e-04
1.948091339604461625e-03 5.419567718044918580e-04
2.753747821899541447e-03 5.791020855843232243e-04
2.112651725276450121e-03 5.761648458203154745e-04
1.975221773047483760e-03 6.879631644306286042e-04
1.939907129205771128e-03 6.159751524281245356e-04
1.760921224789226223e-03 6.489021762302046121e-04
1.680262527962255153e-03 5.356124803904839917e-04
1.576411570741181965e-03 5.605252170162072821e-04
1.771579887987651414e-03 5.458249117566219000e-04
1.995529588270589152e-03 6.105204458023500346e-04
1.718237756592127987e-03 5.795934212576504992e-04
1.906211467032491126e-03 6.311099121151222870e-04
1.648740461433003020e-03 5.396144123469307982e-04
1.601809242053358956e-03 5.895726166558121466e-04
2.769487380501989022e-03 5.495996756529596952e-04
2.678692671059827377e-03 5.325023872433170755e-04
1.754536576656307023e-03 6.279988377230553672e-04
1.772823226014571835e-03 5.269952263672118050e-04
2.431328734126185585e-03 6.048144639070761244e-04
1.606293975495916206e-03 5.615703181868024864e-04
1.975175626218834187e-03 5.311132154026246060e-04
1.763571685146821675e-03 5.834361860884415335e-04
2.087046871471909346e-03 5.560216676149585093e-04
1.978077315819305130e-03 6.129380672525407137e-04
2.175013639094573216e-03 4.758242800581725246e-04
2.524306040388842910e-03 6.618074317877057841e-04
1.473367806607915609e-03 5.920271795878767574e-04
1.779209902436815509e-03 5.451754894813503737e-04
2.594460376597116594e-03 5.754031622680396557e-04
2.220401420633611594e-03 4.998800105251413779e-04
2.144041678434523580e-03 5.737352874570791038e-04
1.902134577902606831e-03 5.620424288505695412e-04
1.739336482505175535e-03 5.361768061566278597e-04
1.758682215528643020e-03 6.487330638031754953e-04
1.843481151607320127e-03 5.877349906649407272e-04
1.645415554856694560e-03 5.772806685903956146e-04
2.319216763720838553e-03 5.511559143072163134e-04
1.840713656849344128e-03 5.851519885820918475e-04
1.969731178156425982e-03 5.749033095829457398e-04
1.781412232914881405e-03 5.208880703294771096e-04
2.547050469088979387e-03 5.382355939087920182e-04
2.191075979544584995e-03 5.468519231330733459e-04
2.039642919146824988e-03 5.721072048611111236e-04
1.968982632988011596e-03 5.958252848383815276e-04
1.651580000605871405e-03 5.562800927985893764e-04
2.136620763376712636e-03 5.179944488616990313e-04
2.120016009764896965e-03 6.565095451439367184e-04
1.723216494756865756e-03 6.130581138202536619e-04
2.343970611890491308e-03 5.132781543792008707e-04
1.605446644922646059e-03 5.855249417599682135e-04
1.948492798447334093e-03 5.687636493532343936e-04
1.765981922689532435e-03 5.828908947216251014e-04
2.589442496151475332e-03 5.003645288956479762e-04
2.095463326446280264e-03 5.915384903106298388e-04
1.250029287968736687e-03 4.881833638913021800e-04
1.941455851236863683e-03 5.606426626553407322e-04
1.672926359995375884e-03 6.022137143860562675e-04
2.214773238453223055e-03 6.821454157956305603e-04
2.014967554755489696e-03 5.821030051358140221e-04
1.789357419797544917e-03 5.667209638657005194e-04
1.876903165663098335e-03 5.855088579577176662e-04
1.968400319771997867e-03 6.501634350630919323e-04
1.885281778978618959e-03 5.741011663425686640e-04
1.852553365487746677e-03 5.497877271080421104e-04
1.943193022003746658e-03 6.047501343358593125e-04
1.913112012024227549e-03 5.917215552310423716e-04
1.733291115319384986e-03 5.145726919998257470e-04
1.516329660229104098e-03 5.711741954301223110e-04
1.800912877341951475e-03 6.474903050335116018e-04
1.960143598015683976e-03 5.701859431998233287e-04
1.873855849991234090e-03 5.266386446525586108e-04
2.043837393475382656e-03 5.322582217257840805e-04
1.618500493045700551e-03 6.477609174918045817e-04
2.383343658061936980e-03 5.440590768163714635e-04
2.365137853350141213e-03 5.589490055666717890e-04
1.668563568790768902e-03 5.956899491660442051e-04
2.494765367943549243e-03 5.417220357789854753e-04
2.104272730807999967e-03 5.505609991895673086e-04
1.860228438768166126e-03 5.903550508483285672e-04
1.789128766082061358e-03 5.558479820355980696e-04
2.311307502830587356e-03 6.033445317983603551e-04
1.875756955994452345e-03 6.136233180223328500e-04
1.632188052000644370e-03 5.488488551537405724e-04
2.105516794710738174e-03 6.033662703796067615e-04
1.582645528075167941e-03 5.501038240034326812e-04
1.855813713060289845e-03 6.383423519184809776e-04
2.055676522510649969e-03 5.100511242705547564e-04
1.817200140234375262e-03 5.330305947798294301e-04
1.949513075140307328e-03 4.900520848197664888e-04
1.972516271563386474e-03 6.220412692876146031e-04
2.333370528539721513e-03 6.296603459355926569e-04
1.905555108057424519e-03 6.671191070930203044e-04
2.054390532371291270e-03 5.473513749041611668e-04
1.667679188375707430e-03 5.359046887337795594e-04
1.987703366108470749e-03 6.005316115779925270e-04
1.609718922853228297e-03 6.984618356474852838e-04
2.403443756110628868e-03 5.784682404321526538e-04
1.847484834018841551e-03 5.829100262707665554e-04
1.252971255618525771e-03 5.515297863125283653e-04
1.868326346813686725e-03 5.308743342465559699e-04
1.256738304031250995e-03 5.450233096451043190e-04
2.097754192239636387e-03 5.743582165781565239e-04
1.705614702719229639e-03 6.501524945871842284e-04
1.134138861415391521e-03 6.078569237131256717e-04
1.557695389045815094e-03 5.473949058211738036e-04
2.186839827072145463e-03 5.882260123154728218e-04
2.801840868220504058e-03 5.033007218241070330e-04
1.892368366535558373e-03 5.711589311891290561e-04
1.361006752640054338e-03 5.347544397844564883e-04
1.852546547241627935e-03 5.399966846581960751e-04
1.720303205711612091e-03 6.411754279338344317e-04
1.750167884657221999e-03 5.425424878318250901e-04
2.428495877178003109e-03 5.198405253358507044e-04
1.784305855361825125e-03 4.685497397182091200e-04
1.940150541177119038e-03 5.608013251328738437e-04
1.596441695317442821e-03 5.400302576614756430e-04
2.345630743819044142e-03 6.237807745902664881e-04
1.851372119052600677e-03 5.869504437435706795e-04
1.823569573682038650e-03 6.418776986089992165e-04
2.176567091940678940e-03 5.633451131108248864e-04
1.833147818086761343e-03 6.007786618233092093e-04
2.244594642647058328e-03 5.706824915605096180e-04
1.859113018034950614e-03 4.900283937396384326e-04
2.120620078120075656e-03 5.341612531579624859e-04
1.780646924275407607e-03 6.612199140400327893e-04
2.327937790241450811e-03 5.898272415254747665e-04
1.924501505022073976e-03 5.450553912620643244e-04
2.288068434571368780e-03 6.442605533516831745e-04
1.830756371881397428e-03 5.491825528029088644e-04
1.596686506614796277e-03 5.399065113522660223e-04
2.333036545524412673e-03 5.627967968471628626e-04
1.266901341007950791e-03 5.665401815034981376e-04
1.717924673052809896e-03 5.915393145798119364e-04
2.455536041227613687e-03 5.904279380631713339e-04
2.797423710161482842e-03 4.896084325592237833e-04
1.838963727523181988e-03 6.887570598110465429e-04
2.546573898264752403e-03 5.239142592749022193e-04
1.951278979497663834e-03 5.705814831068113007e-04
2.129288298996962186e-03 5.883371029019615573e-04
2.302037956362721054e-03 5.449952572023672014e-04
1.358047579779949124e-03 5.419870690131421654e-04
1.824455681561226511e-03 5.500477750552466676e-04
3.092719300565364548e-03 5.357360489313772690e-04
1.576501783291376973e-03 5.095766493114677401e-04
2.355914208979953753e-03 5.648435999703796786e-04
1.642257178728173369e-03 5.813789059080615813e-04
1.763425346358060393e-03 6.251428420218471844e-04
1.335491823875884464e-03 5.768740378206679365e-04
1.779713193198160853e-03 6.184064423525565497e-04
1.605445771135551080e-03 5.732368581253080879e-04
1.565443259491408091e-03 6.352340741926942348e-04
2.061695202663570061e-03 5.990961326761802888e-04
2.067699334200092179e-03 6.721296183476485175e-04
2.179706184594105197e-03 5.277136383806282742e-04
2.493330438760316906e-03 5.259714986595517708e-04
2.257783062860586280e-03 6.901086547546467003e-04
1.660954851691023339e-03 5.507162754913127361e-04
2.054089401354248275e-03 5.734708489827060459e-04
2.460161019577531642e-03 5.893471278615175371e-04
2.378397465343441274e-03 5.541615767512437238e-04
2.151340379938825476e-03 5.592428852928190298e-04
2.415205961423776224e-03 5.935070464749219550e-04
1.941632777700640642e-03 6.043809770786061309e-04
1.480360442494192338e-03 5.501516397768616137e-04
2.490417257215047416e-03 5.789927223257503898e-04
2.456903548062082995e-03 5.651251049102835660e-04
1.134917744117142730e-03 6.008580863364959080e-04
2.118815925825419388e-03 4.784018034386593957e-04
1.958028837900744560e-03 6.680012539243139653e-04
1.598971171055974970e-03 5.344186730268065321e-04
1.979430970336799097e-03 5.438042312559457619e-04
2.271487073779964328e-03 5.406488448717743393e-04
2.162823799339519838e-03 5.909959313040371188e-04
2.050196829381984321e-03 6.000211895015344259e-04
1.990660611612354077e-03 5.086881385805880644e-04
1.626525127643663193e-03 5.399402800315977746e-04
2.450265360343717620e-03 5.527986548571733319e-04
1.752940585799236299e-03 5.219752449752660273e-04
1.700904596183381787e-03 6.133044386289535337e-04
2.250227380939898592e-03 5.325592572413041532e-04
2.510085292149453508e-03 5.100561319826675761e-04
2.027587751174792039e-03 5.241831816948255320e-04
1.701902995406820917e-03 6.192149801351492415e-04
1.954129391402890329e-03 5.119368250872309047e-04
1.340102837828114311e-03 5.157923305817378170e-04
1.844351373702829248e-03 6.161154871780065738e-04
2.335725566309487886e-03 5.495944055798363545e-04
2.004503477749206442e-03 6.486641302454993581e-04
2.435614817850066758e-03 5.479153123292601667e-04
2.342356519607028710e-03 5.768397615363316053e-04
1.600366715299340577e-03 5.025120913344405423e-04
2.165542651616431287e-03 6.039163728440532890e-04
2.023600204797744266e-03 5.794440583251854243e-04
1.484923966192537191e-03 6.631620425189417274e-04
2.101260180804276258e-03 5.801196211141953748e-04
2.048772525923029438e-03 5.309139848110819033e-04
2.258415014059301194e-03 5.368483764286375356e-04
1.516029723983596065e-03 5.600692629768653889e-04
1.848115027929395342e-03 5.807558908735570725e-04
1.993458058668433428e-03 5.742417418956897047e-04
2.367984174344514581e-03 6.866867972461918523e-04
1.603040500271705159e-03 5.574079211199726124e-04
1.722390147477590111e-03 5.702020317585168368e-04
1.836796193294334880e-03 6.423385741483752208e-04
2.182738740283649958e-03 5.960857134952896475e-04
2.195867759946998777e-03 5.402674556200480743e-04
1.694330356271909512e-03 5.449685614001149305e-04
2.133593340495868948e-03 5.995181131747604180e-04
1.589268820612281270e-03 5.835398901271716217e-04
1.851922821175000164e-03 5.868120859196889307e-04
2.713098778093170349e-03 5.852156408882740234e-04
2.129520011136005943e-03 6.053547084758530757e-04
2.235242582949445358e-03 5.293209430989650327e-04
1.687384859115864059e-03 5.698323380739397622e-04
2.168869385581221384e-03 5.706467779804880397e-04
2.487241351733451671e-03 5.308285554046997777e-04
1.975730649422571469e-03 5.976696850082979144e-04
2.119921199700914530e-03 5.302418853142146053e-04
2.345722404068929963e-03 5.985158588597523990e-04
1.941270344860207163e-03 5.514461666027102842e-04
2.378963252718947329e-03 5.256749378405935506e-04
1.798595844833388632e-03 5.501153823884561865e-04
2.040963326294342479e-03 6.246612331944757616e-04
2.273021869409556570e-03 5.934229372273845931e-04
2.123615092330397372e-03 4.980820612686802937e-04
1.751152495283251438e-03 5.916094758027321682e-04
2.172931603773584856e-03 6.021364042933811857e-04
2.288256413783253118e-03 6.588037689445044387e-04
1.536056541956907573e-03 5.801430634600950129e-04
1.920148940676826141e-03 5.277927383246052481e-04
2.153971860386062927e-03 6.867664666311266465e-04
2.111092447837469108e-03 6.128873552921310043e-04
2.408761121193092603e-03 5.771846827940928671e-04
1.915599800722056619e-03 5.103200108034391773e-04
1.978829479932776338e-03 5.960603863175635867e-04
1.616477062651054111e-03 5.403040735619906148e-04
2.255974568879740190e-03 5.668818611781032031e-04
1.794935840615512418e-03 5.521887317508158716e-04
2.131750073513074498e-03 5.858327214349724147e-04
2.048324786691627878e-03 5.902417605421821046e-04
1.405711584542774454e-03 5.941103102538419474e-04
1.878769482397874653e-03 6.308937740392431747e-04
1.773577485358617586e-03 5.330573432627026343e-04
1.971977833595679221e-03 5.724491682069952556e-04
2.457693291117959110e-03 4.811655463622817840e-04
1.662151095870638418e-03 5.573530783157619852e-04
1.879758508424441690e-03 5.654646816373972481e-04
2.093619751920678188e-03 6.054011824867220086e-04
2.173842139447569426e-03 5.929173125602719236e-04
2.199489831171143848e-03 5.006750593895677127e-04
1.872876115467762836e-03 5.836101842936733440e-04
1.827252330835486306e-03 6.386538841234672397e-04
2.402713094707284013e-03 5.913162213651087943e-04
1.782072594301493864e-03 5.201837359537788384e-04
2.362723552968296319e-03 5.415982148012568739e-04
2.309824554307980844e-03 5.966340478403999023e-04
1.439794527816801650e-03 5.860822848464058250e-04
2.089649006320023344e-03 5.228476913593928070e-04
1.792688023696362978e-03 6.483032397699112041e-04
1.447433580528468535e-03 5.056455002576750075e-04
2.088868688889058446e-03 5.431663976810404250e-04
1.826880127642658506e-03 5.064308831371632132e-04
1.723196062266463876e-03 5.774357715846091966e-04
2.234371830192210737e-03 5.966094946658946239e-04
1.924468693339453050e-03 7.056236594769170348e-04
1.697333026598967258e-03 6.109005613724878244e-04
1.798439562822585613e-03 6.094463743615352938e-04
1.690015922022596083e-03 5.443944749055064326e-04
2.010092312951132238e-03 5.178233617866418153e-04
1.823477989715708040e-03 5.121283493169710059e-04
2.321098773003607476e-03 4.871700055248591476e-04
2.074050747269275130e-03 6.053456259918496910e-04
1.626365462096537092e-03 5.394589994729316476e-04
1.479974496730440420e-03 6.213004257844942282e-04
1.752904566199187802e-03 6.380144428134684092e-04
2.181593918896914189e-03 5.711859565681464031e-04
1.788799709540525281e-03 5.808562609654433027e-04
2.907118424189151021e-03 5.922888685155070767e-04
1.679037331313590039e-03 6.041299447824971525e-04
1.392407977202206760e-03 6.051985895365251085e-04
2.115983568904046801e-03 5.704266138867455449e-04
1.589361542583246417e-03 5.713038739502633969e-04
1.705867291820234227e-03 6.272471617120553610e-04
1.805117780842576975e-03 6.108113601067430938e-04
1.866063085018294975e-03 5.557389395938517902e-04
1.986635926172858509e-03 5.866500202023977812e-04
2.302234739147143456e-03 5.666586323024018924e-04
1.798430663485073040e-03 5.901290497519546185e-04
1.615721189973916023e-03 5.368300566051881694e-04
2.413018372186486338e-03 5.265192692286708564e-04
2.200138127420200179e-03 6.277654025023830580e-04
1.961747329049532210e-03 5.797492649367930531e-04
2.526176484236363016e-03 6.177578231969716631e-04
2.242568321939301512e-03 5.655285327984739974e-04
1.866118846673678376e-03 5.502620966995159461e-04
2.105523130664582656e-03 5.563857730383608155e-04
2.918760573535819376e-03 6.179576834604779160e-04
2.403902116839677985e-03 5.932862905091448955e-04
1.880567432609389807e-03 6.605077780932134060e-04
2.148940536620788828e-03 5.374057021683687190e-04
1.702976262048091919e-03 5.527905209869605476e-04
2.195457754849672836e-03 5.756377154648264268e-04
2.149982996028506135e-03 6.023019130118849188e-04
1.954402084636631086e-03 5.763563008385484991e-04
1.789796802865734364e-03 5.596275847222446226e-04
1.745793220649088885e-03 5.324905853214532449e-04
2.056712260981912333e-03 6.340184868788387596e-04
1.900400323114873622e-03 5.566094113534075100e-04
1.601767524393823321e-03 6.214030516444767538e-04
1.881646731254373083e-03 5.799355245598908143e-04
2.790272402892297974e-03 5.018993750690562035e-04
2.060920024741766735e-03 5.431582780614804904e-04
1.331947863787184133e-03 5.782489384244831514e-04
1.424864473964135595e-03 4.824538563182418846e-04
2.142755001367965297e-03 5.408526376168248766e-04
1.827841536778066194e-03 5.932862862880389004e-04
1.692584819489465235e-03 5.997375063713737946e-04
1.860574628826910937e-03 6.218872791189059435e-04
1.951431011039367119e-03 6.155070393207720623e-04
2.532694277905141438e-03 5.991649760801413122e-04
2.230282399180827380e-03 5.356553853403408063e-04
2.093424085918662355e-03 5.860654664654370034e-04
1.582968597675051946e-03 5.621870999302747921e-04
1.672581100942274095e-03 5.853204450578142377e-04
2.093453872960316774e-03 5.470141340639840533e-04
1.831375806999334215e-03 5.879366419976692765e-04
2.214369300979260932e-03 5.773292417657296298e-04
2.156720892971699614e-03 6.462930394063891087e-04
1.717448727375355802e-03 5.883838910353892922e-04
1.620122181995684463e-03 5.794076202592904259e-04
1.684742115562850662e-03 5.662858221931495314e-04
1.489881311060597827e-03 5.578951523003941766e-04
1.454818865890036188e-03 5.756985687153907830e-04
1.650241844890975315e-03 5.240445892820007855e-04
1.785494587616854364e-03 4.942685284948341229e-04
2.100823120830922885e-03 4.951129417951780033e-04
1.873256475074516845e-03 5.455568084487547650e-04
1.623857168245816836e-03 5.278702634839122594e-04
1.768659660432007810e-03 6.229235655087226936e-04
2.204663348086464102e-03 5.658050481291304092e-04
1.651884621847090912e-03 6.541025196973298140e-04
2.244669361246095455e-03 6.387214862717521119e-04
1.927090602907074535e-03 5.217126211990031747e-04
1.779972038127280954e-03 6.685724944426855608e-04
2.295022015559010538e-03 5.014986294180638540e-04
1.996832643580393005e-03 5.630312998460583257e-04
1.997137434894399530e-03 5.045236961556596967e-04
2.039867557859758283e-03 5.440866505717469135e-04
1.488161474015882099e-03 5.390656309385902494e-04
1.815382019996537128e-03 5.812084783298703374e-04
2.944124566882175102e-03 5.180626749634500549e-04
1.824711899897524898e-03 5.837221947389188443e-04
1.817437349322043819e-03 5.667132530196147475e-04
1.857734823179305311e-03 5.863522764032709847e-04
1.788123233676022295e-03 5.408882836041717249e-04
1.868189469328175633e-03 5.342616098018557799e-04
2.332457627155605680e-03 4.961932163119954671e-04
1.822817011788240753e-03 4.835161276594300344e-04
1.565478893967626843e-03 5.845172744710489714e-04
2.572475926224346201e-03 5.945272938969201146e-04
2.389956925923144519e-03 5.308870131253496175e-04
1.785976338912840166e-03 5.477538005850385826e-04
1.680874214334969648e-03 5.962608741096889686e-04
1.779832034450971445e-03 5.935091749325551889e-04
2.034071141200038350e-03 6.022683337441115444e-04
2.036427107033791060e-03 6.020045935048452639e-04
1.776223214156862334e-03 5.163537063699632753e-04
2.090907016246572152e-03 6.349577279903430424e-04
1.875682083137766029e-03 5.747690306883521810e-04
2.664654725022696635e-03 6.559175973968864098e-04
1.704767337275604842e-03 5.895350223092468700e-04
1.757430030089441502e-03 5.615892840373421825e-04
1.456579760559700886e-03 5.816929500790068682e-04
2.134955044872864985e-03 5.948510936533536004e-04
1.823535266482453551e-03 6.198533162165240648e-04
2.212594945566939870e-03 5.493952252239137860e-04
2.003601842754759894e-03 5.836110285413621378e-04
2.323283852312338534e-03 5.860651379068885797e-04
1.633759425393984180e-03 5.330541741213833638e-04
1.530653319697408395e-03 5.872986464505948641e-04
2.096501841170888766e-03 5.710380884571365301e-04
2.201521131612830997e-03 6.750241693967705707e-04
1.983161742046663043e-03 4.975232224228600102e-04
2.207932312177464992e-03 4.969141316257786288e-04
2.242787600097636506e-03 5.421511175699095849e-04
1.715262496835546612e-03 6.064059314017353252e-04
2.027021689168382896e-03 5.144200178122905129e-04
1.788121579078747348e-03 4.657913354697574009e-04
1.952623180597475028e-03 6.102241719190505329e-04
2.447891052168109458e-03 5.581620719294809940e-04
2.343486085421529752e-03 5.875609012594668968e-04
1.714497854221993644e-03 5.664885371938436359e-04
1.338027120469051064e-03 5.728857820059549740e-04
1.619776730036214278e-03 5.948004859403970088e-04
2.111468316710793901e-03 6.080394823442825678e-04
1.685105168051089647e-03 5.565613047181859185e-04
1.801565146958138347e-03 5.567526702768584154e-04
2.213378111364450000e-03 5.872704710669512679e-04
3.012733301876900725e-03 6.338388013157334518e-04
2.023878867187499982e-03 5.715826815257355354e-04
2.115287965863266954e-03 5.933020665538652622e-04
2.398105229966691725e-03 5.236015499127988403e-04
1.853351498844115798e-03 6.145861397095065239e-04
1.984369643718848775e-03 5.691810476237696035e-04
1.918561018538632703e-03 6.656759128886550895e-04
2.304245643546519364e-03 5.188114172409094560e-04
1.703173671133528409e-03 5.377771270565718858e-04
2.336275835228064732e-03 5.700241498566982609e-04
1.681205867042824976e-03 5.565646037544832092e-04
1.786554215477316422e-03 5.884423979937242416e-04
2.036613771428219966e-03 5.722626710901231734e-04
1.804160590966995574e-03 6.574735978353347292e-04
2.154003064569629412e-03 5.317700004423390765e-04
1.325475018519143471e-03 5.852797114874310012e-04
2.186342614772564426e-03 5.648567236365446484e-04
1.456804491857188787e-03 5.894274752935718675e-04
1.796283781700801826e-03 5.881360735781193541e-04
1.656007463416764086e-03 5.906230286426268714e-04
2.496970302574240668e-03 5.633558845848222509e-04
1.829171351073868856e-03 6.938875669296091803e-04
2.117063515193153521e-03 5.342796098262621047e-04
1.836327337118647679e-03 5.817906653809870685e-04
1.823002098705709621e-03 6.244400699522169567e-04
2.020551041266081035e-03 6.336868319033774066e-04
1.562314355780351554e-03 5.422021879308712607e-04
2.006860466303808134e-03 6.083122925454050684e-04
2.244759339868511623e-03 5.666114121656960637e-04
2.195420343197271827e-03 6.053305552444363186e-04
1.793463871227464219e-03 6.029278287815374943e-04
2.147113617010888102e-03 6.258488962890013801e-04
1.677879949972163175e-03 5.763876607998570352e-04
1.778115763907930436e-03 6.223055199739766083e-04
1.886066651114744414e-03 6.163504808990395495e-04
1.902729356020075539e-03 5.785883360815740261e-04
2.228134654697231862e-03 4.956364469394056605e-04
1.787203183135057044e-03 6.416506299760818370e-04
2.198862731784947521e-03 5.862438809760720047e-04
1.637446254175675599e-03 6.380924537652989245e-04
1.829465000143599279e-03 4.667831532025773804e-04
1.929247213451149370e-03 6.478548964413526892e-04
1.990884699800376557e-03 5.565018126044014553e-04
1.849608131139966055e-03 5.246828927797351789e-04
1.835359341375728632e-03 5.777327586731528016e-04
1.639653494617309814e-03 4.974465604609307244e-04
2.233955888762680780e-03 5.198523876126667992e-04
1.930272415089770519e-03 5.662315387992694626e-04
1.978900328018575426e-03 6.089539237946336395e-04
2.469194337099382772e-03 5.523750427177337788e-04
1.778900125720144507e-03 5.212509751413001852e-04
2.361987761909317609e-03 4.940310194859876122e-04
2.222242599423298898e-03 6.181206106277805420e-04
1.571430102725345770e-03 6.259239719091751197e-04
2.442068323790431029e-03 5.919358311713982315e-04
1.529502085231565804e-03 6.426846700479200633e-04
2.194265613076091127e-03 5.234237772572561355e-04
2.233856946298934387e-03 5.022394206574996378e-04
1.223858767969646186e-03 5.619477174158954945e-04
2.281785859263671216e-03 6.471775105730244795e-04
1.791583590157604013e-03 5.370827851306580027e-04
1.747313586411102307e-03 5.950581813092245586e-04
1.537678941930828262e-03 5.433816274294882547e-04
1.688848946121314929e-03 5.343125715080770857e-04
2.630069588438782146e-03 5.546748144835923419e-04
2.122749124727766473e-03 5.990721179875696653e-04
2.351065183834823071e-03 5.340332517911719522e-04
1.932599136172975796e-03 5.577909119349251004e-04
2.271810959300874389e-03 5.688413749103943392e-04
1.774427267815268088e-03 4.739312287585248991e-04
2.052729719447256643e-03 6.422163103805638394e-04
1.334568548866483248e-03 6.069950147433284503e-04
1.607165060919889385e-03 5.813116631460163355e-04
1.877692006145421878e-03 6.062758862647197938e-04
1.859816914872624953e-03 5.528439889681190057e-04
1.387934910167196341e-03 5.080808926150734905e-04
1.633652793856024080e-03 6.398930152880584650e-04
1.557287338935082989e-03 5.488396835265581296e-04
1.533690975539691659e-03 6.161403003708982315e-04
1.968369241622730265e-03 5.916641343889965593e-04
2.599476918439213441e-03 5.388501728411559987e-04
2.199591625666472931e-03 5.720416057382149248e-04
1.834570014531810211e-03 4.924032216281753202e-04
1.696027903002699216e-03 5.826004657408411424e-04
2.176806880414952627e-03 5.818073372282732414e-04
1.966904516533324147e-03 4.771365703718079645e-04
2.753361567261529159e-03 6.034328077189070501e-04
1.585484996929347737e-03 5.047491876436963456e-04
1.716151044835657283e-03 6.716775214955498412e-04
2.286066480581757342e-03 6.165159034397731759e-04
2.071729350816957967e-03 6.053761325813607382e-04
1.608899266504486454e-03 5.830992717570708484e-04
1.397300903814262555e-03 5.757287912326388302e-04
1.346150916877461275e-03 5.700894944636676794e-04
1.849106218391791514e-03 5.839947180525479828e-04
2.044763500872246679e-03 6.413224821806575403e-04
1.828436790931524608e-03 5.658539886948143376e-04
1.895937035673540176e-03 5.651422293295189480e-04
1.732184928989321995e-03 5.621143088809546192e-04
2.370134575717682598e-03 5.870463217704985142e-04
1.852728903089471794e-03 6.241394763977414686e-04
1.959590988849879787e-03 6.597525561195226058e-04
1.613051711082994465e-03 5.378214539608309076e-04
1.916883303063323871e-03 5.341408656591321641e-04
1.492977234783996431e-03 5.640794809706139133e-04
1.671495055448409591e-03 6.038852986823931316e-04
2.103347068790377243e-03 5.765920955561331133e-04
1.975979831622811083e-03 5.497857225750521016e-04
2.091282962454884750e-03 5.884629857158504059e-04
2.539700756569045464e-03 5.530865666331103835e-04
1.818202499068644366e-03 5.912062801430790267e-04
1.886328811824755690e-03 5.869278050574120104e-04
1.954084513823116029e-03 5.151702160789072785e-04
1.994538244275698320e-03 5.995327384899568545e-04
1.488333290246772033e-03 5.829621575630853205e-04
1.706376220306541356e-03 5.934224304129241852e-04
2.739937363346813155e-03 6.009027886117525611e-04
1.675847112820134585e-03 4.602070565599389361e-04
1.601898072459963414e-03 5.532178893057966996e-04
1.843013402232924385e-03 5.395540798280205278e-04
1.479976358024691525e-03 6.219694491927823567e-04
2.040431670420911163e-03 5.516302502912883484e-04
1.952389149797571603e-03 5.395986623164764767e-04
1.731046278020911388e-03 5.293235093679961875e-04
1.628516750112239892e-03 5.534419020601008803e-04
1.676702304452582469e-03 5.544080171703660897e-04
2.023924633319246734e-03 5.690130570043997306e-04
2.249836642799428986e-03 5.516812596777916858e-04
1.696702360271890465e-03 5.681931425398528994e-04
2.048880945245325907e-03 5.463960872670472037e-04
2.250502726468644934e-03 5.548781004326630226e-04
2.264604243754967956e-03 5.474322541472618694e-04
1.703839301951387249e-03 6.203462439341351792e-04
2.409798701469849543e-03 6.028602163438638150e-04
1.216216623599567165e-03 5.734743604319631708e-04
1.771614434626406611e-03 6.183844241133080923e-04
1.744537834221415035e-03 5.536793152101737812e-04
1.584230425387672409e-03 6.182507885855671650e-04
1.204836449210933786e-03 5.721629314773730730e-04
1.740304562559195868e-03 5.544090849570874370e-04
1.926541222604864377e-03 5.265525455113492098e-04
2.035141898717116211e-03 5.218525710151106873e-04
2.024279320706611797e-03 5.895772917462363105e-04
1.815600327945152701e-03 5.387029711790846959e-04
1.735498028506584495e-03 5.870750643448428754e-04
1.990014100534160009e-03 5.762898304175538512e-04
2.055359884171996561e-03 5.543895760487476234e-04
2.080767369716234917e-03 6.360002275516929383e-04
2.356167252521169930e-03 6.330633796536082542e-04
1.670246532118056012e-03 5.419239386838507365e-04
1.788008020746288586e-03 6.078745907638585149e-04
2.590703684327437788e-03 5.267968801402438377e-04
1.989674096206111957e-03 6.163403637493982757e-04
1.677214473581251043e-03 5.623516631693631709e-04
1.844188912157372932e-03 6.190150134374931921e-04
2.136678790230025007e-03 6.093363736476179815e-04
1.779178337823227258e-03 6.372321074126720188e-04
1.551475904976619977e-03 5.345941947750571920e-04
2.156285386674587721e-03 6.503683550627878916e-04
1.968356632002459580e-03 5.032099966009177978e-04
2.019106810153804398e-03 5.583732326761202619e-04
2.333554258750721640e-03 6.712177724330893819e-04
2.165124628585203027e-03 5.703656069896235808e-04
2.019648833461491853e-03 5.221799167651902402e-04
1.693640823580515146e-03 6.241625766323461930e-04
1.856677244523097670e-03 5.762314152059113933e-04
1.953820409487222551e-03 5.225563747922391030e-04
2.055095622728403838e-03 6.289744364789679040e-04
1.767486170132178932e-03 5.215411681332538874e-04
1.940342267966758440e-03 5.429913245705306549e-04
1.520407009153801510e-03 5.189470043411593394e-04
1.583741195374610208e-03 5.713860253634618809e-04
1.728559142046894818e-03 6.214662519478105851e-04
1.983654759071772078e-03 5.974873641442356598e-04
1.693608173330849983e-03 7.121321862195572217e-04
1.619382873455255112e-03 5.887156942916495260e-04
2.022975885808152297e-03 5.788995255493249942e-04
1.933206833661421610e-03 5.778863160669326119e-04
2.084869469605140409e-03 6.329553238273251305e-04
1.690335417126141195e-03 5.010967530147572395e-04
1.633347789329279726e-03 5.738113548266533283e-04
2.005497250761436104e-03 6.873105465706884527e-04
2.280404289498972736e-03 6.700168160832549588e-04
2.496497855744178075e-03 5.602797492497207585e-04
2.017734589803826632e-03 5.991705755198341527e-04
1.926114784910088785e-03 5.869404533592858641e-04
2.190162039501971410e-03 6.491371740162079533e-04
2.118438020034351180e-03 5.516218873575866842e-04
1.906989510754585537e-03 6.099653763414258694e-04
2.234367129061234913e-03 6.049314135711255465e-04
2.031422913034883985e-03 5.969971247338916624e-04
1.938808571686382242e-03 6.191696144141690993e-04
2.198769036817254698e-03 5.586507508569280109e-04
1.848526613300809302e-03 5.381851720175870758e-04
1.851274989377759599e-03 5.984345943764273184e-04
2.429789286025517414e-03 5.666969895079742529e-04
2.295893637411569512e-03 5.936360293570845052e-04
1.909536726470632004e-03 5.284232496629720239e-04
1.987609848501614880e-03 5.587408894237312325e-04
1.829080177954702912e-03 5.831197346922921366e-04
1.956281542495469372e-03 5.372417417538527182e-04
1.837626396607788468e-03 6.099237483707311159e-04
2.038135696134321575e-03 6.314173746839556308e-04
1.844714867346939399e-03 5.532924058084772497e-04
2.205843362349825358e-03 5.844328177142801492e-04
2.279639468055482364e-03 5.822676483377325950e-04
1.806559258073910448e-03 6.331658800741902680e-04
2.102670909378747711e-03 5.781754587503816489e-04
2.156421238073525249e-03 5.714449245901959086e-04
1.853072665982316699e-03 5.329851849527079142e-04
2.216864831798929895e-03 5.329908498984764703e-04
1.964943545765913610e-03 5.827383804766567621e-04
1.878584494020543423e-03 4.886908075879957836e-04
1.658415693902020151e-03 5.719955811467578337e-04
1.982016882124267368e-03 5.840148624394512307e-04
2.452678668593825505e-03 4.849931502211203972e-04
2.184234755737779823e-03 6.021581691168524566e-04
2.220615349011456456e-03 6.575015952530710150e-04
2.657928051684822594e-03 5.231117465505204451e-04
1.708491531250662734e-03 5.569932204612458148e-04
1.901923551761934344e-03 6.039378321102827248e-04
2.360915034692300570e-03 4.796790302507348593e-04
2.059368946529168635e-03 5.315950481893438407e-04
1.403066070283143577e-03 6.181576107247573710e-04
2.374071938560306898e-03 6.721613512052751526e-04
2.304566253981056318e-03 5.215403880406311189e-04
2.541277244236148439e-03 5.677520641600392959e-04
2.013779240078490771e-03 5.861853744565017482e-04
1.750292304333968913e-03 5.634681968059281282e-04
2.168571439453804723e-03 4.885897442971083148e-04
2.304568325999529783e-03 5.219828955455648335e-04
1.570943717880570302e-03 5.414334237629234246e-04
2.023352968257798121e-03 6.498932628366509015e-04
2.145120653555300082e-03 5.895634577336926170e-04
1.506957302077143856e-03 6.174888391004893081e-04
2.201707172202214957e-03 5.548148142333858383e-04
1.757515809306894579e-03 6.098457025053208693e-04
1.719628036561064678e-03 5.457623948498345609e-04
1.938324618767832278e-03 5.925766172617201845e-04
2.250596172555736300e-03 4.883678847597428679e-04
2.206141431346557869e-03 5.358706196395207145e-04
1.873666426151285227e-03 5.465289574796062437e-04
2.392438957447193780e-03 6.485911685161035349e-04
2.012267862848877292e-03 5.443646826785763018e-04
2.060010229119425829e-03 5.822114202603152766e-04
2.502701603463987085e-03 5.083970321710907202e-04
1.826583095307458219e-03 6.019119037789133660e-04
1.938806833222608047e-03 6.029738126921633775e-04
1.517790925546410544e-03 5.043933672675155605e-04
1.961242651668558719e-03 5.331270880791606033e-04
1.987194000462723462e-03 4.903456351553528957e-04
2.095525220597675969e-03 5.124565100626135659e-04
1.793635345771731797e-03 5.508944032920829034e-04
2.206613045295589826e-03 5.732851309475375193e-04
2.364862617912403230e-03 5.492467483471849803e-04
1.981188489967104695e-03 5.549296317821824634e-04
2.318212772907591278e-03 5.277859199625548276e-04
2.020635073727784954e-03 4.851639118068915902e-04
2.135236362299146838e-03 5.217621786372603080e-04
2.033547437543741388e-03 5.282083288840689131e-04
2.390373192526059221e-03 4.652565647919320192e-04
1.967407782052447551e-03 5.756234401985990765e-04
1.829678319717259775e-03 6.085360847118162454e-04
1.913002570044855088e-03 6.362550857502468141e-04
1.480041382785498259e-03 4.777482518657846376e-04
2.154687148022628625e-03 6.776858141433357834e-04
2.408685341255310287e-03 5.763293496967101647e-04
2.007614616578346986e-03 5.435172846950768466e-04
1.828633771778208480e-03 7.188233582147276817e-04
1.564572506192690596e-03 6.673215819320983374e-04
2.021148607055106225e-03 6.143653038185455887e-04
2.661939540200545205e-03 5.992717399865088793e-04
1.905451693965423384e-03 4.959411655646432269e-04
1.473570580794483905e-03 5.795240311465876858e-04
2.048296085994608801e-03 5.913264400695572749e-04
1.786827411027859264e-03 5.571746617185282949e-04
3.135632317386298842e-03 4.875620702779199633e-04
2.025522891001292798e-03 6.068657988985474115e-04
2.144274696372150749e-03 6.151944337409460516e-04
1.795501004900742483e-03 5.631487763293136287e-04
2.280585421129166165e-03 5.441350876120953743e-04
1.773083317042233780e-03 5.052649818006821553e-04
2.045844766200951865e-03 5.487565018808715674e-04
1.377676289469999824e-03 6.143605914643010318e-04
1.773153437623203269e-03 5.591679721067518202e-04
1.987600513635715081e-03 6.415959478930468359e-04
1.857807527700498481e-03 6.431293328504478213e-04
1.578264913307700747e-03 4.754690981946460017e-04
2.451635580326857935e-03 5.839621075090348137e-04
2.213250161642061654e-03 5.779201037894148843e-04
2.347428959633869258e-03 5.757545806274579417e-04
2.307299355111543972e-03 5.209085084589978269e-04
2.012781899912362022e-03 5.291550605091839381e-04
2.265672705930924652e-03 5.452382878908271441e-04
1.980478578591344900e-03 4.908319373977493251e-04
1.666312477270033478e-03 5.194839945093636955e-04
2.134565794562618985e-03 5.201807169572969947e-04
2.136598077526509053e-03 6.241902149273921259e-04
1.831041561297055975e-03 5.607262289586520572e-04
1.387831050173472976e-03 5.845126798373640603e-04
2.415851845429457020e-03 5.371051349031405941e-04
1.907515650269358577e-03 6.310949083199406508e-04
1.964930491522786163e-03 5.299878031192993555e-04
1.561111733260134478e-03 6.089912635765213104e-04
2.222828826704975787e-03 5.359088641539220101e-04
2.050478354262579885e-03 5.578310313715076655e-04
2.450932860842401986e-03 5.268373000198508117e-04
1.735669009733686527e-03 5.596848880036264318e-04
1.512411736242027594e-03 6.264616664642726901e-04
2.195845164797277909e-03 6.127365883824191853e-04
1.649177175036927378e-03 5.462751468418755021e-04
1.907460440604618907e-03 5.592765423620456181e-04
1.748901489696369580e-03 5.855352688233791221e-04
1.901380996296007540e-03 4.969163072575266292e-04
1.873659941468897375e-03 5.531034246344645198e-04
2.333912242646512310e-03 5.836810518199783866e-04
1.727935983851566076e-03 6.076683334207701702e-04
1.857248390778659143e-03 5.290961940170865263e-04
2.452618177480409001e-03 5.795266518457651032e-04
1.770780729472922182e-03 4.574828081895601921e-04
1.185308823721198824e-03 5.206916392138569681e-04
2.182847755003919973e-03 5.091232379076089751e-04
1.342132239178795913e-03 5.450830233819366037e-04
1.328539050252302211e-03 5.404686006240726160e-04
2.292153512609580550e-03 5.826800412991465280e-04
1.699630627846445774e-03 4.948702030433472284e-04
1.726961289119404146e-03 5.363306837521025815e-04
1.978202920578766080e-03 5.855226814130358014e-04
1.686399902039821411e-03 6.274833466299901963e-04
1.320184075718401455e-03 5.777722517610856630e-04
2.326911084737409447e-03 5.132387975706966150e-04
1.639699904953871709e-03 6.308348585294729213e-04
2.324683440336582866e-03 6.324460023602759785e-04
1.970762486934923407e-03 6.075645610743767369e-04
1.846965556894647476e-03 5.096084581419910772e-04
1.321602810275736544e-03 4.970163572300513935e-04
1.719231297319469710e-03 5.714925985264373383e-04
1.951533870766274277e-03 6.200419353852488526e-04
1.907825425487017293e-03 5.964468201868843803e-04
2.024777375581152290e-03 6.220411477908520826e-04
2.182900279290406111e-03 5.694208669406006403e-04
2.422259610478806786e-03 5.675831107207029817e-04
2.185792639724307585e-03 6.232016158033194548e-04
1.689658642396608696e-03 6.330559728158303761e-04
2.393122630936361881e-03 5.312332738689436781e-04
2.082199260740725741e-03 5.856806837606364250e-04
1.713334031872356918e-03 6.018466661683030943e-04
1.889582360045802311e-03 5.645796609759209722e-04
2.119317417851009338e-03 5.755484145377095509e-04
1.740228479274276213e-03 5.105045736502959427e-04
2.111222353422767452e-03 5.520989632624777018e-04
1.784620155409369401e-03 5.151972849943113608e-04
1.854642726032382531e-03 6.251089087305061872e-04
1.182258506369230234e-03 5.359148926620648911e-04
2.064353003246985254e-03 5.926573426126206887e-04
2.531532804857055102e-03 5.339617922923833989e-04
2.029602877551020708e-03 5.337703914626407663e-04
1.619717324772535156e-03 5.814414930336457349e-04
2.491956013447313607e-03 5.632365400943308573e-04
1.917064303270035828e-03 5.516432712283062976e-04
2.263752818637118549e-03 6.165756467602887285e-04
2.169909648123628364e-03 6.675640007977154573e-04
1.843591576237171370e-03 5.466529740132141692e-04
2.370642910201501904e-03 5.869637484211917989e-04
2.105879463536250787e-03 6.637996712758638526e-04
2.509929347479024006e-03 6.641032594457395039e-04
2.105563681417068570e-03 6.152184448099877294e-04
1.658634631386923406e-03 6.377644981499558299e-04
2.308647424474074856e-03 5.019327746933088157e-04
2.191852145192581692e-03 5.352761970239930433e-04
1.574664807657454079e-03 5.424252374598909684e-04
1.921590937323102094e-03 6.645739216330807334e-04
1.833553795666785415e-03 5.628381292552970790e-04
1.774438216567046341e-03 5.125131052202171189e-04
1.969573279755595496e-03 5.399379916897510331e-04
1.968291351390117142e-03 5.504982476977887803e-04
2.392940016419224138e-03 7.021366383999721149e-04
2.754940830496187005e-03 5.272826538737681841e-04
1.837930760348508103e-03 5.246326668324564685e-04
1.675364831601108655e-03 5.506364163588737745e-04
1.682899951080353649e-03 5.163877620906722398e-04
1.326872246296750563e-03 5.869507954405833380e-04
1.548255510863446281e-03 5.406867630580276460e-04
1.788909084575305728e-03 5.501350852522964236e-04
2.516928348370366282e-03 6.032716352784442751e-04
1.857016427277930447e-03 5.209794392753060990e-04
1.932359989369483938e-03 6.047826505109436118e-04
1.733469194760069469e-03 5.106763477472874013e-04
