1.681663738685563797e-03 6.116253567553052830e-04
1.406401022747847058e-03 4.762333735216126799e-04
1.571830312162827243e-03 5.811713498828049215e-04
1.480502882122412302e-03 4.597912003042302635e-04
1.415700481881709870e-03 4.975115711241681008e-04
1.388647724262787563e-03 5.438268660581160310e-04
1.178097931455419868e-03 4.387392911732890407e-04
1.289005469189456786e-03 4.877077717372276552e-04
1.548124518540257505e-03 5.576670422563633107e-04
1.697150533012816310e-03 5.051101961159528168e-04
1.705730240914734696e-03 7.109662141170636478e-04
1.616131438379420472e-03 6.375275586218856570e-04
1.395082127282403980e-03 4.714552227859338711e-04
1.160250991657795850e-03 4.492045024085630257e-04
1.640354114042621167e-03 5.487765583316970164e-04
1.861277810274216803e-03 5.853607293436152801e-04
1.762792784288046404e-03 5.730971084121061748e-04
1.269129372795291515e-03 4.832473220191807061e-04
1.318058292208798381e-03 4.761428711531745365e-04
1.374898180791023694e-03 5.676890707764042877e-04
1.495063969706584596e-03 6.186844691892373627e-04
1.553552022491982380e-03 4.858388309568724222e-04
1.422651066923459866e-03 5.408617043491622308e-04
1.867779043150835086e-03 5.207893170107937182e-04
1.527775751509549348e-03 5.517150759945702683e-04
1.873397929616655525e-03 5.691580791547998491e-04
1.349859644654739657e-03 4.865080782276096365e-04
1.196882567620551931e-03 6.086314204344050582e-04
1.511888385109041956e-03 5.432328276371169813e-04
1.620009599443516255e-03 6.744501872268436702e-04
1.645556132535859082e-03 4.991846085526492009e-04
1.666585151598516884e-03 6.109607627512279740e-04
1.147560568013256382e-03 5.909945724757935089e-04
1.325555512709262161e-03 6.311517191419126205e-04
1.558322342381614602e-03 5.499237312705040166e-04
1.018585672427620549e-03 4.904765301220499881e-04
1.219758345940970138e-03 6.729595781280263466e-04
1.469350503842452044e-03 4.200778868160150279e-04
1.263687730071324242e-03 4.568342487473644868e-04
1.452338857664729451e-03 5.270338614043562587e-04
1.533230331143436466e-03 5.172117396159170736e-04
1.344811668800100380e-03 5.017081838591152306e-04
1.538494175230344834e-03 6.657952552191972887e-04
1.714670501191736937e-03 4.597510636445063825e-04
1.505673680801610740e-03 4.940483833138789799e-04
1.130504726290446679e-03 4.567481591122155753e-04
1.349701554410050663e-03 5.332904854487874628e-04
1.461203648796277881e-03 4.795333374579879631e-04
1.383403410040195220e-03 6.336534795057910570e-04
1.602782603809206922e-03 6.130537491162545019e-04
1.806639573283859044e-03 6.172235059552830640e-04
1.384830234553836512e-03 6.400869494620220219e-04
1.178275397485930567e-03 5.387055330052477938e-04
1.244709699709734690e-03 5.187487853416500837e-04
1.358737231756881750e-03 4.678778860608148412e-04
1.827359791519415520e-03 6.456460873595911776e-04
1.397853759591734897e-03 5.781986900170006053e-04
1.397206758543350106e-03 7.697845130425941132e-04
1.166386380148284755e-03 5.030791003232242551e-04
1.276162515809188720e-03 5.360347029116065360e-04
1.752709434348320629e-03 6.484345467252883386e-04
1.525174114377887170e-03 5.277458395443520439e-04
1.463813301152289094e-03 5.180222652431176527e-04
1.503236664161658638e-03 4.737826928378433152e-04
1.251175012964369799e-03 6.822879308481742113e-04
1.652459553327509031e-03 4.304985197151804752e-04
1.747521228990090705e-03 5.191106072620027632e-04
1.556572643850434980e-03 6.350982172162646794e-04
1.827056620689707610e-03 6.036540538670557990e-04
1.659901310682384418e-03 5.816764892386293642e-04
1.757519663881441062e-03 5.593260043798148340e-04
1.494777028061224002e-03 5.518121754535146133e-04
1.719521163770846390e-03 6.773564577112151184e-04
1.810121753333937804e-03 6.125321308418906494e-04
1.769695803990813544e-03 4.842783861145723767e-04
1.557942955992928143e-03 5.810023231040732867e-04
1.406420729710913895e-03 7.027305079754230530e-04
1.813996210378765635e-03 5.691168216095283949e-04
1.737934919981118853e-03 6.838267593593568699e-04
1.413026520803230789e-03 5.439621616660493021e-04
1.268345675808497421e-03 6.281642112735305291e-04
2.284346334203413674e-03 6.326672833097810771e-04
1.413613760173198239e-03 6.587662841198404758e-04
1.792885109581386204e-03 5.752328607368417841e-04
1.572221248870649514e-03 5.906407750144403428e-04
1.044449487717310143e-03 4.626599915816081402e-04
1.371235745041076955e-03 4.998531032093370997e-04
1.374499726896832169e-03 6.160953551999082123e-04
1.616638862702169787e-03 6.046826150289058913e-04
1.540296860820498676e-03 4.894521505963335016e-04
1.360451667840960202e-03 5.675853668914472442e-04
1.388365121501774916e-03 4.326895225378199700e-04
1.508339078035809185e-03 5.063377198894585245e-04
1.475771669710128787e-03 6.814843043364151145e-04
1.299929370957530117e-03 6.290728870384811305e-04
1.670749562421667200e-03 4.316470307992360551e-04
1.321206006076604397e-03 5.162476749018302287e-04
1.383521549617463707e-03 6.179105862495380078e-04
1.536212671733277199e-03 5.482160021543727333e-04
1.557038472366097147e-03 4.971284681235161890e-04
1.662633162785300813e-03 5.552929552772829314e-04
1.491608842561260731e-03 5.161387610280898002e-04
1.313966400581103190e-03 4.308535656051823491e-04
1.239825826838167116e-03 5.708464181205188557e-04
1.441413622588949691e-03 5.402139006827445323e-04
1.618541289210383540e-03 5.261036738967308319e-04
1.602159001220527720e-03 4.944881148279832352e-04
1.579277451175351878e-03 5.652614830587975600e-04
1.434996561269567946e-03 5.967765578320141217e-04
1.517892630433690130e-03 5.491245260985466812e-04
1.555812021413832680e-03 4.791602044055394915e-04
1.101694316761401681e-03 4.882523483267228260e-04
9.095303585807582676e-04 5.750285287373322349e-04
1.569976455016650714e-03 6.308401809058333072e-04
1.280483507902649854e-03 6.229484370616996704e-04
1.325888795121318289e-03 5.511425198245740271e-04
1.099188225375434536e-03 4.426307418228030643e-04
1.339349468448837758e-03 5.652457789154470341e-04
1.705941638593001276e-03 6.410639368311805411e-04
1.739153029818204773e-03 5.483783775578967038e-04
1.387339740318090705e-03 5.860099873289960869e-04
1.700473899829300353e-03 5.070160503693184155e-04
1.502314014083930456e-03 6.509156066519465166e-04
1.375766993894242569e-03 7.186102206556405211e-04
1.354239538557027887e-03 6.349971256664343902e-04
1.277766792619922012e-03 4.830749561300851569e-04
1.649570866528543523e-03 4.811556855452915247e-04
1.749552897892957390e-03 6.367315849003614067e-04
1.605117983477928742e-03 6.490493678116342983e-04
1.349286258094075730e-03 3.988217569695620061e-04
1.349822616611968387e-03 5.470233899815882522e-04
1.744868201813293187e-03 7.597411442778061489e-04
1.255461137938361071e-03 5.175139104017464388e-04
1.298195934591208928e-03 5.603797876750626081e-04
1.710384385132946708e-03 5.041895697759427291e-04
1.743704528039514675e-03 5.022408827515565744e-04
1.569288554164259900e-03 4.650011334308710499e-04
1.114409791122156082e-03 4.674033807303514584e-04
1.454536932136606380e-03 5.929453753630772048e-04
1.501865612200069082e-03 6.393270979456835458e-04
1.376158122991275956e-03 5.725873412720571074e-04
1.749475317938530873e-03 4.977288849903515255e-04
1.182984311166548896e-03 5.628599593327923223e-04
1.464203337235629688e-03 5.624449791813745979e-04
1.312455646990686418e-03 5.600314463681632486e-04
1.224324527898260637e-03 4.047679255816590015e-04
1.105278074622487346e-03 5.004468246224876840e-04
1.303776344125138955e-03 5.218707260803868032e-04
1.580802620503545539e-03 5.513565291199025399e-04
1.805415920876509046e-03 4.895424189010928870e-04
1.178861384115868251e-03 4.378652621082609951e-04
1.376212113740959498e-03 4.992859773773233086e-04
1.455858606268460760e-03 5.397178965803729831e-04
1.114239899017204589e-03 4.475782234378823622e-04
1.480210615508848132e-03 5.452023662834005850e-04
1.260037355755504575e-03 6.546385818701548447e-04
1.553888811072523394e-03 4.750649829475247837e-04
1.326847155735135430e-03 4.808806526020264452e-04
1.223830969406792223e-03 5.112440913971611064e-04
2.232094628827480543e-03 5.601997506258789934e-04
1.476120679215461905e-03 5.151965893232512148e-04
1.296387122403524573e-03 5.022132089455067817e-04
1.745571187225553869e-03 4.975671342957523361e-04
1.145587823219829104e-03 4.199631978858885334e-04
1.575664267902766001e-03 5.236020303299641996e-04
1.850872621513839677e-03 5.374502928262674378e-04
1.191396606042287483e-03 4.400360410083488296e-04
1.624434442447601247e-03 5.083552798426891088e-04
1.125507539220938933e-03 5.157533589722371149e-04
1.865351358752436730e-03 5.541871532495488322e-04
1.346339898706480761e-03 4.240809513749223291e-04
1.315234637338968905e-03 4.359939346026501248e-04
1.513361810219505813e-03 5.317294672388980618e-04
1.578830782715657296e-03 5.388974922823670929e-04
1.284849219609619352e-03 7.006177328128351030e-04
1.439338891237285653e-03 6.062612222378817176e-04
1.376526070604926297e-03 5.217975217521090246e-04
1.114121815562927557e-03 5.044762610204144970e-04
1.506351360975268731e-03 5.526194464102994214e-04
1.551560296199898381e-03 5.546185879852743965e-04
1.437748608040101536e-03 4.762137699483943911e-04
1.103171628331739082e-03 4.850350507571043373e-04
1.309695112385504808e-03 5.768571256065091989e-04
1.060674620858846487e-03 4.750949589240614280e-04
1.153513210728387538e-03 5.741221842020035205e-04
1.315365036732879089e-03 4.928319315709255412e-04
1.158706172751793571e-03 5.165535896595146829e-04
1.730485777317001053e-03 6.479692076683085233e-04
1.121103697333799025e-03 5.368542393898737214e-04
1.061061218001816547e-03 5.247115817440475448e-04
1.338799070076084367e-03 5.196612975421017805e-04
1.355025283115258387e-03 5.475323465448566013e-04
1.372103781374226774e-03 5.742742801599086703e-04
1.297985145356498303e-03 4.734794810192970507e-04
1.566337124345149089e-03 6.326239468394347825e-04
1.494367799398151108e-03 4.852511624860611928e-04
1.447298540117115170e-03 4.340878942783130698e-04
1.961348519148436824e-03 6.610973546349846030e-04
1.855182579863062656e-03 6.793794279153978063e-04
1.309919294404688012e-03 5.396214396192096363e-04
1.421515258589066757e-03 5.226659782014046003e-04
1.191746017422345505e-03 4.742483767488849412e-04
1.364750074984268004e-03 4.700506464848028254e-04
1.700165089043494376e-03 5.054428714111491210e-04
1.094287686105591606e-03 5.964584346521030608e-04
1.521330172485262826e-03 5.593166937618586397e-04
2.104661289251511923e-03 6.084112771625369530e-04
1.298477222013413000e-03 5.835979477895480603e-04
1.299734642559517619e-03 5.021419140801856775e-04
1.452501614309633466e-03 4.830972973610223476e-04
1.375042613464126868e-03 5.150279233184059313e-04
1.807026772839476431e-03 5.512696946543921240e-04
1.825189182417097768e-03 5.766358964518552774e-04
1.644261043706000784e-03 6.449996816611833867e-04
1.524312959848860873e-03 5.340449342806798507e-04
1.470796179804521875e-03 4.790673515894503832e-04
1.587335538050656161e-03 5.105661880988592461e-04
1.741706802766649579e-03 6.412132165025618245e-04
1.742942844639988956e-03 5.480270680855458577e-04
1.889931361603396174e-03 6.415636169931144194e-04
1.344725991410817981e-03 5.771243443410166776e-04
1.004329246678568400e-03 4.007730467459352948e-04
1.276538006207637074e-03 4.647020548729485214e-04
1.820571692393570208e-03 5.881083045488065845e-04
1.426021121528927302e-03 4.656087610556779556e-04
1.180609846800991522e-03 4.666305673499813902e-04
1.603989024110520113e-03 4.294350710628305713e-04
1.477090289597053499e-03 5.450707555468755358e-04
1.504184936949171016e-03 5.424105803315235107e-04
1.556795467021817626e-03 5.670977292001789941e-04
1.615325228807086696e-03 5.393760072627996763e-04
1.461193464448348875e-03 5.884369890385125626e-04
1.782838650075078534e-03 6.527316140815436806e-04
1.278715927314358260e-03 6.236280367032138051e-04
1.388613004669240168e-03 5.903605814321857695e-04
1.459232943395134558e-03 6.209609833141934614e-04
1.458414745336374975e-03 4.975755596843325088e-04
1.519377876209142492e-03 5.908852106475521136e-04
1.272150869233087522e-03 4.545859606114058759e-04
1.673366978540370177e-03 6.310009022971988131e-04
1.377443177371475693e-03 5.346811624613446827e-04
1.495215401740538448e-03 6.221065906569410919e-04
1.402103380108958011e-03 5.110729987878806372e-04
1.542304004065039522e-03 5.196967549668873388e-04
1.494924806728502266e-03 5.288627129364818292e-04
1.544561746690758771e-03 4.895671407201875611e-04
1.287092380691749055e-03 4.845258457707972291e-04
1.364062279233038471e-03 4.875379067809253219e-04
2.006602379635054854e-03 6.618579329896570650e-04
1.487258716072812140e-03 6.311146073908703493e-04
1.100248189662161478e-03 5.108782907636925117e-04
1.781875593942512616e-03 5.773105444426944195e-04
1.614019545252231343e-03 4.836251322825119896e-04
1.279950865151297358e-03 5.465282786790554275e-04
1.790603789356013699e-03 5.087506514716470070e-04
1.365633823040854431e-03 4.149775534026469716e-04
1.435875901792613976e-03 4.726912335454996894e-04
1.506566032936013273e-03 4.390983978008780836e-04
1.550508125398931611e-03 7.126223634195008681e-04
1.451998604387984672e-03 5.360667209440274318e-04
1.104046655436649637e-03 4.411712547956239661e-04
1.226716891496151081e-03 5.641785396379555553e-04
1.435962788301271744e-03 5.147572362006645145e-04
1.538173843781796054e-03 5.008750009837271153e-04
1.551926195946387067e-03 5.380392408752128182e-04
1.483426541988865609e-03 4.931802513384593405e-04
1.669332840647257035e-03 5.256775670310251088e-04
1.561007131134171120e-03 4.989326441621276097e-04
1.634079460488157241e-03 4.066940973355050865e-04
1.551479188087621572e-03 6.212157704703760242e-04
1.493674227150602971e-03 5.731343339575548524e-04
1.554177796431653602e-03 6.922045010090699261e-04
1.302297231221075276e-03 5.068799413051088476e-04
1.447030731183899426e-03 5.424644897493330906e-04
1.422320293170401938e-03 4.586083464385441364e-04
1.472079842381870257e-03 5.502246850995844672e-04
1.547341323812426563e-03 4.401737720205581338e-04
1.637981699345486195e-03 5.726034083850337769e-04
1.368755552011812274e-03 4.233591299573362843e-04
1.272480588305472358e-03 4.246630198674691435e-04
1.608433326748142907e-03 6.734877606115009319e-04
1.522546903190882817e-03 5.284026473900913781e-04
1.466377630214539237e-03 5.846232704105865444e-04
1.291362839194398976e-03 5.410745801451475288e-04
1.171832455388142815e-03 4.743445232846916983e-04
1.437920012050326315e-03 5.346676886982596171e-04
1.847202764483418021e-03 6.371955720231012093e-04
1.661619044937893063e-03 5.462144797205023073e-04
1.476062652523114091e-03 4.551486590740135723e-04
1.549717113802156002e-03 5.978694984685898684e-04
1.320575443251538169e-03 6.196337800662816107e-04
1.531625140633234225e-03 5.808666596535572331e-04
1.245911968343496254e-03 4.906828860341361318e-04
1.733676009070294613e-03 5.137310518053375989e-04
1.557859399133505523e-03 5.167536401101503274e-04
1.256122412871670370e-03 5.535693043802524058e-04
1.436899932457433911e-03 6.734695038003403120e-04
1.582750437062937013e-03 5.913941231343283322e-04
1.453177454933750985e-03 5.096756726185738091e-04
1.538375648587938811e-03 5.624319078438403145e-04
1.479776344014542035e-03 4.576008535588563632e-04
1.588244793159606077e-03 4.151167017617568198e-04
1.166817640547193743e-03 6.028430869757647401e-04
1.725119200983630348e-03 6.349174026516486019e-04
1.432607362367084927e-03 6.724222922890234905e-04
1.569350544223360559e-03 6.056480344073108483e-04
1.046826735459815711e-03 5.184229676089960109e-04
1.432949409839149365e-03 5.453456053762219475e-04
1.484613390658228935e-03 5.720992628019338187e-04
1.442879611262378381e-03 5.029142825813225212e-04
1.347182170297290095e-03 3.912698697068102828e-04
1.159656800802005231e-03 5.886396101459939094e-04
1.351255224771863656e-03 5.945141651493128249e-04
1.385968328327804406e-03 4.933545729274373647e-04
1.021848244044429527e-03 5.250707376019212586e-04
1.422664819811579216e-03 4.641602958519327701e-04
1.436077641254602166e-03 4.762491658831571862e-04
1.696101804945203363e-03 5.660733122981448633e-04
1.614648177995991639e-03 5.373091175949171227e-04
1.415940506447290652e-03 5.201729452420174229e-04
1.468542980535855183e-03 5.126885618610901732e-04
1.365918586302922915e-03 5.034155621093748924e-04
1.722671006471990099e-03 6.401712780742643870e-04
1.555142367864068443e-03 4.261203488235661618e-04
1.089090889817323580e-03 4.889694807161432295e-04
1.560492663358274473e-03 5.599067546866879144e-04
1.808841888169785599e-03 5.689062473509897246e-04
1.737619781585930450e-03 5.592489522474845690e-04
1.466283076416733918e-03 5.170178753508435001e-04
1.581837422499161958e-03 4.977894994471481361e-04
1.575525152166276253e-03 5.624676144995229693e-04
1.487827430606890582e-03 5.089575014347675003e-04
1.406811994207224359e-03 5.961804564684208699e-04
1.594262132375541671e-03 6.159508613001261467e-04
1.472551224746950329e-03 4.295970323266512167e-04
1.495391688632283569e-03 6.044956186356251811e-04
1.615300103674514572e-03 5.372801802336646957e-04
1.221473751375017807e-03 5.087597989430511607e-04
1.332462707414894861e-03 4.599545156735707877e-04
1.466346300714579205e-03 4.957889128303847844e-04
1.574159663253644603e-03 6.122711704752880268e-04
1.713026867239483874e-03 5.883426142908662745e-04
1.450241440765916070e-03 6.402040293137321175e-04
1.302305068531568570e-03 5.113501052962753221e-04
1.665545725192471224e-03 5.839441754343983231e-04
1.437759809634809325e-03 6.015331244778609771e-04
1.597558057331944755e-03 7.051412391501269512e-04
1.368185475093204422e-03 5.695850339270694352e-04
1.359703864934218081e-03 5.113717986469174187e-04
1.619068642049793089e-03 5.223221822842338000e-04
1.137011979368377033e-03 4.217009264614074329e-04
1.307831103135855509e-03 6.093049479542318953e-04
1.573826246272848860e-03 5.143375689917715782e-04
1.245052998986687825e-03 7.459375277462167468e-04
1.840992402406206293e-03 5.265523001675316821e-04
1.234159329814650064e-03 5.215802218702466795e-04
1.617975374905965659e-03 5.524264383659591594e-04
1.270493654023004734e-03 4.396197644671824621e-04
1.429104143593609927e-03 6.276219832008116464e-04
1.609234405201127394e-03 5.392944794020401505e-04
1.507319839982629046e-03 6.060238503185814106e-04
1.269984643690729017e-03 5.162287995348839153e-04
9.597586983739897232e-04 5.014047067185245206e-04
1.617542747232421146e-03 5.175722727388330346e-04
1.185683860775008005e-03 4.330860714407403747e-04
1.618979638940619154e-03 4.356774276856073438e-04
1.364592287758110501e-03 6.467966702241831648e-04
1.151962612897344069e-03 5.402167188793126785e-04
1.611762218895632396e-03 4.279436553713290023e-04
1.660985375933578343e-03 6.884084430830609636e-04
1.187271892966797887e-03 4.717054316527173651e-04
1.236978582486948121e-03 4.475221920209382690e-04
1.773970623629604702e-03 6.193988298723613218e-04
1.490542497223269151e-03 6.301067926444182694e-04
1.385431561375829622e-03 6.242151945566393667e-04
1.289705378140805058e-03 4.298818271942164574e-04
1.329632495636106238e-03 5.706523030569578357e-04
1.492396977904700143e-03 4.733418996637977312e-04
1.831824011835598816e-03 6.231050509212997203e-04
1.742610656761495787e-03 6.307275183937550945e-04
1.200319210539048257e-03 5.846610338473192531e-04
1.567807446851741645e-03 5.745695013529805413e-04
1.432168998121306465e-03 6.425767040156272168e-04
1.345232546638856818e-03 5.169791653779034135e-04
1.349874534118904092e-03 5.559510059195414992e-04
1.415968739899581361e-03 6.179235110841485665e-04
1.252687037912203483e-03 4.951512519590258983e-04
1.393905984138728380e-03 5.107539397032070331e-04
1.884055090125802585e-03 6.367731989425841777e-04
1.535986398550145179e-03 5.942085686564620205e-04
1.606668966690375649e-03 7.918690304216896396e-04
1.485903357943712437e-03 5.782085875452314117e-04
1.365042695374335925e-03 6.021799983096980330e-04
1.206035179201953456e-03 5.142825836430077501e-04
1.316808356032146080e-03 5.168867767731638412e-04
1.224957638788560935e-03 4.371577862021235072e-04
1.343647574887936631e-03 4.979228530538335525e-04
1.710329374819016335e-03 5.728502164856828609e-04
1.207070626876163367e-03 5.373102184008467144e-04
1.578265829306892175e-03 5.311335792040545491e-04
1.310430026833519796e-03 4.183122929416388850e-04
1.700748183648421313e-03 6.899879070232486965e-04
1.377962085597500162e-03 4.696392390215046769e-04
1.291497791526201961e-03 5.241230541473529793e-04
1.451396063667134044e-03 6.191043441084973257e-04
1.338021380506018406e-03 4.903979539156961632e-04
1.403851157923572237e-03 4.635588489601829513e-04
1.469480127890965618e-03 5.353288384045640442e-04
1.349390491461312626e-03 5.912088863807718085e-04
1.781952180573632494e-03 6.089160251727795872e-04
1.002536737032249303e-03 4.803622537375288378e-04
1.309015015935956075e-03 5.838013238876456562e-04
1.264511670116549120e-03 4.137844324144507031e-04
1.229054217028065915e-03 4.240809316905452624e-04
1.201342917770235885e-03 6.200872438304615326e-04
1.309812354664828581e-03 5.071696387716535413e-04
1.542525877591470517e-03 5.964921446103689344e-04
1.572850804824041382e-03 5.227462446176678497e-04
1.408288929690253329e-03 4.086738417873249807e-04
1.183908810893344234e-03 5.963620695924829471e-04
1.352531056901304547e-03 5.836118697416087502e-04
1.265984242421715677e-03 5.024136420159815587e-04
1.429499387017439671e-03 5.337524454501151299e-04
1.196313611151327309e-03 5.194652023355998682e-04
1.350388146752246098e-03 5.673119077738338891e-04
1.846461303202394811e-03 5.935999618569056399e-04
1.701838567500359427e-03 6.284458655700719343e-04
1.117953344686285462e-03 5.762199461760434327e-04
1.564935297274700019e-03 4.777625666482029801e-04
1.482484300730901178e-03 6.369926159103759394e-04
1.598583768389745703e-03 6.197008834175759011e-04
1.318589087980301432e-03 5.781393394434939043e-04
1.478981857152118903e-03 7.569826664680400548e-04
1.489627854660686718e-03 6.383274959915263358e-04
1.505132915147899472e-03 6.235273384539450139e-04
1.348754801402632375e-03 4.598963868650199479e-04
1.261986317896133993e-03 6.585986691731172396e-04
1.545067232335548598e-03 5.693209236481394219e-04
1.721301104775014570e-03 5.656516599319014659e-04
1.470344396658127733e-03 4.739595737917832725e-04
1.204723842141362062e-03 4.592351473440233790e-04
1.249051094834815285e-03 4.764567021729352952e-04
1.885884079141750226e-03 7.275837361677049914e-04
1.318048243548089081e-03 3.904158249049559967e-04
1.483813565342567958e-03 4.551068220094897079e-04
1.412521404790887574e-03 5.021258542629841032e-04
1.505196259932023266e-03 4.310904959577173531e-04
1.690931355363762623e-03 6.965157416453513417e-04
1.304073100197620594e-03 4.423302056120164013e-04
2.042352032378741498e-03 5.211944966679602290e-04
1.609070091734087112e-03 6.263285157871971301e-04
1.332770609166687627e-03 5.429785372539256512e-04
1.269188337455735100e-03 5.797427921580097137e-04
1.606374842703042803e-03 7.155694235562178691e-04
1.330177916021605235e-03 5.179205653314371011e-04
1.607716885505726390e-03 5.130029728170283545e-04
1.397138988951501229e-03 5.371818368191883441e-04
1.682976942148759706e-03 6.073366411975675760e-04
1.355775978723229233e-03 5.004351201094200518e-04
1.399343631927999019e-03 5.651764261387694785e-04
1.511789713989725560e-03 5.364802789705195229e-04
1.060634984451283699e-03 5.321944426095468264e-04
1.185257685772340714e-03 4.942751796769033132e-04
1.415089580400830495e-03 5.131277993810414448e-04
1.437652845238869331e-03 6.021994824860623730e-04
1.566049725278280272e-03 4.752785079245144448e-04
1.360009578925239476e-03 6.320932569499529809e-04
1.100073987593210576e-03 5.611182499680038597e-04
1.375825813275632827e-03 6.229189260582556611e-04
1.500508823718080731e-03 4.964194803967601375e-04
1.689056814910079498e-03 6.054417267062312891e-04
1.978210483373444347e-03 5.975262841813824442e-04
1.564600302822122388e-03 5.366479102000416531e-04
1.417608851286146282e-03 4.980215576028498197e-04
1.485909383264019147e-03 6.339120313556666914e-04
1.618091299364307319e-03 6.210200412636103810e-04
1.423440067464353540e-03 4.615416449272952072e-04
1.524209901652253838e-03 5.243309954022546977e-04
1.352379220998943879e-03 4.723635464971555841e-04
1.164476735470015628e-03 4.142570885689534016e-04
1.164075932605458880e-03 5.903486067470352979e-04
1.655893513152816542e-03 5.988227424018292963e-04
1.426470690506271731e-03 5.416372559545514767e-04
1.356432726734675123e-03 6.254488668785498657e-04
1.625136431955113503e-03 8.127103791347509544e-04
1.729620544207887810e-03 4.454288140862368902e-04
1.350266975257890644e-03 4.489690033534537625e-04
1.770421611107912858e-03 5.993894072227808631e-04
1.823722037381563616e-03 5.704996506541561239e-04
1.269387742286608341e-03 5.820573379886662168e-04
1.571088515407529154e-03 4.868715732587685740e-04
1.703979767158971112e-03 6.852442511087457767e-04
1.489357619604596544e-03 6.270404306815552387e-04
1.377837184074440398e-03 5.942823098606042024e-04
1.477107133726380736e-03 4.862486755659198800e-04
1.121304586950781649e-03 6.515960450211028942e-04
1.369044410665499253e-03 4.343142398904194755e-04
2.016259604946422663e-03 6.341414264356306889e-04
1.539210533593690124e-03 6.172744748044629035e-04
1.441263708011926784e-03 7.037225864914408574e-04
1.543590246483978259e-03 5.409826244878114705e-04
1.879681532113033123e-03 5.250955197328423208e-04
1.529361116204373296e-03 6.021114275368762451e-04
1.088680199116054230e-03 4.953314837092545131e-04
1.190399994019614204e-03 4.300030032788741165e-04
1.247845767103478859e-03 4.974820540127697800e-04
1.433856266230706380e-03 4.669948957300006239e-04
1.726065988823984000e-03 5.868671261146590030e-04
1.606227499091734956e-03 7.232600371997263558e-04
1.442924350320383322e-03 5.760846807684354750e-04
1.631706843398836792e-03 5.142211811497477986e-04
1.425150110191147901e-03 5.118613193652488298e-04
1.549195848638275060e-03 5.721428244229640175e-04
1.388360225466675436e-03 5.157286345505771421e-04
1.584364748604294004e-03 6.796060050986889658e-04
1.926214496628298476e-03 6.464439267498626324e-04
1.595037288188753998e-03 5.420303979517496640e-04
1.348560536277987679e-03 4.994615607327134972e-04
1.726209378059283999e-03 5.652858596204847182e-04
1.488596043286084586e-03 5.883239212929571504e-04
1.550566024543387688e-03 4.746165723467826768e-04
1.905202708333332898e-03 6.703736607142856243e-04
1.597846714505185691e-03 3.926891353196659482e-04
1.373167782051731758e-03 4.769980130247422710e-04
1.432596434067625549e-03 4.753823366772567081e-04
1.491121943923657319e-03 4.501187232708556986e-04
1.203138681507797758e-03 5.689529297595464358e-04
1.360133356725238022e-03 5.000665204259147848e-04
1.591734322872456666e-03 6.317467517946595990e-04
1.568697577861105511e-03 4.394118081453226459e-04
1.228418425208152977e-03 5.649740067871979621e-04
1.563486693181852412e-03 6.660639493016917755e-04
1.427507353709127043e-03 6.087540427272007714e-04
1.554053615031626657e-03 4.909614652330808373e-04
1.588025565604794624e-03 5.985515365811063795e-04
1.813355756610184446e-03 5.092795837520357107e-04
1.437070692575403855e-03 6.548166991528054336e-04
1.371568174316286541e-03 6.716930278991992348e-04
1.960058437357839814e-03 6.655909464676790536e-04
1.635742756920655636e-03 5.892726202196359089e-04
1.316084162108070808e-03 4.360088303301042512e-04
1.360404301535629319e-03 4.576815719350829366e-04
1.524793033724644153e-03 5.645986855398267600e-04
1.412384050197263265e-03 5.572246418536269327e-04
9.191854098424118418e-04 4.218523813251729478e-04
1.568606895402355509e-03 6.899539450527406937e-04
1.455827602581912135e-03 4.888054554826053340e-04
1.375661939193069047e-03 5.116653857844714404e-04
1.131045823487828285e-03 4.988251798626876189e-04
1.384162704095794017e-03 6.528161015886675645e-04
1.810488225624248305e-03 5.738477274933538033e-04
1.488961738423305158e-03 5.543574999092070257e-04
1.787688971867299262e-03 5.681063758443364187e-04
1.780335593556212287e-03 5.211240811103248164e-04
1.398741313123957105e-03 4.989003886299493316e-04
1.738958936527870529e-03 5.469349394571742769e-04
1.721202879597079436e-03 5.045637248921355485e-04
1.277831973113207308e-03 4.731060232993198234e-04
1.765190310530610806e-03 7.091592387955411797e-04
1.623290307508686373e-03 6.799238054510737053e-04
1.493613159660897973e-03 5.518189262677197868e-04
1.674534374460796881e-03 4.922051772262476827e-04
1.449020578091926408e-03 4.905693835526774103e-04
1.430509023669552376e-03 6.742419325558336729e-04
1.177648816348609911e-03 3.913748652185927322e-04
1.390795030669315620e-03 4.812162116974477884e-04
1.491802839854576264e-03 6.434410309204763789e-04
1.371909296150751424e-03 5.433458007500617266e-04
1.228890047978563023e-03 5.561271068020930044e-04
1.325716460825938610e-03 5.292043517131970022e-04
1.253823822132144094e-03 5.443658898576062173e-04
1.359308044267134490e-03 7.086835174859686722e-04
1.426641271949458155e-03 5.973310497309244470e-04
1.705275719134327411e-03 5.671506686172705881e-04
1.068192882699111213e-03 4.387750609883713350e-04
1.800424342025064859e-03 6.941417740757596612e-04
1.601112126109193855e-03 6.580345614081734712e-04
1.681587744128305211e-03 5.931970661566790450e-04
1.463995549450226689e-03 4.000525265837101465e-04
1.508911733345633284e-03 5.345554909305856063e-04
1.330013258874847022e-03 4.895166600346969894e-04
1.612427783686929631e-03 4.409199935438461106e-04
1.269676749645045873e-03 5.260697547273085299e-04
1.498209321309543337e-03 5.019142237426925651e-04
1.699315641112667799e-03 5.926750555034249624e-04
1.423288076828347053e-03 5.590481178558302702e-04
1.219172788724797417e-03 5.831169244513769454e-04
1.483441005574132141e-03 5.779794139346606944e-04
1.624591595143529176e-03 6.074686223646741249e-04
1.541438586814359267e-03 5.241014384910312610e-04
1.450373146208957945e-03 5.140213368532655812e-04
1.224335938818565213e-03 4.906439665523155318e-04
1.664496436032730873e-03 5.536643594213989375e-04
1.411373742339663536e-03 4.710875997425672656e-04
1.226999088154135569e-03 3.974110166261341382e-04
1.337647453296247945e-03 4.610743414415628596e-04
1.414671617762132188e-03 5.860812078279603685e-04
1.399757910566587797e-03 6.709776661203312132e-04
1.351169819061784697e-03 4.778860530444524143e-04
9.967052466013316594e-04 4.959377669775065760e-04
1.634382529404902924e-03 5.195292957237907438e-04
1.269087992972861611e-03 6.080290136265492727e-04
1.517529466120322778e-03 4.786659558092255752e-04
1.746865084961388192e-03 5.726877327139773830e-04
1.608276381199043314e-03 6.090355442310782389e-04
1.585909993475667764e-03 5.207521791154441334e-04
1.683538236039887554e-03 4.116096100225521753e-04
1.510847775056718516e-03 6.145503927607769753e-04
1.464103519163785982e-03 5.067516610085007027e-04
1.287243937819297027e-03 5.501555461083126311e-04
1.671207166723528937e-03 5.029249414097183802e-04
1.670697774437397091e-03 5.636966469074576472e-04
1.179393405051630409e-03 5.260773620492740360e-04
1.233945610401781601e-03 6.640790973150420204e-04
1.352236659705754584e-03 5.185945532656832018e-04
1.838576053549433086e-03 5.764787402535091580e-04
1.619497971198258007e-03 4.837645967537819404e-04
1.479528154492660121e-03 5.779540309913812172e-04
1.072210889590030419e-03 6.532247132549348157e-04
9.550890834730413077e-04 5.192990751327573049e-04
1.241353630752352420e-03 5.658828146870187748e-04
1.188776200336446112e-03 3.975015971618431148e-04
1.695105366219579754e-03 6.928142291119360587e-04
1.184947626223460237e-03 5.389741305622607710e-04
1.422525807728237382e-03 5.253690216360518139e-04
1.254826165517869711e-03 4.461930477330077610e-04
1.401429186557919980e-03 5.157953089456546398e-04
1.133618532901810002e-03 4.534044848011988850e-04
1.220750300933984376e-03 5.796941086323103513e-04
1.432780055946853304e-03 4.897553876634650524e-04
1.459205851564982686e-03 6.636454828546807516e-04
1.690973932679371364e-03 5.120009077181436824e-04
1.558716107868742071e-03 5.211278190040924364e-04
1.159372251235499945e-03 5.197973999267328001e-04
1.482783857268182761e-03 5.291177742238279075e-04
1.434999475026327688e-03 4.775048424079369872e-04
1.431957463623761972e-03 7.744482880918475334e-04
1.504417881483168873e-03 5.597603122498018280e-04
1.569921604209502039e-03 7.487292995747937439e-04
1.238614056790365240e-03 4.475974903684913544e-04
1.629434244535595249e-03 6.893715017228531881e-04
1.746986284715398028e-03 5.799164038963279316e-04
1.536986929194497122e-03 4.644350698456329338e-04
1.554366507384192337e-03 5.327326436440990185e-04
1.400054949401008950e-03 5.636059980252795072e-04
1.822998218546957594e-03 4.010557265161217191e-04
1.386579360334433712e-03 5.524946444644071326e-04
1.701521289474723815e-03 4.802219715032910309e-04
1.765553827637528174e-03 4.024879290637927874e-04
1.406980780046253885e-03 4.901712269836427851e-04
1.631413882492012152e-03 6.686015245327877601e-04
1.279332852413133997e-03 6.278529695033193466e-04
1.475568986377946571e-03 6.832134779033702037e-04
1.380058593060557674e-03 6.264169472947971572e-04
1.361673724212126993e-03 5.013277203932512164e-04
1.217584855298953260e-03 5.580268904436387319e-04
1.441430885343846034e-03 3.935041229017926709e-04
1.754939160608052964e-03 7.767989911573018342e-04
1.183499504215093905e-03 4.516453655149799671e-04
1.252925734797267088e-03 4.291071509742415955e-04
1.301850167490006469e-03 5.953853987291000092e-04
1.463960710829980858e-03 5.178663085677634274e-04
1.361581593029642916e-03 6.175897545596137784e-04
1.139926127023021749e-03 5.109004497619301774e-04
1.416476586030599978e-03 5.021727729638713516e-04
1.519080094228165327e-03 8.160532372919132929e-04
1.506410437983565342e-03 4.659514851960219078e-04
1.487253882222585796e-03 6.127429600934749870e-04
1.553455603956015001e-03 5.734057280186197030e-04
1.449280131379479834e-03 5.719180862019335393e-04
1.081623493832103988e-03 4.700556413773919365e-04
1.703126287863928993e-03 6.474512948754423741e-04
1.678873844213915568e-03 5.846370219367039113e-04
1.310424965934706056e-03 5.129436764164707662e-04
1.295306120205452338e-03 5.277620694286434778e-04
1.520882129387004025e-03 5.207809820987769614e-04
1.344480770209619501e-03 4.913565264744093998e-04
1.295477322737680287e-03 5.232127947738852720e-04
1.502994279224832176e-03 5.263921783716468640e-04
1.427432293615931444e-03 6.003561711212508731e-04
1.526632391266716064e-03 5.873831438778156101e-04
1.160922711026742904e-03 4.576326085077042660e-04
1.448562426825652540e-03 4.893153414397752570e-04
1.404882622949196009e-03 5.785111875647983059e-04
1.431246697009621194e-03 5.060381609804338399e-04
1.608708741500415682e-03 5.007186588366375210e-04
1.564701162212926841e-03 6.047806271760096603e-04
1.222968593042710701e-03 5.588392898867067552e-04
1.371531594133545799e-03 4.132973797594601765e-04
1.502203265169483291e-03 5.472675813854372328e-04
1.567324914572309526e-03 5.364758569528797674e-04
1.331945980297836356e-03 5.414062827793739456e-04
1.393139154164898781e-03 6.065428743810368211e-04
1.654113574451410076e-03 5.161418892241085351e-04
1.689228733990416273e-03 5.039507941752613320e-04
1.806949026315333561e-03 5.725534324818488952e-04
1.544566973385510253e-03 6.836633083568466112e-04
1.750640638183687675e-03 6.544263927486716368e-04
1.668403245599734937e-03 6.490471640023407146e-04
1.460263851642963021e-03 5.862058110389886971e-04
1.536679128681729331e-03 6.061265078638858371e-04
1.556536836895109927e-03 5.676464646643921341e-04
1.808074717014411829e-03 4.550867535446475784e-04
1.771416088828611400e-03 4.762693994408386715e-04
1.324861227162686108e-03 6.701145248577714767e-04
1.223894981658771308e-03 5.431358490913261493e-04
1.443307017686641875e-03 4.812959156695337595e-04
1.383061258228309495e-03 5.257800124525799802e-04
1.218470035326124114e-03 4.323855006360116248e-04
1.460302541124386963e-03 5.592444962912029860e-04
1.640183825796371090e-03 4.919644867458161869e-04
1.370920920392072750e-03 4.449667014553946188e-04
1.342512942579399430e-03 4.772702334818202112e-04
1.329485736146228652e-03 5.407529930999359748e-04
1.712055007201953964e-03 6.300333319771125786e-04
1.629354225338666522e-03 5.607114047194374125e-04
1.382444087376601648e-03 5.957362912746526481e-04
1.332665194022760553e-03 5.461487937703681092e-04
1.155482817422970234e-03 4.823448180797406705e-04
1.712910705170880236e-03 5.088271926156609417e-04
1.291406134584909124e-03 5.131712299983442463e-04
1.418041137104870302e-03 5.991637282818094209e-04
1.396800707082475595e-03 4.969658568592058047e-04
9.728135290303522925e-04 5.619971809460293797e-04
1.404887889264128976e-03 5.542604761236666388e-04
1.417024559489388647e-03 5.373809701886557129e-04
1.510229674602348677e-03 4.888371657830918940e-04
1.018832237546533990e-03 5.193356833840083453e-04
1.281567590941309941e-03 5.170215193658270333e-04
1.269996613829183895e-03 6.215300980014296919e-04
1.417069734125780750e-03 5.163873791969786006e-04
1.427174446501274993e-03 6.547641418704607539e-04
1.168659231759505961e-03 6.208667949060697614e-04
1.413963797151979044e-03 4.832831459725889299e-04
1.140426342115362889e-03 5.288481844080316534e-04
1.241706160489004654e-03 4.854902101046582150e-04
1.436898866511363568e-03 5.076949804111695070e-04
2.045414677463805713e-03 6.102213126247339183e-04
1.729961159729093145e-03 4.268130150483813315e-04
1.378423475731874832e-03 5.556703546656512017e-04
1.530081865743512012e-03 4.315896478222658469e-04
1.355233786266307880e-03 5.704011585421207321e-04
1.582542312932092932e-03 4.762285115601509917e-04
1.500124489526752933e-03 5.161260564078359739e-04
1.874572382882943580e-03 5.955363902347629319e-04
1.325864191136645739e-03 6.505945570876107411e-04
1.436998428110099982e-03 5.208605615749830730e-04
1.711071155379896439e-03 5.120188013046016000e-04
1.392498329949557303e-03 5.452240382580314775e-04
1.415597365238266056e-03 5.913217546246929326e-04
1.169199536384964763e-03 4.574192640675413040e-04
1.242698678843641436e-03 5.207249533148847935e-04
1.506852465100621576e-03 5.205423224546021138e-04
1.351988240175809727e-03 4.521625445536028246e-04
1.720997530272412937e-03 5.603689148848971149e-04
1.486134655030375493e-03 6.310956395270962390e-04
1.498686843153580316e-03 4.922512392431432817e-04
1.369351159620271416e-03 4.906022197786905027e-04
1.859449431890015285e-03 5.979404878498217760e-04
1.747976503022348211e-03 6.022794864941227082e-04
1.381492524134346825e-03 5.780635580024400151e-04
1.446794434642093095e-03 6.457491472253493571e-04
1.623678367887903011e-03 6.787418755514113868e-04
1.914543619578038067e-03 5.372059378837391137e-04
1.564812456623290238e-03 4.660271979132524526e-04
1.457369361785855640e-03 4.502365145636337443e-04
1.147867632639841019e-03 6.325074513956046316e-04
1.263858439393801590e-03 5.017507963365788444e-04
1.464965943023577343e-03 5.858322256908270274e-04
1.249959437117203033e-03 4.034609524112223330e-04
1.380173136264815567e-03 5.343875466705331600e-04
1.368704362273888723e-03 6.426941263818988391e-04
1.105056956776484956e-03 4.261205688761293014e-04
1.415922487590241634e-03 5.593946805128956591e-04
1.349694296992025398e-03 4.475911410612163689e-04
1.215617940303099706e-03 3.970366903030998632e-04
1.325055973245017026e-03 4.045984272242074452e-04
1.187539615685460990e-03 5.123396442732251581e-04
1.708314300566320370e-03 5.382764867255908966e-04
1.588188417813720180e-03 5.348398965000374615e-04
1.684007989229245128e-03 6.460472626197611866e-04
1.319949711152452630e-03 6.335899700578037728e-04
1.580969502465882481e-03 6.663983530925791671e-04
1.212502587485853652e-03 5.575547579038598245e-04
1.320846631427341489e-03 4.812614985946283923e-04
1.519867992514529380e-03 6.208241123587138763e-04
1.277459433214131121e-03 4.136711907610837453e-04
1.744874722080582601e-03 5.879783717564156503e-04
1.355280330929558436e-03 4.973180544765034520e-04
1.182222426266181124e-03 4.894834963768819559e-04
1.452532317248087044e-03 5.970948122251829981e-04
1.375130230198879071e-03 5.952079744506557409e-04
1.660632256693875567e-03 5.308580989363979657e-04
1.613169570617180044e-03 5.877869662933997603e-04
1.456965561970106036e-03 4.930414807878773361e-04
1.148483500517520932e-03 4.727095908279933855e-04
1.301169767958146751e-03 4.780369142483696524e-04
1.439199568105545626e-03 5.383875253289779981e-04
1.656360704543614372e-03 5.816166408214663896e-04
1.314940175658936084e-03 4.563553236862018963e-04
1.096435371900826529e-03 5.440644628099173706e-04
1.493063692070691105e-03 5.712448661597597415e-04
1.280547984031136675e-03 5.429637530317352060e-04
1.541145652333819182e-03 4.834715067719801401e-04
1.312094114495823390e-03 4.912740703324195617e-04
1.543962833802708153e-03 5.091843946492688672e-04
1.526883787199173831e-03 6.323702157207433975e-04
1.288463788771636439e-03 5.331453618630438212e-04
1.372262646630658268e-03 6.039537736476412394e-04
1.490944966066298913e-03 5.800942572548561634e-04
1.403800631124306648e-03 5.907065412237655442e-04
1.372925428501960360e-03 6.415601518169363046e-04
1.419702931130851793e-03 6.124157903683885183e-04
1.364621347059533129e-03 6.943912486695515704e-04
1.127866575179797826e-03 4.235901678269351849e-04
1.918120730759698134e-03 5.888033660652411015e-04
1.501272277076758132e-03 5.307103471297483326e-04
1.524283115687439204e-03 5.486937156327620878e-04
1.497426273579129238e-03 6.553668455267589593e-04
1.236749209494265563e-03 5.467215718564446972e-04
1.160419200117343477e-03 6.172537331792730519e-04
1.266053064426885975e-03 5.972195576409975760e-04
1.661618363040754699e-03 6.055486734552261796e-04
1.155886484408027211e-03 5.049930194963275342e-04
1.143550950090249218e-03 4.763832482727110742e-04
1.230636969001327541e-03 5.405635800254301191e-04
1.807962044662494603e-03 6.147133480186378011e-04
1.802106893829008138e-03 6.148067101590492644e-04
1.494038219083329436e-03 5.563773855241919324e-04
1.446120241077783562e-03 5.101546287191070176e-04
1.684201447718334599e-03 5.561853587827613691e-04
1.592023840927495743e-03 5.025664302057783082e-04
1.492864136501293121e-03 4.449626167308282716e-04
1.478629762193972618e-03 5.419210705004588822e-04
1.272122389178729053e-03 6.861784090232466576e-04
1.311446993555729409e-03 5.850914024151213392e-04
1.645150078135089932e-03 6.209256954408889397e-04
1.649565846962904080e-03 5.414448015187059817e-04
1.279422185631936366e-03 6.195500378144764468e-04
1.172795151177687687e-03 3.708425266913958711e-04
1.869451149093264699e-03 6.914379306698211977e-04
1.340271571722982192e-03 5.357068710187572799e-04
1.369554744290211101e-03 4.247601207971955892e-04
1.467762498815143981e-03 4.189573168631567732e-04
1.189828227324271582e-03 3.658186670401780975e-04
1.467512423765152552e-03 5.700763986001362773e-04
1.646484662186216592e-03 6.010767306056025768e-04
1.288112924126411573e-03 4.553668383236696691e-04
1.583739542673859432e-03 5.261645741864649480e-04
1.747086516368025070e-03 6.211538237514722472e-04
1.112510813413055809e-03 4.398482101308987457e-04
1.442144473233849698e-03 5.684010561034845508e-04
1.611767848572897557e-03 4.882081094815810939e-04
1.316105326168706333e-03 4.647161951153119829e-04
1.151907904737607072e-03 5.384941116341589867e-04
1.859358518589701538e-03 6.954739766532851012e-04
1.756347652332645049e-03 4.996239393339330483e-04
1.645895962610464513e-03 5.026028302919630011e-04
1.798689909481124977e-03 4.973094876061258645e-04
1.618216688954607786e-03 5.725410170772435694e-04
1.203895408123518236e-03 5.578523571822117163e-04
1.084382643433647563e-03 4.738318056143904890e-04
1.785344178664488492e-03 4.412694422278661357e-04
1.357356913734663988e-03 4.867512203885992453e-04
1.731324729172211340e-03 6.794616681473860699e-04
1.235117471029451974e-03 4.990078209266725481e-04
1.432076702262485369e-03 5.402196167357894855e-04
1.663276266080526960e-03 5.512333208287520598e-04
1.577057252266747837e-03 6.081939667637433150e-04
1.465233894919940700e-03 5.270320467717921464e-04
1.564176028391510735e-03 6.879667735655492153e-04
1.702856318439945624e-03 6.456104525981810676e-04
1.535070684351637349e-03 6.056464991029239693e-04
1.708318949332803460e-03 6.717449202065916419e-04
1.561828001735702858e-03 4.742432599215631742e-04
1.565282308643504722e-03 5.711172977349809844e-04
1.654873449665537292e-03 6.064883338950054735e-04
1.782613779412012094e-03 5.922820534811173944e-04
1.608354333010413289e-03 5.304387697311460561e-04
1.245219111452350487e-03 5.609917465874852439e-04
1.372542175553803515e-03 6.710963280669725002e-04
1.524959278892733120e-03 5.682645111460629412e-04
1.593014551239454709e-03 3.947021738502952469e-04
1.609523184663536489e-03 5.032755100492981208e-04
1.305441630171232971e-03 4.872663379231457711e-04
1.566522937126794664e-03 5.486512090431512135e-04
1.679279008115118488e-03 6.784021950639233887e-04
1.521493248715692637e-03 5.129514743063010376e-04
1.523436097002444679e-03 5.394712216938729208e-04
1.758636810304673457e-03 4.779549104896444519e-04
1.398833360850122286e-03 4.503808434978294256e-04
1.469334569668706396e-03 7.212779797018740828e-04
1.470570921276946478e-03 6.153064276269389933e-04
1.582995599334263660e-03 5.765490840995791738e-04
1.470009140819469569e-03 5.705218969000732483e-04
1.608614213032207724e-03 6.005336635261025431e-04
1.027372943974074176e-03 4.738808792074689102e-04
1.723592636592757160e-03 5.919054543186232954e-04
1.264853296665611592e-03 5.115852547075698704e-04
1.360459982564599189e-03 5.019438691498996500e-04
1.263074109943932745e-03 6.251769021164499743e-04
1.373227710327469021e-03 4.649019357567711012e-04
1.496158242089323668e-03 4.801182089065108237e-04
1.338610184071865015e-03 4.653616219454546833e-04
1.563748996409994449e-03 5.792809626595198580e-04
1.395482453028803246e-03 4.850137943226006548e-04
1.811397090653560360e-03 5.386857456202645425e-04
1.379533587880423439e-03 4.973549767693121165e-04
1.732026463775371847e-03 6.081619247467342322e-04
1.428295621203213650e-03 5.212548473936895813e-04
1.348719503149520705e-03 7.275201727999464985e-04
1.532005288418753419e-03 6.168567496887330127e-04
1.351498986144248748e-03 6.026477638506419097e-04
1.318747570539084398e-03 5.142160771368170730e-04
1.598041113321601149e-03 5.336599045029968283e-04
1.546354332089434945e-03 4.429161843444158302e-04
1.447140409913177158e-03 6.155691471136725363e-04
1.570207685489247293e-03 5.464758463869272753e-04
1.287333714230927970e-03 4.849464277974030132e-04
1.330268451760365780e-03 5.216721916316114467e-04
1.602016470861518122e-03 5.441295804562004332e-04
1.562371950994899915e-03 6.192809408049824689e-04
1.645675973099455271e-03 4.298709696275281197e-04
1.200644733336129946e-03 6.700668792412968261e-04
1.181179073729644868e-03 5.477842706092878522e-04
1.525969161542827792e-03 6.064715617505732782e-04
1.931134680531086927e-03 5.897310095477689565e-04
1.396399684946775287e-03 4.986367645941803964e-04
1.632767491447647580e-03 5.216992306972936594e-04
1.363289452577357268e-03 5.018868704255528140e-04
1.525228367929480069e-03 5.328393845965431015e-04
1.261211155317378029e-03 5.492647282049122146e-04
1.436593587356756229e-03 6.450104144547435343e-04
1.493747618006887766e-03 5.247733617139820885e-04
1.551662215269763914e-03 5.936056099239022700e-04
1.173636811097689700e-03 4.845259591076402322e-04
1.316630416093123122e-03 5.098006973393344205e-04
1.389464027186453369e-03 5.286197803869061669e-04
1.016301312983993593e-03 5.382287858484294859e-04
1.502440230781048637e-03 5.527139928788623842e-04
1.293507582696771423e-03 4.209585861733833008e-04
1.308532481878124046e-03 6.123090993404344332e-04
1.137233959296800063e-03 4.201991774412377621e-04
1.231292238015643586e-03 5.311469939000165686e-04
1.677296140503065991e-03 4.965523044878584688e-04
1.239053669290473246e-03 5.010406706101086906e-04
1.545869776813455203e-03 5.731474073642605759e-04
1.199125824294056293e-03 5.283904278766736549e-04
1.276049064317496011e-03 6.215049202434027925e-04
1.627546622737066021e-03 5.137575823330255446e-04
1.076338337827684915e-03 5.057399620353888016e-04
1.622624838918045520e-03 7.232356077005941885e-04
1.236453996978958796e-03 6.973795825450262477e-04
1.270512898882954949e-03 4.860647466666326300e-04
1.661113297364466036e-03 5.293005609868223346e-04
1.470882424553322581e-03 5.133924456262075860e-04
1.657111585616477577e-03 5.113699839349871053e-04
1.370376544222641968e-03 4.731295424426557646e-04
1.448182335513277866e-03 5.652787486740112454e-04
1.684927227071983738e-03 5.603779256903594673e-04
1.552879083596559210e-03 5.004248607147456429e-04
1.240382232089598351e-03 5.274811430153733072e-04
1.544298339282644886e-03 5.358831809116032085e-04
1.392625972048867162e-03 4.293175728172047168e-04
1.456994887127837854e-03 6.645128239308119474e-04
1.213401153292813792e-03 4.348671069877488695e-04
1.990322318088612839e-03 6.927931164120751080e-04
1.221195565894866780e-03 6.293124231163027722e-04
1.471224031393227136e-03 5.116543741648106299e-04
1.565789332175242113e-03 6.082942340269292380e-04
1.562472082738704422e-03 5.345583094354274499e-04
1.216495626251233543e-03 4.878704445863108570e-04
1.128213730665720291e-03 4.720999249777996167e-04
1.389692685803243285e-03 6.005439714088108526e-04
1.383038620439995233e-03 4.818224980750541509e-04
1.528240572118690034e-03 6.116127475778922618e-04
1.297710814860244697e-03 4.199350635993346443e-04
1.695285687965064191e-03 6.322182405533664350e-04
1.516245177573836977e-03 4.377000557597450882e-04
1.300841392703068911e-03 5.886762400036641861e-04
1.847603575352427339e-03 6.716834365645142071e-04
1.289166766522517127e-03 5.936563944642773462e-04
1.303683995183331935e-03 4.787129009297750172e-04
1.813034876095954940e-03 8.162817902283359735e-04
1.253325945223280301e-03 4.897024810130722093e-04
1.308650419623287250e-03 5.861906504012092322e-04
1.360089887557413722e-03 7.570205547364513947e-04
1.344669827845448385e-03 5.923735471106708833e-04
1.419915334253908732e-03 5.582863735247677170e-04
1.377718358188159686e-03 4.433925098569629366e-04
1.390304766084105199e-03 5.409826784255121306e-04
1.220017483218526931e-03 4.653259069401779005e-04
1.418743618152544864e-03 6.256284998569915535e-04
1.248710273207884148e-03 6.128119981114390916e-04
1.658331967347654104e-03 7.120672230400771144e-04
1.641984003787387483e-03 4.555175103829367154e-04
1.386270301496479035e-03 4.804573082890070050e-04
1.613132948510284399e-03 5.493288475374575024e-04
1.298691148069829873e-03 5.000269577622743150e-04
1.456743391110200576e-03 5.180366071516976636e-04
